        001s  1 0.0007 0.0007 0.9986 
        002s  1 0.0010 0.0025 0.9964 
        003s  1 0.0032 0.0030 0.9937 
        004s  1 0.0052 0.0435 0.9513 
        005s  1 0.0025 0.4285 0.5691 
        006s  1 0.0007 0.0011 0.9982 
        007s  1 0.0060 0.0013 0.9926 
        008s  1 0.0013 0.0042 0.9946 
        009s  1 0.0120 0.0691 0.9190 
        010s  1 0.0005 0.0066 0.9929 
        011s  1 0.0034 0.0039 0.9926 
        012s  1 0.0033 0.1311 0.8656 
        013s  1 0.0109 0.0305 0.9586 
        014s  1 0.0142 0.0238 0.9620 
        015s  1 0.0007 0.0007 0.9985 
        016s  1 0.0114 0.0019 0.9867 
        018s  1 0.0015 0.1373 0.8612 
        019s  1 0.0018 0.0050 0.9932 
        020s  1 0.0115 0.0005 0.9880 
        021s  1 0.0086 0.0013 0.9901 
        022s  1 0.0011 0.0004 0.9985 
        023s  1 0.0144 0.0007 0.9850 
        024s  1 0.0011 0.0023 0.9966 
        025s  1 0.0018 0.0108 0.9874 
        026s  1 0.0157 0.0015 0.9828 
        027s  1 0.0038 0.0114 0.9847 
        028s  1 0.0010 0.1097 0.8893 
        029s  1 0.0011 0.0011 0.9978 
        030s  1 0.0010 0.0042 0.9948 
        031s  1 0.0015 0.0005 0.9980 
        032s  1 0.0010 0.0011 0.9978 
        033s  1 0.0016 0.0068 0.9916 
        034s  1 0.0593 0.0021 0.9385 
        035s  1 0.0017 0.0031 0.9952 
        036s  1 0.0024 0.0740 0.9237 
        037s  1 0.0605 0.1170 0.8225 
        038s  1 0.0015 0.0020 0.9965 
        039s  1 0.0006 0.0042 0.9952 
        040s  1 0.0048 0.0031 0.9921 
        041s  1 0.0050 0.0017 0.9933 
        042s  1 0.0956 0.0373 0.8672 
        043s  1 0.0008 0.0203 0.9789 
        044s  1 0.0160 0.1097 0.8744 
        045s  1 0.0014 0.0055 0.9931 
        046s  1 0.0011 0.0013 0.9976 
        047s  1 0.0081 0.0005 0.9913 
        048s  1 0.0013 0.0072 0.9914 
        049s  1 0.0007 0.0015 0.9978 
        050s  1 0.0011 0.1007 0.8983 
        051s  1 0.0015 0.0007 0.9978 
        052s  1 0.0029 0.0278 0.9693 
        053s  1 0.0008 0.0016 0.9976 
        054s  1 0.0016 0.0009 0.9975 
        055s  1 0.0865 0.0774 0.8362 
          01  2 0.0059 0.1171 0.8770 
          02  2 0.0011 0.0250 0.9738 
          03  2 0.0016 0.0018 0.9965 
          04  2 0.0141 0.0268 0.9591 
          05  2 0.0006 0.0947 0.9048 
          06  2 0.0012 0.0394 0.9594 
          07  2 0.0010 0.0195 0.9796 
          08  2 0.0016 0.0502 0.9482 
          09  2 0.0005 0.0006 0.9988 
          10  2 0.0007 0.0018 0.9975 
          11  2 0.0048 0.0059 0.9893 
          12  2 0.0010 0.0013 0.9977 
          13  2 0.0009 0.0008 0.9983 
          14  2 0.0265 0.0018 0.9717 
          15  2 0.0021 0.0009 0.9971 
          16  2 0.0053 0.0429 0.9519 
          17  2 0.0020 0.0033 0.9947 
          18  2 0.0016 0.0326 0.9658 
          19  2 0.0073 0.0009 0.9918 
          20  2 0.0106 0.0714 0.9181 
          21  2 0.0011 0.0014 0.9975 
          22  2 0.0095 0.0065 0.9840 
          23  2 0.0032 0.0034 0.9933 
          24  2 0.0012 0.0011 0.9977 
          25  2 0.0016 0.0402 0.9582 
          26  2 0.0004 0.0012 0.9984 
          27  2 0.0055 0.0157 0.9789 
          28  2 0.0068 0.0008 0.9924 
          29  2 0.0005 0.0016 0.9979 
          30  2 0.1026 0.1262 0.7711 
          01  3 0.0202 0.6287 0.3511 
          02  3 0.0078 0.7964 0.1958 
          03  3 0.0021 0.6142 0.3837 
          04  3 0.0032 0.7929 0.2039 
          05  3 0.1526 0.7741 0.0733 
          06  3 0.0015 0.9091 0.0894 
          07  3 0.0007 0.6005 0.3988 
          08  3 0.0212 0.6767 0.3021 
          09  3 0.0137 0.6630 0.3233 
          10  3 0.1364 0.6139 0.2497 
          11  3 0.0007 0.6978 0.3015 
          12  3 0.0007 0.7077 0.2916 
          13  3 0.0007 0.9756 0.0237 
          14  3 0.1704 0.7914 0.0382 
          15  3 0.0052 0.6358 0.3590 
          16  3 0.0023 0.9165 0.0812 
          17  3 0.0021 0.5634 0.4344 
          18  3 0.2898 0.5311 0.1791 
          19  3 0.0099 0.8246 0.1655 
          20  3 0.0735 0.7421 0.1844 
          21  3 0.0115 0.7380 0.2504 
          22  3 0.0131 0.6797 0.3072 
          23  3 0.0030 0.7511 0.2460 
          24  3 0.0181 0.7533 0.2286 
          25  3 0.1886 0.6497 0.1616 
          26  3 0.0023 0.7535 0.2442 
          27  3 0.1787 0.6225 0.1987 
          28  3 0.0004 0.9003 0.0993 
          29  3 0.0214 0.7997 0.1789 
          30  3 0.0005 0.6727 0.3269 
         001  4 0.1076 0.8916 0.0007 
         002  4 0.0630 0.8564 0.0806 
         003  4 0.0831 0.8726 0.0443 
         004  4 0.0657 0.9336 0.0007 
         005  4 0.1202 0.8741 0.0057 
         006  4 0.0396 0.8847 0.0757 
         007  4 0.0830 0.8196 0.0973 
         008  4 0.1255 0.8209 0.0537 
         009  4 0.0956 0.9021 0.0022 
         010  4 0.0007 0.9986 0.0006 
         011  4 0.1522 0.8348 0.0131 
         012  4 0.1116 0.8618 0.0266 
         013  4 0.0201 0.9567 0.0231 
         014  4 0.0853 0.8737 0.0410 
         015  4 0.0021 0.9968 0.0011 
         016  4 0.0624 0.9356 0.0020 
         017  4 0.0024 0.9019 0.0958 
         019  4 0.0996 0.8935 0.0069 
         020  4 0.0869 0.8343 0.0788 
         021  4 0.0981 0.8780 0.0239 
         001  5 0.1168 0.8516 0.0316 
         002  5 0.0973 0.7783 0.1244 
         003  5 0.0866 0.6927 0.2207 
         004  5 0.0946 0.7645 0.1410 
         005  5 0.0935 0.8542 0.0523 
         006  5 0.0046 0.8910 0.1045 
         007  5 0.0779 0.9122 0.0099 
         008  5 0.0476 0.9208 0.0316 
         009  5 0.0719 0.7651 0.1631 
         010  5 0.0940 0.8482 0.0578 
         011  5 0.1415 0.8430 0.0155 
         012  5 0.0730 0.8203 0.1067 
         013  5 0.0262 0.6767 0.2971 
         014  5 0.1019 0.6577 0.2404 
         015  5 0.0611 0.9287 0.0102 
         016  5 0.0318 0.8705 0.0977 
         017  5 0.0058 0.8094 0.1848 
         018  5 0.0911 0.7604 0.1484 
         019  5 0.0888 0.8514 0.0598 
         020  5 0.1060 0.8679 0.0261 
         021  5 0.0958 0.6696 0.2346 
         022  5 0.1263 0.7521 0.1217 
         023  5 0.0731 0.9201 0.0068 
         024  5 0.0250 0.7684 0.2066 
         025  5 0.0305 0.8107 0.1588 
         026  5 0.0255 0.7086 0.2660 
         027  5 0.0657 0.9080 0.0263 
         028  5 0.0893 0.8122 0.0985 
         029  5 0.0102 0.8759 0.1139 
         030  5 0.0892 0.8198 0.0910 
        001s  6 0.0264 0.0162 0.9573 
        002s  6 0.0020 0.0212 0.9768 
        003s  6 0.0040 0.0048 0.9912 
        004s  6 0.0010 0.0007 0.9983 
        006s  6 0.0196 0.0856 0.8948 
        007s  6 0.0006 0.0018 0.9975 
        008s  6 0.0088 0.0021 0.9891 
        009s  6 0.0011 0.0006 0.9983 
        010s  6 0.0233 0.0290 0.9477 
        011s  6 0.0017 0.0019 0.9964 
        012s  6 0.0025 0.0018 0.9957 
        013s  6 0.0006 0.0012 0.9981 
        014s  6 0.0007 0.0507 0.9487 
        015s  6 0.0103 0.0297 0.9600 
        016s  6 0.0014 0.0011 0.9975 
        018s  6 0.0095 0.2347 0.7558 
        019s  6 0.0038 0.0169 0.9793 
        020s  6 0.0007 0.0007 0.9986 
        021s  6 0.0065 0.0118 0.9816 
        022s  6 0.0054 0.0009 0.9938 
        023s  6 0.0011 0.0068 0.9921 
        024s  6 0.0019 0.0254 0.9727 
        025s  6 0.0735 0.0016 0.9249 
        026s  6 0.0006 0.0010 0.9984 
        027s  6 0.0006 0.0010 0.9984 
        028s  6 0.0129 0.0493 0.9379 
        029s  6 0.0021 0.0006 0.9973 
        030s  6 0.0187 0.0517 0.9296 
        031s  6 0.0005 0.0063 0.9932 
        032s  6 0.0012 0.0116 0.9872 
        033s  6 0.0017 0.0363 0.9620 
        034s  6 0.0188 0.0034 0.9779 
        035s  6 0.0029 0.1148 0.8823 
        036s  6 0.0017 0.0045 0.9938 
        037s  6 0.0023 0.0019 0.9958 
        038s  6 0.0012 0.0010 0.9979 
        039s  6 0.0011 0.0005 0.9984 
        040s  6 0.0006 0.0009 0.9985 
        041s  6 0.0114 0.0023 0.9863 
        042s  6 0.0617 0.0035 0.9348 
        043s  6 0.0101 0.0012 0.9886 
        044s  6 0.0013 0.0010 0.9977 
        045s  6 0.0032 0.0018 0.9950 
        001s  7 0.0017 0.0013 0.9970 
        002s  7 0.0032 0.0141 0.9827 
        003s  7 0.0019 0.0035 0.9946 
        004s  7 0.0011 0.0039 0.9950 
        005s  7 0.0029 0.0193 0.9778 
        006s  7 0.0120 0.0435 0.9446 
        007s  7 0.0028 0.0216 0.9756 
        008s  7 0.0023 0.0036 0.9941 
        009s  7 0.0160 0.0062 0.9778 
        010s  7 0.0022 0.0008 0.9970 
        011s  7 0.0012 0.0009 0.9979 
        012s  7 0.0009 0.0009 0.9982 
        013s  7 0.0065 0.0018 0.9917 
        014s  7 0.0005 0.0123 0.9872 
        015s  7 0.0021 0.0144 0.9835 
        016s  7 0.0130 0.0499 0.9371 
        017s  7 0.0009 0.0015 0.9976 
        018s  7 0.0010 0.0018 0.9972 
        019s  7 0.0176 0.0032 0.9793 
        020s  7 0.0007 0.0015 0.9978 
        021s  7 0.0013 0.0016 0.9971 
        022s  7 0.0013 0.0057 0.9930 
        023s  7 0.0293 0.0079 0.9628 
        024s  7 0.0010 0.0014 0.9976 
        025s  7 0.0014 0.0047 0.9938 
        026s  7 0.0015 0.0012 0.9974 
        027s  7 0.0008 0.0022 0.9971 
        028s  7 0.0007 0.0046 0.9947 
        029s  7 0.0041 0.0057 0.9902 
        030s  7 0.0055 0.0007 0.9938 
        031s  7 0.0161 0.0033 0.9806 
        032s  7 0.0007 0.0670 0.9323 
        033s  7 0.0030 0.0212 0.9758 
        034s  7 0.0008 0.0345 0.9647 
        035s  7 0.0017 0.0006 0.9977 
        036s  7 0.0110 0.0017 0.9873 
        037s  7 0.0079 0.0784 0.9137 
        038s  7 0.0026 0.0054 0.9920 
        039s  7 0.0005 0.0006 0.9990 
        040s  7 0.0007 0.0665 0.9328 
        041s  7 0.0031 0.0092 0.9877 
        042s  7 0.0005 0.0036 0.9958 
        043s  7 0.0042 0.0007 0.9951 
        044s  7 0.0386 0.0745 0.8869 
         003  8 0.0014 0.0053 0.9934 
         009  8 0.0017 0.0016 0.9968 
         010  8 0.0036 0.0004 0.9960 
         017  8 0.0054 0.0011 0.9935 
         002  9 0.0015 0.0007 0.9977 
         003  9 0.0006 0.0003 0.9990 
         004  9 0.0017 0.0004 0.9979 
         005  9 0.0058 0.0009 0.9933 
         006  9 0.0023 0.0015 0.9962 
         007  9 0.0021 0.0013 0.9965 
         009  9 0.0030 0.0008 0.9962 
         010  9 0.0024 0.0005 0.9971 
         013  9 0.0024 0.0013 0.9963 
         014  9 0.0026 0.0004 0.9969 
         016  9 0.0011 0.0003 0.9986 
         018  9 0.0023 0.0014 0.9964 
         019  9 0.0009 0.0016 0.9975 
         020  9 0.0006 0.0006 0.9989 
         021  9 0.0010 0.0004 0.9986 
         022  9 0.0008 0.0005 0.9987 
         024  9 0.0051 0.0008 0.9942 
         028  9 0.0025 0.0008 0.9967 
         029  9 0.0010 0.0005 0.9985 
         030  9 0.0014 0.0005 0.9981 
         031  9 0.0008 0.0014 0.9978 
         033  9 0.0017 0.0020 0.9963 
         001 10 0.0006 0.0007 0.9987 
         002 10 0.0011 0.0004 0.9986 
         003 10 0.0149 0.0009 0.9842 
         004 10 0.0031 0.0005 0.9964 
         005 10 0.0016 0.0006 0.9978 
         006 10 0.0013 0.0012 0.9974 
         007 10 0.0026 0.0008 0.9966 
         008 10 0.0064 0.0011 0.9925 
         009 10 0.0006 0.0013 0.9981 
         010 10 0.0013 0.0007 0.9979 
         011 10 0.0414 0.0011 0.9576 
         012 10 0.0047 0.0012 0.9941 
         013 10 0.0009 0.0009 0.9982 
         014 10 0.0013 0.0012 0.9976 
         016 10 0.0012 0.0012 0.9976 
         017 10 0.0013 0.0010 0.9977 
         018 10 0.0014 0.0035 0.9951 
         019 10 0.0017 0.0007 0.9976 
         020 10 0.0027 0.0016 0.9957 
         021 10 0.0006 0.0009 0.9985 
         022 10 0.0010 0.0007 0.9982 
         023 10 0.0012 0.0007 0.9982 
         024 10 0.0030 0.0003 0.9967 
         026 10 0.0009 0.0007 0.9984 
        001s 11 0.0362 0.0547 0.9091 
        002s 11 0.0024 0.0027 0.9950 
        003s 11 0.0007 0.0031 0.9962 
        004s 11 0.0022 0.0011 0.9967 
        005s 11 0.0009 0.0016 0.9976 
        006s 11 0.0034 0.0101 0.9864 
        007s 11 0.0010 0.0647 0.9343 
        008s 11 0.0006 0.0010 0.9983 
        009s 11 0.0006 0.0006 0.9988 
        010s 11 0.0012 0.0013 0.9975 
        011s 11 0.0208 0.1122 0.8670 
        012s 11 0.0004 0.0793 0.9203 
        013s 11 0.0015 0.0012 0.9973 
        014s 11 0.0015 0.0199 0.9786 
        015s 11 0.0063 0.0037 0.9901 
        016s 11 0.0677 0.0087 0.9236 
        017s 11 0.0035 0.0628 0.9337 
        018s 11 0.0016 0.0054 0.9931 
        019s 11 0.0232 0.0014 0.9754 
        020s 11 0.0023 0.0024 0.9953 
        021s 11 0.0018 0.0009 0.9973 
        022s 11 0.0006 0.0235 0.9759 
        023s 11 0.0380 0.0065 0.9554 
        025s 11 0.0012 0.0006 0.9982 
        026s 11 0.0588 0.0083 0.9329 
        027s 11 0.0010 0.0026 0.9964 
        028s 11 0.0017 0.0054 0.9928 
        029s 11 0.0006 0.0167 0.9827 
        030s 11 0.0021 0.0303 0.9676 
        031s 11 0.0004 0.0009 0.9987 
        032s 11 0.0044 0.0008 0.9948 
        033s 11 0.0016 0.0027 0.9957 
        034s 11 0.0006 0.0028 0.9965 
        035s 11 0.0005 0.0050 0.9945 
        036s 11 0.0008 0.0189 0.9804 
        037s 11 0.0023 0.0015 0.9962 
        038s 11 0.0010 0.0021 0.9969 
        039s 11 0.0015 0.0008 0.9977 
        040s 11 0.0013 0.0780 0.9207 
        041s 11 0.0058 0.0017 0.9925 
        042s 11 0.0126 0.0017 0.9857 
        043s 11 0.0329 0.0122 0.9549 
        044s 11 0.0067 0.0018 0.9916 
        045s 11 0.0107 0.0014 0.9879 
        046s 11 0.0385 0.0165 0.9450 
        047s 11 0.0017 0.0015 0.9968 
        048s 11 0.0398 0.0076 0.9527 
        049s 11 0.0023 0.0013 0.9964 
        050s 11 0.0018 0.0011 0.9971 
        051s 11 0.0531 0.0042 0.9427 
        052s 11 0.0028 0.0066 0.9906 
        053s 11 0.0013 0.0006 0.9980 
        054s 11 0.0009 0.0058 0.9934 
        055s 11 0.0007 0.0558 0.9435 
        001s 12 0.0016 0.0068 0.9916 
        002s 12 0.0014 0.0012 0.9974 
        003s 12 0.0004 0.0007 0.9989 
        004s 12 0.0184 0.0105 0.9711 
        005s 12 0.0010 0.0009 0.9981 
        006s 12 0.0022 0.0402 0.9576 
        007s 12 0.0025 0.0023 0.9952 
        008s 12 0.0010 0.0121 0.9869 
        009s 12 0.0090 0.0179 0.9732 
        010s 12 0.0006 0.0572 0.9421 
        011s 12 0.0012 0.0039 0.9948 
        012s 12 0.0050 0.0065 0.9884 
        013s 12 0.0468 0.0007 0.9525 
        014s 12 0.0461 0.0449 0.9090 
        015s 12 0.0014 0.0034 0.9952 
        016s 12 0.0067 0.0007 0.9926 
        017s 12 0.0017 0.0041 0.9943 
        018s 12 0.0024 0.0011 0.9965 
        019s 12 0.0007 0.0027 0.9966 
        020s 12 0.0013 0.0515 0.9472 
        021s 12 0.0035 0.0020 0.9945 
        022s 12 0.0076 0.0347 0.9577 
        023s 12 0.0015 0.0008 0.9977 
        024s 12 0.0009 0.0009 0.9983 
        025s 12 0.0017 0.0090 0.9893 
        026s 12 0.0020 0.0079 0.9901 
        027s 12 0.0007 0.0038 0.9955 
        028s 12 0.0051 0.0015 0.9934 
        029s 12 0.0013 0.0008 0.9979 
        030s 12 0.0008 0.0021 0.9971 
        031s 12 0.0039 0.0038 0.9923 
        032s 12 0.0015 0.0008 0.9977 
        033s 12 0.0006 0.0081 0.9913 
        034s 12 0.0006 0.0005 0.9989 
        035s 12 0.0008 0.0103 0.9889 
        036s 12 0.0014 0.0185 0.9800 
        037s 12 0.0013 0.0009 0.9978 
        001s 13 0.0039 0.0040 0.9920 
        002s 13 0.0013 0.0654 0.9334 
        003s 13 0.0022 0.0009 0.9969 
        004s 13 0.0062 0.0009 0.9930 
        005s 13 0.0029 0.0122 0.9849 
        006s 13 0.0009 0.0021 0.9970 
        007s 13 0.0020 0.0220 0.9760 
        008s 13 0.0015 0.0455 0.9530 
        009s 13 0.0025 0.1187 0.8788 
        010s 13 0.0017 0.0524 0.9458 
        011s 13 0.0039 0.0513 0.9449 
        012s 13 0.0265 0.0480 0.9255 
        013s 13 0.0115 0.0509 0.9375 
        014s 13 0.0053 0.0170 0.9776 
        015s 13 0.0126 0.0033 0.9841 
        016s 13 0.0013 0.0007 0.9980 
        017s 13 0.0009 0.0527 0.9464 
        018s 13 0.0010 0.0006 0.9984 
        019s 13 0.0015 0.0015 0.9970 
        020s 13 0.0006 0.0083 0.9911 
        021s 13 0.0018 0.0009 0.9973 
        022s 13 0.0013 0.0020 0.9967 
        023s 13 0.0006 0.0011 0.9983 
        024s 13 0.0435 0.0316 0.9249 
        025s 13 0.0035 0.0009 0.9956 
        026s 13 0.0143 0.1048 0.8808 
        027s 13 0.0031 0.0404 0.9566 
        028s 13 0.0047 0.0384 0.9569 
        029s 13 0.0022 0.0117 0.9860 
        030s 13 0.0494 0.0182 0.9324 
        031s 13 0.1024 0.0063 0.8913 
        032s 13 0.0006 0.0017 0.9977 
        033s 13 0.0010 0.0542 0.9448 
        034s 13 0.0017 0.0566 0.9417 
        035s 13 0.0058 0.0010 0.9932 
        036s 13 0.0007 0.0022 0.9971 
        037s 13 0.0028 0.0008 0.9964 
        038s 13 0.0014 0.0034 0.9952 
        039s 13 0.0864 0.0825 0.8311 
        040s 13 0.0018 0.0018 0.9964 
        041s 13 0.0027 0.0689 0.9283 
        042s 13 0.0016 0.0010 0.9974 
        001s 14 0.0013 0.0131 0.9856 
        002s 14 0.0026 0.0635 0.9339 
        003s 14 0.0011 0.0013 0.9977 
        004s 14 0.0053 0.0251 0.9696 
        005s 14 0.0009 0.0004 0.9987 
        006s 14 0.0005 0.0008 0.9987 
        007s 14 0.0018 0.0013 0.9969 
        008s 14 0.0072 0.0888 0.9040 
        009s 14 0.0013 0.0024 0.9963 
        010s 14 0.0027 0.0139 0.9834 
        011s 14 0.0008 0.0642 0.9350 
        012s 14 0.0021 0.0018 0.9960 
        013s 14 0.0072 0.0034 0.9893 
        014s 14 0.0014 0.0118 0.9868 
        015s 14 0.0042 0.0012 0.9945 
        016s 14 0.0161 0.0008 0.9831 
        017s 14 0.0010 0.0781 0.9209 
        018s 14 0.0021 0.0009 0.9969 
        019s 14 0.0010 0.0034 0.9956 
        020s 14 0.0017 0.0008 0.9975 
        021s 14 0.0010 0.0015 0.9975 
        022s 14 0.0018 0.0119 0.9862 
        023s 14 0.0051 0.0034 0.9915 
        024s 14 0.0026 0.0484 0.9491 
        025s 14 0.0006 0.0054 0.9939 
        026s 14 0.0014 0.0005 0.9981 
        027s 14 0.0048 0.0020 0.9932 
        028s 14 0.0012 0.0018 0.9970 
        029s 14 0.0021 0.0004 0.9975 
        030s 14 0.0007 0.0061 0.9932 
        031s 14 0.0021 0.0038 0.9941 
        032s 14 0.0037 0.0020 0.9944 
        033s 14 0.0008 0.0307 0.9685 
        034s 14 0.0010 0.0005 0.9985 
        035s 14 0.0013 0.1617 0.8369 
        036s 14 0.0123 0.1096 0.8782 
        037s 14 0.0046 0.0010 0.9944 
        038s 14 0.0007 0.0014 0.9979 
        039s 14 0.0085 0.0045 0.9870 
        040s 14 0.0017 0.0050 0.9933 
        041s 14 0.0011 0.0018 0.9971 
        042s 14 0.0031 0.0340 0.9628 
        001s 15 0.0021 0.0011 0.9968 
        002s 15 0.0333 0.0895 0.8772 
        003s 15 0.0126 0.0045 0.9828 
        004s 15 0.0005 0.0008 0.9987 
        005s 15 0.0087 0.0189 0.9725 
        006s 15 0.0018 0.0120 0.9861 
        007s 15 0.0006 0.0006 0.9988 
        008s 15 0.0008 0.0008 0.9985 
        009s 15 0.0426 0.0443 0.9131 
        010s 15 0.0021 0.0012 0.9968 
        011s 15 0.0023 0.0624 0.9354 
        012s 15 0.0032 0.0056 0.9912 
        013s 15 0.0019 0.0009 0.9972 
        014s 15 0.0092 0.0028 0.9880 
        015s 15 0.0140 0.0812 0.9049 
        016s 15 0.0006 0.0925 0.9068 
        017s 15 0.0034 0.0019 0.9947 
        018s 15 0.0008 0.0009 0.9984 
        019s 15 0.0074 0.0030 0.9896 
        020s 15 0.0008 0.0010 0.9982 
        021s 15 0.0062 0.0648 0.9290 
        022s 15 0.0007 0.0022 0.9971 
        023s 15 0.0014 0.0380 0.9605 
        024s 15 0.0012 0.0028 0.9960 
        025s 15 0.0374 0.0060 0.9567 
        026s 15 0.0342 0.0011 0.9648 
        027s 15 0.0012 0.0168 0.9820 
        028s 15 0.0021 0.0011 0.9968 
        029s 15 0.0019 0.0013 0.9968 
        030s 15 0.0013 0.0006 0.9981 
        031s 15 0.0151 0.0575 0.9275 
        032s 15 0.0027 0.0006 0.9967 
        033s 15 0.0005 0.0475 0.9520 
        035s 15 0.0012 0.0073 0.9915 
        036s 15 0.0070 0.0018 0.9912 
        037s 15 0.0015 0.0049 0.9936 
        038s 15 0.0006 0.0043 0.9951 
        039s 15 0.0005 0.0361 0.9633 
        040s 15 0.0009 0.0085 0.9906 
        041s 15 0.0054 0.0796 0.9150 
        042s 15 0.0014 0.0018 0.9968 
        043s 15 0.0025 0.0090 0.9884 
        044s 15 0.0011 0.0039 0.9949 
        045s 15 0.0815 0.0364 0.8821 
        046s 15 0.0018 0.0390 0.9592 
        047s 15 0.0008 0.0342 0.9649 
        048s 15 0.0207 0.0011 0.9782 
        049s 15 0.0008 0.0178 0.9813 
        050s 15 0.0119 0.1079 0.8802 
         001 16 0.0017 0.1882 0.8101 
         002 16 0.0010 0.0305 0.9685 
         003 16 0.0024 0.0158 0.9818 
         004 16 0.0020 0.0015 0.9965 
         005 16 0.0367 0.0602 0.9031 
         006 16 0.0192 0.0186 0.9623 
         007 16 0.0023 0.0035 0.9942 
         008 16 0.0011 0.1391 0.8597 
         009 16 0.0008 0.0015 0.9977 
         010 16 0.0017 0.0079 0.9903 
         011 16 0.0029 0.0080 0.9890 
         012 16 0.0018 0.0024 0.9958 
         013 16 0.0007 0.0010 0.9982 
         014 16 0.0005 0.0235 0.9760 
         015 16 0.3684 0.0012 0.6304 
         016 16 0.0201 0.0010 0.9790 
         017 16 0.0020 0.0230 0.9749 
         018 16 0.0427 0.0402 0.9171 
         019 16 0.0007 0.0730 0.9263 
         020 16 0.0012 0.0006 0.9982 
         021 16 0.0014 0.1286 0.8700 
         022 16 0.0044 0.0027 0.9928 
         023 16 0.0172 0.0082 0.9746 
         024 16 0.0317 0.0029 0.9654 
         025 16 0.0038 0.0751 0.9211 
         026 16 0.0058 0.1073 0.8870 
         027 16 0.0029 0.0033 0.9938 
         028 16 0.0005 0.1662 0.8333 
         029 16 0.0012 0.0444 0.9544 
         030 16 0.0006 0.0033 0.9961 
         031 16 0.0010 0.0020 0.9970 
         032 16 0.0140 0.0715 0.9144 
         033 16 0.0004 0.0011 0.9985 
         034 16 0.0021 0.0089 0.9889 
         035 16 0.0004 0.0006 0.9990 
         036 16 0.0028 0.0007 0.9965 
         037 16 0.0057 0.0574 0.9369 
         038 16 0.0106 0.0027 0.9868 
         039 16 0.0013 0.0010 0.9978 
         040 16 0.0026 0.0022 0.9952 
         041 16 0.0022 0.0013 0.9964 
         042 16 0.0012 0.0017 0.9971 
         043 16 0.0017 0.0011 0.9972 
         044 16 0.0021 0.0046 0.9932 
         045 16 0.0003 0.0140 0.9856 
         047 16 0.0013 0.0467 0.9520 
         048 16 0.0010 0.0072 0.9919 
         049 16 0.0043 0.0015 0.9942 
         050 16 0.0005 0.0010 0.9985 
         051 16 0.0009 0.0029 0.9962 
         052 16 0.0010 0.0005 0.9985 
         053 16 0.0010 0.0008 0.9982 
         054 16 0.0012 0.0501 0.9487 
         055 16 0.0008 0.0862 0.9130 
         056 16 0.0118 0.0010 0.9872 
         057 16 0.0004 0.0574 0.9422 
         058 16 0.0186 0.1075 0.8739 
         059 16 0.0962 0.0997 0.8041 
         060 16 0.0143 0.0027 0.9830 
         061 16 0.0022 0.0027 0.9951 
         062 16 0.0007 0.0044 0.9949 
         063 16 0.0012 0.0024 0.9965 
         064 16 0.0027 0.0007 0.9966 
         065 16 0.0037 0.0045 0.9917 
         066 16 0.0008 0.0006 0.9986 
         067 16 0.0782 0.0041 0.9177 
         068 16 0.0374 0.0047 0.9578 
         069 16 0.0007 0.0014 0.9979 
         070 16 0.0012 0.0053 0.9935 
         071 16 0.0009 0.1006 0.8985 
         072 16 0.0019 0.0045 0.9936 
         073 16 0.0006 0.0030 0.9964 
         074 16 0.0004 0.0008 0.9988 
         075 16 0.0013 0.0443 0.9544 
         076 16 0.0007 0.0015 0.9977 
         077 16 0.0652 0.0322 0.9025 
         078 16 0.0043 0.0061 0.9895 
         079 16 0.0022 0.0914 0.9065 
         080 16 0.0021 0.0010 0.9968 
         081 16 0.0009 0.0642 0.9349 
         082 16 0.0005 0.0424 0.9570 
         083 16 0.0028 0.0011 0.9961 
         084 16 0.0019 0.0047 0.9933 
         085 16 0.0132 0.0015 0.9853 
         086 16 0.0010 0.1184 0.8806 
         087 16 0.0005 0.0214 0.9781 
         088 16 0.0041 0.0007 0.9951 
         089 16 0.0017 0.0063 0.9921 
         090 16 0.0009 0.0043 0.9948 
         091 16 0.0010 0.0021 0.9969 
         092 16 0.0014 0.0183 0.9803 
         093 16 0.0007 0.0015 0.9978 
         094 16 0.0500 0.0044 0.9455 
         095 16 0.0007 0.0006 0.9987 
         096 16 0.0054 0.0189 0.9757 
         097 16 0.0063 0.1151 0.8786 
         098 16 0.0065 0.0014 0.9921 
         099 16 0.0098 0.0007 0.9895 
         100 16 0.0033 0.0009 0.9957 
         101 16 0.0087 0.0105 0.9808 
         102 16 0.0021 0.0032 0.9947 
         103 16 0.0047 0.0040 0.9914 
         104 16 0.0056 0.0024 0.9920 
         105 16 0.0068 0.1051 0.8880 
         106 16 0.0031 0.0017 0.9952 
         107 16 0.0129 0.0037 0.9834 
         108 16 0.1796 0.1074 0.7130 
         109 16 0.0008 0.0384 0.9608 
         110 16 0.0020 0.0007 0.9973 
         111 16 0.0028 0.0225 0.9747 
         112 16 0.0026 0.0137 0.9837 
         113 16 0.0018 0.0631 0.9351 
         114 16 0.0026 0.0038 0.9936 
         115 16 0.0010 0.0010 0.9980 
         116 16 0.0017 0.0068 0.9915 
         117 16 0.0011 0.0231 0.9758 
         118 16 0.0188 0.0019 0.9793 
         119 16 0.0018 0.0033 0.9949 
         120 16 0.0010 0.0032 0.9958 
         121 16 0.0339 0.0036 0.9625 
         122 16 0.0006 0.0006 0.9989 
         123 16 0.0008 0.0048 0.9944 
         124 16 0.0021 0.0073 0.9906 
         126 16 0.0069 0.1367 0.8563 
         001 17 0.0009 0.0023 0.9968 
         002 17 0.0008 0.0017 0.9975 
         003 17 0.0006 0.0011 0.9982 
         005 17 0.0006 0.0007 0.9987 
         006 17 0.0006 0.0535 0.9459 
         007 17 0.0417 0.1336 0.8248 
         008 17 0.0014 0.1231 0.8755 
         009 17 0.0007 0.0005 0.9988 
         010 17 0.0017 0.0013 0.9969 
         011 17 0.3911 0.1132 0.4956 
         012 17 0.0027 0.0026 0.9946 
         013 17 0.0005 0.0005 0.9990 
         014 17 0.0007 0.0008 0.9986 
         015 17 0.0005 0.0044 0.9950 
         016 17 0.0008 0.0013 0.9979 
         017 17 0.0020 0.0034 0.9946 
         018 17 0.0007 0.0282 0.9710 
         019 17 0.0012 0.0004 0.9984 
         020 17 0.0011 0.0018 0.9971 
         021 17 0.0013 0.0007 0.9980 
         022 17 0.0018 0.0595 0.9387 
         023 17 0.0010 0.0022 0.9968 
         024 17 0.0050 0.0832 0.9118 
         025 17 0.0005 0.0010 0.9985 
         002 18 0.0028 0.0007 0.9966 
         003 18 0.0017 0.0004 0.9978 
         004 18 0.0016 0.0233 0.9751 
         005 18 0.0374 0.0030 0.9596 
         006 18 0.0016 0.0006 0.9978 
         007 18 0.0006 0.0063 0.9932 
         008 18 0.0027 0.0008 0.9965 
         009 18 0.0036 0.0216 0.9747 
         010 18 0.0131 0.0011 0.9858 
         011 18 0.0027 0.0012 0.9961 
         012 18 0.0048 0.0067 0.9885 
         015 18 0.0026 0.0020 0.9954 
         016 18 0.0005 0.0091 0.9904 
         018 18 0.0094 0.0006 0.9900 
         026 18 0.0012 0.0030 0.9959 
         027 18 0.0022 0.0005 0.9973 
         028 18 0.0006 0.0021 0.9973 
         029 18 0.0007 0.0019 0.9974 
         031 18 0.0858 0.0767 0.8375 
         032 18 0.0005 0.0009 0.9986 
         033 18 0.0013 0.0010 0.9978 
         035 18 0.0010 0.0013 0.9977 
         036 18 0.0134 0.0009 0.9857 
         037 18 0.0171 0.0092 0.9737 
         038 18 0.0058 0.0332 0.9610 
         039 18 0.0018 0.0005 0.9977 
         044 18 0.0008 0.1323 0.8668 
         046 18 0.0418 0.0015 0.9567 
         049 18 0.0006 0.0008 0.9986 
         053 18 0.0010 0.0025 0.9965 
         054 18 0.0018 0.0090 0.9891 
         056 18 0.0063 0.0079 0.9857 
         057 18 0.0048 0.0012 0.9940 
         058 18 0.0065 0.0014 0.9921 
        001s 19 0.0016 0.0604 0.9380 
        002s 19 0.0017 0.0028 0.9955 
        003s 19 0.0009 0.0052 0.9939 
        004s 19 0.0322 0.0025 0.9653 
        005s 19 0.0750 0.0530 0.8721 
        006s 19 0.0024 0.0031 0.9945 
        007s 19 0.0220 0.0277 0.9502 
        008s 19 0.0240 0.0442 0.9318 
        009s 19 0.0034 0.0026 0.9940 
        010s 19 0.0008 0.0096 0.9895 
        011s 19 0.0015 0.0017 0.9968 
        012s 19 0.0007 0.0050 0.9943 
        013s 19 0.0008 0.0192 0.9800 
        014s 19 0.0225 0.0774 0.9000 
        015s 19 0.0007 0.0024 0.9969 
        016s 19 0.0507 0.0026 0.9467 
        017s 19 0.0093 0.0264 0.9643 
        018s 19 0.0046 0.0030 0.9924 
        019s 19 0.0052 0.0879 0.9069 
        020s 19 0.0010 0.0811 0.9180 
        021s 19 0.0008 0.0078 0.9913 
        022s 19 0.0010 0.0135 0.9855 
        023s 19 0.0032 0.0029 0.9939 
        024s 19 0.0034 0.0007 0.9959 
        025s 19 0.0101 0.0887 0.9012 
        026s 19 0.0067 0.0131 0.9802 
        027s 19 0.0016 0.0033 0.9951 
        028s 19 0.0006 0.0088 0.9906 
        029s 19 0.0010 0.0006 0.9984 
        030s 19 0.0012 0.0050 0.9939 
        031s 19 0.0011 0.0035 0.9955 
        032s 19 0.0005 0.0018 0.9977 
        033s 19 0.0066 0.0007 0.9926 
        034s 19 0.0018 0.0014 0.9969 
        035s 19 0.0082 0.0132 0.9787 
        036s 19 0.0020 0.0012 0.9969 
        037s 19 0.0006 0.0007 0.9987 
        038s 19 0.0027 0.0034 0.9938 
        039s 19 0.0005 0.0011 0.9984 
        040s 19 0.0006 0.0097 0.9897 
        041s 19 0.0009 0.0006 0.9985 
        042s 19 0.0225 0.0039 0.9736 
        043s 19 0.0007 0.0458 0.9535 
        044s 19 0.0025 0.0007 0.9967 
        045s 19 0.0018 0.0006 0.9976 
        046s 19 0.0082 0.0039 0.9879 
        047s 19 0.0006 0.0066 0.9928 
        048s 19 0.0008 0.1018 0.8975 
        049s 19 0.0079 0.0295 0.9626 
        050s 19 0.0011 0.0009 0.9980 
        051s 19 0.0167 0.0650 0.9182 
        052s 19 0.0012 0.0016 0.9972 
      LIW2-4 20 0.0032 0.0023 0.9945 
     LIW2-12 21 0.0816 0.0011 0.9173 
     LIW2-20 22 0.0019 0.0016 0.9964 
     LIW2-28 23 0.0775 0.0258 0.8967 
      LIW1-5 24 0.0038 0.0015 0.9947 
     LIW1-13 25 0.0210 0.0755 0.9035 
     LIW1-21 26 0.0405 0.0031 0.9564 
     LIW1-29 27 0.0202 0.0282 0.9516 
      LIW2-5 28 0.0037 0.0015 0.9948 
     LIW2-34 29 0.0050 0.0006 0.9944 
     LIW2-21 30 0.0259 0.0870 0.8871 
     LIW2-29 31 0.0042 0.1826 0.8132 
      LIW1-6 32 0.0040 0.0012 0.9948 
     LIW1-14 33 0.0015 0.0520 0.9465 
     LIW1-22 34 0.0151 0.0010 0.9838 
     LIW1-30 35 0.0045 0.0013 0.9942 
      LIW2-6 36 0.0297 0.0121 0.9582 
     LIW2-14 37 0.0070 0.0015 0.9915 
     LIW2-22 38 0.0929 0.0253 0.8819 
     LIW2-30 39 0.0126 0.0008 0.9866 
      LIW1-7 40 0.0627 0.0199 0.9174 
     LIW1-15 41 0.0136 0.0006 0.9857 
     LIW1-23 42 0.0089 0.0069 0.9842 
     LIW1-31 43 0.0082 0.0034 0.9884 
      LIW2-7 44 0.0021 0.0839 0.9140 
     LIW2-15 45 0.0134 0.0013 0.9854 
     LIW2-23 46 0.0875 0.0026 0.9099 
      LIW1-8 47 0.0033 0.0011 0.9956 
     LIW1-16 48 0.0024 0.0012 0.9964 
      LIW2-8 49 0.0042 0.0008 0.9950 
     LIW2-16 50 0.0416 0.3160 0.6424 
     LIW2-24 51 0.0155 0.1893 0.7952 
     LIW2-32 52 0.0544 0.0131 0.9325 
     LIW1-47 53 0.0164 0.0116 0.9720 
      UMFS-1 54 0.0686 0.0386 0.8928 
     UMFS-19 55 0.1155 0.1143 0.7702 
     UMFS-31 56 0.0772 0.0006 0.9222 
      UMFS-2 57 0.0289 0.0009 0.9701 
     UMFS-10 58 0.0945 0.0043 0.9011 
     UMFS-20 59 0.0527 0.0538 0.8935 
     UMFS-32 60 0.0887 0.0720 0.8393 
      UMFS-3 61 0.1276 0.0751 0.7974 
     UMFS-11 62 0.0109 0.4078 0.5813 
     UMFS-21 63 0.1062 0.0665 0.8273 
     UMFS-33 64 0.0766 0.0235 0.8999 
      UMFS-4 65 0.0994 0.0181 0.8825 
     UMFS-22 66 0.0890 0.0169 0.8941 
     UMFS-34 67 0.1171 0.0507 0.8322 
      UMFS-5 68 0.0905 0.0053 0.9042 
     UMFS-13 69 0.1224 0.0592 0.8183 
     UMFS-23 70 0.0840 0.0220 0.8940 
     UMFS-35 71 0.1101 0.0231 0.8668 
      UMFS-6 72 0.1238 0.0165 0.8597 
     UMFS-14 73 0.0801 0.0103 0.9097 
     UMFS-24 74 0.0268 0.0382 0.9350 
     UMFS-36 75 0.0910 0.0723 0.8368 
      UMFS-7 76 0.1149 0.5625 0.3226 
     UMFS-15 77 0.0949 0.0721 0.8330 
     UMFS-25 78 0.0656 0.0835 0.8509 
     UMFS-37 79 0.0698 0.0812 0.8490 
      UMFS-8 80 0.0911 0.0316 0.8773 
     UMFS-16 81 0.0966 0.0693 0.8341 
     UMFS-26 82 0.1730 0.0639 0.7631 
     UMFS-38 83 0.0517 0.0096 0.9387 
      NEH1-2 84 0.9803 0.0174 0.0023 
     NEH1-11 85 0.9651 0.0333 0.0016 
     NEH1-20 86 0.8826 0.0015 0.1160 
     NEH1-29 87 0.9986 0.0003 0.0011 
      NEH2-2 88 0.9993 0.0002 0.0005 
     NEH2-10 89 0.9910 0.0007 0.0083 
     NEH2-18 90 0.9992 0.0006 0.0002 
     NEH2-26 91 0.9980 0.0009 0.0011 
      NEH1-3 92 0.8449 0.0011 0.1540 
     NEH1-12 93 0.9503 0.0492 0.0005 
     NEH1-21 94 0.9304 0.0019 0.0677 
     NEH1-30 95 0.9177 0.0111 0.0712 
      NEH2-3 96 0.9996 0.0002 0.0003 
     NEH2-11 97 0.9954 0.0038 0.0008 
     NEH2-19 98 0.9950 0.0015 0.0035 
     NEH2-27 99 0.9997 0.0001 0.0001 
      NEH1-4 100 0.9995 0.0003 0.0002 
     NEH1-13 101 0.7711 0.0024 0.2265 
     NEH1-22 102 0.8020 0.0005 0.1975 
     NEH1-31 103 0.9987 0.0005 0.0008 
      NEH2-4 104 0.9944 0.0013 0.0043 
     NEH2-12 105 0.9536 0.0456 0.0007 
     NEH2-20 106 0.8066 0.0004 0.1930 
     NEH2-28 107 0.9949 0.0036 0.0015 
      NEH1-5 108 0.8635 0.0016 0.1348 
     NEH1-14 109 0.7688 0.0704 0.1608 
     NEH1-23 110 0.7716 0.0006 0.2278 
     NEH1-32 111 0.9971 0.0017 0.0012 
      NEH2-5 112 0.9995 0.0002 0.0003 
     NEH2-13 113 0.9917 0.0066 0.0017 
     NEH2-22 114 0.9986 0.0006 0.0008 
     NEH2-29 115 0.9619 0.0008 0.0373 
      NEH1-6 116 0.9995 0.0003 0.0002 
     NEH1-15 117 0.9541 0.0433 0.0026 
     NEH1-24 118 0.9950 0.0041 0.0009 
     NEH1-33 119 0.8773 0.0007 0.1221 
      NEH2-6 120 0.9816 0.0006 0.0177 
     NEH2-14 121 0.9928 0.0021 0.0051 
     NEH2-21 122 0.9521 0.0004 0.0475 
     NEH2-30 123 0.9995 0.0002 0.0003 
      NEH1-7 124 0.8473 0.0773 0.0755 
     NEH1-16 125 0.9992 0.0003 0.0004 
     NEH1-25 126 0.8759 0.0008 0.1233 
     NEH1-34 127 0.9330 0.0069 0.0601 
      NEH2-7 128 0.9965 0.0011 0.0024 
     NEH2-15 129 0.9997 0.0001 0.0001 
     NEH2-23 130 0.9477 0.0349 0.0174 
     NEH2-31 131 0.9996 0.0002 0.0002 
      NEH1-8 132 0.8357 0.0618 0.1025 
     NEH1-17 133 0.9019 0.0960 0.0021 
     NEH1-26 134 0.8521 0.0011 0.1468 
     NEH1-35 135 0.8134 0.0028 0.1837 
      NEH2-8 136 0.9997 0.0001 0.0002 
     NEH2-16 137 0.9986 0.0006 0.0008 
     NEH2-24 138 0.9996 0.0002 0.0003 
     NEH2-32 139 0.9418 0.0576 0.0006 
      NEH1-1 140 0.9220 0.0769 0.0012 
     NEH1-10 141 0.9993 0.0004 0.0003 
     NEH1-19 142 0.8776 0.0022 0.1202 
     NEH1-28 143 0.9584 0.0405 0.0011 
      NEH2-1 144 0.9950 0.0019 0.0031 
      NEH2-9 145 0.9990 0.0003 0.0006 
     NEH2-17 146 0.9629 0.0317 0.0054 
     NEH2-25 147 0.9982 0.0013 0.0005 
      LIW1-1 148 0.1137 0.0924 0.7939 
      LIW1-9 149 0.0717 0.1534 0.7749 
     LIW1-17 150 0.0497 0.0008 0.9496 
     LIW1-25 151 0.0035 0.0008 0.9958 
      LIW2-9 152 0.0024 0.0637 0.9339 
     LIW2-17 153 0.0041 0.0021 0.9938 
     LIW2-25 154 0.0044 0.0013 0.9943 
      LIW1-2 155 0.0167 0.0013 0.9820 
     LIW1-10 156 0.0054 0.0053 0.9894 
     LIW1-18 157 0.0089 0.0037 0.9874 
     LIW1-26 158 0.0272 0.0013 0.9715 
      LIW2-2 159 0.0056 0.0007 0.9937 
     LIW2-10 160 0.0017 0.0020 0.9964 
     LIW2-18 161 0.0667 0.0383 0.8950 
     LIW2-26 162 0.0050 0.0015 0.9935 
      LIW1-3 163 0.0427 0.0056 0.9517 
     LIW1-11 164 0.0099 0.0116 0.9786 
     LIW1-19 165 0.0709 0.0443 0.8848 
     LIW1-27 166 0.0008 0.0066 0.9926 
      LIW2-3 167 0.0041 0.0141 0.9819 
     LIW2-11 168 0.0010 0.0006 0.9984 
     LIW2-19 169 0.0378 0.0024 0.9598 
     LIW2-27 170 0.0195 0.0005 0.9800 
      LIW1-4 171 0.0076 0.0012 0.9912 
     LIW1-12 172 0.0093 0.0251 0.9656 
     LIW1-20 173 0.0023 0.0036 0.9942 
     LIW1-28 174 0.0152 0.0039 0.9809 
        001s 175 0.0023 0.0036 0.9941 
        002s 175 0.0029 0.0709 0.9263 
        003s 175 0.0012 0.0007 0.9981 
        004s 175 0.0017 0.0352 0.9631 
        005s 175 0.0026 0.0025 0.9949 
        006s 175 0.0029 0.1546 0.8425 
        007s 175 0.0012 0.0008 0.9980 
        008s 175 0.0011 0.0033 0.9955 
        009s 175 0.0031 0.1111 0.8858 
        010s 175 0.0017 0.0017 0.9966 
        011s 175 0.0015 0.0038 0.9947 
        012s 175 0.0006 0.0009 0.9985 
        013s 175 0.0004 0.0051 0.9946 
        014s 175 0.0005 0.0801 0.9193 
        015s 175 0.0025 0.0025 0.9951 
        016s 175 0.0004 0.0173 0.9823 
        017s 175 0.0074 0.0135 0.9791 
        018s 175 0.0016 0.0057 0.9927 
        019s 175 0.0106 0.0016 0.9878 
        020s 175 0.0014 0.0020 0.9965 
        021s 175 0.0036 0.0015 0.9949 
        022s 175 0.0050 0.0136 0.9814 
        023s 175 0.0059 0.0059 0.9882 
        024s 175 0.0012 0.0342 0.9645 
        025s 175 0.0011 0.0503 0.9486 
        026s 175 0.0021 0.0044 0.9935 
        027s 175 0.0024 0.0023 0.9953 
        028s 175 0.0629 0.0015 0.9356 
        029s 175 0.0008 0.0012 0.9980 
        030s 175 0.0034 0.0960 0.9006 
        031s 175 0.0006 0.0024 0.9970 
        032s 175 0.0249 0.0022 0.9730 
        033s 175 0.0018 0.0213 0.9769 
        034s 175 0.0005 0.0058 0.9937 
        035s 175 0.0007 0.0101 0.9892 
        036s 175 0.0008 0.0012 0.9979 
        037s 175 0.0160 0.0011 0.9829 
        038s 175 0.0011 0.0133 0.9856 
        039s 175 0.0048 0.0025 0.9928 
        040s 175 0.0029 0.0014 0.9957 
        041s 175 0.0012 0.0039 0.9949 
        042s 175 0.0022 0.0024 0.9953 
        043s 175 0.0067 0.0049 0.9884 
        044s 175 0.0022 0.0014 0.9964 
        045s 175 0.0011 0.0671 0.9319 
        046s 175 0.0027 0.0020 0.9953 
        047s 175 0.0150 0.0008 0.9842 
        048s 175 0.0006 0.0072 0.9922 
        049s 175 0.0015 0.0257 0.9729 
        050s 175 0.0999 0.0323 0.8678 
        001s 176 0.0010 0.0836 0.9154 
        002s 176 0.0039 0.0159 0.9802 
        003s 176 0.0018 0.0021 0.9961 
        004s 176 0.0031 0.0026 0.9942 
        005s 176 0.0226 0.0009 0.9766 
        006s 176 0.0012 0.0012 0.9976 
        007s 176 0.0015 0.0717 0.9268 
        008s 176 0.0004 0.0009 0.9987 
        009s 176 0.0126 0.0010 0.9864 
        010s 176 0.0008 0.0014 0.9978 
        011s 176 0.0052 0.0009 0.9940 
        012s 176 0.0023 0.0652 0.9325 
        013s 176 0.0042 0.0181 0.9777 
        014s 176 0.0008 0.0043 0.9949 
        015s 176 0.0030 0.0012 0.9958 
        016s 176 0.0015 0.0011 0.9974 
        017s 176 0.0007 0.0004 0.9990 
        018s 176 0.0139 0.0009 0.9852 
        019s 176 0.0006 0.0558 0.9436 
        020s 176 0.0020 0.0020 0.9960 
        021s 176 0.0019 0.0052 0.9928 
        022s 176 0.0013 0.0023 0.9964 
        023s 176 0.0005 0.0013 0.9982 
        024s 176 0.0014 0.0472 0.9514 
        025s 176 0.0047 0.0095 0.9858 
        026s 176 0.0037 0.0098 0.9866 
        027s 176 0.0016 0.0006 0.9978 
        028s 176 0.0012 0.0021 0.9967 
        029s 176 0.0034 0.0015 0.9951 
        030s 176 0.0008 0.0539 0.9452 
        031s 176 0.0016 0.0091 0.9894 
        032s 176 0.0392 0.0182 0.9426 
        033s 176 0.0286 0.1182 0.8532 
        034s 176 0.0010 0.0016 0.9974 
        035s 176 0.0716 0.0051 0.9233 
        036s 176 0.0009 0.0014 0.9977 
        037s 176 0.0325 0.0618 0.9057 
        038s 176 0.0012 0.0012 0.9976 
        039s 176 0.0005 0.0008 0.9987 
        040s 176 0.0012 0.0006 0.9981 
        041s 176 0.0010 0.0014 0.9975 
        042s 176 0.0007 0.0008 0.9985 
        043s 176 0.0095 0.0192 0.9713 
        044s 176 0.0005 0.0045 0.9950 
        045s 176 0.0019 0.0172 0.9809 
        046s 176 0.0005 0.0019 0.9976 
        047s 176 0.0020 0.0009 0.9971 
        048s 176 0.0009 0.0102 0.9889 
        050s 176 0.0141 0.0016 0.9843 
        001s 177 0.0254 0.0424 0.9322 
        002s 177 0.0019 0.0009 0.9973 
        003s 177 0.0243 0.0450 0.9307 
        004s 177 0.0020 0.0014 0.9966 
        005s 177 0.0005 0.0024 0.9971 
        006s 177 0.0042 0.0027 0.9931 
        007s 177 0.0011 0.0058 0.9931 
        008s 177 0.0020 0.1464 0.8517 
        009s 177 0.0013 0.0006 0.9981 
        010s 177 0.0016 0.0258 0.9725 
        011s 177 0.0008 0.0015 0.9978 
        012s 177 0.0012 0.0031 0.9957 
        013s 177 0.0037 0.0012 0.9952 
        014s 177 0.0040 0.0343 0.9617 
        015s 177 0.0040 0.0042 0.9918 
        016s 177 0.0008 0.0005 0.9987 
        017s 177 0.0016 0.0408 0.9575 
        018s 177 0.0007 0.0122 0.9871 
        019s 177 0.0069 0.0014 0.9916 
        020s 177 0.0042 0.0036 0.9922 
        021s 177 0.0019 0.0009 0.9972 
        022s 177 0.0213 0.0059 0.9728 
        023s 177 0.0035 0.0157 0.9809 
        024s 177 0.0028 0.0009 0.9964 
        025s 177 0.0011 0.0042 0.9948 
        026s 177 0.0047 0.0011 0.9942 
        027s 177 0.0014 0.0007 0.9979 
        028s 177 0.0011 0.0007 0.9982 
        029s 177 0.0019 0.0924 0.9057 
        030s 177 0.0035 0.0093 0.9872 
        031s 177 0.0139 0.0015 0.9846 
        032s 177 0.0007 0.0324 0.9669 
        033s 177 0.0048 0.0007 0.9945 
        034s 177 0.0011 0.0019 0.9970 
        035s 177 0.0006 0.0006 0.9988 
        036s 177 0.0587 0.0133 0.9281 
        037s 177 0.0052 0.0371 0.9577 
        038s 177 0.0018 0.0115 0.9867 
        039s 177 0.0026 0.0016 0.9958 
        040s 177 0.0017 0.0306 0.9677 
        041s 177 0.0009 0.1068 0.8923 
        042s 177 0.0011 0.0341 0.9649 
        043s 177 0.0010 0.0005 0.9985 
        044s 177 0.0012 0.0013 0.9974 
        045s 177 0.0038 0.0150 0.9813 
        046s 177 0.0009 0.0013 0.9978 
        047s 177 0.0047 0.0025 0.9928 
        048s 177 0.0006 0.0099 0.9895 
        049s 177 0.0011 0.0565 0.9424 
        050s 177 0.0008 0.0007 0.9984 
        001s 178 0.0020 0.0284 0.9696 
        002s 178 0.0044 0.0050 0.9906 
        003s 178 0.0011 0.0061 0.9929 
        004s 178 0.0009 0.0044 0.9947 
        005s 178 0.0007 0.0021 0.9972 
        006s 178 0.0566 0.0581 0.8854 
        007s 178 0.0009 0.0016 0.9975 
        008s 178 0.0011 0.0894 0.9096 
        009s 178 0.0023 0.0052 0.9925 
        010s 178 0.0017 0.0008 0.9975 
        011s 178 0.0009 0.0017 0.9974 
        012s 178 0.0008 0.0029 0.9962 
        013s 178 0.0045 0.0005 0.9950 
        014s 178 0.0277 0.0251 0.9472 
        015s 178 0.0010 0.0060 0.9930 
        016s 178 0.0021 0.0148 0.9831 
        017s 178 0.0053 0.0290 0.9657 
        018s 178 0.0032 0.0021 0.9948 
        019s 178 0.0007 0.0031 0.9962 
        020s 178 0.0004 0.0008 0.9988 
        021s 178 0.0014 0.0335 0.9650 
        022s 178 0.0006 0.0028 0.9966 
        023s 178 0.0414 0.0980 0.8605 
        024s 178 0.0015 0.0010 0.9975 
        025s 178 0.0014 0.0301 0.9685 
        026s 178 0.0008 0.0007 0.9984 
        027s 178 0.0017 0.0426 0.9557 
        028s 178 0.0094 0.0398 0.9508 
        029s 178 0.0013 0.0044 0.9943 
        030s 178 0.0070 0.0119 0.9811 
        031s 178 0.0004 0.0005 0.9990 
        032s 178 0.0008 0.0008 0.9984 
        033s 178 0.0007 0.0473 0.9520 
        034s 178 0.0008 0.0006 0.9986 
        035s 178 0.0039 0.0013 0.9948 
        036s 178 0.0009 0.0005 0.9986 
        037s 178 0.0084 0.0006 0.9910 
        039s 178 0.0103 0.0189 0.9709 
        040s 178 0.0037 0.0722 0.9241 
        041s 178 0.0010 0.0009 0.9982 
        042s 178 0.0100 0.0362 0.9538 
        043s 178 0.0164 0.0378 0.9458 
        044s 178 0.0021 0.1172 0.8808 
        045s 178 0.0018 0.0016 0.9965 
        046s 178 0.0005 0.0020 0.9975 
        047s 178 0.0014 0.0208 0.9778 
        048s 178 0.0300 0.0175 0.9525 
        049s 178 0.0068 0.0056 0.9876 
        050s 178 0.0054 0.0941 0.9004 
          01 179 0.0279 0.0754 0.8967 
          02 179 0.0028 0.0017 0.9955 
          03 179 0.0019 0.1386 0.8595 
          04 179 0.0093 0.0029 0.9878 
          05 179 0.0013 0.0583 0.9404 
          06 179 0.0007 0.0016 0.9977 
          07 179 0.0071 0.0034 0.9895 
          08 179 0.0067 0.0009 0.9924 
          09 179 0.0012 0.0008 0.9981 
          10 179 0.0087 0.0103 0.9810 
          11 179 0.0010 0.0908 0.9081 
          12 179 0.0045 0.0012 0.9942 
          13 179 0.0008 0.0011 0.9981 
          14 179 0.0075 0.0830 0.9095 
          15 179 0.0013 0.0157 0.9830 
          16 179 0.0014 0.0155 0.9831 
          17 179 0.0253 0.0016 0.9731 
          18 179 0.0045 0.0011 0.9944 
          19 179 0.0011 0.0300 0.9689 
          20 179 0.0940 0.0405 0.8654 
          21 179 0.0008 0.0003 0.9988 
          22 179 0.0017 0.0162 0.9821 
          23 179 0.0010 0.0030 0.9961 
        001s 180 0.0382 0.0334 0.9285 
        002s 180 0.0040 0.0021 0.9939 
        003s 180 0.0023 0.0014 0.9963 
        004s 180 0.0009 0.0011 0.9980 
        005s 180 0.0304 0.0074 0.9622 
        006s 180 0.0014 0.0888 0.9098 
        007s 180 0.0009 0.0012 0.9979 
        008s 180 0.0010 0.0037 0.9953 
        009s 180 0.0023 0.0011 0.9966 
        010s 180 0.0013 0.0010 0.9977 
        011s 180 0.0006 0.0023 0.9971 
        012s 180 0.0012 0.0088 0.9900 
        013s 180 0.0083 0.0017 0.9900 
        014s 180 0.0022 0.0088 0.9891 
        015s 180 0.0027 0.0013 0.9960 
        016s 180 0.0261 0.0140 0.9599 
        017s 180 0.0016 0.0021 0.9963 
        018s 180 0.0007 0.0686 0.9307 
        019s 180 0.0020 0.0024 0.9956 
        020s 180 0.0126 0.0031 0.9843 
        021s 180 0.0034 0.0030 0.9936 
        022s 180 0.0014 0.0092 0.9895 
        023s 180 0.0061 0.0006 0.9933 
        024s 180 0.0090 0.0042 0.9868 
        025s 180 0.0007 0.0100 0.9893 
        026s 180 0.0010 0.0029 0.9961 
        027s 180 0.0012 0.0057 0.9931 
        028s 180 0.0017 0.0035 0.9947 
        029s 180 0.0660 0.0162 0.9178 
        030s 180 0.0007 0.0020 0.9973 
        031s 180 0.0036 0.0008 0.9956 
        032s 180 0.0012 0.0045 0.9943 
        033s 180 0.0003 0.0030 0.9967 
        034s 180 0.0009 0.0059 0.9933 
        035s 180 0.0263 0.0082 0.9655 
        036s 180 0.0014 0.0008 0.9978 
        037s 180 0.0027 0.0021 0.9952 
        038s 180 0.0005 0.0031 0.9964 
        039s 180 0.0014 0.0025 0.9961 
        041s 180 0.0005 0.0016 0.9979 
        042s 180 0.0076 0.0026 0.9898 
        043s 180 0.0028 0.0054 0.9918 
        044s 180 0.0007 0.0012 0.9981 
        045s 180 0.0063 0.0047 0.9890 
        046s 180 0.0026 0.0113 0.9862 
        047s 180 0.0027 0.0099 0.9875 
        048s 180 0.0014 0.0014 0.9971 
        049s 180 0.0006 0.0013 0.9981 
        050s 180 0.0006 0.0014 0.9980 
         001 181 0.0002 0.9996 0.0002 
         002 181 0.0001 0.9997 0.0002 
         003 181 0.0001 0.9997 0.0002 
         004 181 0.0004 0.9907 0.0090 
         005 181 0.0012 0.9962 0.0026 
         006 181 0.0001 0.9997 0.0002 
         007 181 0.0001 0.9996 0.0002 
         008 181 0.0002 0.9996 0.0003 
         009 181 0.0001 0.9998 0.0001 
         010 181 0.0028 0.9958 0.0013 
         011 181 0.0002 0.9997 0.0001 
         012 181 0.0013 0.9982 0.0005 
         013 181 0.0002 0.9989 0.0008 
         014 181 0.0002 0.9995 0.0003 
         015 181 0.0001 0.9998 0.0001 
         016 181 0.0004 0.9993 0.0004 
         017 181 0.0001 0.9997 0.0002 
         018 181 0.0002 0.9995 0.0003 
         019 181 0.0006 0.9974 0.0020 
         020 181 0.0002 0.9996 0.0002 
         021 181 0.0001 0.9997 0.0002 
         022 181 0.0001 0.9998 0.0001 
         023 181 0.0001 0.9997 0.0002 
         024 181 0.0006 0.9953 0.0041 
         025 181 0.0001 0.9996 0.0002 
         026 181 0.0002 0.9996 0.0002 
         027 181 0.0001 0.9998 0.0001 
         028 181 0.0001 0.9998 0.0001 
         029 181 0.0002 0.9996 0.0002 
         030 181 0.0001 0.9996 0.0002 
         001 182 0.0001 0.9997 0.0002 
         002 182 0.0003 0.9992 0.0005 
         003 182 0.0012 0.9897 0.0091 
         004 182 0.0005 0.9993 0.0003 
         005 182 0.0002 0.9987 0.0010 
         006 182 0.0037 0.8821 0.1143 
         007 182 0.0006 0.9963 0.0031 
         008 182 0.0002 0.9991 0.0007 
         009 182 0.0002 0.9994 0.0004 
         010 182 0.0011 0.9002 0.0987 
         011 182 0.0002 0.9994 0.0004 
         012 182 0.0017 0.9272 0.0711 
         013 182 0.0028 0.9946 0.0027 
         014 182 0.0074 0.8964 0.0962 
         015 182 0.0001 0.9997 0.0002 
         016 182 0.0001 0.9995 0.0003 
         017 182 0.0004 0.9415 0.0581 
         018 182 0.0001 0.9995 0.0004 
         019 182 0.0002 0.9996 0.0003 
         020 182 0.0001 0.9998 0.0001 
         021 182 0.0013 0.9349 0.0638 
         022 182 0.0002 0.9995 0.0003 
         023 182 0.0003 0.9993 0.0004 
         024 182 0.0001 0.9995 0.0003 
         025 182 0.0001 0.9995 0.0003 
         026 182 0.0002 0.9997 0.0002 
         027 182 0.0014 0.9977 0.0008 
         028 182 0.0003 0.9992 0.0005 
         029 182 0.0012 0.9975 0.0012 
         030 182 0.0001 0.9997 0.0002 
          10 183 0.0036 0.0005 0.9959 
          11 183 0.0726 0.0005 0.9269 
          12 183 0.0095 0.0006 0.9899 
          13 183 0.0009 0.0511 0.9480 
          14 183 0.0189 0.0005 0.9806 
          15 183 0.0461 0.0089 0.9450 
          16 183 0.0016 0.0703 0.9281 
          17 183 0.0036 0.0013 0.9951 
          18 183 0.0019 0.0008 0.9973 
          19 183 0.0015 0.0006 0.9979 
          20 183 0.0011 0.0215 0.9774 
          21 183 0.0181 0.0021 0.9798 
          22 183 0.0354 0.0070 0.9577 
          23 183 0.0008 0.0099 0.9893 
          24 183 0.0243 0.0005 0.9752 
          25 183 0.0180 0.0018 0.9802 
          26 183 0.0014 0.0060 0.9926 
          27 183 0.0171 0.0187 0.9642 
          28 183 0.0300 0.0028 0.9672 
          29 183 0.0269 0.6929 0.2801 
          30 183 0.0753 0.8134 0.1114 
          31 183 0.0072 0.0013 0.9915 
          32 183 0.0005 0.0004 0.9992 
          33 183 0.0023 0.0039 0.9938 
          34 183 0.0333 0.0006 0.9661 
          35 183 0.0153 0.0126 0.9722 
          36 183 0.0084 0.0006 0.9910 
          37 183 0.0388 0.7901 0.1711 
          54 183 0.0022 0.0620 0.9357 
          55 183 0.0797 0.0950 0.8254 
           6 183 0.0015 0.0087 0.9897 
           7 183 0.0072 0.1111 0.8817 
           8 183 0.0043 0.0445 0.9512 
           9 183 0.0221 0.0041 0.9738 
           4 184 0.0009 0.0030 0.9960 
           9 184 0.0007 0.0013 0.9979 
          12 184 0.0003 0.0203 0.9794 
          14 184 0.0089 0.0014 0.9897 
          15 184 0.0040 0.0007 0.9953 
          16 184 0.0022 0.0015 0.9963 
          17 184 0.0019 0.0041 0.9940 
          18 184 0.0039 0.0913 0.9047 
          22 184 0.0006 0.0009 0.9984 
          25 184 0.0014 0.0067 0.9918 
          26 184 0.0039 0.0017 0.9944 
          27 184 0.0004 0.0014 0.9982 
          28 184 0.0012 0.0007 0.9981 
          29 184 0.0009 0.0004 0.9987 
          31 184 0.0011 0.0032 0.9957 
          32 184 0.0035 0.0061 0.9904 
          33 184 0.0033 0.0011 0.9955 
          34 184 0.0009 0.0009 0.9982 
          36 184 0.0007 0.3789 0.6204 
          37 184 0.0009 0.0047 0.9944 
          39 184 0.0134 0.0199 0.9667 
          40 184 0.0041 0.0038 0.9921 
          41 184 0.0031 0.0057 0.9912 
          42 184 0.0006 0.0023 0.9970 
          43 184 0.0013 0.0010 0.9978 
          44 184 0.0062 0.0728 0.9209 
          45 184 0.0011 0.0005 0.9984 
          46 184 0.0007 0.0020 0.9973 
          47 184 0.0010 0.0004 0.9986 
          48 184 0.0027 0.0008 0.9964 
          52 184 0.0007 0.0882 0.9110 
          54 184 0.0004 0.0012 0.9984 
          57 184 0.0008 0.0014 0.9978 
          58 184 0.0017 0.0019 0.9964 
          59 184 0.0017 0.0740 0.9243 
          60 184 0.0167 0.0009 0.9824 
           3 185 0.0164 0.0258 0.9578 
           4 185 0.0039 0.0016 0.9945 
           5 185 0.0007 0.0022 0.9971 
           6 185 0.0008 0.0012 0.9979 
           7 185 0.0006 0.0879 0.9115 
           8 185 0.0019 0.0757 0.9224 
           9 185 0.0031 0.0032 0.9937 
          10 185 0.0056 0.0017 0.9927 
          11 185 0.0033 0.0605 0.9363 
          12 185 0.0043 0.1028 0.8928 
          13 185 0.0008 0.0008 0.9984 
          14 185 0.0012 0.0016 0.9973 
          15 185 0.2422 0.0034 0.7544 
          16 185 0.0025 0.0021 0.9954 
          17 185 0.0535 0.0019 0.9447 
          18 185 0.0009 0.0006 0.9985 
          19 185 0.0271 0.0005 0.9724 
          20 185 0.0011 0.1342 0.8648 
          21 185 0.0125 0.0048 0.9826 
          22 185 0.0543 0.0042 0.9415 
          23 185 0.0038 0.0263 0.9699 
          24 185 0.0006 0.0009 0.9985 
          25 185 0.0113 0.0730 0.9157 
          26 185 0.0022 0.0024 0.9954 
          27 185 0.0015 0.0008 0.9977 
          28 185 0.0004 0.0013 0.9983 
          29 185 0.0675 0.1280 0.8045 
          30 185 0.0016 0.0095 0.9889 
          31 185 0.0009 0.0095 0.9896 
          32 185 0.0006 0.0065 0.9929 
          33 185 0.0008 0.0198 0.9794 
          34 185 0.0027 0.0010 0.9964 
          35 185 0.0018 0.0021 0.9961 
          36 185 0.0013 0.0016 0.9971 
          37 185 0.0008 0.0301 0.9692 
          38 185 0.0005 0.1072 0.8923 
          39 185 0.0094 0.0464 0.9443 
          40 185 0.0019 0.0011 0.9970 
          41 185 0.0014 0.0010 0.9976 
          42 185 0.0008 0.0013 0.9979 
           5 186 0.0009 0.0013 0.9978 
           6 186 0.0007 0.0017 0.9975 
           7 186 0.0007 0.0036 0.9957 
           9 186 0.0028 0.0868 0.9104 
          10 186 0.0014 0.0553 0.9433 
          11 186 0.0011 0.0043 0.9946 
          12 186 0.0005 0.0022 0.9973 
          29 186 0.0150 0.0025 0.9825 
          30 186 0.0017 0.0006 0.9978 
          31 186 0.1643 0.0667 0.7690 
          32 186 0.0464 0.0490 0.9046 
          33 186 0.0062 0.0007 0.9931 
          34 186 0.0059 0.0253 0.9688 
          35 186 0.0011 0.0005 0.9984 
          36 186 0.0023 0.0018 0.9960 
          37 186 0.0009 0.0376 0.9615 
          38 186 0.0217 0.0195 0.9588 
          39 186 0.0006 0.0011 0.9983 
          40 186 0.0011 0.0008 0.9981 
          41 186 0.0008 0.0067 0.9925 
          42 186 0.0008 0.0009 0.9983 
          43 186 0.0012 0.0118 0.9870 
          44 186 0.0027 0.0005 0.9968 
          45 186 0.0008 0.0009 0.9983 
          46 186 0.0007 0.0010 0.9982 
          47 186 0.0020 0.0051 0.9929 
          48 186 0.0013 0.0012 0.9975 
          49 186 0.0003 0.0006 0.9991 
          50 186 0.0033 0.0187 0.9780 
          51 186 0.0007 0.0008 0.9986 
          52 186 0.0015 0.0014 0.9971 
          53 186 0.0030 0.0008 0.9962 
          54 186 0.0016 0.0009 0.9975 
          55 186 0.0014 0.0026 0.9960 
          56 186 0.0011 0.0025 0.9965 
          57 186 0.0797 0.0036 0.9167 
          58 186 0.0005 0.0012 0.9983 
          59 186 0.0010 0.0077 0.9914 
          60 186 0.0039 0.0005 0.9956 
           1 187 0.0069 0.0228 0.9703 
           2 187 0.0020 0.0049 0.9931 
           3 187 0.0212 0.0164 0.9624 
           4 187 0.0154 0.1197 0.8649 
           5 187 0.0010 0.0008 0.9982 
           6 187 0.0009 0.0041 0.9950 
           7 187 0.0028 0.1475 0.8497 
           8 187 0.0008 0.0023 0.9968 
           9 187 0.0016 0.0006 0.9978 
          10 187 0.0014 0.0372 0.9614 
          11 187 0.0003 0.0014 0.9982 
          12 187 0.0008 0.0011 0.9981 
          13 187 0.0023 0.0076 0.9900 
          14 187 0.0026 0.0013 0.9961 
          15 187 0.0009 0.0050 0.9941 
          16 187 0.0038 0.0162 0.9800 
          17 187 0.0141 0.0724 0.9135 
          18 187 0.0011 0.0019 0.9969 
          19 187 0.0005 0.0008 0.9987 
          20 187 0.0020 0.0015 0.9965 
          21 187 0.0068 0.0956 0.8976 
          22 187 0.0046 0.0019 0.9936 
          23 187 0.0010 0.0006 0.9984 
          24 187 0.0034 0.0988 0.8978 
          25 187 0.0037 0.0018 0.9944 
          26 187 0.0042 0.0006 0.9952 
          27 187 0.0009 0.0006 0.9985 
          28 187 0.0079 0.0050 0.9872 
          29 187 0.0019 0.0068 0.9914 
          30 187 0.0417 0.0015 0.9568 
          32 187 0.0003 0.0965 0.9032 
          33 187 0.0012 0.0261 0.9727 
          34 187 0.0008 0.0014 0.9978 
          35 187 0.0104 0.0113 0.9783 
          36 187 0.0019 0.0009 0.9971 
          37 187 0.0108 0.0044 0.9848 
          38 187 0.0746 0.1020 0.8234 
           1 188 0.0016 0.0083 0.9900 
           2 188 0.0010 0.0240 0.9750 
           3 188 0.0021 0.0454 0.9525 
           4 188 0.0008 0.0696 0.9296 
           5 188 0.0040 0.0027 0.9934 
           6 188 0.0014 0.0007 0.9980 
           7 188 0.0007 0.0007 0.9986 
           8 188 0.0006 0.0559 0.9435 
           9 188 0.0008 0.0015 0.9978 
          10 188 0.0023 0.0055 0.9923 
          11 188 0.0008 0.0007 0.9985 
          12 188 0.0518 0.0015 0.9466 
          13 188 0.0109 0.1103 0.8788 
          14 188 0.0079 0.0874 0.9047 
          15 188 0.0006 0.0008 0.9987 
          16 188 0.0017 0.0231 0.9752 
          17 188 0.0016 0.0027 0.9957 
          18 188 0.0534 0.0022 0.9444 
          19 188 0.0045 0.0017 0.9939 
          20 188 0.0140 0.1174 0.8685 
          21 188 0.0101 0.0047 0.9852 
          22 188 0.0122 0.0027 0.9851 
          23 188 0.0465 0.0047 0.9488 
          24 188 0.0376 0.0004 0.9620 
          25 188 0.0496 0.0013 0.9491 
          26 188 0.0024 0.0858 0.9118 
          27 188 0.0036 0.0580 0.9385 
          28 188 0.0005 0.0022 0.9973 
          29 188 0.0122 0.0432 0.9446 
          30 188 0.0017 0.1016 0.8967 
          31 188 0.0065 0.0049 0.9885 
          32 188 0.0007 0.0010 0.9983 
          33 188 0.0071 0.0011 0.9919 
          34 188 0.0083 0.0008 0.9909 
          35 188 0.0557 0.0116 0.9327 
          36 188 0.0017 0.1129 0.8854 
          37 188 0.0008 0.0015 0.9977 
          38 188 0.0013 0.0906 0.9081 
          39 188 0.0027 0.0332 0.9641 
          40 188 0.0007 0.0017 0.9976 
           7 189 0.0007 0.0049 0.9945 
           8 189 0.0012 0.0027 0.9961 
           9 189 0.0029 0.0043 0.9928 
          10 189 0.0005 0.0070 0.9926 
          11 189 0.0076 0.0017 0.9907 
          12 189 0.0010 0.0724 0.9265 
          13 189 0.0033 0.0007 0.9960 
          14 189 0.0070 0.0412 0.9518 
          16 189 0.0164 0.1428 0.8408 
          17 189 0.0016 0.0007 0.9977 
          18 189 0.0027 0.0495 0.9478 
          19 189 0.0090 0.0020 0.9890 
          20 189 0.0013 0.0666 0.9320 
          21 189 0.0015 0.0137 0.9848 
          23 189 0.0042 0.0008 0.9950 
          24 189 0.0012 0.0417 0.9571 
          25 189 0.0030 0.0068 0.9902 
          26 189 0.0026 0.0225 0.9749 
          27 189 0.0050 0.0019 0.9931 
          28 189 0.0006 0.0003 0.9991 
          29 189 0.0019 0.0028 0.9952 
          30 189 0.0213 0.0025 0.9762 
          31 189 0.0044 0.0007 0.9949 
          32 189 0.0010 0.0817 0.9173 
          33 189 0.0105 0.0014 0.9881 
          34 189 0.0005 0.0004 0.9991 
          35 189 0.0012 0.0007 0.9981 
          36 189 0.0015 0.0451 0.9534 
          37 189 0.0068 0.0007 0.9925 
          38 189 0.0069 0.0049 0.9882 
          39 189 0.0012 0.0136 0.9852 
          40 189 0.0033 0.1414 0.8553 
          41 189 0.0066 0.0203 0.9731 
          42 189 0.0176 0.1692 0.8132 
          43 189 0.0010 0.0020 0.9970 
           1 190 0.0011 0.1173 0.8816 
           3 190 0.0216 0.0011 0.9773 
           4 190 0.0010 0.0014 0.9976 
           5 190 0.0009 0.0156 0.9835 
           6 190 0.0011 0.0009 0.9981 
           7 190 0.0028 0.0015 0.9956 
           8 190 0.0420 0.0145 0.9435 
           9 190 0.1045 0.3524 0.5431 
          10 190 0.0009 0.0016 0.9975 
          11 190 0.0008 0.0356 0.9636 
          12 190 0.0020 0.0010 0.9971 
          13 190 0.0005 0.0017 0.9978 
          14 190 0.0008 0.0027 0.9965 
          15 190 0.0064 0.0068 0.9869 
          16 190 0.0009 0.0071 0.9920 
          17 190 0.0013 0.0046 0.9942 
          18 190 0.0068 0.0208 0.9724 
          19 190 0.0020 0.0011 0.9969 
          20 190 0.0119 0.0008 0.9873 
          22 190 0.0013 0.1271 0.8716 
          23 190 0.0015 0.0077 0.9907 
          24 190 0.0019 0.0553 0.9428 
          25 190 0.0005 0.0068 0.9927 
          26 190 0.0020 0.0005 0.9974 
          27 190 0.0016 0.0019 0.9965 
          28 190 0.0011 0.0058 0.9931 
          29 190 0.0004 0.0201 0.9795 
          31 190 0.0004 0.0607 0.9388 
           7 191 0.0009 0.0007 0.9984 
           8 191 0.0008 0.0040 0.9952 
           9 191 0.0009 0.0007 0.9984 
          10 191 0.0072 0.0009 0.9918 
          11 191 0.0009 0.0054 0.9937 
          12 191 0.0010 0.0240 0.9749 
          13 191 0.0018 0.0029 0.9952 
          14 191 0.0006 0.0109 0.9885 
          15 191 0.0035 0.0602 0.9363 
          16 191 0.0047 0.0021 0.9932 
          17 191 0.0506 0.0789 0.8706 
          18 191 0.0011 0.0018 0.9971 
          19 191 0.0088 0.0281 0.9631 
          20 191 0.0031 0.0238 0.9731 
          21 191 0.0411 0.0260 0.9329 
          22 191 0.0011 0.0023 0.9967 
          23 191 0.0015 0.0022 0.9963 
          24 191 0.0007 0.0023 0.9971 
          25 191 0.0009 0.0317 0.9674 
          26 191 0.0060 0.1069 0.8871 
          27 191 0.0009 0.0016 0.9975 
          28 191 0.0062 0.0015 0.9923 
          29 191 0.0228 0.0014 0.9758 
          30 191 0.0004 0.0007 0.9989 
          39 191 0.0012 0.0027 0.9961 
          40 191 0.0006 0.0016 0.9978 
          41 191 0.0061 0.0567 0.9372 
          42 191 0.0004 0.0006 0.9990 
          43 191 0.0020 0.0136 0.9844 
          44 191 0.0053 0.0180 0.9767 
          45 191 0.0041 0.0011 0.9948 
          46 191 0.0268 0.1184 0.8548 
          47 191 0.0030 0.0087 0.9883 
          48 191 0.0018 0.0010 0.9972 
          49 191 0.0169 0.0066 0.9765 
          50 191 0.0014 0.0019 0.9967 
           9 192 0.0005 0.0006 0.9989 
          10 192 0.0004 0.0039 0.9957 
          11 192 0.0145 0.0021 0.9834 
          12 192 0.0010 0.0027 0.9963 
          13 192 0.0013 0.0941 0.9046 
          14 192 0.0684 0.0058 0.9258 
          15 192 0.0018 0.0007 0.9974 
          16 192 0.0008 0.0045 0.9947 
          17 192 0.0022 0.0421 0.9557 
          18 192 0.0017 0.0033 0.9950 
          19 192 0.0008 0.0055 0.9937 
          20 192 0.0017 0.0077 0.9906 
          21 192 0.0008 0.0006 0.9986 
          22 192 0.0159 0.0230 0.9611 
          23 192 0.0090 0.0857 0.9053 
          24 192 0.0007 0.0030 0.9963 
          33 192 0.0022 0.0475 0.9503 
          35 192 0.0025 0.0012 0.9963 
          36 192 0.0006 0.0008 0.9986 
          37 192 0.0015 0.0009 0.9976 
          38 192 0.0013 0.0492 0.9495 
          39 192 0.0008 0.0025 0.9966 
          40 192 0.0006 0.0813 0.9181 
          41 192 0.0018 0.0692 0.9289 
          42 192 0.0068 0.0508 0.9424 
          43 192 0.0040 0.0012 0.9948 
          45 192 0.0015 0.0009 0.9976 
          46 192 0.0022 0.0032 0.9946 
          47 192 0.0011 0.0017 0.9972 
          48 192 0.0015 0.0011 0.9974 
          49 192 0.0012 0.0608 0.9380 
          50 192 0.0007 0.0010 0.9983 
