        001s  1 0.0003 0.0009 0.0003 0.9979 0.0005 
        002s  1 0.0021 0.0004 0.0006 0.9962 0.0007 
        003s  1 0.0008 0.0129 0.0017 0.9809 0.0038 
        004s  1 0.0332 0.0004 0.0036 0.9589 0.0039 
        005s  1 0.2114 0.0002 0.0013 0.5608 0.2262 
        006s  1 0.0010 0.0004 0.0005 0.9977 0.0004 
        007s  1 0.0004 0.0007 0.0037 0.9928 0.0024 
        008s  1 0.0012 0.0007 0.0009 0.9938 0.0035 
        009s  1 0.0035 0.0019 0.0039 0.9279 0.0628 
        010s  1 0.0008 0.0006 0.0004 0.9921 0.0061 
        011s  1 0.0020 0.0058 0.0022 0.9888 0.0012 
        012s  1 0.0048 0.0052 0.0010 0.8665 0.1224 
        013s  1 0.0266 0.0010 0.0077 0.9615 0.0032 
        014s  1 0.0018 0.0175 0.0068 0.9470 0.0269 
        015s  1 0.0003 0.0007 0.0005 0.9980 0.0005 
        016s  1 0.0004 0.0009 0.0071 0.9889 0.0027 
        018s  1 0.0025 0.0008 0.0014 0.8478 0.1476 
        019s  1 0.0005 0.0040 0.0011 0.9792 0.0153 
        020s  1 0.0003 0.0085 0.0091 0.9817 0.0005 
        021s  1 0.0077 0.0005 0.0064 0.9852 0.0002 
        022s  1 0.0002 0.0003 0.0005 0.9987 0.0003 
        023s  1 0.0004 0.0008 0.0091 0.9893 0.0004 
        024s  1 0.0008 0.0004 0.0007 0.9973 0.0009 
        025s  1 0.0020 0.0004 0.0009 0.9912 0.0055 
        026s  1 0.0008 0.0048 0.0119 0.9816 0.0008 
        027s  1 0.0089 0.0005 0.0021 0.9871 0.0014 
        028s  1 0.0538 0.0016 0.0006 0.8909 0.0530 
        029s  1 0.0004 0.0062 0.0008 0.9919 0.0007 
        030s  1 0.0044 0.0076 0.0006 0.9865 0.0009 
        031s  1 0.0002 0.0003 0.0009 0.9982 0.0003 
        032s  1 0.0005 0.0012 0.0007 0.9971 0.0006 
        033s  1 0.0006 0.0008 0.0008 0.9941 0.0037 
        034s  1 0.0015 0.0036 0.0507 0.9427 0.0014 
        035s  1 0.0015 0.0022 0.0009 0.9942 0.0012 
        036s  1 0.0008 0.0004 0.0004 0.9047 0.0938 
        037s  1 0.0138 0.0016 0.0410 0.8338 0.1098 
        038s  1 0.0005 0.0006 0.0007 0.9971 0.0012 
        039s  1 0.0240 0.0008 0.0003 0.9745 0.0004 
        040s  1 0.0032 0.0006 0.0025 0.9930 0.0008 
        041s  1 0.0003 0.0009 0.0028 0.9938 0.0021 
        042s  1 0.0005 0.0006 0.0798 0.8430 0.0761 
        043s  1 0.0014 0.0014 0.0004 0.9819 0.0149 
        044s  1 0.0158 0.0031 0.0034 0.8859 0.0917 
        045s  1 0.0010 0.0012 0.0008 0.9918 0.0052 
        046s  1 0.0004 0.0014 0.0006 0.9966 0.0010 
        047s  1 0.0002 0.0010 0.0039 0.9942 0.0007 
        048s  1 0.0002 0.0004 0.0005 0.9348 0.0639 
        049s  1 0.0011 0.0006 0.0002 0.9975 0.0006 
        050s  1 0.0028 0.0003 0.0004 0.8968 0.0997 
        051s  1 0.0004 0.0272 0.0008 0.9711 0.0005 
        052s  1 0.0074 0.0179 0.0014 0.9657 0.0076 
        053s  1 0.0005 0.0003 0.0004 0.9971 0.0017 
        054s  1 0.0032 0.0027 0.0010 0.9929 0.0002 
        055s  1 0.0016 0.0020 0.0738 0.8345 0.0881 
          01  2 0.0015 0.0256 0.0020 0.8467 0.1242 
          02  2 0.0027 0.0011 0.0006 0.9789 0.0167 
          03  2 0.0008 0.0004 0.0013 0.9964 0.0012 
          04  2 0.0188 0.0008 0.0099 0.9680 0.0026 
          05  2 0.0003 0.0003 0.0003 0.8702 0.1289 
          06  2 0.0023 0.0005 0.0009 0.9687 0.0276 
          07  2 0.0021 0.0010 0.0006 0.9870 0.0093 
          08  2 0.0004 0.0013 0.0009 0.9129 0.0845 
          09  2 0.0003 0.0077 0.0003 0.9913 0.0005 
          10  2 0.0007 0.0005 0.0004 0.9974 0.0011 
          11  2 0.0011 0.0099 0.0028 0.9777 0.0086 
          12  2 0.0007 0.0016 0.0005 0.9966 0.0006 
          13  2 0.0004 0.0006 0.0005 0.9982 0.0003 
          14  2 0.0053 0.0038 0.0245 0.9661 0.0003 
          15  2 0.0006 0.0011 0.0013 0.9966 0.0004 
          16  2 0.0573 0.0039 0.0044 0.9336 0.0007 
          17  2 0.0010 0.0009 0.0010 0.9957 0.0016 
          18  2 0.0030 0.0012 0.0007 0.9777 0.0173 
          19  2 0.0003 0.0019 0.0046 0.9921 0.0011 
          20  2 0.0045 0.0023 0.0081 0.9272 0.0578 
          21  2 0.0004 0.0183 0.0006 0.9795 0.0011 
          22  2 0.0032 0.0060 0.0067 0.9822 0.0019 
          23  2 0.0020 0.0010 0.0015 0.9946 0.0009 
          24  2 0.0006 0.0009 0.0007 0.9975 0.0004 
          25  2 0.0231 0.0014 0.0010 0.9708 0.0037 
          26  2 0.0004 0.0005 0.0002 0.9981 0.0008 
          27  2 0.0306 0.0010 0.0031 0.9646 0.0007 
          28  2 0.0002 0.0009 0.0044 0.9932 0.0013 
          29  2 0.0007 0.0006 0.0003 0.9977 0.0008 
          30  2 0.0005 0.0078 0.0820 0.7525 0.1572 
          01  3 0.2262 0.0004 0.0061 0.3437 0.4235 
          02  3 0.4684 0.0725 0.0011 0.1317 0.3263 
          03  3 0.3168 0.0004 0.0009 0.3654 0.3166 
          04  3 0.3586 0.0010 0.0011 0.1798 0.4596 
          05  3 0.4074 0.1143 0.1208 0.0004 0.3572 
          06  3 0.5055 0.0003 0.0012 0.0753 0.4177 
          07  3 0.2533 0.0015 0.0003 0.3672 0.3777 
          08  3 0.3267 0.0025 0.0073 0.2928 0.3706 
          09  3 0.2712 0.0002 0.0014 0.2990 0.4282 
          10  3 0.4248 0.2205 0.1342 0.0226 0.1980 
          11  3 0.3088 0.0003 0.0002 0.2775 0.4132 
          12  3 0.3169 0.0005 0.0005 0.2627 0.4195 
          13  3 0.5311 0.0150 0.0002 0.0017 0.4519 
          14  3 0.4647 0.0453 0.1569 0.0031 0.3301 
          15  3 0.2800 0.0002 0.0024 0.3392 0.3783 
          16  3 0.6118 0.0042 0.0025 0.0811 0.3003 
          17  3 0.1815 0.0013 0.0017 0.3965 0.4190 
          18  3 0.3415 0.1667 0.2819 0.0069 0.2030 
          19  3 0.4718 0.0005 0.0044 0.1619 0.3614 
          20  3 0.3158 0.0003 0.0546 0.1771 0.4522 
          21  3 0.3840 0.0006 0.0049 0.2454 0.3652 
          22  3 0.2328 0.0002 0.0015 0.2778 0.4877 
          23  3 0.3638 0.0002 0.0010 0.2289 0.4061 
          24  3 0.2887 0.1674 0.0010 0.0558 0.4872 
          25  3 0.3119 0.2503 0.1296 0.0004 0.3079 
          26  3 0.3447 0.0004 0.0010 0.2179 0.4360 
          27  3 0.3774 0.1324 0.1754 0.0626 0.2522 
          28  3 0.4723 0.0012 0.0002 0.0858 0.4405 
          29  3 0.4271 0.0022 0.0075 0.1749 0.3883 
          30  3 0.2541 0.0013 0.0002 0.2980 0.4463 
         001  4 0.0001 0.0001 0.0001 0.0001 0.9997 
         002  4 0.0002 0.0002 0.0001 0.0002 0.9993 
         003  4 0.0001 0.0001 0.0001 0.0001 0.9997 
         004  4 0.0001 0.0001 0.0001 0.0001 0.9997 
         005  4 0.0001 0.0003 0.0001 0.0001 0.9994 
         006  4 0.0701 0.0002 0.0003 0.0004 0.9291 
         007  4 0.0503 0.0002 0.0010 0.0021 0.9464 
         008  4 0.0003 0.0022 0.0040 0.0007 0.9928 
         009  4 0.0001 0.0001 0.0001 0.0001 0.9996 
         010  4 0.0017 0.0001 0.0000 0.0001 0.9981 
         011  4 0.0176 0.0003 0.0330 0.0011 0.9480 
         012  4 0.0000 0.0001 0.0001 0.0001 0.9997 
         013  4 0.0001 0.0000 0.0001 0.0001 0.9998 
         014  4 0.0001 0.0001 0.0002 0.0001 0.9995 
         015  4 0.0001 0.0000 0.0000 0.0001 0.9998 
         016  4 0.0001 0.0001 0.0001 0.0001 0.9997 
         017  4 0.0001 0.0001 0.0001 0.0001 0.9996 
         019  4 0.0816 0.0005 0.0008 0.0002 0.9169 
         020  4 0.0001 0.0002 0.0001 0.0001 0.9994 
         021  4 0.0054 0.0003 0.0002 0.0003 0.9938 
         001  5 0.0004 0.0008 0.0330 0.0004 0.9653 
         002  5 0.0009 0.0015 0.0028 0.0357 0.9591 
         003  5 0.0745 0.0004 0.0038 0.1645 0.7568 
         004  5 0.0008 0.0003 0.0057 0.0529 0.9403 
         005  5 0.0014 0.0001 0.0005 0.0003 0.9977 
         006  5 0.1003 0.0004 0.0001 0.0004 0.8989 
         007  5 0.0857 0.0002 0.0002 0.0002 0.9137 
         008  5 0.0048 0.0002 0.0001 0.0001 0.9948 
         009  5 0.0038 0.0002 0.0010 0.0621 0.9329 
         010  5 0.0674 0.0003 0.0019 0.0017 0.9286 
         011  5 0.0012 0.0002 0.0026 0.0011 0.9949 
         012  5 0.0787 0.0006 0.0045 0.0448 0.8714 
         013  5 0.0480 0.0005 0.0006 0.1963 0.7545 
         014  5 0.0942 0.0106 0.0123 0.1759 0.7070 
         015  5 0.0251 0.0001 0.0002 0.0002 0.9744 
         016  5 0.0564 0.0005 0.0003 0.0019 0.9409 
         017  5 0.0824 0.0045 0.0003 0.0250 0.8878 
         018  5 0.0327 0.0221 0.0285 0.0374 0.8793 
         019  5 0.0002 0.0046 0.0013 0.0003 0.9936 
         020  5 0.0001 0.0001 0.0001 0.0001 0.9995 
         021  5 0.0011 0.0004 0.0052 0.1303 0.8630 
         022  5 0.0044 0.0032 0.0443 0.0178 0.9303 
         023  5 0.0257 0.0006 0.0026 0.0015 0.9697 
         024  5 0.0662 0.0003 0.0004 0.0367 0.8964 
         025  5 0.0754 0.0012 0.0008 0.0221 0.9005 
         026  5 0.0121 0.0004 0.0006 0.1414 0.8456 
         027  5 0.0002 0.0001 0.0001 0.0002 0.9995 
         028  5 0.0501 0.0008 0.0090 0.0090 0.9311 
         029  5 0.0023 0.0002 0.0002 0.0005 0.9969 
         030  5 0.0011 0.0030 0.0011 0.0006 0.9942 
        001s  6 0.0292 0.0005 0.0164 0.9529 0.0009 
        002s  6 0.0006 0.0228 0.0007 0.9361 0.0397 
        003s  6 0.0004 0.0004 0.0027 0.9793 0.0172 
        004s  6 0.0004 0.0003 0.0006 0.9983 0.0004 
        006s  6 0.0183 0.0008 0.0098 0.9107 0.0604 
        007s  6 0.0021 0.0009 0.0004 0.9962 0.0005 
        008s  6 0.0006 0.0030 0.0051 0.9893 0.0020 
        009s  6 0.0005 0.0007 0.0008 0.9977 0.0003 
        010s  6 0.0068 0.0136 0.0107 0.9569 0.0120 
        011s  6 0.0023 0.0003 0.0014 0.9955 0.0004 
        012s  6 0.0037 0.0019 0.0012 0.9927 0.0004 
        013s  6 0.0007 0.0006 0.0004 0.9973 0.0011 
        014s  6 0.0003 0.0001 0.0003 0.9161 0.0831 
        015s  6 0.0064 0.0010 0.0071 0.9782 0.0072 
        016s  6 0.0013 0.0005 0.0010 0.9968 0.0004 
        018s  6 0.0031 0.0005 0.0017 0.7279 0.2668 
        019s  6 0.0017 0.0007 0.0027 0.9868 0.0082 
        020s  6 0.0006 0.0008 0.0005 0.9979 0.0002 
        021s  6 0.0169 0.0009 0.0045 0.9766 0.0010 
        022s  6 0.0003 0.0006 0.0032 0.9948 0.0011 
        023s  6 0.0006 0.0002 0.0008 0.9747 0.0237 
        024s  6 0.0026 0.0016 0.0007 0.9630 0.0320 
        025s  6 0.0010 0.0006 0.0703 0.9272 0.0009 
        026s  6 0.0005 0.0015 0.0005 0.9971 0.0004 
        027s  6 0.0003 0.0012 0.0005 0.9974 0.0006 
        028s  6 0.0084 0.0496 0.0067 0.9188 0.0165 
        029s  6 0.0003 0.0018 0.0012 0.9963 0.0005 
        030s  6 0.0008 0.0019 0.0126 0.9130 0.0718 
        031s  6 0.0030 0.0004 0.0004 0.9949 0.0013 
        032s  6 0.0016 0.0005 0.0007 0.9930 0.0042 
        033s  6 0.0002 0.0003 0.0005 0.9049 0.0941 
        034s  6 0.0022 0.0004 0.0148 0.9811 0.0016 
        035s  6 0.0003 0.0008 0.0011 0.8497 0.1481 
        036s  6 0.0061 0.0003 0.0010 0.9920 0.0006 
        037s  6 0.0008 0.0021 0.0017 0.9945 0.0008 
        038s  6 0.0013 0.0009 0.0006 0.9968 0.0003 
        039s  6 0.0003 0.0007 0.0006 0.9982 0.0003 
        040s  6 0.0029 0.0003 0.0003 0.9963 0.0002 
        041s  6 0.0002 0.0028 0.0037 0.9460 0.0473 
        042s  6 0.0007 0.0025 0.0586 0.9325 0.0057 
        043s  6 0.0008 0.0002 0.0072 0.9912 0.0006 
        044s  6 0.0004 0.0024 0.0004 0.9961 0.0007 
        045s  6 0.0006 0.0005 0.0018 0.9931 0.0041 
        001s  7 0.0005 0.0003 0.0013 0.9967 0.0011 
        002s  7 0.0010 0.0013 0.0019 0.9733 0.0225 
        003s  7 0.0019 0.0012 0.0008 0.9946 0.0015 
        004s  7 0.0031 0.0010 0.0006 0.9943 0.0009 
        005s  7 0.0020 0.0007 0.0014 0.9853 0.0106 
        006s  7 0.0010 0.0003 0.0074 0.9347 0.0565 
        007s  7 0.0073 0.0196 0.0021 0.9671 0.0038 
        008s  7 0.0004 0.0026 0.0011 0.9715 0.0245 
        009s  7 0.0016 0.0007 0.0113 0.9836 0.0028 
        010s  7 0.0002 0.0009 0.0016 0.9959 0.0014 
        011s  7 0.0004 0.0008 0.0007 0.9976 0.0005 
        012s  7 0.0005 0.0004 0.0006 0.9982 0.0004 
        013s  7 0.0078 0.0005 0.0037 0.9876 0.0003 
        014s  7 0.0006 0.0004 0.0003 0.9601 0.0387 
        015s  7 0.0010 0.0011 0.0010 0.9795 0.0174 
        016s  7 0.0002 0.0002 0.0024 0.8795 0.1177 
        017s  7 0.0007 0.0004 0.0007 0.9974 0.0009 
        018s  7 0.0006 0.0035 0.0006 0.9931 0.0022 
        019s  7 0.0014 0.0024 0.0104 0.9845 0.0013 
        020s  7 0.0009 0.0003 0.0004 0.9978 0.0006 
        021s  7 0.0005 0.0015 0.0007 0.9960 0.0013 
        022s  7 0.0022 0.0003 0.0007 0.9951 0.0017 
        023s  7 0.0009 0.0013 0.0210 0.9708 0.0060 
        024s  7 0.0005 0.0014 0.0007 0.9963 0.0010 
        025s  7 0.0059 0.0009 0.0008 0.9916 0.0007 
        026s  7 0.0003 0.0010 0.0009 0.9958 0.0020 
        027s  7 0.0008 0.0014 0.0005 0.9958 0.0015 
        028s  7 0.0007 0.0002 0.0004 0.9942 0.0045 
        029s  7 0.0008 0.0007 0.0018 0.9869 0.0097 
        030s  7 0.0009 0.0059 0.0035 0.9894 0.0003 
        031s  7 0.0011 0.0005 0.0104 0.9858 0.0022 
        032s  7 0.0005 0.0052 0.0005 0.8937 0.1001 
        033s  7 0.0007 0.0034 0.0015 0.9521 0.0423 
        034s  7 0.0444 0.0016 0.0006 0.9526 0.0008 
        035s  7 0.0003 0.0005 0.0010 0.9979 0.0003 
        036s  7 0.0029 0.0007 0.0086 0.9876 0.0002 
        037s  7 0.0054 0.0008 0.0051 0.9262 0.0625 
        038s  7 0.0005 0.0010 0.0013 0.9879 0.0093 
        039s  7 0.0003 0.0003 0.0003 0.9987 0.0004 
        040s  7 0.0240 0.0006 0.0010 0.9575 0.0170 
        041s  7 0.0005 0.0020 0.0010 0.9647 0.0318 
        042s  7 0.0003 0.0002 0.0003 0.9920 0.0072 
        043s  7 0.0002 0.0004 0.0023 0.9955 0.0015 
        044s  7 0.0164 0.0011 0.0275 0.9026 0.0525 
         003  8 0.0010 0.0114 0.0007 0.9824 0.0045 
         009  8 0.0006 0.0006 0.0014 0.9960 0.0014 
         010  8 0.0002 0.0003 0.0020 0.9971 0.0004 
         017  8 0.0005 0.0017 0.0037 0.9934 0.0007 
         002  9 0.0007 0.0007 0.0012 0.9970 0.0004 
         003  9 0.0004 0.0003 0.0004 0.9987 0.0002 
         004  9 0.0002 0.0004 0.0010 0.9981 0.0003 
         005  9 0.0012 0.0011 0.0052 0.9922 0.0003 
         006  9 0.0008 0.0004 0.0012 0.9967 0.0009 
         007  9 0.0003 0.0012 0.0013 0.9950 0.0022 
         009  9 0.0002 0.0014 0.0020 0.9951 0.0013 
         010  9 0.0003 0.0013 0.0011 0.9970 0.0002 
         013  9 0.0007 0.0004 0.0018 0.9964 0.0008 
         014  9 0.0003 0.0047 0.0017 0.9929 0.0004 
         016  9 0.0002 0.0009 0.0005 0.9982 0.0002 
         018  9 0.0008 0.0056 0.0015 0.9914 0.0006 
         019  9 0.0007 0.0042 0.0006 0.9937 0.0008 
         020  9 0.0003 0.0004 0.0004 0.9985 0.0004 
         021  9 0.0002 0.0003 0.0005 0.9988 0.0002 
         022  9 0.0004 0.0011 0.0007 0.9977 0.0002 
         024  9 0.0004 0.0016 0.0023 0.9952 0.0005 
         028  9 0.0007 0.0006 0.0012 0.9970 0.0005 
         029  9 0.0004 0.0012 0.0005 0.9977 0.0003 
         030  9 0.0003 0.0008 0.0010 0.9976 0.0003 
         031  9 0.0004 0.0009 0.0004 0.9971 0.0013 
         033  9 0.0004 0.0006 0.0009 0.9934 0.0047 
         001 10 0.0004 0.0013 0.0003 0.9978 0.0003 
         002 10 0.0002 0.0015 0.0006 0.9973 0.0003 
         003 10 0.0005 0.0005 0.0142 0.9845 0.0003 
         004 10 0.0003 0.0005 0.0022 0.9966 0.0003 
         005 10 0.0003 0.0015 0.0009 0.9970 0.0003 
         006 10 0.0004 0.0007 0.0005 0.9972 0.0011 
         007 10 0.0004 0.0004 0.0027 0.9961 0.0005 
         008 10 0.0007 0.0007 0.0035 0.9944 0.0008 
         009 10 0.0012 0.0035 0.0004 0.9945 0.0005 
         010 10 0.0004 0.0021 0.0010 0.9958 0.0006 
         011 10 0.0006 0.0004 0.0355 0.9630 0.0005 
         012 10 0.0010 0.0004 0.0024 0.9957 0.0004 
         013 10 0.0029 0.0007 0.0006 0.9956 0.0003 
         014 10 0.0008 0.0005 0.0009 0.9972 0.0005 
         016 10 0.0008 0.0012 0.0008 0.9964 0.0007 
         017 10 0.0008 0.0011 0.0009 0.9967 0.0005 
         018 10 0.0004 0.0024 0.0007 0.9916 0.0049 
         019 10 0.0004 0.0065 0.0012 0.9915 0.0004 
         020 10 0.0008 0.0075 0.0019 0.9890 0.0008 
         021 10 0.0003 0.0030 0.0004 0.9958 0.0006 
         022 10 0.0005 0.0002 0.0006 0.9985 0.0002 
         023 10 0.0006 0.0004 0.0008 0.9980 0.0002 
         024 10 0.0002 0.0013 0.0018 0.9963 0.0004 
         026 10 0.0004 0.0006 0.0006 0.9981 0.0003 
        001s 11 0.0003 0.0008 0.0073 0.9006 0.0911 
        002s 11 0.0055 0.0032 0.0011 0.9898 0.0004 
        003s 11 0.0004 0.0011 0.0004 0.9930 0.0051 
        004s 11 0.0013 0.0002 0.0012 0.9970 0.0003 
        005s 11 0.0006 0.0050 0.0006 0.9921 0.0017 
        006s 11 0.0104 0.0015 0.0027 0.9843 0.0011 
        007s 11 0.0410 0.0012 0.0008 0.9490 0.0080 
        008s 11 0.0003 0.0005 0.0005 0.9984 0.0004 
        009s 11 0.0003 0.0153 0.0003 0.9838 0.0004 
        010s 11 0.0003 0.0004 0.0009 0.9971 0.0012 
        011s 11 0.0050 0.0004 0.0120 0.8747 0.1079 
        012s 11 0.0003 0.0009 0.0003 0.8886 0.1099 
        013s 11 0.0006 0.0003 0.0010 0.9973 0.0008 
        014s 11 0.0060 0.0015 0.0009 0.9879 0.0037 
        015s 11 0.0016 0.0019 0.0041 0.9906 0.0018 
        016s 11 0.0004 0.0105 0.0611 0.8930 0.0350 
        017s 11 0.0004 0.0005 0.0011 0.9070 0.0910 
        018s 11 0.0008 0.0014 0.0007 0.9921 0.0050 
        019s 11 0.0010 0.0003 0.0192 0.9791 0.0005 
        020s 11 0.0012 0.0020 0.0016 0.9941 0.0012 
        021s 11 0.0005 0.0005 0.0011 0.9975 0.0004 
        022s 11 0.0341 0.0006 0.0004 0.9634 0.0014 
        023s 11 0.0004 0.0004 0.0175 0.9315 0.0503 
        025s 11 0.0004 0.0003 0.0009 0.9981 0.0003 
        026s 11 0.0006 0.0006 0.0544 0.9112 0.0332 
        027s 11 0.0019 0.0005 0.0006 0.9962 0.0008 
        028s 11 0.0009 0.0003 0.0010 0.9928 0.0050 
        029s 11 0.0005 0.0018 0.0003 0.9463 0.0511 
        030s 11 0.0010 0.0008 0.0013 0.9496 0.0472 
        031s 11 0.0009 0.0006 0.0003 0.9979 0.0003 
        032s 11 0.0003 0.0007 0.0021 0.9963 0.0006 
        033s 11 0.0006 0.0013 0.0006 0.9930 0.0045 
        034s 11 0.0014 0.0003 0.0003 0.9969 0.0011 
        035s 11 0.0012 0.0013 0.0003 0.9949 0.0023 
        036s 11 0.0026 0.0014 0.0004 0.9818 0.0138 
        037s 11 0.0003 0.0008 0.0013 0.9956 0.0020 
        038s 11 0.0005 0.0006 0.0007 0.9960 0.0022 
        039s 11 0.0003 0.0005 0.0010 0.9970 0.0013 
        040s 11 0.0030 0.0005 0.0006 0.9263 0.0697 
        041s 11 0.0015 0.0227 0.0029 0.9724 0.0005 
        042s 11 0.0009 0.0006 0.0095 0.9885 0.0005 
        043s 11 0.0004 0.0003 0.0193 0.9453 0.0346 
        044s 11 0.0050 0.0009 0.0050 0.9887 0.0003 
        045s 11 0.0015 0.0003 0.0097 0.9881 0.0004 
        046s 11 0.0016 0.0008 0.0320 0.9466 0.0190 
        047s 11 0.0011 0.0005 0.0013 0.9965 0.0006 
        048s 11 0.0030 0.0015 0.0338 0.9583 0.0034 
        049s 11 0.0003 0.0013 0.0013 0.9962 0.0009 
        050s 11 0.0011 0.0003 0.0012 0.9971 0.0003 
        051s 11 0.0218 0.0003 0.0516 0.9261 0.0003 
        052s 11 0.0021 0.0009 0.0017 0.9938 0.0014 
        053s 11 0.0004 0.0013 0.0008 0.9971 0.0004 
        054s 11 0.0064 0.0003 0.0006 0.9919 0.0007 
        055s 11 0.0009 0.0002 0.0004 0.9293 0.0691 
        001s 12 0.0037 0.0011 0.0009 0.9928 0.0016 
        002s 12 0.0004 0.0029 0.0008 0.9950 0.0009 
        003s 12 0.0006 0.0007 0.0004 0.9979 0.0004 
        004s 12 0.0006 0.0010 0.0068 0.9383 0.0533 
        005s 12 0.0006 0.0009 0.0006 0.9976 0.0003 
        006s 12 0.0020 0.0006 0.0010 0.9617 0.0346 
        007s 12 0.0012 0.0034 0.0013 0.9932 0.0009 
        008s 12 0.0013 0.0006 0.0005 0.9890 0.0085 
        009s 12 0.0013 0.0187 0.0056 0.9552 0.0192 
        010s 12 0.0363 0.0011 0.0002 0.9591 0.0033 
        011s 12 0.0022 0.0008 0.0008 0.9954 0.0009 
        012s 12 0.0074 0.0004 0.0031 0.9883 0.0008 
        013s 12 0.0005 0.0006 0.0398 0.9584 0.0007 
        014s 12 0.0402 0.0020 0.0426 0.9134 0.0018 
        015s 12 0.0007 0.0015 0.0010 0.9924 0.0044 
        016s 12 0.0005 0.0004 0.0039 0.9946 0.0005 
        017s 12 0.0011 0.0003 0.0011 0.9948 0.0028 
        018s 12 0.0003 0.0020 0.0016 0.9946 0.0015 
        019s 12 0.0004 0.0022 0.0004 0.9928 0.0041 
        020s 12 0.0003 0.0003 0.0004 0.9172 0.0818 
        021s 12 0.0005 0.0004 0.0020 0.9946 0.0026 
        022s 12 0.0011 0.0021 0.0038 0.9458 0.0472 
        023s 12 0.0003 0.0008 0.0011 0.9974 0.0004 
        024s 12 0.0002 0.0003 0.0005 0.9982 0.0007 
        025s 12 0.0029 0.0041 0.0009 0.9894 0.0026 
        026s 12 0.0006 0.0158 0.0007 0.9597 0.0231 
        027s 12 0.0009 0.0003 0.0004 0.9958 0.0026 
        028s 12 0.0004 0.0103 0.0036 0.9839 0.0018 
        029s 12 0.0005 0.0004 0.0008 0.9978 0.0005 
        030s 12 0.0011 0.0004 0.0005 0.9971 0.0009 
        031s 12 0.0010 0.0007 0.0024 0.9929 0.0030 
        032s 12 0.0004 0.0068 0.0006 0.9919 0.0004 
        033s 12 0.0055 0.0004 0.0004 0.9928 0.0008 
        034s 12 0.0004 0.0004 0.0004 0.9985 0.0004 
        035s 12 0.0006 0.0005 0.0004 0.9863 0.0122 
        036s 12 0.0073 0.0030 0.0008 0.9862 0.0027 
        037s 12 0.0003 0.0010 0.0008 0.9971 0.0009 
        001s 13 0.0005 0.0006 0.0022 0.9877 0.0091 
        002s 13 0.0006 0.0003 0.0004 0.9069 0.0917 
        003s 13 0.0003 0.0008 0.0010 0.9970 0.0009 
        004s 13 0.0004 0.0112 0.0026 0.9851 0.0007 
        005s 13 0.0060 0.0034 0.0023 0.9856 0.0028 
        006s 13 0.0011 0.0009 0.0005 0.9968 0.0007 
        007s 13 0.0311 0.0003 0.0010 0.9670 0.0005 
        008s 13 0.0011 0.0011 0.0007 0.9432 0.0539 
        009s 13 0.0029 0.0112 0.0014 0.8571 0.1273 
        010s 13 0.0008 0.0015 0.0005 0.9277 0.0696 
        011s 13 0.0230 0.0062 0.0026 0.9630 0.0052 
        012s 13 0.0020 0.0035 0.0205 0.9232 0.0507 
        013s 13 0.0139 0.0004 0.0063 0.9566 0.0228 
        014s 13 0.0345 0.0009 0.0027 0.9611 0.0008 
        015s 13 0.0007 0.0111 0.0086 0.9737 0.0060 
        016s 13 0.0004 0.0006 0.0009 0.9979 0.0003 
        017s 13 0.0140 0.0041 0.0004 0.9689 0.0125 
        018s 13 0.0003 0.0004 0.0007 0.9981 0.0005 
        019s 13 0.0016 0.0003 0.0010 0.9966 0.0004 
        020s 13 0.0036 0.0017 0.0004 0.9925 0.0017 
        021s 13 0.0003 0.0005 0.0015 0.9969 0.0007 
        022s 13 0.0006 0.0004 0.0007 0.9974 0.0009 
        023s 13 0.0003 0.0006 0.0004 0.9974 0.0014 
        024s 13 0.0028 0.0008 0.0378 0.9389 0.0197 
        025s 13 0.0006 0.0008 0.0016 0.9961 0.0008 
        026s 13 0.0097 0.0002 0.0054 0.8947 0.0900 
        027s 13 0.0022 0.0037 0.0010 0.9477 0.0453 
        028s 13 0.0124 0.0105 0.0021 0.9669 0.0080 
        029s 13 0.0009 0.0005 0.0014 0.9776 0.0196 
        030s 13 0.0004 0.0005 0.0194 0.9077 0.0720 
        031s 13 0.0019 0.0011 0.0997 0.8922 0.0051 
        032s 13 0.0017 0.0004 0.0003 0.9971 0.0005 
        033s 13 0.0337 0.0007 0.0007 0.9613 0.0036 
        034s 13 0.0051 0.0016 0.0009 0.9447 0.0478 
        035s 13 0.0006 0.0012 0.0035 0.9941 0.0006 
        036s 13 0.0004 0.0006 0.0004 0.9965 0.0021 
        037s 13 0.0007 0.0008 0.0016 0.9966 0.0003 
        038s 13 0.0012 0.0008 0.0008 0.9960 0.0011 
        039s 13 0.0011 0.0009 0.0741 0.8219 0.1019 
        040s 13 0.0006 0.0003 0.0009 0.9972 0.0010 
        041s 13 0.0027 0.0005 0.0016 0.9379 0.0574 
        042s 13 0.0010 0.0006 0.0006 0.9973 0.0005 
        001s 14 0.0006 0.0014 0.0007 0.9664 0.0309 
        002s 14 0.0026 0.0027 0.0016 0.9292 0.0639 
        003s 14 0.0004 0.0005 0.0007 0.9976 0.0008 
        004s 14 0.0073 0.0008 0.0031 0.9801 0.0088 
        005s 14 0.0002 0.0007 0.0006 0.9982 0.0003 
        006s 14 0.0005 0.0003 0.0003 0.9985 0.0004 
        007s 14 0.0007 0.0004 0.0013 0.9969 0.0006 
        008s 14 0.0015 0.0184 0.0020 0.8791 0.0991 
        009s 14 0.0006 0.0060 0.0010 0.9906 0.0018 
        010s 14 0.0005 0.0137 0.0009 0.9307 0.0542 
        011s 14 0.0351 0.0005 0.0007 0.9587 0.0049 
        012s 14 0.0020 0.0018 0.0016 0.9939 0.0007 
        013s 14 0.0026 0.0007 0.0052 0.9906 0.0010 
        014s 14 0.0005 0.0075 0.0005 0.9564 0.0351 
        015s 14 0.0005 0.0086 0.0024 0.9880 0.0006 
        016s 14 0.0002 0.0005 0.0115 0.9865 0.0012 
        017s 14 0.0106 0.0006 0.0004 0.9334 0.0551 
        018s 14 0.0003 0.0008 0.0012 0.9971 0.0006 
        019s 14 0.0016 0.0004 0.0008 0.9961 0.0011 
        020s 14 0.0003 0.0080 0.0012 0.9895 0.0011 
        021s 14 0.0003 0.0082 0.0007 0.9859 0.0050 
        022s 14 0.0030 0.0018 0.0011 0.9900 0.0041 
        023s 14 0.0010 0.0022 0.0019 0.9913 0.0036 
        024s 14 0.0017 0.0022 0.0012 0.9376 0.0572 
        025s 14 0.0002 0.0004 0.0003 0.9360 0.0632 
        026s 14 0.0002 0.0018 0.0010 0.9964 0.0006 
        027s 14 0.0004 0.0007 0.0029 0.9943 0.0017 
        028s 14 0.0020 0.0020 0.0005 0.9949 0.0006 
        029s 14 0.0003 0.0006 0.0010 0.9978 0.0003 
        030s 14 0.0094 0.0005 0.0006 0.9886 0.0010 
        031s 14 0.0122 0.0005 0.0014 0.9854 0.0004 
        032s 14 0.0009 0.0003 0.0019 0.9960 0.0009 
        033s 14 0.0519 0.0010 0.0006 0.9460 0.0004 
        034s 14 0.0003 0.0006 0.0006 0.9982 0.0003 
        035s 14 0.0831 0.0003 0.0006 0.8374 0.0786 
        036s 14 0.0314 0.0013 0.0041 0.8903 0.0730 
        037s 14 0.0004 0.0007 0.0032 0.9946 0.0010 
        038s 14 0.0007 0.0006 0.0005 0.9976 0.0007 
        039s 14 0.0016 0.0028 0.0034 0.9905 0.0017 
        040s 14 0.0005 0.0003 0.0008 0.9867 0.0117 
        041s 14 0.0012 0.0005 0.0006 0.9971 0.0006 
        042s 14 0.0004 0.0011 0.0018 0.9215 0.0753 
        001s 15 0.0003 0.0007 0.0011 0.9971 0.0008 
        002s 15 0.0018 0.0052 0.0083 0.8906 0.0941 
        003s 15 0.0004 0.0008 0.0063 0.9815 0.0110 
        004s 15 0.0004 0.0100 0.0003 0.9888 0.0005 
        005s 15 0.0025 0.0010 0.0053 0.9780 0.0132 
        006s 15 0.0012 0.0006 0.0008 0.9811 0.0164 
        007s 15 0.0004 0.0008 0.0005 0.9980 0.0003 
        008s 15 0.0004 0.0006 0.0004 0.9982 0.0003 
        009s 15 0.0040 0.0006 0.0349 0.9391 0.0215 
        010s 15 0.0003 0.0003 0.0016 0.9970 0.0008 
        011s 15 0.0641 0.0003 0.0012 0.9337 0.0007 
        012s 15 0.0019 0.0011 0.0019 0.9929 0.0021 
        013s 15 0.0003 0.0038 0.0009 0.9943 0.0008 
        014s 15 0.0008 0.0039 0.0053 0.9886 0.0014 
        015s 15 0.0032 0.0010 0.0034 0.9163 0.0760 
        016s 15 0.0648 0.0335 0.0004 0.8946 0.0067 
        017s 15 0.0008 0.0169 0.0017 0.9793 0.0013 
        018s 15 0.0002 0.0012 0.0005 0.9959 0.0023 
        019s 15 0.0004 0.0005 0.0040 0.9883 0.0068 
        020s 15 0.0006 0.0003 0.0008 0.9978 0.0004 
        021s 15 0.0008 0.0016 0.0049 0.9151 0.0776 
        022s 15 0.0019 0.0005 0.0005 0.9966 0.0006 
        023s 15 0.0024 0.0005 0.0011 0.9715 0.0244 
        024s 15 0.0016 0.0005 0.0006 0.9961 0.0012 
        025s 15 0.0009 0.0015 0.0275 0.9666 0.0035 
        026s 15 0.0007 0.0033 0.0215 0.9735 0.0010 
        027s 15 0.0079 0.0106 0.0007 0.9784 0.0024 
        028s 15 0.0012 0.0022 0.0011 0.9950 0.0005 
        029s 15 0.0009 0.0015 0.0013 0.9957 0.0006 
        030s 15 0.0005 0.0013 0.0006 0.9973 0.0004 
        031s 15 0.0016 0.0013 0.0078 0.9256 0.0637 
        032s 15 0.0002 0.0009 0.0017 0.9968 0.0005 
        033s 15 0.0013 0.0011 0.0002 0.9362 0.0611 
        035s 15 0.0026 0.0020 0.0007 0.9929 0.0018 
        036s 15 0.0010 0.0003 0.0048 0.9932 0.0007 
        037s 15 0.0071 0.0004 0.0007 0.9912 0.0006 
        038s 15 0.0012 0.0007 0.0003 0.9943 0.0035 
        039s 15 0.0003 0.0003 0.0004 0.9207 0.0783 
        040s 15 0.0017 0.0031 0.0005 0.9913 0.0034 
        041s 15 0.0052 0.0004 0.0032 0.9205 0.0707 
        042s 15 0.0004 0.0020 0.0006 0.9921 0.0049 
        043s 15 0.0014 0.0002 0.0015 0.9878 0.0091 
        044s 15 0.0006 0.0009 0.0007 0.9919 0.0058 
        045s 15 0.0366 0.0015 0.0788 0.8807 0.0024 
        046s 15 0.0064 0.0006 0.0014 0.9728 0.0188 
        047s 15 0.0020 0.0004 0.0005 0.9731 0.0241 
        048s 15 0.0006 0.0011 0.0173 0.9806 0.0004 
        049s 15 0.0018 0.0002 0.0005 0.9868 0.0107 
        050s 15 0.0004 0.0134 0.0024 0.8511 0.1327 
         001 16 0.0143 0.0031 0.0007 0.8137 0.1683 
         002 16 0.0012 0.0003 0.0005 0.9545 0.0436 
         003 16 0.0053 0.0029 0.0020 0.9867 0.0030 
         004 16 0.0008 0.0005 0.0011 0.9968 0.0007 
         005 16 0.0065 0.0014 0.0297 0.9132 0.0493 
         006 16 0.0017 0.0005 0.0153 0.9694 0.0130 
         007 16 0.0008 0.0006 0.0012 0.9940 0.0034 
         008 16 0.0062 0.0012 0.0005 0.8487 0.1433 
         009 16 0.0003 0.0009 0.0003 0.9958 0.0027 
         010 16 0.0005 0.0006 0.0012 0.9711 0.0267 
         011 16 0.0013 0.0006 0.0018 0.9895 0.0068 
         012 16 0.0024 0.0009 0.0012 0.9950 0.0005 
         013 16 0.0009 0.0005 0.0006 0.9976 0.0005 
         014 16 0.0007 0.0011 0.0003 0.9655 0.0324 
         015 16 0.0020 0.0011 0.3690 0.6275 0.0003 
         016 16 0.0003 0.0048 0.0136 0.9797 0.0016 
         017 16 0.0065 0.0006 0.0013 0.9863 0.0052 
         018 16 0.0021 0.0071 0.0250 0.9343 0.0315 
         019 16 0.0045 0.0010 0.0005 0.9297 0.0642 
         020 16 0.0007 0.0008 0.0006 0.9977 0.0002 
         021 16 0.0315 0.0048 0.0004 0.8699 0.0933 
         022 16 0.0002 0.0011 0.0019 0.9601 0.0367 
         023 16 0.0006 0.0005 0.0105 0.9573 0.0312 
         024 16 0.0005 0.0008 0.0245 0.9667 0.0075 
         025 16 0.0123 0.0007 0.0025 0.9423 0.0424 
         026 16 0.0019 0.0004 0.0040 0.8864 0.1073 
         027 16 0.0004 0.0090 0.0015 0.9781 0.0110 
         028 16 0.0303 0.0193 0.0002 0.8053 0.1449 
         029 16 0.0376 0.0010 0.0007 0.9591 0.0016 
         030 16 0.0057 0.0003 0.0004 0.9931 0.0005 
         031 16 0.0008 0.0108 0.0006 0.9868 0.0010 
         032 16 0.0006 0.0007 0.0067 0.9038 0.0882 
         033 16 0.0008 0.0002 0.0003 0.9983 0.0003 
         034 16 0.0029 0.0004 0.0014 0.9923 0.0031 
         035 16 0.0007 0.0008 0.0002 0.9982 0.0002 
         036 16 0.0004 0.0017 0.0017 0.9958 0.0004 
         037 16 0.0148 0.0007 0.0034 0.9601 0.0210 
         038 16 0.0008 0.0016 0.0065 0.9898 0.0014 
         039 16 0.0003 0.0008 0.0005 0.9968 0.0017 
         040 16 0.0013 0.0004 0.0013 0.9961 0.0009 
         041 16 0.0007 0.0003 0.0015 0.9967 0.0008 
         042 16 0.0006 0.0021 0.0006 0.9956 0.0010 
         043 16 0.0005 0.0012 0.0009 0.9965 0.0009 
         044 16 0.0009 0.0018 0.0013 0.9902 0.0059 
         045 16 0.0080 0.0016 0.0002 0.9883 0.0018 
         047 16 0.0388 0.0056 0.0009 0.9513 0.0034 
         048 16 0.0032 0.0008 0.0006 0.9936 0.0018 
         049 16 0.0026 0.0005 0.0032 0.9933 0.0004 
         050 16 0.0008 0.0004 0.0002 0.9981 0.0004 
         051 16 0.0017 0.0019 0.0006 0.9948 0.0010 
         052 16 0.0003 0.0004 0.0006 0.9984 0.0003 
         053 16 0.0008 0.0008 0.0006 0.9975 0.0002 
         054 16 0.0008 0.0010 0.0005 0.9329 0.0647 
         055 16 0.0561 0.0005 0.0003 0.9398 0.0033 
         056 16 0.0003 0.0007 0.0071 0.9908 0.0012 
         057 16 0.0005 0.0003 0.0002 0.9079 0.0911 
         058 16 0.0055 0.0002 0.0083 0.8926 0.0935 
         059 16 0.0143 0.0036 0.0870 0.8100 0.0850 
         060 16 0.0008 0.0011 0.0120 0.9837 0.0024 
         061 16 0.0008 0.0006 0.0016 0.9958 0.0013 
         062 16 0.0070 0.0016 0.0003 0.9906 0.0005 
         063 16 0.0007 0.0006 0.0007 0.9946 0.0034 
         064 16 0.0005 0.0004 0.0021 0.9966 0.0004 
         065 16 0.0027 0.0013 0.0023 0.9922 0.0016 
         066 16 0.0004 0.0009 0.0005 0.9978 0.0004 
         067 16 0.0044 0.0007 0.0772 0.9167 0.0011 
         068 16 0.0014 0.0008 0.0258 0.9683 0.0036 
         069 16 0.0004 0.0054 0.0005 0.9930 0.0007 
         070 16 0.0007 0.0025 0.0007 0.9919 0.0043 
         071 16 0.0138 0.0005 0.0003 0.9096 0.0758 
         072 16 0.0008 0.0010 0.0009 0.9914 0.0058 
         073 16 0.0024 0.0007 0.0003 0.9957 0.0009 
         074 16 0.0005 0.0004 0.0003 0.9985 0.0003 
         075 16 0.0055 0.0005 0.0010 0.9724 0.0206 
         076 16 0.0007 0.0005 0.0003 0.9976 0.0009 
         077 16 0.0036 0.0297 0.0590 0.8902 0.0175 
         078 16 0.0006 0.0010 0.0025 0.9677 0.0282 
         079 16 0.0038 0.0020 0.0006 0.9048 0.0889 
         080 16 0.0002 0.0004 0.0011 0.9944 0.0039 
         081 16 0.0380 0.0008 0.0004 0.9549 0.0059 
         082 16 0.0113 0.0005 0.0004 0.9752 0.0126 
         083 16 0.0007 0.0006 0.0016 0.9965 0.0005 
         084 16 0.0017 0.0030 0.0009 0.9924 0.0020 
         085 16 0.0007 0.0019 0.0090 0.9878 0.0007 
         086 16 0.0078 0.0006 0.0008 0.8849 0.1060 
         087 16 0.0016 0.0015 0.0004 0.9815 0.0151 
         088 16 0.0004 0.0004 0.0023 0.9961 0.0009 
         089 16 0.0083 0.0007 0.0010 0.9891 0.0009 
         090 16 0.0006 0.0017 0.0004 0.9913 0.0061 
         091 16 0.0013 0.0007 0.0007 0.9963 0.0011 
         092 16 0.0006 0.0002 0.0003 0.9606 0.0382 
         093 16 0.0003 0.0016 0.0004 0.9961 0.0015 
         094 16 0.0006 0.0053 0.0404 0.9489 0.0047 
         095 16 0.0002 0.0011 0.0005 0.9977 0.0006 
         096 16 0.0263 0.0004 0.0035 0.9687 0.0011 
         097 16 0.0874 0.0012 0.0075 0.8964 0.0075 
         098 16 0.0006 0.0087 0.0035 0.9864 0.0009 
         099 16 0.0003 0.0008 0.0050 0.9934 0.0004 
         100 16 0.0004 0.0007 0.0018 0.9961 0.0010 
         101 16 0.0005 0.0005 0.0039 0.9562 0.0390 
         102 16 0.0016 0.0004 0.0019 0.9951 0.0011 
         103 16 0.0023 0.0042 0.0024 0.9903 0.0008 
         104 16 0.0006 0.0004 0.0032 0.9929 0.0030 
         105 16 0.0290 0.0033 0.0036 0.8856 0.0785 
         106 16 0.0004 0.0005 0.0025 0.9949 0.0017 
         107 16 0.0005 0.0463 0.0053 0.9349 0.0130 
         108 16 0.0016 0.0678 0.1651 0.6459 0.1196 
         109 16 0.0031 0.0004 0.0005 0.9815 0.0145 
         110 16 0.0004 0.0003 0.0011 0.9979 0.0003 
         111 16 0.0005 0.0010 0.0011 0.9355 0.0620 
         112 16 0.0004 0.0009 0.0014 0.9490 0.0483 
         113 16 0.0058 0.0009 0.0008 0.9432 0.0493 
         114 16 0.0005 0.0054 0.0010 0.9769 0.0163 
         115 16 0.0009 0.0004 0.0007 0.9977 0.0003 
         116 16 0.0006 0.0005 0.0008 0.9823 0.0158 
         117 16 0.0037 0.0035 0.0007 0.9846 0.0074 
         118 16 0.0002 0.0009 0.0114 0.9828 0.0046 
         119 16 0.0008 0.0021 0.0011 0.9943 0.0017 
         120 16 0.0190 0.0009 0.0004 0.9794 0.0003 
         121 16 0.0088 0.0003 0.0330 0.9575 0.0004 
         122 16 0.0004 0.0004 0.0005 0.9984 0.0003 
         123 16 0.0011 0.0028 0.0004 0.9917 0.0041 
         124 16 0.0008 0.0003 0.0015 0.9871 0.0103 
         126 16 0.0012 0.0032 0.0009 0.8316 0.1631 
         001 17 0.0026 0.0099 0.0006 0.9865 0.0005 
         002 17 0.0003 0.0007 0.0003 0.9959 0.0027 
         003 17 0.0005 0.0009 0.0006 0.9976 0.0005 
         005 17 0.0007 0.0205 0.0003 0.9783 0.0003 
         006 17 0.0523 0.0017 0.0004 0.9447 0.0010 
         007 17 0.0110 0.0027 0.0176 0.8483 0.1204 
         008 17 0.0112 0.0008 0.0008 0.8805 0.1067 
         009 17 0.0004 0.0006 0.0004 0.9983 0.0002 
         010 17 0.0011 0.0005 0.0007 0.9972 0.0006 
         011 17 0.0016 0.0012 0.3792 0.4821 0.1359 
         012 17 0.0006 0.0006 0.0018 0.9930 0.0040 
         013 17 0.0002 0.0006 0.0003 0.9985 0.0003 
         014 17 0.0004 0.0012 0.0003 0.9977 0.0004 
         015 17 0.0038 0.0006 0.0003 0.9942 0.0010 
         016 17 0.0007 0.0005 0.0004 0.9977 0.0007 
         017 17 0.0021 0.0008 0.0009 0.9949 0.0013 
         018 17 0.0017 0.0196 0.0004 0.9522 0.0261 
         019 17 0.0001 0.0005 0.0007 0.9980 0.0006 
         020 17 0.0006 0.0004 0.0007 0.9974 0.0009 
         021 17 0.0008 0.0005 0.0007 0.9978 0.0003 
         022 17 0.0058 0.0165 0.0011 0.9415 0.0350 
         023 17 0.0003 0.0023 0.0005 0.9861 0.0107 
         024 17 0.0399 0.0014 0.0021 0.9346 0.0220 
         025 17 0.0006 0.0004 0.0003 0.9983 0.0005 
         002 18 0.0006 0.0061 0.0017 0.9914 0.0003 
         003 18 0.0004 0.0004 0.0012 0.9978 0.0002 
         004 18 0.0004 0.0030 0.0010 0.9345 0.0611 
         005 18 0.0005 0.0008 0.0271 0.9668 0.0047 
         006 18 0.0002 0.0004 0.0006 0.9983 0.0004 
         007 18 0.0044 0.0026 0.0003 0.9915 0.0012 
         008 18 0.0013 0.0004 0.0019 0.9962 0.0003 
         009 18 0.0040 0.0009 0.0023 0.9850 0.0078 
         010 18 0.0016 0.0023 0.0070 0.9887 0.0004 
         011 18 0.0005 0.0018 0.0017 0.9955 0.0005 
         012 18 0.0008 0.0006 0.0024 0.9798 0.0164 
         015 18 0.0004 0.0003 0.0022 0.9959 0.0012 
         016 18 0.0044 0.0005 0.0003 0.9933 0.0015 
         018 18 0.0004 0.0049 0.0060 0.9884 0.0003 
         026 18 0.0139 0.0022 0.0007 0.9828 0.0005 
         027 18 0.0004 0.0021 0.0011 0.9961 0.0003 
         028 18 0.0007 0.0277 0.0003 0.9684 0.0028 
         029 18 0.0005 0.0006 0.0006 0.9971 0.0012 
         031 18 0.0044 0.0388 0.0767 0.8129 0.0672 
         032 18 0.0004 0.0011 0.0003 0.9978 0.0004 
         033 18 0.0004 0.0013 0.0006 0.9967 0.0010 
         035 18 0.0005 0.0005 0.0006 0.9969 0.0016 
         036 18 0.0004 0.0009 0.0080 0.9902 0.0005 
         037 18 0.0126 0.0142 0.0105 0.9621 0.0006 
         038 18 0.0272 0.0537 0.0021 0.9152 0.0019 
         039 18 0.0005 0.0004 0.0011 0.9977 0.0003 
         044 18 0.0091 0.0009 0.0006 0.8722 0.1173 
         046 18 0.0003 0.0086 0.0316 0.9571 0.0024 
         049 18 0.0005 0.0008 0.0003 0.9978 0.0005 
         053 18 0.0006 0.0013 0.0007 0.9947 0.0027 
         054 18 0.0106 0.0008 0.0009 0.9867 0.0010 
         056 18 0.0002 0.0024 0.0038 0.9272 0.0664 
         057 18 0.0034 0.0005 0.0029 0.9928 0.0003 
         058 18 0.0006 0.0057 0.0032 0.9893 0.0012 
        001s 19 0.0010 0.0006 0.0010 0.9291 0.0684 
        002s 19 0.0004 0.0009 0.0010 0.9922 0.0055 
        003s 19 0.0003 0.0004 0.0004 0.9674 0.0315 
        004s 19 0.0014 0.0050 0.0235 0.9689 0.0012 
        005s 19 0.0278 0.0042 0.0755 0.8884 0.0043 
        006s 19 0.0016 0.0014 0.0015 0.9945 0.0010 
        007s 19 0.0168 0.0004 0.0144 0.9670 0.0014 
        008s 19 0.0019 0.0012 0.0133 0.9445 0.0391 
        009s 19 0.0007 0.0006 0.0022 0.9949 0.0016 
        010s 19 0.0047 0.0147 0.0005 0.9779 0.0021 
        011s 19 0.0041 0.0041 0.0007 0.9907 0.0003 
        012s 19 0.0018 0.0016 0.0005 0.9939 0.0022 
        013s 19 0.0067 0.0008 0.0004 0.9876 0.0046 
        014s 19 0.0063 0.0004 0.0079 0.9232 0.0621 
        015s 19 0.0025 0.0006 0.0004 0.9959 0.0006 
        016s 19 0.0020 0.0233 0.0438 0.9294 0.0016 
        017s 19 0.0005 0.0025 0.0040 0.9352 0.0578 
        018s 19 0.0008 0.0012 0.0029 0.9930 0.0021 
        019s 19 0.0069 0.0007 0.0028 0.9063 0.0833 
        020s 19 0.0039 0.0006 0.0009 0.9229 0.0718 
        021s 19 0.0016 0.0014 0.0004 0.9931 0.0035 
        022s 19 0.0011 0.0010 0.0007 0.9810 0.0162 
        023s 19 0.0036 0.0019 0.0018 0.9919 0.0007 
        024s 19 0.0004 0.0024 0.0028 0.9940 0.0004 
        025s 19 0.0004 0.0007 0.0029 0.8654 0.1305 
        026s 19 0.0047 0.0032 0.0033 0.9843 0.0044 
        027s 19 0.0006 0.0009 0.0011 0.9938 0.0035 
        028s 19 0.0012 0.0008 0.0003 0.9921 0.0055 
        029s 19 0.0009 0.0021 0.0007 0.9961 0.0003 
        030s 19 0.0011 0.0043 0.0007 0.9917 0.0023 
        031s 19 0.0013 0.0005 0.0005 0.9961 0.0017 
        032s 19 0.0008 0.0003 0.0004 0.9979 0.0006 
        033s 19 0.0013 0.0012 0.0058 0.9915 0.0002 
        034s 19 0.0007 0.0005 0.0010 0.9972 0.0006 
        035s 19 0.0019 0.0032 0.0039 0.9748 0.0162 
        036s 19 0.0009 0.0003 0.0016 0.9968 0.0003 
        037s 19 0.0003 0.0010 0.0004 0.9977 0.0006 
        038s 19 0.0013 0.0017 0.0017 0.9938 0.0015 
        039s 19 0.0006 0.0004 0.0004 0.9980 0.0006 
        040s 19 0.0310 0.0006 0.0005 0.9674 0.0004 
        041s 19 0.0006 0.0003 0.0006 0.9982 0.0003 
        042s 19 0.0009 0.0114 0.0131 0.9709 0.0037 
        043s 19 0.0014 0.0017 0.0005 0.9547 0.0418 
        044s 19 0.0005 0.0009 0.0017 0.9967 0.0003 
        045s 19 0.0003 0.0009 0.0011 0.9971 0.0006 
        046s 19 0.0015 0.0017 0.0054 0.9895 0.0020 
        047s 19 0.0094 0.0006 0.0003 0.9891 0.0006 
        048s 19 0.0044 0.0020 0.0007 0.9042 0.0887 
        049s 19 0.0071 0.0006 0.0064 0.9806 0.0053 
        050s 19 0.0002 0.0005 0.0005 0.9972 0.0017 
        051s 19 0.0420 0.0008 0.0105 0.9401 0.0065 
        052s 19 0.0008 0.0010 0.0006 0.9968 0.0008 
      LIW2-4 20 0.0020 0.0020 0.0025 0.9929 0.0005 
     LIW2-12 21 0.0002 0.0092 0.0782 0.9114 0.0008 
     LIW2-20 22 0.0005 0.0035 0.0012 0.9925 0.0023 
     LIW2-28 23 0.0015 0.0019 0.0657 0.8887 0.0421 
      LIW1-5 24 0.0005 0.0015 0.0034 0.9937 0.0009 
     LIW1-13 25 0.0098 0.0004 0.0143 0.9212 0.0544 
     LIW1-21 26 0.0004 0.0073 0.0345 0.9505 0.0073 
     LIW1-29 27 0.0032 0.0031 0.0157 0.9601 0.0178 
      LIW2-5 28 0.0010 0.0084 0.0024 0.9876 0.0006 
     LIW2-34 29 0.0009 0.0078 0.0036 0.9875 0.0002 
     LIW2-21 30 0.0008 0.0010 0.0060 0.8877 0.1045 
     LIW2-29 31 0.0051 0.0029 0.0016 0.8052 0.1853 
      LIW1-6 32 0.0004 0.0010 0.0027 0.9952 0.0007 
     LIW1-14 33 0.0008 0.0389 0.0007 0.8954 0.0643 
     LIW1-22 34 0.0004 0.0274 0.0058 0.9660 0.0005 
     LIW1-30 35 0.0004 0.0012 0.0029 0.9937 0.0018 
      LIW2-6 36 0.0124 0.0027 0.0256 0.9584 0.0008 
     LIW2-14 37 0.0005 0.0004 0.0066 0.9903 0.0023 
     LIW2-22 38 0.0005 0.0006 0.0785 0.8472 0.0731 
     LIW2-30 39 0.0003 0.0436 0.0042 0.9514 0.0006 
      LIW1-7 40 0.0009 0.0115 0.0555 0.9019 0.0303 
     LIW1-15 41 0.0006 0.0050 0.0129 0.9812 0.0004 
     LIW1-23 42 0.0015 0.0030 0.0049 0.9862 0.0044 
     LIW1-31 43 0.0012 0.0039 0.0057 0.9868 0.0023 
      LIW2-7 44 0.0025 0.0077 0.0008 0.9009 0.0881 
     LIW2-15 45 0.0004 0.0557 0.0023 0.9409 0.0007 
     LIW2-23 46 0.0036 0.0005 0.0883 0.9073 0.0003 
      LIW1-8 47 0.0009 0.0011 0.0028 0.9947 0.0005 
     LIW1-16 48 0.0009 0.0012 0.0017 0.9959 0.0004 
      LIW2-8 49 0.0005 0.0030 0.0025 0.9938 0.0003 
     LIW2-16 50 0.0266 0.0043 0.0105 0.6453 0.3134 
     LIW2-24 51 0.0210 0.0017 0.0058 0.7951 0.1765 
     LIW2-32 52 0.0031 0.0083 0.0554 0.9288 0.0044 
     LIW1-47 53 0.0030 0.0020 0.0128 0.9788 0.0033 
      UMFS-1 54 0.0004 0.9990 0.0001 0.0003 0.0002 
     UMFS-19 55 0.0002 0.9993 0.0001 0.0001 0.0002 
     UMFS-31 56 0.0003 0.8091 0.0006 0.1898 0.0002 
      UMFS-2 57 0.0003 0.9357 0.0002 0.0636 0.0002 
     UMFS-10 58 0.0006 0.8927 0.0005 0.1060 0.0003 
     UMFS-20 59 0.0008 0.8425 0.0004 0.1526 0.0037 
     UMFS-32 60 0.0003 0.9986 0.0002 0.0006 0.0004 
      UMFS-3 61 0.0001 0.9997 0.0001 0.0001 0.0001 
     UMFS-11 62 0.1619 0.0004 0.0018 0.5613 0.2746 
     UMFS-21 63 0.0009 0.9373 0.0097 0.0276 0.0246 
     UMFS-33 64 0.0000 0.9998 0.0000 0.0000 0.0000 
      UMFS-4 65 0.0000 0.9998 0.0000 0.0001 0.0000 
     UMFS-22 66 0.0017 0.9496 0.0011 0.0464 0.0011 
     UMFS-34 67 0.0028 0.5862 0.0798 0.3284 0.0027 
      UMFS-5 68 0.0031 0.9181 0.0010 0.0771 0.0008 
     UMFS-13 69 0.0007 0.9953 0.0016 0.0018 0.0006 
     UMFS-23 70 0.0011 0.7683 0.0007 0.2285 0.0014 
     UMFS-35 71 0.0001 0.9996 0.0001 0.0001 0.0001 
      UMFS-6 72 0.0001 0.9998 0.0001 0.0001 0.0000 
     UMFS-14 73 0.0000 0.9999 0.0000 0.0000 0.0000 
     UMFS-24 74 0.0007 0.7496 0.0002 0.2462 0.0034 
     UMFS-36 75 0.0000 0.9998 0.0000 0.0000 0.0000 
      UMFS-7 76 0.2837 0.0002 0.0958 0.3120 0.3083 
     UMFS-15 77 0.0001 0.9998 0.0001 0.0001 0.0001 
     UMFS-25 78 0.0037 0.7902 0.0006 0.2012 0.0043 
     UMFS-37 79 0.0001 0.9998 0.0001 0.0001 0.0001 
      UMFS-8 80 0.0006 0.9828 0.0010 0.0140 0.0017 
     UMFS-16 81 0.0001 0.9996 0.0001 0.0001 0.0001 
     UMFS-26 82 0.0023 0.4827 0.1346 0.3731 0.0073 
     UMFS-38 83 0.0001 0.9996 0.0001 0.0001 0.0001 
      NEH1-2 84 0.0024 0.0010 0.9736 0.0014 0.0217 
     NEH1-11 85 0.0012 0.0003 0.9530 0.0006 0.0449 
     NEH1-20 86 0.0015 0.0045 0.8789 0.1148 0.0003 
     NEH1-29 87 0.0001 0.0002 0.9986 0.0006 0.0004 
      NEH2-2 88 0.0001 0.0002 0.9992 0.0002 0.0002 
     NEH2-10 89 0.0003 0.0002 0.9940 0.0050 0.0005 
     NEH2-18 90 0.0002 0.0003 0.9981 0.0001 0.0013 
     NEH2-26 91 0.0003 0.0003 0.9961 0.0014 0.0019 
      NEH1-3 92 0.0007 0.0003 0.8453 0.1533 0.0005 
     NEH1-12 93 0.0473 0.0004 0.9495 0.0004 0.0023 
     NEH1-21 94 0.0197 0.0002 0.9377 0.0422 0.0003 
     NEH1-30 95 0.0004 0.0003 0.9213 0.0097 0.0683 
      NEH2-3 96 0.0002 0.0001 0.9994 0.0002 0.0001 
     NEH2-11 97 0.0004 0.0028 0.9738 0.0004 0.0227 
     NEH2-19 98 0.0006 0.0023 0.9934 0.0025 0.0012 
     NEH2-27 99 0.0001 0.0001 0.9997 0.0001 0.0001 
      NEH1-4 100 0.0001 0.0001 0.9984 0.0001 0.0013 
     NEH1-13 101 0.0019 0.0003 0.7686 0.2271 0.0021 
     NEH1-22 102 0.0004 0.0007 0.7994 0.1991 0.0003 
     NEH1-31 103 0.0001 0.0001 0.9976 0.0006 0.0016 
      NEH2-4 104 0.0004 0.0016 0.9935 0.0027 0.0018 
     NEH2-12 105 0.0006 0.0084 0.9361 0.0003 0.0545 
     NEH2-20 106 0.0002 0.0007 0.8016 0.1971 0.0005 
     NEH2-28 107 0.0063 0.0005 0.9911 0.0009 0.0012 
      NEH1-5 108 0.0007 0.0002 0.8584 0.1208 0.0199 
     NEH1-14 109 0.0129 0.0006 0.7648 0.1663 0.0553 
     NEH1-23 110 0.0002 0.0091 0.7697 0.2205 0.0005 
     NEH1-32 111 0.0016 0.0002 0.9964 0.0007 0.0010 
      NEH2-5 112 0.0001 0.0002 0.9994 0.0001 0.0002 
     NEH2-13 113 0.0007 0.0003 0.9791 0.0011 0.0188 
     NEH2-22 114 0.0004 0.0007 0.9980 0.0006 0.0005 
     NEH2-29 115 0.0004 0.0005 0.9616 0.0371 0.0004 
      NEH1-6 116 0.0002 0.0001 0.9994 0.0001 0.0002 
     NEH1-15 117 0.0363 0.0002 0.9589 0.0016 0.0029 
     NEH1-24 118 0.0128 0.0014 0.9848 0.0006 0.0004 
     NEH1-33 119 0.0003 0.0008 0.8745 0.1242 0.0003 
      NEH2-6 120 0.0004 0.0070 0.9818 0.0103 0.0005 
     NEH2-14 121 0.0016 0.0006 0.9929 0.0037 0.0011 
     NEH2-21 122 0.0002 0.0011 0.9512 0.0472 0.0003 
     NEH2-30 123 0.0001 0.0002 0.9993 0.0002 0.0002 
      NEH1-7 124 0.0029 0.0007 0.8403 0.0616 0.0944 
     NEH1-16 125 0.0002 0.0001 0.9991 0.0002 0.0003 
     NEH1-25 126 0.0006 0.0043 0.8751 0.1196 0.0003 
     NEH1-34 127 0.0010 0.0008 0.9315 0.0498 0.0169 
      NEH2-7 128 0.0007 0.0024 0.9940 0.0018 0.0011 
     NEH2-15 129 0.0001 0.0001 0.9997 0.0001 0.0001 
     NEH2-23 130 0.0031 0.0013 0.9405 0.0077 0.0474 
     NEH2-31 131 0.0001 0.0002 0.9994 0.0002 0.0001 
      NEH1-8 132 0.0024 0.0002 0.8306 0.0924 0.0743 
     NEH1-17 133 0.0016 0.0004 0.8868 0.0007 0.1104 
     NEH1-26 134 0.0030 0.0011 0.8500 0.1457 0.0002 
     NEH1-35 135 0.0008 0.0006 0.8116 0.1836 0.0033 
      NEH2-8 136 0.0001 0.0001 0.9997 0.0001 0.0001 
     NEH2-16 137 0.0011 0.0007 0.9975 0.0006 0.0002 
     NEH2-24 138 0.0001 0.0004 0.9992 0.0002 0.0001 
     NEH2-32 139 0.0010 0.0006 0.9299 0.0002 0.0683 
      NEH1-1 140 0.0002 0.0007 0.8836 0.0002 0.1153 
     NEH1-10 141 0.0004 0.0001 0.9992 0.0002 0.0002 
     NEH1-19 142 0.0011 0.0003 0.8778 0.1200 0.0008 
     NEH1-28 143 0.0033 0.0003 0.9559 0.0008 0.0398 
      NEH2-1 144 0.0003 0.0002 0.9840 0.0017 0.0138 
      NEH2-9 145 0.0002 0.0002 0.9990 0.0004 0.0002 
     NEH2-17 146 0.0337 0.0005 0.9628 0.0019 0.0011 
     NEH2-25 147 0.0003 0.0002 0.9782 0.0003 0.0211 
      LIW1-1 148 0.0043 0.0068 0.1037 0.7973 0.0879 
      LIW1-9 149 0.0729 0.0010 0.0697 0.7703 0.0861 
     LIW1-17 150 0.0002 0.0009 0.0477 0.9503 0.0010 
     LIW1-25 151 0.0010 0.0070 0.0023 0.9895 0.0002 
      LIW2-9 152 0.0053 0.0014 0.0010 0.9446 0.0477 
     LIW2-17 153 0.0018 0.0018 0.0029 0.9929 0.0007 
     LIW2-25 154 0.0003 0.0034 0.0022 0.9921 0.0020 
      LIW1-2 155 0.0003 0.0020 0.0115 0.9831 0.0031 
     LIW1-10 156 0.0012 0.0056 0.0036 0.9846 0.0050 
     LIW1-18 157 0.0006 0.0031 0.0066 0.9787 0.0110 
     LIW1-26 158 0.0037 0.0013 0.0262 0.9685 0.0003 
      LIW2-2 159 0.0006 0.0032 0.0040 0.9918 0.0004 
     LIW2-10 160 0.0004 0.0011 0.0010 0.9943 0.0031 
     LIW2-18 161 0.0167 0.0085 0.0634 0.9044 0.0070 
     LIW2-26 162 0.0015 0.0522 0.0013 0.9445 0.0005 
      LIW1-3 163 0.0004 0.0401 0.0109 0.9292 0.0195 
     LIW1-11 164 0.0018 0.0062 0.0061 0.9773 0.0085 
     LIW1-19 165 0.0015 0.0035 0.0668 0.8834 0.0448 
     LIW1-27 166 0.0003 0.0010 0.0003 0.9678 0.0306 
      LIW2-3 167 0.0073 0.0091 0.0026 0.9782 0.0028 
     LIW2-11 168 0.0005 0.0012 0.0009 0.9971 0.0004 
     LIW2-19 169 0.0008 0.0010 0.0264 0.9702 0.0015 
     LIW2-27 170 0.0004 0.0098 0.0147 0.9748 0.0004 
      LIW1-4 171 0.0011 0.0019 0.0056 0.9911 0.0004 
     LIW1-12 172 0.0021 0.0358 0.0017 0.9357 0.0246 
     LIW1-20 173 0.0025 0.0009 0.0016 0.9935 0.0014 
     LIW1-28 174 0.0010 0.0030 0.0122 0.9804 0.0035 
        001s 175 0.0129 0.0005 0.0013 0.9848 0.0006 
        002s 175 0.0004 0.0004 0.0016 0.9143 0.0832 
        003s 175 0.0008 0.0010 0.0006 0.9974 0.0003 
        004s 175 0.0049 0.0035 0.0012 0.9727 0.0176 
        005s 175 0.0006 0.0036 0.0017 0.9919 0.0022 
        006s 175 0.0008 0.0048 0.0007 0.8227 0.1710 
        007s 175 0.0002 0.0005 0.0007 0.9980 0.0006 
        008s 175 0.0018 0.0022 0.0005 0.9941 0.0013 
        009s 175 0.0011 0.0027 0.0010 0.8782 0.1169 
        010s 175 0.0007 0.0003 0.0009 0.9973 0.0007 
        011s 175 0.0010 0.0006 0.0010 0.9943 0.0032 
        012s 175 0.0044 0.0005 0.0003 0.9946 0.0002 
        013s 175 0.0008 0.0005 0.0002 0.9947 0.0038 
        014s 175 0.0014 0.0004 0.0002 0.9074 0.0906 
        015s 175 0.0013 0.0006 0.0015 0.9958 0.0008 
        016s 175 0.0005 0.0005 0.0004 0.9587 0.0399 
        017s 175 0.0089 0.0008 0.0032 0.9859 0.0011 
        018s 175 0.0011 0.0061 0.0014 0.9877 0.0037 
        019s 175 0.0008 0.0227 0.0064 0.9695 0.0006 
        020s 175 0.0016 0.0007 0.0013 0.9957 0.0007 
        021s 175 0.0016 0.0008 0.0017 0.9954 0.0004 
        022s 175 0.0492 0.0004 0.0024 0.9476 0.0004 
        023s 175 0.0068 0.0066 0.0034 0.9813 0.0019 
        024s 175 0.0036 0.0012 0.0007 0.9737 0.0208 
        025s 175 0.0159 0.0040 0.0008 0.9593 0.0200 
        026s 175 0.0007 0.0005 0.0012 0.9922 0.0054 
        027s 175 0.0021 0.0008 0.0013 0.9949 0.0009 
        028s 175 0.0004 0.0004 0.0615 0.9367 0.0010 
        029s 175 0.0008 0.0017 0.0004 0.9967 0.0004 
        030s 175 0.0010 0.0007 0.0009 0.8876 0.1098 
        031s 175 0.0012 0.0090 0.0003 0.9879 0.0016 
        032s 175 0.0009 0.0029 0.0198 0.9741 0.0024 
        033s 175 0.0033 0.0028 0.0007 0.9814 0.0118 
        034s 175 0.0008 0.0003 0.0003 0.9926 0.0059 
        035s 175 0.0007 0.0006 0.0005 0.9884 0.0097 
        036s 175 0.0008 0.0028 0.0004 0.9953 0.0006 
        037s 175 0.0119 0.0002 0.0136 0.9740 0.0003 
        038s 175 0.0017 0.0003 0.0006 0.9918 0.0055 
        039s 175 0.0008 0.0009 0.0028 0.9941 0.0015 
        040s 175 0.0008 0.0007 0.0026 0.9953 0.0007 
        041s 175 0.0011 0.0009 0.0006 0.9951 0.0023 
        042s 175 0.0025 0.0188 0.0013 0.9765 0.0008 
        043s 175 0.0013 0.0007 0.0038 0.9914 0.0028 
        044s 175 0.0004 0.0005 0.0012 0.9969 0.0010 
        045s 175 0.0009 0.0009 0.0005 0.9178 0.0799 
        046s 175 0.0012 0.0009 0.0018 0.9954 0.0007 
        047s 175 0.0006 0.0034 0.0085 0.9869 0.0005 
        048s 175 0.0020 0.0011 0.0005 0.9940 0.0023 
        049s 175 0.0005 0.0016 0.0007 0.9481 0.0492 
        050s 175 0.0006 0.0025 0.0843 0.8391 0.0736 
        001s 176 0.0229 0.0019 0.0003 0.9269 0.0479 
        002s 176 0.0113 0.0004 0.0023 0.9841 0.0019 
        003s 176 0.0006 0.0009 0.0009 0.9946 0.0030 
        004s 176 0.0007 0.0024 0.0021 0.9932 0.0016 
        005s 176 0.0003 0.0005 0.0197 0.9789 0.0006 
        006s 176 0.0043 0.0025 0.0006 0.9923 0.0003 
        007s 176 0.0012 0.0011 0.0005 0.9148 0.0823 
        008s 176 0.0005 0.0008 0.0003 0.9981 0.0003 
        009s 176 0.0006 0.0009 0.0081 0.9898 0.0006 
        010s 176 0.0003 0.0011 0.0005 0.9966 0.0015 
        011s 176 0.0029 0.0006 0.0037 0.9925 0.0002 
        012s 176 0.0010 0.0005 0.0013 0.9239 0.0732 
        013s 176 0.0038 0.0012 0.0026 0.9876 0.0048 
        014s 176 0.0071 0.0012 0.0004 0.9907 0.0006 
        015s 176 0.0002 0.0085 0.0018 0.9879 0.0015 
        016s 176 0.0003 0.0041 0.0009 0.9935 0.0012 
        017s 176 0.0002 0.0008 0.0004 0.9983 0.0002 
        018s 176 0.0004 0.0011 0.0109 0.9871 0.0006 
        019s 176 0.0197 0.0012 0.0006 0.9659 0.0127 
        020s 176 0.0006 0.0009 0.0013 0.9944 0.0028 
        021s 176 0.0029 0.0006 0.0014 0.9940 0.0011 
        022s 176 0.0139 0.0017 0.0007 0.9835 0.0003 
        023s 176 0.0017 0.0795 0.0002 0.9183 0.0003 
        024s 176 0.0287 0.0009 0.0007 0.9668 0.0029 
        025s 176 0.0028 0.0015 0.0026 0.9890 0.0041 
        026s 176 0.0103 0.0010 0.0019 0.9859 0.0009 
        027s 176 0.0002 0.0005 0.0007 0.9979 0.0006 
        028s 176 0.0014 0.0009 0.0008 0.9962 0.0007 
        029s 176 0.0078 0.0007 0.0024 0.9888 0.0003 
        030s 176 0.0008 0.0005 0.0005 0.9296 0.0686 
        031s 176 0.0026 0.0004 0.0009 0.9920 0.0041 
        032s 176 0.0005 0.0004 0.0120 0.9361 0.0509 
        033s 176 0.0364 0.0048 0.0133 0.8613 0.0842 
        034s 176 0.0007 0.0002 0.0004 0.9978 0.0009 
        035s 176 0.0012 0.0004 0.0650 0.9184 0.0150 
        036s 176 0.0016 0.0003 0.0004 0.9973 0.0003 
        037s 176 0.0039 0.0035 0.0169 0.9167 0.0590 
        038s 176 0.0007 0.0008 0.0007 0.9974 0.0004 
        039s 176 0.0004 0.0004 0.0002 0.9984 0.0006 
        040s 176 0.0003 0.0002 0.0006 0.9984 0.0005 
        041s 176 0.0006 0.0041 0.0006 0.9941 0.0007 
        042s 176 0.0007 0.0009 0.0004 0.9976 0.0003 
        043s 176 0.0236 0.0030 0.0066 0.9656 0.0012 
        044s 176 0.0010 0.0003 0.0003 0.9963 0.0020 
        045s 176 0.0020 0.0009 0.0010 0.9893 0.0068 
        046s 176 0.0007 0.0005 0.0003 0.9968 0.0016 
        047s 176 0.0015 0.0043 0.0013 0.9927 0.0003 
        048s 176 0.0029 0.0104 0.0006 0.9825 0.0036 
        050s 176 0.0004 0.0004 0.0102 0.9874 0.0015 
        001s 177 0.0023 0.0099 0.0092 0.9297 0.0488 
        002s 177 0.0004 0.0006 0.0011 0.9975 0.0004 
        003s 177 0.0063 0.0453 0.0074 0.9173 0.0238 
        004s 177 0.0020 0.0003 0.0011 0.9962 0.0004 
        005s 177 0.0004 0.0005 0.0003 0.9945 0.0043 
        006s 177 0.0004 0.0012 0.0021 0.9763 0.0200 
        007s 177 0.0005 0.0004 0.0009 0.9909 0.0073 
        008s 177 0.0461 0.0087 0.0009 0.8343 0.1099 
        009s 177 0.0007 0.0004 0.0006 0.9981 0.0002 
        010s 177 0.0015 0.0014 0.0009 0.9711 0.0251 
        011s 177 0.0012 0.0002 0.0005 0.9971 0.0009 
        012s 177 0.0006 0.0005 0.0006 0.9946 0.0037 
        013s 177 0.0007 0.0065 0.0018 0.9902 0.0008 
        014s 177 0.0005 0.0012 0.0021 0.9374 0.0588 
        015s 177 0.0039 0.0006 0.0022 0.9924 0.0009 
        016s 177 0.0003 0.0005 0.0005 0.9982 0.0004 
        017s 177 0.0361 0.0008 0.0007 0.9608 0.0016 
        018s 177 0.0005 0.0030 0.0003 0.9768 0.0194 
        019s 177 0.0007 0.0005 0.0032 0.9947 0.0009 
        020s 177 0.0013 0.0009 0.0027 0.9934 0.0017 
        021s 177 0.0007 0.0005 0.0012 0.9972 0.0003 
        022s 177 0.0031 0.0005 0.0141 0.9804 0.0019 
        023s 177 0.0540 0.0020 0.0019 0.9418 0.0003 
        024s 177 0.0003 0.0005 0.0013 0.9974 0.0005 
        025s 177 0.0022 0.0005 0.0006 0.9959 0.0009 
        026s 177 0.0004 0.0004 0.0020 0.9960 0.0012 
        027s 177 0.0004 0.0008 0.0006 0.9977 0.0004 
        028s 177 0.0004 0.0016 0.0008 0.9969 0.0003 
        029s 177 0.0452 0.0003 0.0006 0.9124 0.0415 
        030s 177 0.0013 0.0023 0.0018 0.9830 0.0117 
        031s 177 0.0016 0.0011 0.0140 0.9829 0.0004 
        032s 177 0.0019 0.0005 0.0006 0.9700 0.0270 
        033s 177 0.0003 0.0006 0.0023 0.9960 0.0009 
        034s 177 0.0008 0.0004 0.0007 0.9971 0.0011 
        035s 177 0.0004 0.0008 0.0004 0.9980 0.0003 
        036s 177 0.0083 0.0006 0.0597 0.9304 0.0011 
        037s 177 0.0113 0.0006 0.0030 0.9775 0.0076 
        038s 177 0.0012 0.0030 0.0007 0.9772 0.0180 
        039s 177 0.0004 0.0049 0.0016 0.9922 0.0009 
        040s 177 0.0383 0.0003 0.0016 0.9586 0.0012 
        041s 177 0.0289 0.0002 0.0005 0.8877 0.0827 
        042s 177 0.0006 0.0009 0.0005 0.9323 0.0657 
        043s 177 0.0002 0.0006 0.0006 0.9981 0.0004 
        044s 177 0.0006 0.0004 0.0006 0.9975 0.0008 
        045s 177 0.0017 0.0096 0.0018 0.9735 0.0134 
        046s 177 0.0028 0.0004 0.0006 0.9959 0.0003 
        047s 177 0.0019 0.0012 0.0031 0.9933 0.0005 
        048s 177 0.0192 0.0006 0.0004 0.9792 0.0006 
        049s 177 0.0200 0.0002 0.0010 0.9655 0.0133 
        050s 177 0.0007 0.0037 0.0004 0.9949 0.0003 
        001s 178 0.0003 0.0013 0.0008 0.9275 0.0702 
        002s 178 0.0020 0.0004 0.0031 0.9927 0.0017 
        003s 178 0.0010 0.0011 0.0008 0.9932 0.0039 
        004s 178 0.0007 0.0128 0.0004 0.9834 0.0027 
        005s 178 0.0016 0.0015 0.0004 0.9959 0.0007 
        006s 178 0.0105 0.0175 0.0574 0.8854 0.0293 
        007s 178 0.0033 0.0004 0.0006 0.9954 0.0002 
        008s 178 0.0003 0.0011 0.0007 0.8826 0.1152 
        009s 178 0.0097 0.0011 0.0020 0.9864 0.0007 
        010s 178 0.0003 0.0005 0.0009 0.9975 0.0008 
        011s 178 0.0008 0.0007 0.0006 0.9969 0.0010 
        012s 178 0.0012 0.0004 0.0004 0.9964 0.0015 
        013s 178 0.0002 0.0058 0.0023 0.9913 0.0004 
        014s 178 0.0008 0.0003 0.0153 0.9376 0.0459 
        015s 178 0.0014 0.0008 0.0005 0.9948 0.0025 
        016s 178 0.0030 0.0032 0.0008 0.9866 0.0064 
        017s 178 0.0007 0.0015 0.0015 0.9430 0.0533 
        018s 178 0.0007 0.0011 0.0019 0.9946 0.0017 
        019s 178 0.0008 0.0003 0.0004 0.9968 0.0017 
        020s 178 0.0003 0.0013 0.0002 0.9974 0.0009 
        021s 178 0.0112 0.0008 0.0012 0.9812 0.0055 
        022s 178 0.0008 0.0005 0.0003 0.9969 0.0014 
        023s 178 0.0102 0.0005 0.0305 0.8729 0.0859 
        024s 178 0.0005 0.0006 0.0009 0.9973 0.0007 
        025s 178 0.0004 0.0005 0.0005 0.9342 0.0644 
        026s 178 0.0009 0.0019 0.0005 0.9965 0.0002 
        027s 178 0.0027 0.0012 0.0008 0.9590 0.0364 
        028s 178 0.0441 0.0052 0.0068 0.9407 0.0032 
        029s 178 0.0284 0.0005 0.0010 0.9698 0.0002 
        030s 178 0.0086 0.0005 0.0047 0.9849 0.0013 
        031s 178 0.0004 0.0195 0.0002 0.9795 0.0003 
        032s 178 0.0007 0.0019 0.0006 0.9964 0.0004 
        033s 178 0.0050 0.0019 0.0005 0.9742 0.0184 
        034s 178 0.0003 0.0011 0.0005 0.9977 0.0004 
        035s 178 0.0006 0.0011 0.0022 0.9949 0.0013 
        036s 178 0.0006 0.0005 0.0007 0.9980 0.0002 
        037s 178 0.0003 0.0003 0.0041 0.9948 0.0004 
        039s 178 0.0204 0.0023 0.0107 0.9653 0.0013 
        040s 178 0.0007 0.0018 0.0010 0.9057 0.0908 
        041s 178 0.0017 0.0005 0.0005 0.9971 0.0002 
        042s 178 0.0016 0.0197 0.0052 0.9368 0.0366 
        043s 178 0.0245 0.0480 0.0081 0.9170 0.0025 
        044s 178 0.0900 0.0002 0.0013 0.9025 0.0060 
        045s 178 0.0015 0.0006 0.0011 0.9961 0.0006 
        046s 178 0.0008 0.0006 0.0003 0.9975 0.0008 
        047s 178 0.0125 0.0010 0.0010 0.9838 0.0016 
        048s 178 0.0013 0.0015 0.0178 0.9586 0.0208 
        049s 178 0.0018 0.0005 0.0046 0.9911 0.0020 
        050s 178 0.0140 0.0116 0.0026 0.8999 0.0719 
          01 179 0.0151 0.0007 0.0191 0.9182 0.0470 
          02 179 0.0009 0.0013 0.0018 0.9953 0.0007 
          03 179 0.0091 0.0002 0.0008 0.8580 0.1319 
          04 179 0.0013 0.0004 0.0058 0.9913 0.0013 
          05 179 0.0011 0.0016 0.0004 0.9312 0.0657 
          06 179 0.0003 0.0111 0.0004 0.9844 0.0037 
          07 179 0.0017 0.0003 0.0046 0.9922 0.0012 
          08 179 0.0005 0.0017 0.0041 0.9933 0.0003 
          09 179 0.0002 0.0006 0.0009 0.9973 0.0009 
          10 179 0.0005 0.0004 0.0033 0.9649 0.0309 
          11 179 0.0025 0.0003 0.0005 0.9094 0.0873 
          12 179 0.0003 0.0017 0.0022 0.9933 0.0024 
          13 179 0.0015 0.0025 0.0006 0.9951 0.0003 
          14 179 0.0006 0.0008 0.0042 0.8797 0.1147 
          15 179 0.0108 0.0006 0.0008 0.9859 0.0018 
          16 179 0.0009 0.0021 0.0007 0.9676 0.0287 
          17 179 0.0007 0.0011 0.0226 0.9743 0.0013 
          18 179 0.0004 0.0013 0.0022 0.9954 0.0007 
          19 179 0.0040 0.0020 0.0008 0.9784 0.0148 
          20 179 0.0020 0.0050 0.0904 0.8608 0.0417 
          21 179 0.0003 0.0002 0.0004 0.9989 0.0002 
          22 179 0.0006 0.0143 0.0006 0.9458 0.0387 
          23 179 0.0007 0.0006 0.0006 0.9962 0.0019 
        001s 180 0.0010 0.0006 0.0278 0.9347 0.0360 
        002s 180 0.0007 0.0004 0.0019 0.9961 0.0010 
        003s 180 0.0004 0.0023 0.0012 0.9953 0.0008 
        004s 180 0.0013 0.0004 0.0005 0.9973 0.0005 
        005s 180 0.0033 0.0002 0.0251 0.9668 0.0045 
        006s 180 0.0010 0.0007 0.0003 0.8970 0.1010 
        007s 180 0.0007 0.0009 0.0006 0.9974 0.0005 
        008s 180 0.0013 0.0005 0.0005 0.9961 0.0017 
        009s 180 0.0003 0.0010 0.0015 0.9938 0.0034 
        010s 180 0.0003 0.0097 0.0006 0.9880 0.0014 
        011s 180 0.0007 0.0004 0.0005 0.9974 0.0010 
        012s 180 0.0009 0.0008 0.0008 0.9881 0.0094 
        013s 180 0.0011 0.0023 0.0054 0.9905 0.0008 
        014s 180 0.0006 0.0003 0.0013 0.9725 0.0254 
        015s 180 0.0004 0.0004 0.0017 0.9961 0.0014 
        016s 180 0.0003 0.0028 0.0128 0.9481 0.0359 
        017s 180 0.0008 0.0005 0.0010 0.9967 0.0010 
        018s 180 0.0009 0.0013 0.0005 0.9080 0.0893 
        019s 180 0.0008 0.0006 0.0012 0.9965 0.0008 
        020s 180 0.0019 0.0024 0.0074 0.9871 0.0012 
        021s 180 0.0005 0.0006 0.0024 0.9931 0.0034 
        022s 180 0.0009 0.0005 0.0011 0.9844 0.0130 
        023s 180 0.0002 0.0002 0.0049 0.9930 0.0017 
        024s 180 0.0004 0.0006 0.0053 0.9699 0.0238 
        025s 180 0.0028 0.0007 0.0004 0.9920 0.0042 
        026s 180 0.0041 0.0035 0.0006 0.9909 0.0010 
        027s 180 0.0009 0.0008 0.0008 0.9918 0.0058 
        028s 180 0.0014 0.0012 0.0010 0.9954 0.0010 
        029s 180 0.0036 0.0073 0.0650 0.9200 0.0042 
        030s 180 0.0034 0.0054 0.0003 0.9905 0.0004 
        031s 180 0.0004 0.0004 0.0023 0.9962 0.0007 
        032s 180 0.0017 0.0143 0.0005 0.9817 0.0018 
        033s 180 0.0004 0.0036 0.0002 0.9902 0.0056 
        034s 180 0.0037 0.0016 0.0005 0.9930 0.0011 
        035s 180 0.0008 0.0011 0.0134 0.9618 0.0229 
        036s 180 0.0003 0.0040 0.0006 0.9943 0.0009 
        037s 180 0.0006 0.0037 0.0014 0.9919 0.0024 
        038s 180 0.0011 0.0010 0.0003 0.9963 0.0013 
        039s 180 0.0015 0.0009 0.0014 0.9955 0.0007 
        041s 180 0.0011 0.0003 0.0004 0.9976 0.0006 
        042s 180 0.0019 0.0009 0.0059 0.9907 0.0006 
        043s 180 0.0025 0.0081 0.0014 0.9856 0.0024 
        044s 180 0.0005 0.0007 0.0004 0.9976 0.0008 
        045s 180 0.0290 0.0026 0.0030 0.9650 0.0004 
        046s 180 0.0031 0.0017 0.0011 0.9893 0.0047 
        047s 180 0.0005 0.0010 0.0015 0.9629 0.0341 
        048s 180 0.0009 0.0005 0.0006 0.9973 0.0007 
        049s 180 0.0014 0.0010 0.0003 0.9969 0.0004 
        050s 180 0.0024 0.0032 0.0003 0.9936 0.0004 
         001 181 0.8033 0.0004 0.0001 0.0002 0.1960 
         002 181 0.9998 0.0000 0.0000 0.0001 0.0001 
         003 181 0.9998 0.0001 0.0000 0.0001 0.0001 
         004 181 0.7696 0.0035 0.0002 0.0086 0.2180 
         005 181 0.8619 0.0004 0.0032 0.0060 0.1285 
         006 181 0.9998 0.0000 0.0000 0.0001 0.0001 
         007 181 0.9998 0.0001 0.0000 0.0001 0.0001 
         008 181 0.9993 0.0001 0.0001 0.0002 0.0003 
         009 181 0.9999 0.0000 0.0000 0.0000 0.0000 
         010 181 0.8236 0.0518 0.0002 0.0002 0.1243 
         011 181 0.9997 0.0001 0.0001 0.0001 0.0001 
         012 181 0.8600 0.0002 0.0049 0.0003 0.1347 
         013 181 0.8948 0.0006 0.0004 0.0038 0.1004 
         014 181 0.8625 0.0001 0.0002 0.0004 0.1368 
         015 181 0.9998 0.0001 0.0000 0.0000 0.0001 
         016 181 0.8656 0.0002 0.0004 0.0005 0.1333 
         017 181 0.9998 0.0001 0.0000 0.0001 0.0001 
         018 181 0.8090 0.0005 0.0002 0.0005 0.1898 
         019 181 0.8530 0.0002 0.0006 0.0049 0.1415 
         020 181 0.9998 0.0000 0.0000 0.0000 0.0000 
         021 181 0.9998 0.0001 0.0001 0.0001 0.0001 
         022 181 0.9998 0.0000 0.0000 0.0000 0.0001 
         023 181 0.9997 0.0001 0.0001 0.0001 0.0001 
         024 181 0.9740 0.0014 0.0012 0.0229 0.0004 
         025 181 0.9694 0.0001 0.0001 0.0002 0.0300 
         026 181 0.9997 0.0000 0.0001 0.0001 0.0001 
         027 181 0.9998 0.0000 0.0000 0.0000 0.0000 
         028 181 0.9999 0.0000 0.0000 0.0000 0.0000 
         029 181 0.9996 0.0001 0.0001 0.0001 0.0001 
         030 181 0.9996 0.0001 0.0001 0.0001 0.0001 
         001 182 0.5804 0.0001 0.0001 0.0001 0.4192 
         002 182 0.5272 0.0003 0.0002 0.0003 0.4720 
         003 182 0.4710 0.0608 0.0002 0.0004 0.4677 
         004 182 0.4739 0.0002 0.0003 0.0002 0.5254 
         005 182 0.5271 0.0018 0.0001 0.0014 0.4696 
         006 182 0.4132 0.0004 0.0015 0.1082 0.4767 
         007 182 0.4745 0.0170 0.0002 0.0012 0.5070 
         008 182 0.5372 0.0007 0.0001 0.0005 0.4615 
         009 182 0.5447 0.0008 0.0002 0.0002 0.4540 
         010 182 0.4398 0.0003 0.0003 0.0879 0.4717 
         011 182 0.4405 0.0001 0.0001 0.0002 0.5591 
         012 182 0.4930 0.0005 0.0009 0.0694 0.4363 
         013 182 0.3685 0.0004 0.0006 0.0007 0.6298 
         014 182 0.4076 0.0007 0.0051 0.0855 0.5012 
         015 182 0.5827 0.0001 0.0001 0.0002 0.4168 
         016 182 0.5128 0.0006 0.0001 0.0002 0.4863 
         017 182 0.5283 0.0002 0.0002 0.0590 0.4122 
         018 182 0.5726 0.0002 0.0001 0.0004 0.4267 
         019 182 0.5570 0.0001 0.0001 0.0002 0.4426 
         020 182 0.6137 0.0001 0.0001 0.0001 0.3860 
         021 182 0.4599 0.0717 0.0004 0.0016 0.4664 
         022 182 0.5799 0.0002 0.0002 0.0002 0.4194 
         023 182 0.4484 0.0001 0.0001 0.0001 0.5513 
         024 182 0.4162 0.0001 0.0001 0.0002 0.5835 
         025 182 0.5572 0.0005 0.0001 0.0001 0.4420 
         026 182 0.5073 0.0001 0.0001 0.0001 0.4923 
         027 182 0.5148 0.0001 0.0008 0.0003 0.4840 
         028 182 0.4754 0.0003 0.0002 0.0003 0.5238 
         029 182 0.4695 0.0062 0.0007 0.0006 0.5231 
         030 182 0.5611 0.0001 0.0001 0.0001 0.4386 
          10 183 0.0004 0.0010 0.0026 0.9955 0.0004 
          11 183 0.0001 0.0003 0.0703 0.9247 0.0046 
          12 183 0.0004 0.0014 0.0056 0.9922 0.0004 
          13 183 0.0087 0.0007 0.0004 0.9661 0.0241 
          14 183 0.0003 0.0226 0.0100 0.9668 0.0003 
          15 183 0.0015 0.0005 0.0444 0.9476 0.0059 
          16 183 0.0437 0.0042 0.0016 0.9421 0.0084 
          17 183 0.0016 0.0004 0.0022 0.9955 0.0003 
          18 183 0.0003 0.0006 0.0013 0.9974 0.0004 
          19 183 0.0002 0.0003 0.0010 0.9982 0.0002 
          20 183 0.0017 0.0007 0.0006 0.9697 0.0272 
          21 183 0.0006 0.0001 0.0119 0.9860 0.0013 
          22 183 0.0010 0.0030 0.0275 0.9642 0.0043 
          23 183 0.0175 0.0067 0.0005 0.9745 0.0007 
          24 183 0.0002 0.0005 0.0186 0.9803 0.0003 
          25 183 0.0007 0.0011 0.0095 0.9870 0.0018 
          26 183 0.0016 0.0006 0.0007 0.9946 0.0025 
          27 183 0.0005 0.0001 0.0093 0.9397 0.0504 
          28 183 0.0003 0.0004 0.0227 0.9718 0.0047 
          29 183 0.3972 0.0003 0.0221 0.2851 0.2952 
          30 183 0.3949 0.0007 0.0635 0.1015 0.4394 
          31 183 0.0012 0.0004 0.0069 0.9911 0.0004 
          32 183 0.0003 0.0010 0.0003 0.9981 0.0003 
          33 183 0.0006 0.0018 0.0013 0.9863 0.0100 
          34 183 0.0001 0.0017 0.0227 0.9747 0.0007 
          35 183 0.0020 0.0006 0.0113 0.9788 0.0072 
          36 183 0.0004 0.0011 0.0046 0.9936 0.0003 
          37 183 0.3859 0.0008 0.0217 0.1751 0.4166 
          54 183 0.0082 0.0003 0.0022 0.9509 0.0385 
          55 183 0.0021 0.0056 0.0661 0.8202 0.1060 
           6 183 0.0007 0.0011 0.0007 0.9825 0.0150 
           7 183 0.0146 0.0003 0.0049 0.8883 0.0919 
           8 183 0.0054 0.0018 0.0030 0.9723 0.0175 
           9 183 0.0028 0.0018 0.0145 0.9799 0.0011 
           4 184 0.0019 0.0004 0.0008 0.9958 0.0010 
           9 184 0.0005 0.0031 0.0004 0.9951 0.0009 
          12 184 0.0307 0.0003 0.0001 0.9681 0.0008 
          14 184 0.0008 0.0009 0.0056 0.9919 0.0009 
          15 184 0.0004 0.0007 0.0022 0.9964 0.0003 
          16 184 0.0035 0.0026 0.0013 0.9923 0.0004 
          17 184 0.0051 0.0020 0.0010 0.9913 0.0007 
          18 184 0.0012 0.0003 0.0013 0.8981 0.0991 
          22 184 0.0004 0.0007 0.0004 0.9981 0.0004 
          25 184 0.0006 0.0008 0.0007 0.9880 0.0100 
          26 184 0.0020 0.0218 0.0020 0.9738 0.0004 
          27 184 0.0025 0.0003 0.0002 0.9966 0.0003 
          28 184 0.0005 0.0004 0.0006 0.9981 0.0004 
          29 184 0.0004 0.0002 0.0005 0.9987 0.0002 
          31 184 0.0015 0.0005 0.0006 0.9962 0.0013 
          32 184 0.0021 0.0007 0.0024 0.9935 0.0012 
          33 184 0.0004 0.0015 0.0016 0.9952 0.0013 
          34 184 0.0005 0.0004 0.0006 0.9982 0.0003 
          36 184 0.0716 0.0002 0.0003 0.5804 0.3475 
          37 184 0.0007 0.0012 0.0004 0.9942 0.0035 
          39 184 0.0087 0.0006 0.0132 0.9744 0.0030 
          40 184 0.0021 0.0008 0.0029 0.9923 0.0019 
          41 184 0.0004 0.0005 0.0018 0.9812 0.0161 
          42 184 0.0010 0.0046 0.0003 0.9933 0.0007 
          43 184 0.0004 0.0006 0.0007 0.9977 0.0005 
          44 184 0.0009 0.0003 0.0029 0.9136 0.0823 
          45 184 0.0003 0.0018 0.0005 0.9971 0.0003 
          46 184 0.0104 0.0010 0.0004 0.9877 0.0005 
          47 184 0.0002 0.0002 0.0005 0.9988 0.0002 
          48 184 0.0007 0.0004 0.0020 0.9967 0.0002 
          52 184 0.0019 0.0007 0.0004 0.9149 0.0821 
          54 184 0.0003 0.0016 0.0002 0.9969 0.0010 
          57 184 0.0014 0.0006 0.0004 0.9970 0.0006 
          58 184 0.0008 0.0005 0.0008 0.9966 0.0012 
          59 184 0.0423 0.0002 0.0007 0.9495 0.0074 
          60 184 0.0003 0.0023 0.0103 0.9860 0.0012 
           3 185 0.0032 0.0009 0.0078 0.9694 0.0187 
           4 185 0.0011 0.0009 0.0017 0.9958 0.0004 
           5 185 0.0016 0.0062 0.0004 0.9912 0.0005 
           6 185 0.0004 0.0006 0.0005 0.9973 0.0011 
           7 185 0.0010 0.0023 0.0003 0.8970 0.0994 
           8 185 0.0270 0.0003 0.0012 0.9385 0.0330 
           9 185 0.0009 0.0005 0.0023 0.9950 0.0012 
          10 185 0.0008 0.0015 0.0038 0.9925 0.0015 
          11 185 0.0191 0.0009 0.0018 0.9585 0.0197 
          12 185 0.0054 0.0011 0.0010 0.8957 0.0969 
          13 185 0.0007 0.0005 0.0004 0.9978 0.0006 
          14 185 0.0023 0.0008 0.0006 0.9960 0.0003 
          15 185 0.0003 0.0442 0.2348 0.6999 0.0208 
          16 185 0.0005 0.0007 0.0013 0.9961 0.0014 
          17 185 0.0009 0.0011 0.0517 0.9455 0.0009 
          18 185 0.0002 0.0028 0.0006 0.9947 0.0017 
          19 185 0.0002 0.0006 0.0168 0.9821 0.0003 
          20 185 0.0420 0.0003 0.0006 0.8648 0.0923 
          21 185 0.0011 0.0014 0.0084 0.9854 0.0037 
          22 185 0.0007 0.0004 0.0515 0.9438 0.0036 
          23 185 0.0003 0.0004 0.0011 0.9127 0.0854 
          24 185 0.0037 0.0003 0.0005 0.9954 0.0002 
          25 185 0.0021 0.0002 0.0050 0.9209 0.0719 
          26 185 0.0033 0.0009 0.0011 0.9939 0.0008 
          27 185 0.0003 0.0020 0.0010 0.9960 0.0007 
          28 185 0.0004 0.0004 0.0002 0.9975 0.0016 
          29 185 0.0050 0.0124 0.0514 0.8080 0.1233 
          30 185 0.0062 0.0005 0.0010 0.9905 0.0018 
          31 185 0.0006 0.0002 0.0005 0.9830 0.0156 
          32 185 0.0041 0.0011 0.0003 0.9932 0.0013 
          33 185 0.0045 0.0006 0.0005 0.9905 0.0039 
          34 185 0.0014 0.0003 0.0018 0.9962 0.0003 
          35 185 0.0008 0.0424 0.0009 0.9548 0.0011 
          36 185 0.0010 0.0014 0.0007 0.9962 0.0008 
          37 185 0.0101 0.0004 0.0005 0.9818 0.0072 
          38 185 0.0389 0.0004 0.0003 0.9014 0.0590 
          39 185 0.0003 0.0003 0.0021 0.8926 0.1048 
          40 185 0.0009 0.0010 0.0012 0.9965 0.0004 
          41 185 0.0003 0.0016 0.0010 0.9960 0.0011 
          42 185 0.0011 0.0005 0.0004 0.9977 0.0003 
           5 186 0.0005 0.0064 0.0004 0.9919 0.0009 
           6 186 0.0004 0.0031 0.0004 0.9939 0.0022 
           7 186 0.0089 0.0004 0.0004 0.9899 0.0004 
           9 186 0.0010 0.0008 0.0012 0.8944 0.1026 
          10 186 0.0192 0.0018 0.0009 0.9654 0.0127 
          11 186 0.0020 0.0005 0.0007 0.9955 0.0013 
          12 186 0.0008 0.0008 0.0003 0.9968 0.0013 
          29 186 0.0024 0.0004 0.0122 0.9844 0.0007 
          30 186 0.0003 0.0028 0.0010 0.9956 0.0003 
          31 186 0.0077 0.0136 0.1621 0.7812 0.0354 
          32 186 0.0008 0.0005 0.0240 0.8964 0.0783 
          33 186 0.0002 0.0006 0.0047 0.9938 0.0007 
          34 186 0.0126 0.0176 0.0043 0.9621 0.0033 
          35 186 0.0006 0.0004 0.0006 0.9981 0.0002 
          36 186 0.0003 0.0004 0.0012 0.9951 0.0030 
          37 186 0.0084 0.0003 0.0006 0.9832 0.0074 
          38 186 0.0097 0.0008 0.0135 0.9723 0.0037 
          39 186 0.0004 0.0017 0.0004 0.9969 0.0005 
          40 186 0.0004 0.0004 0.0007 0.9978 0.0006 
          41 186 0.0097 0.0019 0.0004 0.9871 0.0008 
          42 186 0.0004 0.0005 0.0004 0.9977 0.0010 
          43 186 0.0024 0.0025 0.0008 0.9890 0.0053 
          44 186 0.0003 0.0034 0.0019 0.9941 0.0003 
          45 186 0.0003 0.0007 0.0006 0.9979 0.0005 
          46 186 0.0007 0.0096 0.0006 0.9888 0.0004 
          47 186 0.0007 0.0003 0.0011 0.9896 0.0082 
          48 186 0.0002 0.0009 0.0007 0.9967 0.0015 
          49 186 0.0004 0.0005 0.0002 0.9986 0.0003 
          50 186 0.0020 0.0004 0.0016 0.9860 0.0099 
          51 186 0.0003 0.0011 0.0004 0.9978 0.0003 
          52 186 0.0006 0.0023 0.0009 0.9956 0.0006 
          53 186 0.0006 0.0004 0.0020 0.9966 0.0004 
          54 186 0.0004 0.0039 0.0009 0.9940 0.0008 
          55 186 0.0005 0.0046 0.0008 0.9905 0.0036 
          56 186 0.0025 0.0003 0.0005 0.9958 0.0008 
          57 186 0.0003 0.0076 0.0717 0.9041 0.0163 
          58 186 0.0006 0.0009 0.0003 0.9977 0.0005 
          59 186 0.0064 0.0004 0.0006 0.9917 0.0009 
          60 186 0.0004 0.0016 0.0021 0.9957 0.0002 
           1 187 0.0019 0.0013 0.0029 0.9698 0.0241 
           2 187 0.0008 0.0005 0.0013 0.9928 0.0046 
           3 187 0.0017 0.0013 0.0136 0.9655 0.0179 
           4 187 0.0032 0.0006 0.0032 0.8814 0.1116 
           5 187 0.0003 0.0032 0.0006 0.9949 0.0009 
           6 187 0.0013 0.0049 0.0005 0.9913 0.0019 
           7 187 0.0080 0.0068 0.0007 0.8471 0.1373 
           8 187 0.0010 0.0025 0.0007 0.9948 0.0010 
           9 187 0.0003 0.0003 0.0007 0.9984 0.0003 
          10 187 0.0162 0.0009 0.0008 0.9778 0.0044 
          11 187 0.0058 0.0004 0.0002 0.9934 0.0003 
          12 187 0.0007 0.0003 0.0005 0.9981 0.0004 
          13 187 0.0004 0.0008 0.0015 0.9800 0.0173 
          14 187 0.0010 0.0013 0.0012 0.9957 0.0008 
          15 187 0.0035 0.0068 0.0003 0.9885 0.0009 
          16 187 0.0020 0.0021 0.0018 0.9818 0.0123 
          17 187 0.0003 0.0003 0.0048 0.9071 0.0874 
          18 187 0.0005 0.0005 0.0008 0.9968 0.0014 
          19 187 0.0006 0.0014 0.0004 0.9972 0.0004 
          20 187 0.0004 0.0067 0.0008 0.9913 0.0009 
          21 187 0.0256 0.0030 0.0031 0.9046 0.0637 
          22 187 0.0018 0.0005 0.0031 0.9940 0.0006 
          23 187 0.0002 0.0004 0.0006 0.9984 0.0004 
          24 187 0.0311 0.0006 0.0015 0.9103 0.0564 
          25 187 0.0009 0.0045 0.0021 0.9918 0.0007 
          26 187 0.0003 0.0010 0.0033 0.9950 0.0004 
          27 187 0.0003 0.0004 0.0005 0.9984 0.0005 
          28 187 0.0287 0.0013 0.0031 0.9666 0.0004 
          29 187 0.0035 0.0005 0.0010 0.9930 0.0019 
          30 187 0.0016 0.0007 0.0389 0.9581 0.0007 
          32 187 0.0568 0.0006 0.0002 0.9232 0.0192 
          33 187 0.0052 0.0003 0.0008 0.9871 0.0067 
          34 187 0.0004 0.0026 0.0005 0.9945 0.0020 
          35 187 0.0010 0.0021 0.0054 0.9753 0.0161 
          36 187 0.0005 0.0010 0.0013 0.9967 0.0005 
          37 187 0.0020 0.0008 0.0067 0.9885 0.0020 
          38 187 0.0019 0.0315 0.0569 0.8134 0.0963 
           1 188 0.0032 0.0004 0.0009 0.9931 0.0024 
           2 188 0.0081 0.0019 0.0006 0.9850 0.0043 
           3 188 0.0038 0.0041 0.0008 0.9525 0.0389 
           4 188 0.0078 0.0084 0.0005 0.9505 0.0328 
           5 188 0.0019 0.0014 0.0026 0.9933 0.0008 
           6 188 0.0003 0.0004 0.0011 0.9977 0.0005 
           7 188 0.0003 0.0008 0.0005 0.9981 0.0003 
           8 188 0.0242 0.0008 0.0002 0.9677 0.0071 
           9 188 0.0005 0.0192 0.0005 0.9786 0.0012 
          10 188 0.0005 0.0005 0.0016 0.9752 0.0222 
          11 188 0.0007 0.0014 0.0003 0.9974 0.0002 
          12 188 0.0013 0.0011 0.0462 0.9510 0.0004 
          13 188 0.0085 0.0007 0.0106 0.8913 0.0890 
          14 188 0.0039 0.0003 0.0029 0.9204 0.0724 
          15 188 0.0003 0.0018 0.0003 0.9970 0.0005 
          16 188 0.0008 0.0004 0.0005 0.9427 0.0556 
          17 188 0.0011 0.0004 0.0011 0.9963 0.0011 
          18 188 0.0006 0.0004 0.0430 0.9533 0.0026 
          19 188 0.0006 0.0008 0.0025 0.9934 0.0026 
          20 188 0.0036 0.0016 0.0063 0.8644 0.1240 
          21 188 0.0006 0.0030 0.0051 0.9785 0.0128 
          22 188 0.0036 0.0058 0.0097 0.9802 0.0007 
          23 188 0.0023 0.0003 0.0487 0.9470 0.0017 
          24 188 0.0002 0.0006 0.0350 0.9640 0.0003 
          25 188 0.0005 0.0035 0.0485 0.9468 0.0008 
          26 188 0.0019 0.0006 0.0010 0.9167 0.0798 
          27 188 0.0523 0.0005 0.0011 0.9449 0.0012 
          28 188 0.0011 0.0006 0.0004 0.9969 0.0011 
          29 188 0.0004 0.0012 0.0014 0.9016 0.0955 
          30 188 0.0057 0.0006 0.0011 0.9101 0.0825 
          31 188 0.0008 0.0010 0.0038 0.9914 0.0030 
          32 188 0.0004 0.0005 0.0005 0.9977 0.0009 
          33 188 0.0003 0.0002 0.0042 0.9918 0.0035 
          34 188 0.0012 0.0006 0.0056 0.9922 0.0004 
          35 188 0.0012 0.0045 0.0497 0.9275 0.0170 
          36 188 0.0572 0.0025 0.0010 0.8789 0.0605 
          37 188 0.0006 0.0012 0.0004 0.9972 0.0007 
          38 188 0.0559 0.0012 0.0007 0.9296 0.0126 
          39 188 0.0003 0.0035 0.0013 0.9314 0.0634 
          40 188 0.0018 0.0004 0.0005 0.9968 0.0005 
           7 189 0.0025 0.0004 0.0004 0.9954 0.0012 
           8 189 0.0083 0.0003 0.0005 0.9904 0.0005 
           9 189 0.0032 0.0005 0.0020 0.9932 0.0011 
          10 189 0.0068 0.0003 0.0003 0.9917 0.0009 
          11 189 0.0018 0.0202 0.0041 0.9734 0.0005 
          12 189 0.0120 0.0007 0.0008 0.9404 0.0462 
          13 189 0.0004 0.0011 0.0019 0.9962 0.0004 
          14 189 0.0060 0.0003 0.0057 0.9684 0.0196 
          16 189 0.0017 0.0036 0.0040 0.8301 0.1607 
          17 189 0.0003 0.0011 0.0009 0.9972 0.0006 
          18 189 0.0049 0.0007 0.0015 0.9529 0.0400 
          19 189 0.0026 0.0022 0.0072 0.9876 0.0005 
          20 189 0.0088 0.0004 0.0005 0.9442 0.0462 
          21 189 0.0032 0.0005 0.0010 0.9917 0.0035 
          23 189 0.0006 0.0011 0.0020 0.9958 0.0005 
          24 189 0.0442 0.0014 0.0007 0.9527 0.0010 
          25 189 0.0012 0.0007 0.0017 0.9909 0.0054 
          26 189 0.0067 0.0020 0.0013 0.9837 0.0063 
          27 189 0.0006 0.0036 0.0031 0.9916 0.0011 
          28 189 0.0003 0.0015 0.0004 0.9976 0.0002 
          29 189 0.0103 0.0006 0.0012 0.9874 0.0005 
          30 189 0.0027 0.0012 0.0155 0.9800 0.0006 
          31 189 0.0007 0.0003 0.0040 0.9948 0.0003 
          32 189 0.0340 0.0016 0.0002 0.9432 0.0209 
          33 189 0.0010 0.0017 0.0076 0.9892 0.0005 
          34 189 0.0002 0.0032 0.0003 0.9956 0.0007 
          35 189 0.0004 0.0004 0.0007 0.9982 0.0003 
          36 189 0.0090 0.0004 0.0009 0.9735 0.0162 
          37 189 0.0004 0.0012 0.0045 0.9935 0.0004 
          38 189 0.0005 0.0037 0.0022 0.9672 0.0265 
          39 189 0.0275 0.0005 0.0008 0.9706 0.0006 
          40 189 0.0022 0.0008 0.0009 0.8419 0.1542 
          41 189 0.0055 0.0003 0.0046 0.9839 0.0058 
          42 189 0.0036 0.0237 0.0056 0.7895 0.1776 
          43 189 0.0003 0.0012 0.0006 0.9937 0.0042 
           1 190 0.0015 0.0009 0.0008 0.8671 0.1297 
           3 190 0.0003 0.0010 0.0132 0.9819 0.0038 
           4 190 0.0004 0.0014 0.0006 0.9967 0.0009 
           5 190 0.0007 0.0004 0.0008 0.9720 0.0261 
           6 190 0.0007 0.0009 0.0008 0.9971 0.0005 
           7 190 0.0009 0.0002 0.0020 0.9963 0.0005 
           8 190 0.0043 0.0011 0.0352 0.9556 0.0038 
           9 190 0.1150 0.0119 0.0901 0.5213 0.2617 
          10 190 0.0004 0.0007 0.0005 0.9969 0.0015 
          11 190 0.0097 0.0191 0.0004 0.9661 0.0047 
          12 190 0.0008 0.0016 0.0012 0.9960 0.0004 
          13 190 0.0007 0.0009 0.0004 0.9969 0.0011 
          14 190 0.0014 0.0040 0.0005 0.9934 0.0008 
          15 190 0.0007 0.0307 0.0024 0.9512 0.0150 
          16 190 0.0025 0.0003 0.0006 0.9953 0.0013 
          17 190 0.0049 0.0048 0.0008 0.9887 0.0007 
          18 190 0.0017 0.0004 0.0034 0.9615 0.0330 
          19 190 0.0006 0.0007 0.0012 0.9968 0.0006 
          20 190 0.0005 0.0007 0.0084 0.9899 0.0005 
          22 190 0.0419 0.0008 0.0004 0.8694 0.0875 
          23 190 0.0074 0.0007 0.0008 0.9902 0.0009 
          24 190 0.0006 0.0004 0.0006 0.9231 0.0754 
          25 190 0.0017 0.0007 0.0004 0.9954 0.0019 
          26 190 0.0004 0.0015 0.0014 0.9964 0.0003 
          27 190 0.0003 0.0159 0.0010 0.9791 0.0037 
          28 190 0.0016 0.0053 0.0006 0.9895 0.0030 
          29 190 0.0052 0.0003 0.0003 0.9889 0.0053 
          31 190 0.0290 0.0005 0.0004 0.9626 0.0075 
           7 191 0.0003 0.0002 0.0006 0.9984 0.0005 
           8 191 0.0035 0.0004 0.0007 0.9948 0.0006 
           9 191 0.0006 0.0004 0.0005 0.9982 0.0004 
          10 191 0.0005 0.0004 0.0047 0.9935 0.0010 
          11 191 0.0053 0.0006 0.0004 0.9928 0.0009 
          12 191 0.0006 0.0727 0.0004 0.8950 0.0313 
          13 191 0.0008 0.0007 0.0008 0.9954 0.0022 
          14 191 0.0041 0.0013 0.0004 0.9912 0.0030 
          15 191 0.0006 0.0010 0.0024 0.9173 0.0787 
          16 191 0.0011 0.0009 0.0032 0.9941 0.0007 
          17 191 0.0164 0.0014 0.0452 0.8929 0.0441 
          18 191 0.0038 0.0008 0.0005 0.9945 0.0004 
          19 191 0.0104 0.0018 0.0056 0.9763 0.0060 
          20 191 0.0034 0.0002 0.0014 0.9863 0.0086 
          21 191 0.0010 0.0041 0.0294 0.9333 0.0322 
          22 191 0.0014 0.0004 0.0005 0.9969 0.0008 
          23 191 0.0004 0.0005 0.0008 0.9916 0.0067 
          24 191 0.0006 0.0004 0.0004 0.9973 0.0013 
          25 191 0.0022 0.0009 0.0007 0.9786 0.0176 
          26 191 0.0112 0.0009 0.0028 0.8880 0.0971 
          27 191 0.0006 0.0007 0.0006 0.9974 0.0008 
          28 191 0.0027 0.0005 0.0036 0.9927 0.0005 
          29 191 0.0008 0.0004 0.0166 0.9814 0.0007 
          30 191 0.0002 0.0006 0.0003 0.9980 0.0008 
          39 191 0.0025 0.0174 0.0005 0.9788 0.0008 
          40 191 0.0011 0.0006 0.0002 0.9975 0.0006 
          41 191 0.0008 0.0006 0.0036 0.9343 0.0607 
          42 191 0.0004 0.0005 0.0004 0.9983 0.0004 
          43 191 0.0005 0.0009 0.0010 0.9431 0.0546 
          44 191 0.0056 0.0001 0.0062 0.9850 0.0030 
          45 191 0.0014 0.0051 0.0025 0.9906 0.0004 
          46 191 0.0010 0.0005 0.0107 0.8585 0.1292 
          47 191 0.0018 0.0009 0.0015 0.9907 0.0051 
          48 191 0.0011 0.0035 0.0010 0.9940 0.0004 
          49 191 0.0075 0.0045 0.0114 0.9752 0.0015 
          50 191 0.0010 0.0006 0.0009 0.9967 0.0009 
           9 192 0.0004 0.0004 0.0002 0.9987 0.0003 
          10 192 0.0016 0.0020 0.0003 0.9948 0.0014 
          11 192 0.0002 0.0007 0.0053 0.9532 0.0406 
          12 192 0.0008 0.0005 0.0005 0.9966 0.0016 
          13 192 0.0354 0.0008 0.0006 0.9087 0.0545 
          14 192 0.0009 0.0005 0.0678 0.9246 0.0062 
          15 192 0.0010 0.0021 0.0016 0.9949 0.0003 
          16 192 0.0094 0.0004 0.0007 0.9890 0.0006 
          17 192 0.0139 0.0069 0.0011 0.9721 0.0061 
          18 192 0.0004 0.0006 0.0010 0.9928 0.0052 
          19 192 0.0041 0.0018 0.0004 0.9924 0.0013 
          20 192 0.0004 0.0248 0.0009 0.9524 0.0215 
          21 192 0.0004 0.0079 0.0004 0.9910 0.0003 
          22 192 0.0108 0.0018 0.0132 0.9704 0.0039 
          23 192 0.0008 0.0011 0.0053 0.8894 0.1033 
          24 192 0.0032 0.0026 0.0005 0.9933 0.0005 
          33 192 0.0007 0.0135 0.0006 0.9118 0.0734 
          35 192 0.0008 0.0069 0.0014 0.9906 0.0004 
          36 192 0.0005 0.0008 0.0005 0.9976 0.0006 
          37 192 0.0006 0.0006 0.0008 0.9976 0.0005 
          38 192 0.0026 0.0003 0.0006 0.9578 0.0388 
          39 192 0.0011 0.0005 0.0005 0.9969 0.0009 
          40 192 0.0026 0.0002 0.0007 0.9215 0.0751 
          41 192 0.0104 0.0002 0.0011 0.9474 0.0409 
          42 192 0.0029 0.0003 0.0041 0.9540 0.0388 
          43 192 0.0011 0.0032 0.0022 0.9932 0.0003 
          45 192 0.0004 0.0028 0.0008 0.9956 0.0004 
          46 192 0.0035 0.0216 0.0015 0.9726 0.0008 
          47 192 0.0009 0.0002 0.0005 0.9975 0.0009 
          48 192 0.0006 0.0002 0.0009 0.9979 0.0004 
          49 192 0.0492 0.0054 0.0007 0.9400 0.0046 
          50 192 0.0005 0.0007 0.0005 0.9977 0.0007 
