        001s  1 0.0013 0.9987 
        002s  1 0.0047 0.9953 
        003s  1 0.0075 0.9925 
        004s  1 0.0560 0.9440 
        005s  1 0.4292 0.5708 
        006s  1 0.0018 0.9982 
        007s  1 0.0034 0.9966 
        008s  1 0.0086 0.9914 
        009s  1 0.0779 0.9221 
        010s  1 0.0107 0.9893 
        011s  1 0.0069 0.9931 
        012s  1 0.1351 0.8649 
        013s  1 0.0447 0.9553 
        014s  1 0.0392 0.9608 
        015s  1 0.0015 0.9985 
        016s  1 0.0043 0.9957 
        018s  1 0.1412 0.8588 
        019s  1 0.0099 0.9901 
        020s  1 0.0012 0.9988 
        021s  1 0.0029 0.9971 
        022s  1 0.0008 0.9992 
        023s  1 0.0013 0.9987 
        024s  1 0.0035 0.9965 
        025s  1 0.0185 0.9815 
        026s  1 0.0029 0.9971 
        027s  1 0.0212 0.9788 
        028s  1 0.1128 0.8872 
        029s  1 0.0022 0.9978 
        030s  1 0.0080 0.9920 
        031s  1 0.0010 0.9990 
        032s  1 0.0018 0.9982 
        033s  1 0.0110 0.9890 
        034s  1 0.0063 0.9937 
        035s  1 0.0063 0.9937 
        036s  1 0.0802 0.9198 
        037s  1 0.1389 0.8611 
        038s  1 0.0035 0.9965 
        039s  1 0.0088 0.9912 
        040s  1 0.0064 0.9936 
        041s  1 0.0035 0.9965 
        042s  1 0.0732 0.9268 
        043s  1 0.0314 0.9686 
        044s  1 0.1162 0.8838 
        045s  1 0.0115 0.9885 
        046s  1 0.0025 0.9975 
        047s  1 0.0014 0.9986 
        048s  1 0.0126 0.9874 
        049s  1 0.0027 0.9973 
        050s  1 0.1020 0.8980 
        051s  1 0.0014 0.9986 
        052s  1 0.0405 0.9595 
        053s  1 0.0028 0.9972 
        054s  1 0.0019 0.9981 
        055s  1 0.1021 0.8979 
          01  2 0.1220 0.8780 
          02  2 0.0337 0.9663 
          03  2 0.0036 0.9964 
          04  2 0.0465 0.9535 
          05  2 0.0978 0.9022 
          06  2 0.0463 0.9537 
          07  2 0.0274 0.9726 
          08  2 0.0568 0.9432 
          09  2 0.0011 0.9989 
          10  2 0.0034 0.9966 
          11  2 0.0137 0.9863 
          12  2 0.0027 0.9973 
          13  2 0.0014 0.9986 
          14  2 0.0036 0.9964 
          15  2 0.0017 0.9983 
          16  2 0.0545 0.9455 
          17  2 0.0064 0.9936 
          18  2 0.0443 0.9557 
          19  2 0.0019 0.9981 
          20  2 0.0786 0.9214 
          21  2 0.0024 0.9976 
          22  2 0.0152 0.9848 
          23  2 0.0062 0.9938 
          24  2 0.0016 0.9984 
          25  2 0.0501 0.9499 
          26  2 0.0021 0.9979 
          27  2 0.0264 0.9736 
          28  2 0.0014 0.9986 
          29  2 0.0026 0.9974 
          30  2 0.1515 0.8485 
          01  3 0.6271 0.3729 
          02  3 0.7966 0.2034 
          03  3 0.6145 0.3855 
          04  3 0.7934 0.2066 
          05  3 0.7718 0.2282 
          06  3 0.9086 0.0914 
          07  3 0.5978 0.4022 
          08  3 0.6795 0.3205 
          09  3 0.6650 0.3350 
          10  3 0.6241 0.3759 
          11  3 0.6938 0.3062 
          12  3 0.7062 0.2938 
          13  3 0.9631 0.0369 
          14  3 0.7751 0.2249 
          15  3 0.6360 0.3640 
          16  3 0.9153 0.0847 
          17  3 0.5625 0.4375 
          18  3 0.5524 0.4476 
          19  3 0.8257 0.1743 
          20  3 0.7520 0.2480 
          21  3 0.7402 0.2598 
          22  3 0.6797 0.3203 
          23  3 0.7490 0.2510 
          24  3 0.7536 0.2464 
          25  3 0.6559 0.3441 
          26  3 0.7530 0.2470 
          27  3 0.6294 0.3706 
          28  3 0.8917 0.1083 
          29  3 0.8044 0.1956 
          30  3 0.6682 0.3318 
         001  4 0.9169 0.0831 
         002  4 0.8630 0.1370 
         003  4 0.8751 0.1249 
         004  4 0.9779 0.0221 
         005  4 0.8864 0.1136 
         006  4 0.8833 0.1167 
         007  4 0.8293 0.1707 
         008  4 0.8274 0.1726 
         009  4 0.9172 0.0828 
         010  4 0.9986 0.0014 
         011  4 0.8413 0.1587 
         012  4 0.8614 0.1386 
         013  4 0.9488 0.0512 
         014  4 0.8735 0.1265 
         015  4 0.9981 0.0019 
         016  4 0.9486 0.0514 
         017  4 0.9059 0.0941 
         019  4 0.9032 0.0968 
         020  4 0.8443 0.1557 
         021  4 0.8897 0.1103 
         001  5 0.8481 0.1519 
         002  5 0.7923 0.2077 
         003  5 0.7028 0.2972 
         004  5 0.7772 0.2228 
         005  5 0.8673 0.1327 
         006  5 0.8911 0.1089 
         007  5 0.9139 0.0861 
         008  5 0.9199 0.0801 
         009  5 0.7778 0.2222 
         010  5 0.8567 0.1433 
         011  5 0.8506 0.1494 
         012  5 0.8328 0.1672 
         013  5 0.6832 0.3168 
         014  5 0.6746 0.3254 
         015  5 0.9281 0.0719 
         016  5 0.8781 0.1219 
         017  5 0.8115 0.1885 
         018  5 0.7706 0.2294 
         019  5 0.8508 0.1492 
         020  5 0.8651 0.1349 
         021  5 0.6811 0.3189 
         022  5 0.7698 0.2302 
         023  5 0.9269 0.0731 
         024  5 0.7749 0.2251 
         025  5 0.8150 0.1850 
         026  5 0.7144 0.2856 
         027  5 0.9004 0.0996 
         028  5 0.8178 0.1822 
         029  5 0.8758 0.1242 
         030  5 0.8281 0.1719 
        001s  6 0.0362 0.9638 
        002s  6 0.0306 0.9694 
        003s  6 0.0097 0.9903 
        004s  6 0.0012 0.9988 
        006s  6 0.0963 0.9037 
        007s  6 0.0030 0.9970 
        008s  6 0.0043 0.9957 
        009s  6 0.0011 0.9989 
        010s  6 0.0449 0.9551 
        011s  6 0.0042 0.9958 
        012s  6 0.0045 0.9955 
        013s  6 0.0029 0.9971 
        014s  6 0.0570 0.9430 
        015s  6 0.0420 0.9580 
        016s  6 0.0020 0.9980 
        018s  6 0.2414 0.7586 
        019s  6 0.0285 0.9715 
        020s  6 0.0013 0.9987 
        021s  6 0.0251 0.9749 
        022s  6 0.0018 0.9982 
        023s  6 0.0129 0.9871 
        024s  6 0.0399 0.9601 
        025s  6 0.0092 0.9908 
        026s  6 0.0017 0.9983 
        027s  6 0.0021 0.9979 
        028s  6 0.0613 0.9387 
        029s  6 0.0012 0.9988 
        030s  6 0.0664 0.9336 
        031s  6 0.0096 0.9904 
        032s  6 0.0201 0.9799 
        033s  6 0.0474 0.9526 
        034s  6 0.0075 0.9925 
        035s  6 0.1187 0.8813 
        036s  6 0.0086 0.9914 
        037s  6 0.0031 0.9969 
        038s  6 0.0019 0.9981 
        039s  6 0.0010 0.9990 
        040s  6 0.0021 0.9979 
        041s  6 0.0046 0.9954 
        042s  6 0.0186 0.9814 
        043s  6 0.0030 0.9970 
        044s  6 0.0021 0.9979 
        045s  6 0.0042 0.9958 
        001s  7 0.0027 0.9973 
        002s  7 0.0237 0.9763 
        003s  7 0.0070 0.9930 
        004s  7 0.0077 0.9923 
        005s  7 0.0273 0.9727 
        006s  7 0.0568 0.9432 
        007s  7 0.0296 0.9704 
        008s  7 0.0078 0.9922 
        009s  7 0.0115 0.9885 
        010s  7 0.0018 0.9982 
        011s  7 0.0016 0.9984 
        012s  7 0.0015 0.9985 
        013s  7 0.0039 0.9961 
        014s  7 0.0189 0.9811 
        015s  7 0.0225 0.9775 
        016s  7 0.0644 0.9356 
        017s  7 0.0032 0.9968 
        018s  7 0.0043 0.9957 
        019s  7 0.0075 0.9925 
        020s  7 0.0027 0.9973 
        021s  7 0.0033 0.9967 
        022s  7 0.0106 0.9894 
        023s  7 0.0211 0.9789 
        024s  7 0.0029 0.9971 
        025s  7 0.0074 0.9926 
        026s  7 0.0020 0.9980 
        027s  7 0.0047 0.9953 
        028s  7 0.0078 0.9922 
        029s  7 0.0118 0.9882 
        030s  7 0.0013 0.9987 
        031s  7 0.0075 0.9925 
        032s  7 0.0704 0.9296 
        033s  7 0.0328 0.9672 
        034s  7 0.0446 0.9554 
        035s  7 0.0010 0.9990 
        036s  7 0.0039 0.9961 
        037s  7 0.0822 0.9178 
        038s  7 0.0105 0.9895 
        039s  7 0.0009 0.9991 
        040s  7 0.0700 0.9300 
        041s  7 0.0168 0.9832 
        042s  7 0.0063 0.9937 
        043s  7 0.0014 0.9986 
        044s  7 0.0888 0.9112 
         003  8 0.0117 0.9883 
         009  8 0.0029 0.9971 
         010  8 0.0009 0.9991 
         017  8 0.0022 0.9978 
         002  9 0.0013 0.9987 
         003  9 0.0007 0.9993 
         004  9 0.0008 0.9992 
         005  9 0.0017 0.9983 
         006  9 0.0030 0.9970 
         007  9 0.0026 0.9974 
         009  9 0.0015 0.9985 
         010  9 0.0009 0.9991 
         013  9 0.0029 0.9971 
         014  9 0.0009 0.9991 
         016  9 0.0006 0.9994 
         018  9 0.0031 0.9969 
         019  9 0.0023 0.9977 
         020  9 0.0010 0.9990 
         021  9 0.0009 0.9991 
         022  9 0.0010 0.9990 
         024  9 0.0017 0.9983 
         028  9 0.0018 0.9982 
         029  9 0.0010 0.9990 
         030  9 0.0009 0.9991 
         031  9 0.0024 0.9976 
         033  9 0.0042 0.9958 
         001 10 0.0012 0.9988 
         002 10 0.0007 0.9993 
         003 10 0.0014 0.9986 
         004 10 0.0010 0.9990 
         005 10 0.0012 0.9988 
         006 10 0.0025 0.9975 
         007 10 0.0015 0.9985 
         008 10 0.0022 0.9978 
         009 10 0.0026 0.9974 
         010 10 0.0015 0.9985 
         011 10 0.0026 0.9974 
         012 10 0.0028 0.9972 
         013 10 0.0018 0.9982 
         014 10 0.0021 0.9979 
         016 10 0.0023 0.9977 
         017 10 0.0022 0.9978 
         018 10 0.0063 0.9937 
         019 10 0.0012 0.9988 
         020 10 0.0037 0.9963 
         021 10 0.0013 0.9987 
         022 10 0.0012 0.9988 
         023 10 0.0012 0.9988 
         024 10 0.0007 0.9993 
         026 10 0.0013 0.9987 
        001s 11 0.0725 0.9275 
        002s 11 0.0053 0.9947 
        003s 11 0.0056 0.9944 
        004s 11 0.0022 0.9978 
        005s 11 0.0036 0.9964 
        006s 11 0.0190 0.9810 
        007s 11 0.0698 0.9302 
        008s 11 0.0013 0.9987 
        009s 11 0.0011 0.9989 
        010s 11 0.0024 0.9976 
        011s 11 0.1209 0.8791 
        012s 11 0.0799 0.9201 
        013s 11 0.0027 0.9973 
        014s 11 0.0305 0.9695 
        015s 11 0.0091 0.9909 
        016s 11 0.0275 0.9725 
        017s 11 0.0718 0.9282 
        018s 11 0.0117 0.9883 
        019s 11 0.0030 0.9970 
        020s 11 0.0050 0.9950 
        021s 11 0.0017 0.9983 
        022s 11 0.0306 0.9694 
        023s 11 0.0203 0.9797 
        025s 11 0.0011 0.9989 
        026s 11 0.0248 0.9752 
        027s 11 0.0054 0.9946 
        028s 11 0.0093 0.9907 
        029s 11 0.0213 0.9787 
        030s 11 0.0453 0.9547 
        031s 11 0.0014 0.9986 
        032s 11 0.0015 0.9985 
        033s 11 0.0052 0.9948 
        034s 11 0.0058 0.9942 
        035s 11 0.0087 0.9913 
        036s 11 0.0256 0.9744 
        037s 11 0.0032 0.9968 
        038s 11 0.0043 0.9957 
        039s 11 0.0018 0.9982 
        040s 11 0.0839 0.9161 
        041s 11 0.0038 0.9962 
        042s 11 0.0032 0.9968 
        043s 11 0.0338 0.9662 
        044s 11 0.0040 0.9960 
        045s 11 0.0026 0.9974 
        046s 11 0.0401 0.9599 
        047s 11 0.0032 0.9968 
        048s 11 0.0229 0.9771 
        049s 11 0.0021 0.9979 
        050s 11 0.0019 0.9981 
        051s 11 0.0127 0.9873 
        052s 11 0.0134 0.9866 
        053s 11 0.0012 0.9988 
        054s 11 0.0104 0.9896 
        055s 11 0.0577 0.9423 
        001s 12 0.0138 0.9862 
        002s 12 0.0021 0.9979 
        003s 12 0.0016 0.9984 
        004s 12 0.0255 0.9745 
        005s 12 0.0016 0.9984 
        006s 12 0.0532 0.9468 
        007s 12 0.0044 0.9956 
        008s 12 0.0195 0.9805 
        009s 12 0.0314 0.9686 
        010s 12 0.0615 0.9385 
        011s 12 0.0074 0.9926 
        012s 12 0.0126 0.9874 
        013s 12 0.0023 0.9977 
        014s 12 0.0631 0.9369 
        015s 12 0.0076 0.9924 
        016s 12 0.0018 0.9982 
        017s 12 0.0073 0.9927 
        018s 12 0.0023 0.9977 
        019s 12 0.0043 0.9957 
        020s 12 0.0587 0.9413 
        021s 12 0.0044 0.9956 
        022s 12 0.0447 0.9553 
        023s 12 0.0013 0.9987 
        024s 12 0.0014 0.9986 
        025s 12 0.0158 0.9842 
        026s 12 0.0172 0.9828 
        027s 12 0.0065 0.9935 
        028s 12 0.0032 0.9968 
        029s 12 0.0017 0.9983 
        030s 12 0.0036 0.9964 
        031s 12 0.0082 0.9918 
        032s 12 0.0014 0.9986 
        033s 12 0.0128 0.9872 
        034s 12 0.0012 0.9988 
        035s 12 0.0175 0.9825 
        036s 12 0.0262 0.9738 
        037s 12 0.0015 0.9985 
        001s 13 0.0099 0.9901 
        002s 13 0.0733 0.9267 
        003s 13 0.0019 0.9981 
        004s 13 0.0017 0.9983 
        005s 13 0.0217 0.9783 
        006s 13 0.0047 0.9953 
        007s 13 0.0290 0.9710 
        008s 13 0.0554 0.9446 
        009s 13 0.1213 0.8787 
        010s 13 0.0590 0.9410 
        011s 13 0.0583 0.9417 
        012s 13 0.0682 0.9318 
        013s 13 0.0609 0.9391 
        014s 13 0.0299 0.9701 
        015s 13 0.0069 0.9931 
        016s 13 0.0012 0.9988 
        017s 13 0.0567 0.9433 
        018s 13 0.0013 0.9987 
        019s 13 0.0027 0.9973 
        020s 13 0.0125 0.9875 
        021s 13 0.0013 0.9987 
        022s 13 0.0038 0.9962 
        023s 13 0.0020 0.9980 
        024s 13 0.0508 0.9492 
        025s 13 0.0023 0.9977 
        026s 13 0.1107 0.8893 
        027s 13 0.0491 0.9509 
        028s 13 0.0506 0.9494 
        029s 13 0.0250 0.9750 
        030s 13 0.0570 0.9430 
        031s 13 0.0402 0.9598 
        032s 13 0.0033 0.9967 
        033s 13 0.0567 0.9433 
        034s 13 0.0622 0.9378 
        035s 13 0.0022 0.9978 
        036s 13 0.0038 0.9962 
        037s 13 0.0015 0.9985 
        038s 13 0.0063 0.9937 
        039s 13 0.1109 0.8891 
        040s 13 0.0036 0.9964 
        041s 13 0.0739 0.9261 
        042s 13 0.0021 0.9979 
        001s 14 0.0219 0.9781 
        002s 14 0.0716 0.9284 
        003s 14 0.0021 0.9979 
        004s 14 0.0406 0.9594 
        005s 14 0.0008 0.9992 
        006s 14 0.0013 0.9987 
        007s 14 0.0029 0.9971 
        008s 14 0.0943 0.9057 
        009s 14 0.0046 0.9954 
        010s 14 0.0234 0.9766 
        011s 14 0.0663 0.9337 
        012s 14 0.0040 0.9960 
        013s 14 0.0065 0.9935 
        014s 14 0.0207 0.9793 
        015s 14 0.0021 0.9979 
        016s 14 0.0017 0.9983 
        017s 14 0.0801 0.9199 
        018s 14 0.0020 0.9980 
        019s 14 0.0064 0.9936 
        020s 14 0.0016 0.9984 
        021s 14 0.0032 0.9968 
        022s 14 0.0230 0.9770 
        023s 14 0.0067 0.9933 
        024s 14 0.0596 0.9404 
        025s 14 0.0101 0.9899 
        026s 14 0.0011 0.9989 
        027s 14 0.0039 0.9961 
        028s 14 0.0041 0.9959 
        029s 14 0.0007 0.9993 
        030s 14 0.0114 0.9886 
        031s 14 0.0076 0.9924 
        032s 14 0.0041 0.9959 
        033s 14 0.0403 0.9597 
        034s 14 0.0010 0.9990 
        035s 14 0.1625 0.8375 
        036s 14 0.1174 0.8826 
        037s 14 0.0020 0.9980 
        038s 14 0.0023 0.9977 
        039s 14 0.0096 0.9904 
        040s 14 0.0099 0.9901 
        041s 14 0.0034 0.9966 
        042s 14 0.0454 0.9546 
        001s 15 0.0020 0.9980 
        002s 15 0.1030 0.8970 
        003s 15 0.0137 0.9863 
        004s 15 0.0016 0.9984 
        005s 15 0.0304 0.9696 
        006s 15 0.0211 0.9789 
        007s 15 0.0011 0.9989 
        008s 15 0.0015 0.9985 
        009s 15 0.0653 0.9347 
        010s 15 0.0021 0.9979 
        011s 15 0.0688 0.9312 
        012s 15 0.0118 0.9882 
        013s 15 0.0017 0.9983 
        014s 15 0.0061 0.9939 
        015s 15 0.0915 0.9085 
        016s 15 0.0942 0.9058 
        017s 15 0.0038 0.9962 
        018s 15 0.0017 0.9983 
        019s 15 0.0068 0.9932 
        020s 15 0.0019 0.9981 
        021s 15 0.0717 0.9283 
        022s 15 0.0044 0.9956 
        023s 15 0.0428 0.9572 
        024s 15 0.0060 0.9940 
        025s 15 0.0220 0.9780 
        026s 15 0.0046 0.9954 
        027s 15 0.0258 0.9742 
        028s 15 0.0024 0.9976 
        029s 15 0.0024 0.9976 
        030s 15 0.0011 0.9989 
        031s 15 0.0650 0.9350 
        032s 15 0.0008 0.9992 
        033s 15 0.0543 0.9457 
        035s 15 0.0126 0.9874 
        036s 15 0.0040 0.9960 
        037s 15 0.0099 0.9901 
        038s 15 0.0072 0.9928 
        039s 15 0.0440 0.9560 
        040s 15 0.0143 0.9857 
        041s 15 0.0870 0.9130 
        042s 15 0.0040 0.9960 
        043s 15 0.0174 0.9826 
        044s 15 0.0081 0.9919 
        045s 15 0.0682 0.9318 
        046s 15 0.0463 0.9537 
        047s 15 0.0388 0.9612 
        048s 15 0.0025 0.9975 
        049s 15 0.0259 0.9741 
        050s 15 0.1129 0.8871 
         001 16 0.1905 0.8095 
         002 16 0.0394 0.9606 
         003 16 0.0258 0.9742 
         004 16 0.0032 0.9968 
         005 16 0.0755 0.9245 
         006 16 0.0368 0.9632 
         007 16 0.0065 0.9935 
         008 16 0.1409 0.8591 
         009 16 0.0028 0.9972 
         010 16 0.0153 0.9847 
         011 16 0.0161 0.9839 
         012 16 0.0042 0.9958 
         013 16 0.0019 0.9981 
         014 16 0.0343 0.9657 
         015 16 0.0445 0.9555 
         016 16 0.0022 0.9978 
         017 16 0.0341 0.9659 
         018 16 0.0615 0.9385 
         019 16 0.0759 0.9241 
         020 16 0.0012 0.9988 
         021 16 0.1322 0.8678 
         022 16 0.0068 0.9932 
         023 16 0.0211 0.9789 
         024 16 0.0069 0.9931 
         025 16 0.0799 0.9201 
         026 16 0.1093 0.8907 
         027 16 0.0073 0.9927 
         028 16 0.1661 0.8339 
         029 16 0.0527 0.9473 
         030 16 0.0057 0.9943 
         031 16 0.0039 0.9961 
         032 16 0.0784 0.9216 
         033 16 0.0020 0.9980 
         034 16 0.0159 0.9841 
         035 16 0.0010 0.9990 
         036 16 0.0015 0.9985 
         037 16 0.0648 0.9352 
         038 16 0.0064 0.9936 
         039 16 0.0020 0.9980 
         040 16 0.0050 0.9950 
         041 16 0.0026 0.9974 
         042 16 0.0036 0.9964 
         043 16 0.0023 0.9977 
         044 16 0.0099 0.9901 
         045 16 0.0206 0.9794 
         047 16 0.0542 0.9458 
         048 16 0.0127 0.9873 
         049 16 0.0033 0.9967 
         050 16 0.0018 0.9982 
         051 16 0.0060 0.9940 
         052 16 0.0008 0.9992 
         053 16 0.0014 0.9986 
         054 16 0.0579 0.9421 
         055 16 0.0809 0.9191 
         056 16 0.0021 0.9979 
         057 16 0.0603 0.9397 
         058 16 0.1138 0.8862 
         059 16 0.1292 0.8708 
         060 16 0.0061 0.9939 
         061 16 0.0059 0.9941 
         062 16 0.0075 0.9925 
         063 16 0.0051 0.9949 
         064 16 0.0014 0.9986 
         065 16 0.0102 0.9898 
         066 16 0.0012 0.9988 
         067 16 0.0145 0.9855 
         068 16 0.0163 0.9837 
         069 16 0.0023 0.9977 
         070 16 0.0093 0.9907 
         071 16 0.0999 0.9001 
         072 16 0.0095 0.9905 
         073 16 0.0058 0.9942 
         074 16 0.0016 0.9984 
         075 16 0.0524 0.9476 
         076 16 0.0028 0.9972 
         077 16 0.0667 0.9333 
         078 16 0.0133 0.9867 
         079 16 0.0971 0.9029 
         080 16 0.0020 0.9980 
         081 16 0.0657 0.9343 
         082 16 0.0503 0.9497 
         083 16 0.0025 0.9975 
         084 16 0.0085 0.9915 
         085 16 0.0029 0.9971 
         086 16 0.1214 0.8786 
         087 16 0.0292 0.9708 
         088 16 0.0015 0.9985 
         089 16 0.0120 0.9880 
         090 16 0.0081 0.9919 
         091 16 0.0048 0.9952 
         092 16 0.0263 0.9737 
         093 16 0.0029 0.9971 
         094 16 0.0153 0.9847 
         095 16 0.0010 0.9990 
         096 16 0.0308 0.9692 
         097 16 0.1219 0.8781 
         098 16 0.0026 0.9974 
         099 16 0.0013 0.9987 
         100 16 0.0020 0.9980 
         101 16 0.0215 0.9785 
         102 16 0.0064 0.9936 
         103 16 0.0074 0.9926 
         104 16 0.0050 0.9950 
         105 16 0.1142 0.8858 
         106 16 0.0036 0.9964 
         107 16 0.0088 0.9912 
         108 16 0.1342 0.8658 
         109 16 0.0402 0.9598 
         110 16 0.0011 0.9989 
         111 16 0.0353 0.9647 
         112 16 0.0259 0.9741 
         113 16 0.0688 0.9312 
         114 16 0.0087 0.9913 
         115 16 0.0016 0.9984 
         116 16 0.0155 0.9845 
         117 16 0.0352 0.9648 
         118 16 0.0038 0.9962 
         119 16 0.0064 0.9936 
         120 16 0.0056 0.9944 
         121 16 0.0096 0.9904 
         122 16 0.0011 0.9989 
         123 16 0.0090 0.9910 
         124 16 0.0137 0.9863 
         126 16 0.1421 0.8579 
         001 17 0.0053 0.9947 
         002 17 0.0037 0.9963 
         003 17 0.0018 0.9982 
         005 17 0.0013 0.9987 
         006 17 0.0539 0.9461 
         007 17 0.1479 0.8521 
         008 17 0.1276 0.8724 
         009 17 0.0009 0.9991 
         010 17 0.0029 0.9971 
         011 17 0.1830 0.8170 
         012 17 0.0051 0.9949 
         013 17 0.0009 0.9991 
         014 17 0.0014 0.9986 
         015 17 0.0076 0.9924 
         016 17 0.0027 0.9973 
         017 17 0.0072 0.9928 
         018 17 0.0391 0.9609 
         019 17 0.0009 0.9991 
         020 17 0.0033 0.9967 
         021 17 0.0013 0.9987 
         022 17 0.0641 0.9359 
         023 17 0.0045 0.9955 
         024 17 0.0858 0.9142 
         025 17 0.0018 0.9982 
         002 18 0.0013 0.9987 
         003 18 0.0010 0.9990 
         004 18 0.0331 0.9669 
         005 18 0.0089 0.9911 
         006 18 0.0010 0.9990 
         007 18 0.0099 0.9901 
         008 18 0.0014 0.9986 
         009 18 0.0340 0.9660 
         010 18 0.0028 0.9972 
         011 18 0.0026 0.9974 
         012 18 0.0139 0.9861 
         015 18 0.0035 0.9965 
         016 18 0.0141 0.9859 
         018 18 0.0012 0.9988 
         026 18 0.0056 0.9944 
         027 18 0.0010 0.9990 
         028 18 0.0035 0.9965 
         029 18 0.0034 0.9966 
         031 18 0.1018 0.8982 
         032 18 0.0014 0.9986 
         033 18 0.0023 0.9977 
         035 18 0.0030 0.9970 
         036 18 0.0022 0.9978 
         037 18 0.0200 0.9800 
         038 18 0.0480 0.9520 
         039 18 0.0012 0.9988 
         044 18 0.1337 0.8663 
         046 18 0.0040 0.9960 
         049 18 0.0017 0.9983 
         053 18 0.0051 0.9949 
         054 18 0.0188 0.9812 
         056 18 0.0193 0.9807 
         057 18 0.0021 0.9979 
         058 18 0.0033 0.9967 
        001s 19 0.0637 0.9363 
        002s 19 0.0057 0.9943 
        003s 19 0.0091 0.9909 
        004s 19 0.0077 0.9923 
        005s 19 0.0711 0.9289 
        006s 19 0.0054 0.9946 
        007s 19 0.0421 0.9579 
        008s 19 0.0592 0.9408 
        009s 19 0.0053 0.9947 
        010s 19 0.0154 0.9846 
        011s 19 0.0034 0.9966 
        012s 19 0.0090 0.9910 
        013s 19 0.0300 0.9700 
        014s 19 0.0834 0.9166 
        015s 19 0.0052 0.9948 
        016s 19 0.0081 0.9919 
        017s 19 0.0450 0.9550 
        018s 19 0.0056 0.9944 
        019s 19 0.0931 0.9069 
        020s 19 0.0812 0.9188 
        021s 19 0.0122 0.9878 
        022s 19 0.0218 0.9782 
        023s 19 0.0060 0.9940 
        024s 19 0.0012 0.9988 
        025s 19 0.0967 0.9033 
        026s 19 0.0264 0.9736 
        027s 19 0.0061 0.9939 
        028s 19 0.0144 0.9856 
        029s 19 0.0013 0.9987 
        030s 19 0.0084 0.9916 
        031s 19 0.0090 0.9910 
        032s 19 0.0034 0.9966 
        033s 19 0.0015 0.9985 
        034s 19 0.0030 0.9970 
        035s 19 0.0268 0.9732 
        036s 19 0.0021 0.9979 
        037s 19 0.0013 0.9987 
        038s 19 0.0071 0.9929 
        039s 19 0.0021 0.9979 
        040s 19 0.0166 0.9834 
        041s 19 0.0014 0.9986 
        042s 19 0.0094 0.9906 
        043s 19 0.0519 0.9481 
        044s 19 0.0012 0.9988 
        045s 19 0.0011 0.9989 
        046s 19 0.0084 0.9916 
        047s 19 0.0090 0.9910 
        048s 19 0.1004 0.8996 
        049s 19 0.0412 0.9588 
        050s 19 0.0015 0.9985 
        051s 19 0.0759 0.9241 
        052s 19 0.0029 0.9971 
      LIW2-4 20 0.0046 0.9954 
     LIW2-12 21 0.0036 0.9964 
     LIW2-20 22 0.0037 0.9963 
     LIW2-28 23 0.0673 0.9327 
      LIW1-5 24 0.0028 0.9972 
     LIW1-13 25 0.0827 0.9173 
     LIW1-21 26 0.0104 0.9896 
     LIW1-29 27 0.0422 0.9578 
      LIW2-5 28 0.0024 0.9976 
     LIW2-34 29 0.0012 0.9988 
     LIW2-21 30 0.0985 0.9015 
     LIW2-29 31 0.1842 0.8158 
      LIW1-6 32 0.0019 0.9981 
     LIW1-14 33 0.0602 0.9398 
     LIW1-22 34 0.0022 0.9978 
     LIW1-30 35 0.0027 0.9973 
      LIW2-6 36 0.0287 0.9713 
     LIW2-14 37 0.0036 0.9964 
     LIW2-22 38 0.0741 0.9259 
     LIW2-30 39 0.0019 0.9981 
      LIW1-7 40 0.0450 0.9550 
     LIW1-15 41 0.0015 0.9985 
     LIW1-23 42 0.0125 0.9875 
     LIW1-31 43 0.0081 0.9919 
      LIW2-7 44 0.0860 0.9140 
     LIW2-15 45 0.0025 0.9975 
     LIW2-23 46 0.0111 0.9889 
      LIW1-8 47 0.0019 0.9981 
     LIW1-16 48 0.0021 0.9979 
      LIW2-8 49 0.0017 0.9983 
     LIW2-16 50 0.3224 0.6776 
     LIW2-24 51 0.1929 0.8071 
     LIW2-32 52 0.0323 0.9677 
     LIW1-47 53 0.0248 0.9752 
      UMFS-1 54 0.0720 0.9280 
     UMFS-19 55 0.1452 0.8548 
     UMFS-31 56 0.0019 0.9981 
      UMFS-2 57 0.0031 0.9969 
     UMFS-10 58 0.0359 0.9641 
     UMFS-20 59 0.0769 0.9231 
     UMFS-32 60 0.0963 0.9037 
      UMFS-3 61 0.1156 0.8844 
     UMFS-11 62 0.4108 0.5892 
     UMFS-21 63 0.1034 0.8966 
     UMFS-33 64 0.0593 0.9407 
      UMFS-4 65 0.0548 0.9452 
     UMFS-22 66 0.0537 0.9463 
     UMFS-34 67 0.0881 0.9119 
      UMFS-5 68 0.0416 0.9584 
     UMFS-13 69 0.0929 0.9071 
     UMFS-23 70 0.0627 0.9373 
     UMFS-35 71 0.0713 0.9287 
      UMFS-6 72 0.0645 0.9355 
     UMFS-14 73 0.0502 0.9498 
     UMFS-24 74 0.0593 0.9407 
     UMFS-36 75 0.1007 0.8993 
      UMFS-7 76 0.5822 0.4178 
     UMFS-15 77 0.1040 0.8960 
     UMFS-25 78 0.1085 0.8915 
     UMFS-37 79 0.1019 0.8981 
      UMFS-8 80 0.0688 0.9312 
     UMFS-16 81 0.1013 0.8987 
     UMFS-26 82 0.0980 0.9020 
     UMFS-38 83 0.0346 0.9654 
      NEH1-2 84 0.2042 0.7958 
     NEH1-11 85 0.1800 0.8200 
     NEH1-20 86 0.1277 0.8723 
     NEH1-29 87 0.1069 0.8931 
      NEH2-2 88 0.1282 0.8718 
     NEH2-10 89 0.0726 0.9274 
     NEH2-18 90 0.2318 0.7682 
     NEH2-26 91 0.1358 0.8642 
      NEH1-3 92 0.0833 0.9167 
     NEH1-12 93 0.2526 0.7474 
     NEH1-21 94 0.1231 0.8769 
     NEH1-30 95 0.1603 0.8397 
      NEH2-3 96 0.1261 0.8739 
     NEH2-11 97 0.1926 0.8074 
     NEH2-19 98 0.1134 0.8866 
     NEH2-27 99 0.1628 0.8372 
      NEH1-4 100 0.2442 0.7558 
     NEH1-13 101 0.1116 0.8884 
     NEH1-22 102 0.1147 0.8853 
     NEH1-31 103 0.1180 0.8820 
      NEH2-4 104 0.1278 0.8722 
     NEH2-12 105 0.2151 0.7849 
     NEH2-20 106 0.0379 0.9621 
     NEH2-28 107 0.1475 0.8525 
      NEH1-5 108 0.1592 0.8408 
     NEH1-14 109 0.1854 0.8146 
     NEH1-23 110 0.0832 0.9168 
     NEH1-32 111 0.1700 0.8300 
      NEH2-5 112 0.1179 0.8821 
     NEH2-13 113 0.1684 0.8316 
     NEH2-22 114 0.1501 0.8499 
     NEH2-29 115 0.1177 0.8823 
      NEH1-6 116 0.1604 0.8396 
     NEH1-15 117 0.2131 0.7869 
     NEH1-24 118 0.2090 0.7910 
     NEH1-33 119 0.0847 0.9153 
      NEH2-6 120 0.0716 0.9284 
     NEH2-14 121 0.1541 0.8459 
     NEH2-21 122 0.0730 0.9270 
     NEH2-30 123 0.1343 0.8657 
      NEH1-7 124 0.2008 0.7992 
     NEH1-16 125 0.1427 0.8573 
     NEH1-25 126 0.1023 0.8977 
     NEH1-34 127 0.1372 0.8628 
      NEH2-7 128 0.1390 0.8610 
     NEH2-15 129 0.1623 0.8377 
     NEH2-23 130 0.2358 0.7642 
     NEH2-31 131 0.1313 0.8687 
      NEH1-8 132 0.1700 0.8300 
     NEH1-17 133 0.2814 0.7186 
     NEH1-26 134 0.1027 0.8973 
     NEH1-35 135 0.1194 0.8806 
      NEH2-8 136 0.0936 0.9064 
     NEH2-16 137 0.1065 0.8935 
     NEH2-24 138 0.1274 0.8726 
     NEH2-32 139 0.2606 0.7394 
      NEH1-1 140 0.2401 0.7599 
     NEH1-10 141 0.1706 0.8294 
     NEH1-19 142 0.1408 0.8592 
     NEH1-28 143 0.2115 0.7885 
      NEH2-1 144 0.1696 0.8304 
      NEH2-9 145 0.1137 0.8863 
     NEH2-17 146 0.1865 0.8135 
     NEH2-25 147 0.2129 0.7871 
      LIW1-1 148 0.1179 0.8821 
      LIW1-9 149 0.1650 0.8350 
     LIW1-17 150 0.0023 0.9977 
     LIW1-25 151 0.0013 0.9987 
      LIW2-9 152 0.0679 0.9321 
     LIW2-17 153 0.0044 0.9956 
     LIW2-25 154 0.0025 0.9975 
      LIW1-2 155 0.0024 0.9976 
     LIW1-10 156 0.0126 0.9874 
     LIW1-18 157 0.0090 0.9910 
     LIW1-26 158 0.0028 0.9972 
      LIW2-2 159 0.0014 0.9986 
     LIW2-10 160 0.0038 0.9962 
     LIW2-18 161 0.0626 0.9374 
     LIW2-26 162 0.0036 0.9964 
      LIW1-3 163 0.0184 0.9816 
     LIW1-11 164 0.0237 0.9763 
     LIW1-19 165 0.0697 0.9303 
     LIW1-27 166 0.0139 0.9861 
      LIW2-3 167 0.0247 0.9753 
     LIW2-11 168 0.0011 0.9989 
     LIW2-19 169 0.0059 0.9941 
     LIW2-27 170 0.0012 0.9988 
      LIW1-4 171 0.0024 0.9976 
     LIW1-12 172 0.0393 0.9607 
     LIW1-20 173 0.0068 0.9932 
     LIW1-28 174 0.0084 0.9916 
        001s 175 0.0072 0.9928 
        002s 175 0.0734 0.9266 
        003s 175 0.0016 0.9984 
        004s 175 0.0450 0.9550 
        005s 175 0.0049 0.9951 
        006s 175 0.1593 0.8407 
        007s 175 0.0016 0.9984 
        008s 175 0.0059 0.9941 
        009s 175 0.1148 0.8852 
        010s 175 0.0032 0.9968 
        011s 175 0.0077 0.9923 
        012s 175 0.0016 0.9984 
        013s 175 0.0070 0.9930 
        014s 175 0.0811 0.9189 
        015s 175 0.0045 0.9955 
        016s 175 0.0221 0.9779 
        017s 175 0.0224 0.9776 
        018s 175 0.0112 0.9888 
        019s 175 0.0037 0.9963 
        020s 175 0.0041 0.9959 
        021s 175 0.0028 0.9972 
        022s 175 0.0242 0.9758 
        023s 175 0.0137 0.9863 
        024s 175 0.0431 0.9569 
        025s 175 0.0561 0.9439 
        026s 175 0.0089 0.9911 
        027s 175 0.0060 0.9940 
        028s 175 0.0041 0.9959 
        029s 175 0.0022 0.9978 
        030s 175 0.0996 0.9004 
        031s 175 0.0051 0.9949 
        032s 175 0.0053 0.9947 
        033s 175 0.0324 0.9676 
        034s 175 0.0088 0.9912 
        035s 175 0.0148 0.9852 
        036s 175 0.0021 0.9979 
        037s 175 0.0033 0.9967 
        038s 175 0.0198 0.9802 
        039s 175 0.0046 0.9954 
        040s 175 0.0026 0.9974 
        041s 175 0.0070 0.9930 
        042s 175 0.0062 0.9938 
        043s 175 0.0102 0.9898 
        044s 175 0.0027 0.9973 
        045s 175 0.0729 0.9271 
        046s 175 0.0044 0.9956 
        047s 175 0.0018 0.9982 
        048s 175 0.0118 0.9882 
        049s 175 0.0351 0.9649 
        050s 175 0.0793 0.9207 
        001s 176 0.0886 0.9114 
        002s 176 0.0297 0.9703 
        003s 176 0.0040 0.9960 
        004s 176 0.0055 0.9945 
        005s 176 0.0018 0.9982 
        006s 176 0.0027 0.9973 
        007s 176 0.0767 0.9233 
        008s 176 0.0017 0.9983 
        009s 176 0.0020 0.9980 
        010s 176 0.0023 0.9977 
        011s 176 0.0019 0.9981 
        012s 176 0.0685 0.9315 
        013s 176 0.0307 0.9693 
        014s 176 0.0074 0.9926 
        015s 176 0.0025 0.9975 
        016s 176 0.0020 0.9980 
        017s 176 0.0008 0.9992 
        018s 176 0.0017 0.9983 
        019s 176 0.0584 0.9416 
        020s 176 0.0041 0.9959 
        021s 176 0.0092 0.9908 
        022s 176 0.0039 0.9961 
        023s 176 0.0025 0.9975 
        024s 176 0.0548 0.9452 
        025s 176 0.0203 0.9797 
        026s 176 0.0194 0.9806 
        027s 176 0.0014 0.9986 
        028s 176 0.0043 0.9957 
        029s 176 0.0037 0.9963 
        030s 176 0.0587 0.9413 
        031s 176 0.0179 0.9821 
        032s 176 0.0400 0.9600 
        033s 176 0.1316 0.8684 
        034s 176 0.0032 0.9968 
        035s 176 0.0292 0.9708 
        036s 176 0.0031 0.9969 
        037s 176 0.0741 0.9259 
        038s 176 0.0023 0.9977 
        039s 176 0.0016 0.9984 
        040s 176 0.0014 0.9986 
        041s 176 0.0028 0.9972 
        042s 176 0.0016 0.9984 
        043s 176 0.0357 0.9643 
        044s 176 0.0064 0.9936 
        045s 176 0.0245 0.9755 
        046s 176 0.0033 0.9967 
        047s 176 0.0017 0.9983 
        048s 176 0.0162 0.9838 
        050s 176 0.0040 0.9960 
        001s 177 0.0607 0.9393 
        002s 177 0.0015 0.9985 
        003s 177 0.0610 0.9390 
        004s 177 0.0026 0.9974 
        005s 177 0.0042 0.9958 
        006s 177 0.0062 0.9938 
        007s 177 0.0114 0.9886 
        008s 177 0.1520 0.8480 
        009s 177 0.0012 0.9988 
        010s 177 0.0383 0.9617 
        011s 177 0.0033 0.9967 
        012s 177 0.0065 0.9935 
        013s 177 0.0027 0.9973 
        014s 177 0.0452 0.9548 
        015s 177 0.0078 0.9922 
        016s 177 0.0009 0.9991 
        017s 177 0.0474 0.9526 
        018s 177 0.0188 0.9812 
        019s 177 0.0027 0.9973 
        020s 177 0.0065 0.9935 
        021s 177 0.0015 0.9985 
        022s 177 0.0156 0.9844 
        023s 177 0.0262 0.9738 
        024s 177 0.0020 0.9980 
        025s 177 0.0079 0.9921 
        026s 177 0.0022 0.9978 
        027s 177 0.0016 0.9984 
        028s 177 0.0013 0.9987 
        029s 177 0.0951 0.9049 
        030s 177 0.0180 0.9820 
        031s 177 0.0031 0.9969 
        032s 177 0.0382 0.9618 
        033s 177 0.0016 0.9984 
        034s 177 0.0040 0.9960 
        035s 177 0.0011 0.9989 
        036s 177 0.0320 0.9680 
        037s 177 0.0450 0.9550 
        038s 177 0.0205 0.9795 
        039s 177 0.0034 0.9966 
        040s 177 0.0421 0.9579 
        041s 177 0.1100 0.8900 
        042s 177 0.0411 0.9589 
        043s 177 0.0010 0.9990 
        044s 177 0.0026 0.9974 
        045s 177 0.0261 0.9739 
        046s 177 0.0023 0.9977 
        047s 177 0.0058 0.9942 
        048s 177 0.0160 0.9840 
        049s 177 0.0608 0.9392 
        050s 177 0.0014 0.9986 
        001s 178 0.0397 0.9603 
        002s 178 0.0105 0.9895 
        003s 178 0.0098 0.9902 
        004s 178 0.0074 0.9926 
        005s 178 0.0042 0.9958 
        006s 178 0.0758 0.9242 
        007s 178 0.0025 0.9975 
        008s 178 0.0886 0.9114 
        009s 178 0.0096 0.9904 
        010s 178 0.0016 0.9984 
        011s 178 0.0034 0.9966 
        012s 178 0.0055 0.9945 
        013s 178 0.0011 0.9989 
        014s 178 0.0446 0.9554 
        015s 178 0.0112 0.9888 
        016s 178 0.0250 0.9750 
        017s 178 0.0441 0.9559 
        018s 178 0.0042 0.9958 
        019s 178 0.0048 0.9952 
        020s 178 0.0015 0.9985 
        021s 178 0.0436 0.9564 
        022s 178 0.0044 0.9956 
        023s 178 0.1098 0.8902 
        024s 178 0.0019 0.9981 
        025s 178 0.0404 0.9596 
        026s 178 0.0015 0.9985 
        027s 178 0.0512 0.9488 
        028s 178 0.0532 0.9468 
        029s 178 0.0081 0.9919 
        030s 178 0.0212 0.9788 
        031s 178 0.0010 0.9990 
        032s 178 0.0018 0.9982 
        033s 178 0.0521 0.9479 
        034s 178 0.0012 0.9988 
        035s 178 0.0032 0.9968 
        036s 178 0.0014 0.9986 
        037s 178 0.0013 0.9987 
        039s 178 0.0328 0.9672 
        040s 178 0.0786 0.9214 
        041s 178 0.0020 0.9980 
        042s 178 0.0519 0.9481 
        043s 178 0.0533 0.9467 
        044s 178 0.1201 0.8799 
        045s 178 0.0032 0.9968 
        046s 178 0.0031 0.9969 
        047s 178 0.0327 0.9673 
        048s 178 0.0386 0.9614 
        049s 178 0.0130 0.9870 
        050s 178 0.1000 0.9000 
          01 179 0.0870 0.9130 
          02 179 0.0031 0.9969 
          03 179 0.1416 0.8584 
          04 179 0.0067 0.9933 
          05 179 0.0644 0.9356 
          06 179 0.0031 0.9969 
          07 179 0.0078 0.9922 
          08 179 0.0019 0.9981 
          09 179 0.0013 0.9987 
          10 179 0.0183 0.9817 
          11 179 0.0902 0.9098 
          12 179 0.0026 0.9974 
          13 179 0.0016 0.9984 
          14 179 0.0880 0.9120 
          15 179 0.0255 0.9745 
          16 179 0.0249 0.9751 
          17 179 0.0047 0.9953 
          18 179 0.0022 0.9978 
          19 179 0.0420 0.9580 
          20 179 0.0693 0.9307 
          21 179 0.0005 0.9995 
          22 179 0.0269 0.9731 
          23 179 0.0050 0.9950 
        001s 180 0.0485 0.9515 
        002s 180 0.0038 0.9962 
        003s 180 0.0026 0.9974 
        004s 180 0.0022 0.9978 
        005s 180 0.0185 0.9815 
        006s 180 0.0924 0.9076 
        007s 180 0.0022 0.9978 
        008s 180 0.0073 0.9927 
        009s 180 0.0023 0.9977 
        010s 180 0.0023 0.9977 
        011s 180 0.0041 0.9959 
        012s 180 0.0174 0.9826 
        013s 180 0.0039 0.9961 
        014s 180 0.0159 0.9841 
        015s 180 0.0038 0.9962 
        016s 180 0.0292 0.9708 
        017s 180 0.0039 0.9961 
        018s 180 0.0721 0.9279 
        019s 180 0.0044 0.9956 
        020s 180 0.0078 0.9922 
        021s 180 0.0056 0.9944 
        022s 180 0.0158 0.9842 
        023s 180 0.0016 0.9984 
        024s 180 0.0091 0.9909 
        025s 180 0.0179 0.9821 
        026s 180 0.0064 0.9936 
        027s 180 0.0123 0.9877 
        028s 180 0.0068 0.9932 
        029s 180 0.0441 0.9559 
        030s 180 0.0034 0.9966 
        031s 180 0.0015 0.9985 
        032s 180 0.0074 0.9926 
        033s 180 0.0052 0.9948 
        034s 180 0.0096 0.9904 
        035s 180 0.0222 0.9778 
        036s 180 0.0016 0.9984 
        037s 180 0.0043 0.9957 
        038s 180 0.0053 0.9947 
        039s 180 0.0053 0.9947 
        041s 180 0.0027 0.9973 
        042s 180 0.0052 0.9948 
        043s 180 0.0110 0.9890 
        044s 180 0.0024 0.9976 
        045s 180 0.0103 0.9897 
        046s 180 0.0239 0.9761 
        047s 180 0.0211 0.9789 
        048s 180 0.0036 0.9964 
        049s 180 0.0024 0.9976 
        050s 180 0.0022 0.9978 
         001 181 0.9995 0.0005 
         002 181 0.9997 0.0003 
         003 181 0.9996 0.0004 
         004 181 0.9853 0.0147 
         005 181 0.9962 0.0038 
         006 181 0.9997 0.0003 
         007 181 0.9996 0.0004 
         008 181 0.9995 0.0005 
         009 181 0.9998 0.0002 
         010 181 0.9976 0.0024 
         011 181 0.9997 0.0003 
         012 181 0.9993 0.0007 
         013 181 0.9984 0.0016 
         014 181 0.9995 0.0005 
         015 181 0.9997 0.0003 
         016 181 0.9993 0.0007 
         017 181 0.9997 0.0003 
         018 181 0.9993 0.0007 
         019 181 0.9961 0.0039 
         020 181 0.9997 0.0003 
         021 181 0.9997 0.0003 
         022 181 0.9998 0.0002 
         023 181 0.9997 0.0003 
         024 181 0.9934 0.0066 
         025 181 0.9996 0.0004 
         026 181 0.9997 0.0003 
         027 181 0.9998 0.0002 
         028 181 0.9998 0.0002 
         029 181 0.9996 0.0004 
         030 181 0.9996 0.0004 
         001 182 0.9997 0.0003 
         002 182 0.9991 0.0009 
         003 182 0.9829 0.0171 
         004 182 0.9995 0.0005 
         005 182 0.9972 0.0028 
         006 182 0.8800 0.1200 
         007 182 0.9922 0.0078 
         008 182 0.9984 0.0016 
         009 182 0.9994 0.0006 
         010 182 0.8959 0.1041 
         011 182 0.9992 0.0008 
         012 182 0.9226 0.0774 
         013 182 0.9958 0.0042 
         014 182 0.8951 0.1049 
         015 182 0.9996 0.0004 
         016 182 0.9993 0.0007 
         017 182 0.9320 0.0680 
         018 182 0.9992 0.0008 
         019 182 0.9995 0.0005 
         020 182 0.9998 0.0002 
         021 182 0.9279 0.0721 
         022 182 0.9993 0.0007 
         023 182 0.9993 0.0007 
         024 182 0.9992 0.0008 
         025 182 0.9995 0.0005 
         026 182 0.9997 0.0003 
         027 182 0.9984 0.0016 
         028 182 0.9990 0.0010 
         029 182 0.9974 0.0026 
         030 182 0.9997 0.0003 
          10 183 0.0012 0.9988 
          11 183 0.0014 0.9986 
          12 183 0.0012 0.9988 
          13 183 0.0576 0.9424 
          14 183 0.0009 0.9991 
          15 183 0.0266 0.9734 
          16 183 0.0765 0.9235 
          17 183 0.0022 0.9978 
          18 183 0.0014 0.9986 
          19 183 0.0008 0.9992 
          20 183 0.0348 0.9652 
          21 183 0.0042 0.9958 
          22 183 0.0190 0.9810 
          23 183 0.0153 0.9847 
          24 183 0.0009 0.9991 
          25 183 0.0047 0.9953 
          26 183 0.0127 0.9873 
          27 183 0.0333 0.9667 
          28 183 0.0071 0.9929 
          29 183 0.6931 0.3069 
          30 183 0.8297 0.1703 
          31 183 0.0024 0.9976 
          32 183 0.0007 0.9993 
          33 183 0.0073 0.9927 
          34 183 0.0013 0.9987 
          35 183 0.0251 0.9749 
          36 183 0.0013 0.9987 
          37 183 0.7857 0.2143 
          54 183 0.0697 0.9303 
          55 183 0.1201 0.8799 
           6 183 0.0142 0.9858 
           7 183 0.1206 0.8794 
           8 183 0.0528 0.9472 
           9 183 0.0106 0.9894 
           4 184 0.0071 0.9929 
           9 184 0.0022 0.9978 
          12 184 0.0224 0.9776 
          14 184 0.0035 0.9965 
          15 184 0.0013 0.9987 
          16 184 0.0027 0.9973 
          17 184 0.0081 0.9919 
          18 184 0.0974 0.9026 
          22 184 0.0018 0.9982 
          25 184 0.0121 0.9879 
          26 184 0.0034 0.9966 
          27 184 0.0026 0.9974 
          28 184 0.0015 0.9985 
          29 184 0.0008 0.9992 
          31 184 0.0064 0.9936 
          32 184 0.0123 0.9877 
          33 184 0.0027 0.9973 
          34 184 0.0014 0.9986 
          36 184 0.3777 0.6223 
          37 184 0.0094 0.9906 
          39 184 0.0338 0.9662 
          40 184 0.0100 0.9900 
          41 184 0.0117 0.9883 
          42 184 0.0045 0.9955 
          43 184 0.0020 0.9980 
          44 184 0.0814 0.9186 
          45 184 0.0009 0.9991 
          46 184 0.0043 0.9957 
          47 184 0.0007 0.9993 
          48 184 0.0017 0.9983 
          52 184 0.0884 0.9116 
          54 184 0.0024 0.9976 
          57 184 0.0031 0.9969 
          58 184 0.0041 0.9959 
          59 184 0.0743 0.9257 
          60 184 0.0022 0.9978 
           3 185 0.0425 0.9575 
           4 185 0.0031 0.9969 
           5 185 0.0036 0.9964 
           6 185 0.0024 0.9976 
           7 185 0.0916 0.9084 
           8 185 0.0805 0.9195 
           9 185 0.0056 0.9944 
          10 185 0.0038 0.9962 
          11 185 0.0705 0.9295 
          12 185 0.1078 0.8922 
          13 185 0.0018 0.9982 
          14 185 0.0031 0.9969 
          15 185 0.0587 0.9413 
          16 185 0.0041 0.9959 
          17 185 0.0101 0.9899 
          18 185 0.0011 0.9989 
          19 185 0.0012 0.9988 
          20 185 0.1359 0.8641 
          21 185 0.0121 0.9879 
          22 185 0.0163 0.9837 
          23 185 0.0393 0.9607 
          24 185 0.0016 0.9984 
          25 185 0.0836 0.9164 
          26 185 0.0052 0.9948 
          27 185 0.0015 0.9985 
          28 185 0.0022 0.9978 
          29 185 0.1435 0.8565 
          30 185 0.0168 0.9832 
          31 185 0.0170 0.9830 
          32 185 0.0110 0.9890 
          33 185 0.0293 0.9707 
          34 185 0.0018 0.9982 
          35 185 0.0045 0.9955 
          36 185 0.0035 0.9965 
          37 185 0.0389 0.9611 
          38 185 0.1061 0.8939 
          39 185 0.0632 0.9368 
          40 185 0.0025 0.9975 
          41 185 0.0016 0.9984 
          42 185 0.0021 0.9979 
           5 186 0.0019 0.9981 
           6 186 0.0032 0.9968 
           7 186 0.0063 0.9937 
           9 186 0.0898 0.9102 
          10 186 0.0603 0.9397 
          11 186 0.0075 0.9925 
          12 186 0.0040 0.9960 
          29 186 0.0050 0.9950 
          30 186 0.0010 0.9990 
          31 186 0.1116 0.8884 
          32 186 0.0674 0.9326 
          33 186 0.0012 0.9988 
          34 186 0.0393 0.9607 
          35 186 0.0008 0.9992 
          36 186 0.0035 0.9965 
          37 186 0.0467 0.9533 
          38 186 0.0419 0.9581 
          39 186 0.0022 0.9978 
          40 186 0.0017 0.9983 
          41 186 0.0117 0.9883 
          42 186 0.0023 0.9977 
          43 186 0.0202 0.9798 
          44 186 0.0010 0.9990 
          45 186 0.0014 0.9986 
          46 186 0.0017 0.9983 
          47 186 0.0094 0.9906 
          48 186 0.0021 0.9979 
          49 186 0.0010 0.9990 
          50 186 0.0307 0.9693 
          51 186 0.0012 0.9988 
          52 186 0.0031 0.9969 
          53 186 0.0016 0.9984 
          54 186 0.0018 0.9982 
          55 186 0.0049 0.9951 
          56 186 0.0040 0.9960 
          57 186 0.0240 0.9760 
          58 186 0.0024 0.9976 
          59 186 0.0115 0.9885 
          60 186 0.0011 0.9989 
           1 187 0.0395 0.9605 
           2 187 0.0106 0.9894 
           3 187 0.0371 0.9629 
           4 187 0.1277 0.8723 
           5 187 0.0015 0.9985 
           6 187 0.0078 0.9922 
           7 187 0.1523 0.8477 
           8 187 0.0045 0.9955 
           9 187 0.0010 0.9990 
          10 187 0.0487 0.9513 
          11 187 0.0027 0.9973 
          12 187 0.0022 0.9978 
          13 187 0.0134 0.9866 
          14 187 0.0028 0.9972 
          15 187 0.0086 0.9914 
          16 187 0.0289 0.9711 
          17 187 0.0808 0.9192 
          18 187 0.0033 0.9967 
          19 187 0.0014 0.9986 
          20 187 0.0025 0.9975 
          21 187 0.1030 0.8970 
          22 187 0.0043 0.9957 
          23 187 0.0011 0.9989 
          24 187 0.1009 0.8991 
          25 187 0.0038 0.9962 
          26 187 0.0011 0.9989 
          27 187 0.0009 0.9991 
          28 187 0.0102 0.9898 
          29 187 0.0134 0.9866 
          30 187 0.0052 0.9948 
          32 187 0.0949 0.9051 
          33 187 0.0347 0.9653 
          34 187 0.0025 0.9975 
          35 187 0.0206 0.9794 
          36 187 0.0020 0.9980 
          37 187 0.0102 0.9898 
          38 187 0.1254 0.8746 
           1 188 0.0140 0.9860 
           2 188 0.0354 0.9646 
           3 188 0.0553 0.9447 
           4 188 0.0701 0.9299 
           5 188 0.0058 0.9942 
           6 188 0.0011 0.9989 
           7 188 0.0012 0.9988 
           8 188 0.0589 0.9411 
           9 188 0.0027 0.9973 
          10 188 0.0113 0.9887 
          11 188 0.0012 0.9988 
          12 188 0.0041 0.9959 
          13 188 0.1137 0.8863 
          14 188 0.0930 0.9070 
          15 188 0.0016 0.9984 
          16 188 0.0364 0.9636 
          17 188 0.0053 0.9947 
          18 188 0.0071 0.9929 
          19 188 0.0040 0.9960 
          20 188 0.1240 0.8760 
          21 188 0.0097 0.9903 
          22 188 0.0059 0.9941 
          23 188 0.0161 0.9839 
          24 188 0.0007 0.9993 
          25 188 0.0030 0.9970 
          26 188 0.0894 0.9106 
          27 188 0.0666 0.9334 
          28 188 0.0036 0.9964 
          29 188 0.0572 0.9428 
          30 188 0.1060 0.8940 
          31 188 0.0106 0.9894 
          32 188 0.0021 0.9979 
          33 188 0.0023 0.9977 
          34 188 0.0017 0.9983 
          35 188 0.0365 0.9635 
          36 188 0.1169 0.8831 
          37 188 0.0030 0.9970 
          38 188 0.0945 0.9055 
          39 188 0.0450 0.9550 
          40 188 0.0031 0.9969 
           7 189 0.0085 0.9915 
           8 189 0.0058 0.9942 
           9 189 0.0094 0.9906 
          10 189 0.0118 0.9882 
          11 189 0.0041 0.9959 
          12 189 0.0776 0.9224 
          13 189 0.0013 0.9987 
          14 189 0.0537 0.9463 
          16 189 0.1503 0.8497 
          17 189 0.0013 0.9987 
          18 189 0.0579 0.9421 
          19 189 0.0043 0.9957 
          20 189 0.0733 0.9267 
          21 189 0.0250 0.9750 
          23 189 0.0017 0.9983 
          24 189 0.0536 0.9464 
          25 189 0.0128 0.9872 
          26 189 0.0392 0.9608 
          27 189 0.0039 0.9961 
          28 189 0.0006 0.9994 
          29 189 0.0063 0.9937 
          30 189 0.0062 0.9938 
          31 189 0.0013 0.9987 
          32 189 0.0835 0.9165 
          33 189 0.0027 0.9973 
          34 189 0.0010 0.9990 
          35 189 0.0014 0.9986 
          36 189 0.0561 0.9439 
          37 189 0.0014 0.9986 
          38 189 0.0097 0.9903 
          39 189 0.0230 0.9770 
          40 189 0.1466 0.8534 
          41 189 0.0334 0.9666 
          42 189 0.1800 0.8200 
          43 189 0.0041 0.9959 
           1 190 0.1214 0.8786 
           3 190 0.0026 0.9974 
           4 190 0.0025 0.9975 
           5 190 0.0267 0.9733 
           6 190 0.0018 0.9982 
           7 190 0.0026 0.9974 
           8 190 0.0341 0.9659 
           9 190 0.3702 0.6298 
          10 190 0.0034 0.9966 
          11 190 0.0463 0.9537 
          12 190 0.0019 0.9981 
          13 190 0.0030 0.9970 
          14 190 0.0044 0.9956 
          15 190 0.0144 0.9856 
          16 190 0.0118 0.9882 
          17 190 0.0085 0.9915 
          18 190 0.0387 0.9613 
          19 190 0.0023 0.9977 
          20 190 0.0017 0.9983 
          22 190 0.1313 0.8687 
          23 190 0.0148 0.9852 
          24 190 0.0627 0.9373 
          25 190 0.0111 0.9889 
          26 190 0.0010 0.9990 
          27 190 0.0032 0.9968 
          28 190 0.0112 0.9888 
          29 190 0.0306 0.9694 
          31 190 0.0616 0.9384 
           7 191 0.0013 0.9987 
           8 191 0.0074 0.9926 
           9 191 0.0015 0.9985 
          10 191 0.0022 0.9978 
          11 191 0.0082 0.9918 
          12 191 0.0345 0.9655 
          13 191 0.0067 0.9933 
          14 191 0.0174 0.9826 
          15 191 0.0660 0.9340 
          16 191 0.0042 0.9958 
          17 191 0.0949 0.9051 
          18 191 0.0034 0.9966 
          19 191 0.0445 0.9555 
          20 191 0.0359 0.9641 
          21 191 0.0429 0.9571 
          22 191 0.0051 0.9949 
          23 191 0.0048 0.9952 
          24 191 0.0040 0.9960 
          25 191 0.0367 0.9633 
          26 191 0.1110 0.8890 
          27 191 0.0030 0.9970 
          28 191 0.0032 0.9968 
          29 191 0.0040 0.9960 
          30 191 0.0015 0.9985 
          39 191 0.0049 0.9951 
          40 191 0.0032 0.9968 
          41 191 0.0620 0.9380 
          42 191 0.0010 0.9990 
          43 191 0.0212 0.9788 
          44 191 0.0273 0.9727 
          45 191 0.0023 0.9977 
          46 191 0.1308 0.8692 
          47 191 0.0156 0.9844 
          48 191 0.0020 0.9980 
          49 191 0.0131 0.9869 
          50 191 0.0037 0.9963 
           9 192 0.0011 0.9989 
          10 192 0.0062 0.9938 
          11 192 0.0050 0.9950 
          12 192 0.0049 0.9951 
          13 192 0.0991 0.9009 
          14 192 0.0234 0.9766 
          15 192 0.0017 0.9983 
          16 192 0.0078 0.9922 
          17 192 0.0513 0.9487 
          18 192 0.0071 0.9929 
          19 192 0.0112 0.9888 
          20 192 0.0135 0.9865 
          21 192 0.0013 0.9987 
          22 192 0.0404 0.9596 
          23 192 0.0897 0.9103 
          24 192 0.0051 0.9949 
          33 192 0.0577 0.9423 
          35 192 0.0025 0.9975 
          36 192 0.0014 0.9986 
          37 192 0.0019 0.9981 
          38 192 0.0565 0.9435 
          39 192 0.0050 0.9950 
          40 192 0.0814 0.9186 
          41 192 0.0718 0.9282 
          42 192 0.0616 0.9384 
          43 192 0.0024 0.9976 
          45 192 0.0016 0.9984 
          46 192 0.0066 0.9934 
          47 192 0.0032 0.9968 
          48 192 0.0021 0.9979 
          49 192 0.0664 0.9336 
          50 192 0.0019 0.9981 
