        001s  1 0.0249 0.0009 0.0005 0.9734 0.0002 
        002s  1 0.0441 0.0004 0.0008 0.9530 0.0017 
        003s  1 0.0659 0.0142 0.0018 0.9174 0.0007 
        004s  1 0.0436 0.0003 0.0025 0.9234 0.0303 
        005s  1 0.2413 0.0002 0.0013 0.5332 0.2240 
        006s  1 0.0005 0.0004 0.0004 0.9978 0.0010 
        007s  1 0.0041 0.0006 0.0035 0.9913 0.0004 
        008s  1 0.0420 0.0008 0.0008 0.9555 0.0009 
        009s  1 0.0943 0.0030 0.0061 0.8901 0.0065 
        010s  1 0.0079 0.0007 0.0003 0.9899 0.0011 
        011s  1 0.0028 0.0044 0.0024 0.9891 0.0013 
        012s  1 0.1368 0.0064 0.0009 0.8418 0.0142 
        013s  1 0.0021 0.0008 0.0073 0.9635 0.0263 
        014s  1 0.0273 0.0195 0.0051 0.9443 0.0038 
        015s  1 0.0011 0.0006 0.0005 0.9974 0.0004 
        016s  1 0.0123 0.0009 0.0084 0.9778 0.0006 
        018s  1 0.1574 0.0008 0.0008 0.8309 0.0101 
        019s  1 0.0232 0.0039 0.0011 0.9712 0.0007 
        020s  1 0.0009 0.0080 0.0081 0.9827 0.0003 
        021s  1 0.0021 0.0007 0.0055 0.9843 0.0073 
        022s  1 0.0595 0.0004 0.0007 0.9391 0.0003 
        023s  1 0.0067 0.0011 0.0097 0.9821 0.0004 
        024s  1 0.0021 0.0003 0.0007 0.9961 0.0008 
        025s  1 0.0057 0.0004 0.0009 0.9905 0.0025 
        026s  1 0.0010 0.0051 0.0084 0.9848 0.0008 
        027s  1 0.0020 0.0005 0.0025 0.9861 0.0089 
        028s  1 0.0436 0.0018 0.0009 0.8976 0.0561 
        029s  1 0.0015 0.0057 0.0007 0.9914 0.0006 
        030s  1 0.0009 0.0085 0.0006 0.9864 0.0036 
        031s  1 0.0026 0.0005 0.0009 0.9958 0.0002 
        032s  1 0.0007 0.0010 0.0008 0.9970 0.0005 
        033s  1 0.0036 0.0006 0.0010 0.9934 0.0013 
        034s  1 0.0381 0.0043 0.0468 0.9099 0.0010 
        035s  1 0.0017 0.0015 0.0008 0.9946 0.0014 
        036s  1 0.1234 0.0002 0.0009 0.8720 0.0035 
        037s  1 0.1280 0.0018 0.0461 0.8073 0.0168 
        038s  1 0.0017 0.0005 0.0008 0.9964 0.0006 
        039s  1 0.0007 0.0007 0.0003 0.9786 0.0196 
        040s  1 0.0112 0.0007 0.0026 0.9825 0.0030 
        041s  1 0.0034 0.0008 0.0026 0.9927 0.0005 
        042s  1 0.0915 0.0005 0.0816 0.8239 0.0026 
        043s  1 0.0682 0.0013 0.0005 0.9282 0.0019 
        044s  1 0.0965 0.0041 0.0087 0.8711 0.0195 
        045s  1 0.0045 0.0013 0.0006 0.9922 0.0015 
        046s  1 0.0032 0.0020 0.0007 0.9937 0.0004 
        047s  1 0.0014 0.0013 0.0036 0.9935 0.0003 
        048s  1 0.1014 0.0004 0.0006 0.8973 0.0003 
        049s  1 0.0579 0.0006 0.0004 0.9403 0.0007 
        050s  1 0.1022 0.0005 0.0004 0.8887 0.0082 
        051s  1 0.0030 0.0291 0.0009 0.9666 0.0004 
        052s  1 0.0107 0.0160 0.0015 0.9630 0.0088 
        053s  1 0.0018 0.0003 0.0006 0.9968 0.0004 
        054s  1 0.0004 0.0024 0.0009 0.9937 0.0027 
        055s  1 0.0837 0.0015 0.0754 0.8333 0.0061 
          01  2 0.1154 0.0344 0.0006 0.8412 0.0083 
          02  2 0.0139 0.0014 0.0006 0.9808 0.0033 
          03  2 0.0016 0.0003 0.0008 0.9964 0.0009 
          04  2 0.0031 0.0012 0.0129 0.9631 0.0198 
          05  2 0.1772 0.0002 0.0003 0.8180 0.0044 
          06  2 0.0275 0.0006 0.0005 0.9664 0.0050 
          07  2 0.0240 0.0011 0.0005 0.9713 0.0031 
          08  2 0.1281 0.0004 0.0006 0.8692 0.0017 
          09  2 0.0088 0.0071 0.0003 0.9835 0.0003 
          10  2 0.0019 0.0007 0.0006 0.9962 0.0007 
          11  2 0.0128 0.0092 0.0021 0.9749 0.0010 
          12  2 0.0018 0.0012 0.0006 0.9955 0.0010 
          13  2 0.0077 0.0008 0.0004 0.9907 0.0004 
          14  2 0.0198 0.0029 0.0222 0.9507 0.0044 
          15  2 0.0209 0.0010 0.0011 0.9764 0.0006 
          16  2 0.0011 0.0055 0.0026 0.9349 0.0558 
          17  2 0.0074 0.0010 0.0012 0.9895 0.0009 
          18  2 0.0145 0.0016 0.0008 0.9772 0.0059 
          19  2 0.0015 0.0026 0.0043 0.9912 0.0004 
          20  2 0.0580 0.0019 0.0054 0.9258 0.0089 
          21  2 0.0032 0.0191 0.0005 0.9765 0.0007 
          22  2 0.0013 0.0055 0.0072 0.9807 0.0053 
          23  2 0.0012 0.0009 0.0020 0.9942 0.0017 
          24  2 0.0006 0.0009 0.0005 0.9975 0.0005 
          25  2 0.0128 0.0012 0.0007 0.9596 0.0257 
          26  2 0.0645 0.0006 0.0002 0.9344 0.0004 
          27  2 0.0033 0.0013 0.0045 0.9645 0.0264 
          28  2 0.0090 0.0010 0.0044 0.9854 0.0003 
          29  2 0.0012 0.0009 0.0003 0.9966 0.0010 
          30  2 0.1627 0.0072 0.0843 0.7380 0.0078 
          01  3 0.3914 0.0003 0.0087 0.3449 0.2547 
          02  3 0.3030 0.0728 0.0018 0.1318 0.4906 
          03  3 0.2952 0.0004 0.0009 0.3674 0.3361 
          04  3 0.4267 0.0006 0.0007 0.1845 0.3876 
          05  3 0.3315 0.1149 0.1220 0.0003 0.4314 
          06  3 0.3865 0.0004 0.0035 0.0748 0.5348 
          07  3 0.3516 0.0009 0.0003 0.3721 0.2751 
          08  3 0.3460 0.0065 0.0045 0.2932 0.3499 
          09  3 0.3984 0.0003 0.0029 0.3032 0.2953 
          10  3 0.1773 0.2186 0.1313 0.0348 0.4381 
          11  3 0.3850 0.0002 0.0002 0.2814 0.3332 
          12  3 0.4013 0.0003 0.0003 0.2569 0.3411 
          13  3 0.4217 0.0140 0.0002 0.0038 0.5603 
          14  3 0.3062 0.0480 0.1575 0.0016 0.4868 
          15  3 0.3518 0.0002 0.0022 0.3436 0.3023 
          16  3 0.2745 0.0029 0.0028 0.0849 0.6350 
          17  3 0.3896 0.0005 0.0004 0.4043 0.2052 
          18  3 0.1874 0.1663 0.2830 0.0089 0.3544 
          19  3 0.3354 0.0005 0.0039 0.1638 0.4963 
          20  3 0.4241 0.0003 0.0537 0.1777 0.3441 
          21  3 0.3352 0.0008 0.0042 0.2502 0.4096 
          22  3 0.4649 0.0007 0.0019 0.2716 0.2609 
          23  3 0.3749 0.0003 0.0011 0.2333 0.3904 
          24  3 0.4611 0.1697 0.0031 0.0466 0.3195 
          25  3 0.2834 0.2506 0.1312 0.0003 0.3344 
          26  3 0.4041 0.0002 0.0006 0.2247 0.3703 
          27  3 0.2319 0.1303 0.1747 0.0701 0.3929 
          28  3 0.4091 0.0014 0.0001 0.0886 0.5008 
          29  3 0.3599 0.0027 0.0069 0.1781 0.4523 
          30  3 0.4242 0.0010 0.0004 0.2930 0.2815 
         001  4 0.9541 0.0001 0.0012 0.0001 0.0445 
         002  4 0.9552 0.0002 0.0002 0.0002 0.0441 
         003  4 0.9554 0.0002 0.0004 0.0001 0.0439 
         004  4 0.9496 0.0001 0.0007 0.0001 0.0495 
         005  4 0.9539 0.0011 0.0015 0.0002 0.0435 
         006  4 0.8842 0.0002 0.0005 0.0006 0.1145 
         007  4 0.9062 0.0002 0.0010 0.0016 0.0910 
         008  4 0.9495 0.0020 0.0061 0.0005 0.0419 
         009  4 0.9510 0.0009 0.0013 0.0001 0.0467 
         010  4 0.9424 0.0001 0.0000 0.0001 0.0574 
         011  4 0.9088 0.0003 0.0303 0.0012 0.0593 
         012  4 0.9551 0.0001 0.0018 0.0001 0.0430 
         013  4 0.9500 0.0001 0.0001 0.0002 0.0497 
         014  4 0.9544 0.0001 0.0009 0.0001 0.0446 
         015  4 0.9462 0.0001 0.0001 0.0001 0.0536 
         016  4 0.9496 0.0008 0.0007 0.0001 0.0488 
         017  4 0.9520 0.0001 0.0001 0.0002 0.0476 
         019  4 0.8675 0.0006 0.0039 0.0003 0.1276 
         020  4 0.9583 0.0002 0.0005 0.0002 0.0409 
         021  4 0.9445 0.0005 0.0029 0.0002 0.0519 
         001  5 0.9170 0.0017 0.0342 0.0006 0.0465 
         002  5 0.9231 0.0017 0.0054 0.0288 0.0411 
         003  5 0.7265 0.0002 0.0093 0.1552 0.1089 
         004  5 0.9017 0.0002 0.0042 0.0530 0.0410 
         005  5 0.9470 0.0002 0.0031 0.0007 0.0490 
         006  5 0.8533 0.0006 0.0002 0.0015 0.1444 
         007  5 0.8652 0.0006 0.0013 0.0003 0.1326 
         008  5 0.9419 0.0004 0.0008 0.0002 0.0567 
         009  5 0.8844 0.0002 0.0042 0.0639 0.0474 
         010  5 0.8711 0.0002 0.0049 0.0112 0.1125 
         011  5 0.9438 0.0002 0.0071 0.0010 0.0479 
         012  5 0.8337 0.0011 0.0032 0.0428 0.1191 
         013  5 0.7280 0.0005 0.0011 0.1842 0.0862 
         014  5 0.6832 0.0157 0.0133 0.1611 0.1267 
         015  5 0.9264 0.0002 0.0005 0.0003 0.0726 
         016  5 0.8950 0.0004 0.0003 0.0021 0.1022 
         017  5 0.8471 0.0029 0.0004 0.0263 0.1234 
         018  5 0.8419 0.0293 0.0316 0.0192 0.0779 
         019  5 0.9476 0.0037 0.0028 0.0004 0.0455 
         020  5 0.9525 0.0001 0.0022 0.0001 0.0451 
         021  5 0.8366 0.0004 0.0038 0.1242 0.0351 
         022  5 0.8781 0.0020 0.0442 0.0299 0.0458 
         023  5 0.9148 0.0005 0.0036 0.0020 0.0790 
         024  5 0.8604 0.0002 0.0010 0.0329 0.1054 
         025  5 0.8649 0.0014 0.0020 0.0164 0.1153 
         026  5 0.8131 0.0002 0.0005 0.1374 0.0487 
         027  5 0.9517 0.0001 0.0008 0.0002 0.0472 
         028  5 0.8872 0.0004 0.0137 0.0088 0.0899 
         029  5 0.9489 0.0002 0.0002 0.0010 0.0498 
         030  5 0.9451 0.0053 0.0034 0.0007 0.0454 
        001s  6 0.0125 0.0007 0.0133 0.9509 0.0227 
        002s  6 0.0395 0.0173 0.0012 0.9405 0.0015 
        003s  6 0.0330 0.0007 0.0023 0.9635 0.0005 
        004s  6 0.0011 0.0005 0.0007 0.9974 0.0003 
        006s  6 0.0595 0.0012 0.0095 0.9025 0.0273 
        007s  6 0.0007 0.0010 0.0005 0.9961 0.0017 
        008s  6 0.0030 0.0029 0.0047 0.9888 0.0006 
        009s  6 0.0006 0.0011 0.0007 0.9973 0.0003 
        010s  6 0.0092 0.0139 0.0140 0.9553 0.0077 
        011s  6 0.0008 0.0003 0.0011 0.9959 0.0019 
        012s  6 0.0009 0.0023 0.0012 0.9919 0.0036 
        013s  6 0.0012 0.0006 0.0004 0.9973 0.0005 
        014s  6 0.1112 0.0002 0.0002 0.8866 0.0017 
        015s  6 0.0078 0.0010 0.0061 0.9763 0.0088 
        016s  6 0.0049 0.0004 0.0007 0.9931 0.0009 
        018s  6 0.2726 0.0006 0.0023 0.7074 0.0171 
        019s  6 0.0139 0.0010 0.0027 0.9804 0.0020 
        020s  6 0.0017 0.0007 0.0005 0.9964 0.0007 
        021s  6 0.0012 0.0011 0.0040 0.9816 0.0120 
        022s  6 0.0035 0.0006 0.0032 0.9924 0.0004 
        023s  6 0.0622 0.0003 0.0006 0.9362 0.0007 
        024s  6 0.0392 0.0015 0.0009 0.9558 0.0025 
        025s  6 0.0140 0.0007 0.0701 0.9141 0.0011 
        026s  6 0.0011 0.0016 0.0004 0.9963 0.0007 
        027s  6 0.0025 0.0013 0.0003 0.9954 0.0005 
        028s  6 0.0136 0.0483 0.0069 0.9189 0.0123 
        029s  6 0.0007 0.0014 0.0011 0.9966 0.0003 
        030s  6 0.0674 0.0025 0.0106 0.9152 0.0043 
        031s  6 0.0328 0.0003 0.0004 0.9629 0.0035 
        032s  6 0.0072 0.0005 0.0008 0.9897 0.0018 
        033s  6 0.0885 0.0006 0.0012 0.9079 0.0017 
        034s  6 0.0015 0.0003 0.0127 0.9837 0.0018 
        035s  6 0.1989 0.0019 0.0006 0.7933 0.0052 
        036s  6 0.0007 0.0003 0.0012 0.9926 0.0052 
        037s  6 0.0015 0.0021 0.0014 0.9944 0.0006 
        038s  6 0.0062 0.0012 0.0008 0.9900 0.0017 
        039s  6 0.0006 0.0006 0.0007 0.9978 0.0003 
        040s  6 0.0044 0.0005 0.0002 0.9928 0.0021 
        041s  6 0.0952 0.0035 0.0031 0.8980 0.0002 
        042s  6 0.0053 0.0045 0.0586 0.9308 0.0008 
        043s  6 0.0010 0.0003 0.0069 0.9911 0.0007 
        044s  6 0.0131 0.0020 0.0007 0.9839 0.0004 
        045s  6 0.0044 0.0008 0.0020 0.9925 0.0003 
        001s  7 0.0591 0.0003 0.0008 0.9393 0.0004 
        002s  7 0.0582 0.0008 0.0013 0.9383 0.0014 
        003s  7 0.0616 0.0011 0.0011 0.9347 0.0016 
        004s  7 0.0012 0.0013 0.0005 0.9939 0.0030 
        005s  7 0.0141 0.0007 0.0022 0.9800 0.0030 
        006s  7 0.0548 0.0004 0.0049 0.9356 0.0043 
        007s  7 0.0065 0.0181 0.0013 0.9660 0.0081 
        008s  7 0.0847 0.0023 0.0014 0.9114 0.0003 
        009s  7 0.0074 0.0006 0.0104 0.9799 0.0017 
        010s  7 0.0648 0.0007 0.0011 0.9331 0.0002 
        011s  7 0.0014 0.0008 0.0008 0.9967 0.0003 
        012s  7 0.0011 0.0005 0.0006 0.9974 0.0005 
        013s  7 0.0005 0.0005 0.0042 0.9888 0.0060 
        014s  7 0.0785 0.0005 0.0002 0.9199 0.0009 
        015s  7 0.0121 0.0018 0.0011 0.9831 0.0020 
        016s  7 0.1742 0.0002 0.0026 0.8227 0.0003 
        017s  7 0.0030 0.0003 0.0006 0.9954 0.0007 
        018s  7 0.0018 0.0033 0.0005 0.9939 0.0006 
        019s  7 0.0017 0.0027 0.0118 0.9825 0.0012 
        020s  7 0.0013 0.0003 0.0004 0.9965 0.0016 
        021s  7 0.0018 0.0012 0.0009 0.9956 0.0005 
        022s  7 0.0022 0.0002 0.0006 0.9947 0.0023 
        023s  7 0.0079 0.0014 0.0207 0.9686 0.0013 
        024s  7 0.0026 0.0016 0.0006 0.9948 0.0005 
        025s  7 0.0009 0.0010 0.0008 0.9920 0.0052 
        026s  7 0.0610 0.0010 0.0008 0.9368 0.0003 
        027s  7 0.0270 0.0016 0.0004 0.9703 0.0007 
        028s  7 0.0059 0.0002 0.0005 0.9925 0.0009 
        029s  7 0.0119 0.0006 0.0022 0.9844 0.0009 
        030s  7 0.0101 0.0070 0.0028 0.9795 0.0006 
        031s  7 0.0032 0.0003 0.0126 0.9826 0.0013 
        032s  7 0.0963 0.0063 0.0004 0.8928 0.0042 
        033s  7 0.0393 0.0036 0.0013 0.9530 0.0027 
        034s  7 0.0013 0.0018 0.0005 0.9514 0.0450 
        035s  7 0.0004 0.0005 0.0012 0.9976 0.0003 
        036s  7 0.0067 0.0005 0.0083 0.9820 0.0026 
        037s  7 0.0575 0.0007 0.0043 0.9248 0.0127 
        038s  7 0.0074 0.0010 0.0015 0.9895 0.0007 
        039s  7 0.0078 0.0003 0.0003 0.9913 0.0003 
        040s  7 0.0765 0.0005 0.0006 0.8949 0.0275 
        041s  7 0.0529 0.0020 0.0012 0.9432 0.0007 
        042s  7 0.0667 0.0003 0.0003 0.9321 0.0006 
        043s  7 0.0039 0.0005 0.0027 0.9927 0.0002 
        044s  7 0.0440 0.0013 0.0277 0.9056 0.0213 
         003  8 0.0034 0.0123 0.0007 0.9820 0.0016 
         009  8 0.0017 0.0006 0.0013 0.9960 0.0005 
         010  8 0.0006 0.0003 0.0016 0.9973 0.0002 
         017  8 0.0010 0.0010 0.0035 0.9940 0.0005 
         002  9 0.0008 0.0007 0.0011 0.9967 0.0007 
         003  9 0.0005 0.0003 0.0004 0.9984 0.0003 
         004  9 0.0007 0.0005 0.0012 0.9975 0.0002 
         005  9 0.0009 0.0010 0.0038 0.9934 0.0010 
         006  9 0.0017 0.0005 0.0017 0.9954 0.0007 
         007  9 0.0034 0.0012 0.0010 0.9941 0.0003 
         009  9 0.0031 0.0014 0.0020 0.9931 0.0003 
         010  9 0.0005 0.0018 0.0014 0.9959 0.0003 
         013  9 0.0019 0.0003 0.0015 0.9954 0.0009 
         014  9 0.0006 0.0057 0.0019 0.9915 0.0003 
         016  9 0.0003 0.0014 0.0004 0.9977 0.0002 
         018  9 0.0007 0.0066 0.0014 0.9903 0.0011 
         019  9 0.0006 0.0053 0.0006 0.9928 0.0008 
         020  9 0.0004 0.0004 0.0004 0.9987 0.0002 
         021  9 0.0010 0.0003 0.0006 0.9979 0.0002 
         022  9 0.0005 0.0011 0.0005 0.9975 0.0004 
         024  9 0.0006 0.0021 0.0032 0.9938 0.0003 
         028  9 0.0007 0.0005 0.0013 0.9969 0.0006 
         029  9 0.0005 0.0008 0.0006 0.9977 0.0004 
         030  9 0.0003 0.0008 0.0010 0.9975 0.0003 
         031  9 0.0040 0.0007 0.0004 0.9946 0.0003 
         033  9 0.0061 0.0005 0.0010 0.9919 0.0005 
         001 10 0.0016 0.0011 0.0003 0.9965 0.0005 
         002 10 0.0005 0.0012 0.0006 0.9976 0.0002 
         003 10 0.0003 0.0005 0.0150 0.9836 0.0006 
         004 10 0.0050 0.0005 0.0019 0.9922 0.0003 
         005 10 0.0003 0.0015 0.0008 0.9970 0.0004 
         006 10 0.0010 0.0006 0.0005 0.9975 0.0004 
         007 10 0.0006 0.0003 0.0017 0.9971 0.0003 
         008 10 0.0008 0.0008 0.0042 0.9937 0.0006 
         009 10 0.0007 0.0048 0.0005 0.9927 0.0012 
         010 10 0.0041 0.0029 0.0007 0.9920 0.0004 
         011 10 0.0020 0.0004 0.0367 0.9595 0.0014 
         012 10 0.0011 0.0005 0.0031 0.9943 0.0010 
         013 10 0.0003 0.0006 0.0006 0.9962 0.0022 
         014 10 0.0069 0.0006 0.0009 0.9910 0.0006 
         016 10 0.0008 0.0013 0.0007 0.9963 0.0009 
         017 10 0.0008 0.0009 0.0007 0.9969 0.0007 
         018 10 0.0059 0.0021 0.0006 0.9909 0.0005 
         019 10 0.0004 0.0043 0.0009 0.9939 0.0005 
         020 10 0.0021 0.0076 0.0018 0.9875 0.0010 
         021 10 0.0022 0.0021 0.0004 0.9951 0.0003 
         022 10 0.0059 0.0003 0.0007 0.9926 0.0005 
         023 10 0.0003 0.0003 0.0010 0.9978 0.0007 
         024 10 0.0006 0.0013 0.0017 0.9962 0.0002 
         026 10 0.0005 0.0007 0.0006 0.9977 0.0004 
        001s 11 0.1213 0.0005 0.0108 0.8646 0.0027 
        002s 11 0.0010 0.0034 0.0014 0.9878 0.0064 
        003s 11 0.0091 0.0008 0.0004 0.9890 0.0006 
        004s 11 0.0015 0.0003 0.0012 0.9957 0.0012 
        005s 11 0.0035 0.0048 0.0004 0.9906 0.0006 
        006s 11 0.0021 0.0028 0.0021 0.9810 0.0121 
        007s 11 0.0278 0.0022 0.0013 0.9304 0.0382 
        008s 11 0.0005 0.0007 0.0004 0.9981 0.0003 
        009s 11 0.0009 0.0124 0.0004 0.9860 0.0003 
        010s 11 0.0083 0.0005 0.0009 0.9898 0.0004 
        011s 11 0.1598 0.0003 0.0121 0.8193 0.0086 
        012s 11 0.1120 0.0009 0.0003 0.8828 0.0041 
        013s 11 0.0165 0.0002 0.0011 0.9817 0.0005 
        014s 11 0.0518 0.0011 0.0008 0.9395 0.0067 
        015s 11 0.0034 0.0013 0.0043 0.9890 0.0020 
        016s 11 0.0619 0.0044 0.0554 0.8779 0.0004 
        017s 11 0.0954 0.0006 0.0009 0.8993 0.0038 
        018s 11 0.0607 0.0014 0.0008 0.9363 0.0008 
        019s 11 0.0008 0.0002 0.0202 0.9780 0.0007 
        020s 11 0.0364 0.0012 0.0014 0.9600 0.0009 
        021s 11 0.0009 0.0004 0.0012 0.9970 0.0005 
        022s 11 0.0025 0.0005 0.0004 0.9694 0.0272 
        023s 11 0.1036 0.0004 0.0147 0.8810 0.0004 
        025s 11 0.0008 0.0002 0.0009 0.9977 0.0004 
        026s 11 0.0344 0.0007 0.0547 0.9091 0.0012 
        027s 11 0.0012 0.0005 0.0005 0.9957 0.0021 
        028s 11 0.0052 0.0003 0.0008 0.9929 0.0009 
        029s 11 0.0495 0.0013 0.0005 0.9468 0.0019 
        030s 11 0.0445 0.0011 0.0009 0.9512 0.0022 
        031s 11 0.0006 0.0006 0.0002 0.9979 0.0007 
        032s 11 0.0143 0.0007 0.0032 0.9815 0.0003 
        033s 11 0.0087 0.0015 0.0010 0.9882 0.0006 
        034s 11 0.0510 0.0004 0.0004 0.9468 0.0014 
        035s 11 0.0388 0.0009 0.0004 0.9583 0.0015 
        036s 11 0.0169 0.0015 0.0004 0.9789 0.0024 
        037s 11 0.0561 0.0012 0.0013 0.9410 0.0004 
        038s 11 0.0190 0.0007 0.0006 0.9793 0.0005 
        039s 11 0.0014 0.0005 0.0007 0.9970 0.0003 
        040s 11 0.0665 0.0006 0.0009 0.9204 0.0117 
        041s 11 0.0009 0.0212 0.0023 0.9747 0.0010 
        042s 11 0.0306 0.0008 0.0077 0.9601 0.0006 
        043s 11 0.0295 0.0003 0.0230 0.9448 0.0023 
        044s 11 0.0014 0.0008 0.0035 0.9900 0.0043 
        045s 11 0.0010 0.0004 0.0114 0.9851 0.0020 
        046s 11 0.0614 0.0005 0.0289 0.9074 0.0018 
        047s 11 0.0011 0.0006 0.0014 0.9956 0.0013 
        048s 11 0.0031 0.0024 0.0352 0.9568 0.0026 
        049s 11 0.0016 0.0011 0.0012 0.9958 0.0003 
        050s 11 0.0006 0.0004 0.0008 0.9970 0.0012 
        051s 11 0.0006 0.0003 0.0508 0.9309 0.0173 
        052s 11 0.0406 0.0007 0.0023 0.9540 0.0024 
        053s 11 0.0006 0.0016 0.0008 0.9967 0.0003 
        054s 11 0.0011 0.0005 0.0006 0.9919 0.0059 
        055s 11 0.1193 0.0004 0.0003 0.8771 0.0029 
        001s 12 0.0025 0.0008 0.0010 0.9918 0.0038 
        002s 12 0.0011 0.0019 0.0008 0.9957 0.0005 
        003s 12 0.0014 0.0007 0.0003 0.9971 0.0005 
        004s 12 0.0546 0.0026 0.0050 0.9369 0.0010 
        005s 12 0.0322 0.0009 0.0007 0.9658 0.0004 
        006s 12 0.0350 0.0007 0.0011 0.9576 0.0057 
        007s 12 0.0011 0.0030 0.0015 0.9935 0.0009 
        008s 12 0.0082 0.0006 0.0006 0.9886 0.0020 
        009s 12 0.0257 0.0215 0.0051 0.9456 0.0020 
        010s 12 0.0108 0.0011 0.0004 0.9567 0.0310 
        011s 12 0.0012 0.0010 0.0006 0.9955 0.0017 
        012s 12 0.0011 0.0003 0.0035 0.9895 0.0056 
        013s 12 0.0009 0.0004 0.0399 0.9584 0.0004 
        014s 12 0.0325 0.0031 0.0441 0.8832 0.0371 
        015s 12 0.0041 0.0019 0.0007 0.9925 0.0008 
        016s 12 0.0008 0.0005 0.0035 0.9948 0.0005 
        017s 12 0.0043 0.0004 0.0011 0.9934 0.0008 
        018s 12 0.0023 0.0023 0.0016 0.9935 0.0003 
        019s 12 0.0065 0.0030 0.0004 0.9896 0.0005 
        020s 12 0.0797 0.0003 0.0005 0.9166 0.0029 
        021s 12 0.0028 0.0004 0.0015 0.9947 0.0006 
        022s 12 0.0487 0.0036 0.0032 0.9425 0.0021 
        023s 12 0.0007 0.0008 0.0008 0.9972 0.0004 
        024s 12 0.0223 0.0004 0.0005 0.9764 0.0003 
        025s 12 0.0033 0.0047 0.0011 0.9875 0.0034 
        026s 12 0.0399 0.0152 0.0009 0.9423 0.0016 
        027s 12 0.0026 0.0004 0.0004 0.9955 0.0010 
        028s 12 0.0631 0.0111 0.0030 0.9224 0.0004 
        029s 12 0.0218 0.0003 0.0009 0.9766 0.0005 
        030s 12 0.0012 0.0004 0.0005 0.9969 0.0011 
        031s 12 0.0040 0.0009 0.0021 0.9922 0.0009 
        032s 12 0.0456 0.0069 0.0006 0.9464 0.0004 
        033s 12 0.0022 0.0004 0.0004 0.9910 0.0059 
        034s 12 0.0473 0.0005 0.0003 0.9516 0.0003 
        035s 12 0.0173 0.0005 0.0004 0.9799 0.0020 
        036s 12 0.0021 0.0025 0.0008 0.9853 0.0092 
        037s 12 0.0011 0.0010 0.0009 0.9966 0.0004 
        001s 13 0.0121 0.0010 0.0026 0.9837 0.0006 
        002s 13 0.1356 0.0003 0.0007 0.8597 0.0036 
        003s 13 0.0010 0.0008 0.0008 0.9969 0.0005 
        004s 13 0.0020 0.0110 0.0025 0.9842 0.0004 
        005s 13 0.0023 0.0026 0.0024 0.9872 0.0055 
        006s 13 0.0009 0.0012 0.0005 0.9963 0.0012 
        007s 13 0.0015 0.0003 0.0013 0.9672 0.0297 
        008s 13 0.0522 0.0018 0.0009 0.9419 0.0031 
        009s 13 0.1187 0.0122 0.0006 0.8599 0.0086 
        010s 13 0.0661 0.0009 0.0009 0.9288 0.0034 
        011s 13 0.0273 0.0068 0.0034 0.9373 0.0251 
        012s 13 0.0482 0.0039 0.0176 0.9253 0.0050 
        013s 13 0.0664 0.0009 0.0068 0.9131 0.0128 
        014s 13 0.0013 0.0010 0.0026 0.9615 0.0336 
        015s 13 0.0154 0.0107 0.0083 0.9651 0.0006 
        016s 13 0.0005 0.0006 0.0010 0.9975 0.0004 
        017s 13 0.0143 0.0035 0.0005 0.9664 0.0154 
        018s 13 0.0010 0.0005 0.0008 0.9974 0.0003 
        019s 13 0.0017 0.0004 0.0007 0.9960 0.0012 
        020s 13 0.0600 0.0018 0.0003 0.9340 0.0038 
        021s 13 0.0023 0.0006 0.0012 0.9955 0.0004 
        022s 13 0.0020 0.0003 0.0007 0.9961 0.0009 
        023s 13 0.0030 0.0006 0.0004 0.9957 0.0004 
        024s 13 0.0302 0.0008 0.0360 0.9296 0.0033 
        025s 13 0.0009 0.0008 0.0021 0.9959 0.0004 
        026s 13 0.0820 0.0003 0.0091 0.8963 0.0122 
        027s 13 0.0445 0.0049 0.0014 0.9459 0.0032 
        028s 13 0.0322 0.0098 0.0033 0.9424 0.0123 
        029s 13 0.0681 0.0005 0.0008 0.9295 0.0012 
        030s 13 0.1235 0.0005 0.0225 0.8530 0.0005 
        031s 13 0.0026 0.0010 0.1014 0.8930 0.0020 
        032s 13 0.0007 0.0004 0.0004 0.9967 0.0018 
        033s 13 0.0031 0.0006 0.0004 0.9601 0.0358 
        034s 13 0.1058 0.0026 0.0007 0.8877 0.0033 
        035s 13 0.0132 0.0016 0.0037 0.9810 0.0005 
        036s 13 0.0067 0.0005 0.0003 0.9918 0.0008 
        037s 13 0.0014 0.0006 0.0018 0.9957 0.0005 
        038s 13 0.0282 0.0008 0.0009 0.9688 0.0014 
        039s 13 0.1106 0.0005 0.0740 0.8102 0.0047 
        040s 13 0.0011 0.0005 0.0010 0.9966 0.0008 
        041s 13 0.0512 0.0004 0.0019 0.9375 0.0089 
        042s 13 0.0571 0.0007 0.0009 0.9404 0.0008 
        001s 14 0.0755 0.0014 0.0006 0.9214 0.0010 
        002s 14 0.0601 0.0035 0.0012 0.9292 0.0060 
        003s 14 0.0607 0.0006 0.0008 0.9373 0.0006 
        004s 14 0.0090 0.0009 0.0035 0.9798 0.0067 
        005s 14 0.0128 0.0007 0.0005 0.9858 0.0002 
        006s 14 0.0012 0.0004 0.0003 0.9976 0.0005 
        007s 14 0.0011 0.0005 0.0010 0.9967 0.0007 
        008s 14 0.1493 0.0127 0.0029 0.8311 0.0039 
        009s 14 0.0035 0.0056 0.0011 0.9893 0.0006 
        010s 14 0.0938 0.0192 0.0011 0.8855 0.0004 
        011s 14 0.0266 0.0005 0.0006 0.9359 0.0364 
        012s 14 0.0468 0.0019 0.0016 0.9480 0.0016 
        013s 14 0.0070 0.0005 0.0063 0.9839 0.0023 
        014s 14 0.0375 0.0065 0.0005 0.9536 0.0018 
        015s 14 0.0017 0.0073 0.0028 0.9877 0.0005 
        016s 14 0.0009 0.0004 0.0108 0.9876 0.0002 
        017s 14 0.0531 0.0007 0.0004 0.9276 0.0182 
        018s 14 0.0008 0.0009 0.0010 0.9970 0.0003 
        019s 14 0.0019 0.0004 0.0007 0.9954 0.0017 
        020s 14 0.0503 0.0063 0.0011 0.9420 0.0002 
        021s 14 0.0058 0.0112 0.0004 0.9821 0.0004 
        022s 14 0.0044 0.0018 0.0013 0.9893 0.0033 
        023s 14 0.0060 0.0019 0.0022 0.9888 0.0011 
        024s 14 0.0864 0.0026 0.0012 0.9064 0.0034 
        025s 14 0.0858 0.0003 0.0003 0.9133 0.0003 
        026s 14 0.0010 0.0019 0.0009 0.9959 0.0002 
        027s 14 0.0054 0.0006 0.0027 0.9908 0.0005 
        028s 14 0.0029 0.0019 0.0006 0.9925 0.0021 
        029s 14 0.0010 0.0005 0.0009 0.9973 0.0003 
        030s 14 0.0039 0.0005 0.0004 0.9842 0.0109 
        031s 14 0.0228 0.0005 0.0009 0.9628 0.0130 
        032s 14 0.0167 0.0005 0.0012 0.9809 0.0007 
        033s 14 0.0202 0.0006 0.0005 0.9283 0.0504 
        034s 14 0.0003 0.0008 0.0006 0.9981 0.0002 
        035s 14 0.0794 0.0002 0.0005 0.8330 0.0868 
        036s 14 0.1265 0.0013 0.0031 0.8296 0.0395 
        037s 14 0.0044 0.0009 0.0027 0.9918 0.0003 
        038s 14 0.0011 0.0007 0.0004 0.9972 0.0006 
        039s 14 0.0032 0.0032 0.0044 0.9874 0.0018 
        040s 14 0.0141 0.0003 0.0007 0.9840 0.0008 
        041s 14 0.0218 0.0004 0.0007 0.9759 0.0011 
        042s 14 0.0709 0.0008 0.0015 0.9257 0.0012 
        001s 15 0.0305 0.0010 0.0011 0.9671 0.0004 
        002s 15 0.1122 0.0075 0.0097 0.8641 0.0065 
        003s 15 0.0081 0.0011 0.0062 0.9839 0.0007 
        004s 15 0.0010 0.0065 0.0002 0.9921 0.0003 
        005s 15 0.0127 0.0012 0.0042 0.9790 0.0029 
        006s 15 0.0128 0.0006 0.0006 0.9839 0.0020 
        007s 15 0.0016 0.0008 0.0004 0.9968 0.0004 
        008s 15 0.0017 0.0005 0.0005 0.9969 0.0004 
        009s 15 0.0244 0.0007 0.0363 0.9327 0.0060 
        010s 15 0.0492 0.0003 0.0011 0.9490 0.0004 
        011s 15 0.0009 0.0004 0.0015 0.9350 0.0623 
        012s 15 0.0029 0.0009 0.0021 0.9919 0.0022 
        013s 15 0.0608 0.0042 0.0008 0.9339 0.0004 
        014s 15 0.0017 0.0042 0.0053 0.9880 0.0007 
        015s 15 0.0708 0.0009 0.0059 0.9139 0.0084 
        016s 15 0.0618 0.0383 0.0003 0.8341 0.0655 
        017s 15 0.0028 0.0160 0.0022 0.9783 0.0008 
        018s 15 0.0353 0.0017 0.0004 0.9623 0.0003 
        019s 15 0.0398 0.0006 0.0050 0.9541 0.0005 
        020s 15 0.0262 0.0004 0.0006 0.9722 0.0006 
        021s 15 0.0767 0.0022 0.0035 0.9122 0.0054 
        022s 15 0.0013 0.0005 0.0005 0.9960 0.0017 
        023s 15 0.0212 0.0005 0.0011 0.9734 0.0039 
        024s 15 0.0012 0.0004 0.0008 0.9960 0.0016 
        025s 15 0.0053 0.0015 0.0261 0.9658 0.0012 
        026s 15 0.0070 0.0041 0.0231 0.9650 0.0008 
        027s 15 0.0076 0.0110 0.0005 0.9734 0.0075 
        028s 15 0.0009 0.0026 0.0016 0.9934 0.0015 
        029s 15 0.0012 0.0014 0.0010 0.9958 0.0006 
        030s 15 0.0011 0.0017 0.0006 0.9964 0.0003 
        031s 15 0.0723 0.0008 0.0047 0.9174 0.0048 
        032s 15 0.0007 0.0009 0.0018 0.9964 0.0003 
        033s 15 0.1154 0.0012 0.0004 0.8812 0.0018 
        035s 15 0.0016 0.0020 0.0006 0.9925 0.0032 
        036s 15 0.0296 0.0003 0.0032 0.9656 0.0013 
        037s 15 0.0010 0.0005 0.0009 0.9894 0.0083 
        038s 15 0.0036 0.0007 0.0004 0.9943 0.0010 
        039s 15 0.0980 0.0005 0.0004 0.8995 0.0016 
        040s 15 0.0029 0.0033 0.0006 0.9912 0.0021 
        041s 15 0.0758 0.0009 0.0022 0.9119 0.0092 
        042s 15 0.0052 0.0026 0.0006 0.9911 0.0005 
        043s 15 0.0360 0.0002 0.0016 0.9606 0.0016 
        044s 15 0.0039 0.0009 0.0006 0.9939 0.0007 
        045s 15 0.0043 0.0020 0.0777 0.8854 0.0306 
        046s 15 0.0242 0.0005 0.0012 0.9674 0.0067 
        047s 15 0.0276 0.0004 0.0005 0.9674 0.0041 
        048s 15 0.0223 0.0007 0.0146 0.9619 0.0005 
        049s 15 0.0169 0.0003 0.0004 0.9799 0.0024 
        050s 15 0.1317 0.0150 0.0043 0.8423 0.0067 
         001 16 0.2078 0.0032 0.0005 0.7659 0.0225 
         002 16 0.0354 0.0003 0.0007 0.9600 0.0036 
         003 16 0.0036 0.0028 0.0017 0.9863 0.0056 
         004 16 0.0009 0.0007 0.0013 0.9962 0.0010 
         005 16 0.0486 0.0016 0.0234 0.9174 0.0089 
         006 16 0.0111 0.0007 0.0145 0.9708 0.0029 
         007 16 0.0067 0.0008 0.0013 0.9903 0.0010 
         008 16 0.1609 0.0009 0.0005 0.8278 0.0100 
         009 16 0.0406 0.0011 0.0004 0.9574 0.0004 
         010 16 0.0453 0.0005 0.0013 0.9524 0.0005 
         011 16 0.0601 0.0006 0.0018 0.9365 0.0011 
         012 16 0.0020 0.0010 0.0012 0.9942 0.0016 
         013 16 0.0005 0.0006 0.0006 0.9976 0.0007 
         014 16 0.0325 0.0013 0.0003 0.9639 0.0020 
         015 16 0.0006 0.0018 0.3695 0.6270 0.0011 
         016 16 0.0014 0.0050 0.0154 0.9779 0.0004 
         017 16 0.0402 0.0008 0.0010 0.9515 0.0066 
         018 16 0.0308 0.0104 0.0238 0.9298 0.0052 
         019 16 0.1168 0.0006 0.0006 0.8749 0.0070 
         020 16 0.0010 0.0010 0.0007 0.9964 0.0008 
         021 16 0.0873 0.0033 0.0009 0.8709 0.0376 
         022 16 0.0312 0.0010 0.0019 0.9656 0.0003 
         023 16 0.0908 0.0005 0.0061 0.9019 0.0006 
         024 16 0.0416 0.0012 0.0242 0.9325 0.0005 
         025 16 0.0893 0.0008 0.0037 0.8913 0.0150 
         026 16 0.0995 0.0004 0.0018 0.8903 0.0080 
         027 16 0.0122 0.0105 0.0011 0.9758 0.0004 
         028 16 0.1519 0.0174 0.0003 0.7983 0.0322 
         029 16 0.0014 0.0013 0.0009 0.9608 0.0356 
         030 16 0.0336 0.0003 0.0004 0.9617 0.0040 
         031 16 0.0012 0.0117 0.0004 0.9857 0.0010 
         032 16 0.0880 0.0009 0.0027 0.9034 0.0050 
         033 16 0.0008 0.0003 0.0003 0.9978 0.0008 
         034 16 0.0389 0.0003 0.0016 0.9566 0.0026 
         035 16 0.0004 0.0006 0.0002 0.9981 0.0007 
         036 16 0.0070 0.0012 0.0019 0.9896 0.0003 
         037 16 0.0428 0.0006 0.0039 0.9356 0.0171 
         038 16 0.0094 0.0012 0.0080 0.9806 0.0009 
         039 16 0.0313 0.0011 0.0004 0.9669 0.0003 
         040 16 0.0012 0.0004 0.0015 0.9957 0.0012 
         041 16 0.0011 0.0003 0.0015 0.9965 0.0006 
         042 16 0.0148 0.0020 0.0008 0.9814 0.0009 
         043 16 0.0024 0.0009 0.0009 0.9953 0.0006 
         044 16 0.0443 0.0013 0.0011 0.9526 0.0008 
         045 16 0.0020 0.0017 0.0002 0.9898 0.0063 
         047 16 0.0019 0.0049 0.0007 0.9579 0.0345 
         048 16 0.0019 0.0005 0.0006 0.9924 0.0045 
         049 16 0.0054 0.0005 0.0030 0.9892 0.0019 
         050 16 0.0008 0.0003 0.0004 0.9978 0.0007 
         051 16 0.0013 0.0016 0.0005 0.9950 0.0016 
         052 16 0.0045 0.0005 0.0006 0.9940 0.0003 
         053 16 0.0014 0.0009 0.0006 0.9965 0.0008 
         054 16 0.0903 0.0011 0.0004 0.9055 0.0027 
         055 16 0.0111 0.0004 0.0004 0.9336 0.0545 
         056 16 0.0021 0.0005 0.0079 0.9892 0.0004 
         057 16 0.1471 0.0005 0.0003 0.8499 0.0022 
         058 16 0.1117 0.0003 0.0080 0.8696 0.0104 
         059 16 0.1033 0.0056 0.0860 0.7846 0.0204 
         060 16 0.0153 0.0011 0.0099 0.9731 0.0007 
         061 16 0.0302 0.0007 0.0019 0.9662 0.0011 
         062 16 0.0013 0.0015 0.0004 0.9902 0.0066 
         063 16 0.0033 0.0006 0.0007 0.9946 0.0007 
         064 16 0.0011 0.0006 0.0020 0.9959 0.0004 
         065 16 0.0189 0.0014 0.0021 0.9753 0.0023 
         066 16 0.0004 0.0009 0.0005 0.9978 0.0004 
         067 16 0.0055 0.0009 0.0758 0.9147 0.0032 
         068 16 0.0059 0.0005 0.0282 0.9640 0.0014 
         069 16 0.0013 0.0041 0.0004 0.9937 0.0006 
         070 16 0.0169 0.0024 0.0006 0.9792 0.0008 
         071 16 0.0702 0.0005 0.0003 0.9134 0.0156 
         072 16 0.0064 0.0011 0.0010 0.9907 0.0008 
         073 16 0.0105 0.0007 0.0003 0.9863 0.0022 
         074 16 0.0006 0.0006 0.0003 0.9978 0.0006 
         075 16 0.0205 0.0004 0.0006 0.9706 0.0079 
         076 16 0.0013 0.0009 0.0004 0.9966 0.0008 
         077 16 0.0106 0.0339 0.0585 0.8919 0.0051 
         078 16 0.0955 0.0007 0.0015 0.9019 0.0004 
         079 16 0.0840 0.0013 0.0007 0.9048 0.0092 
         080 16 0.0438 0.0004 0.0016 0.9540 0.0003 
         081 16 0.0614 0.0012 0.0006 0.8971 0.0396 
         082 16 0.0215 0.0006 0.0003 0.9640 0.0137 
         083 16 0.0006 0.0006 0.0016 0.9963 0.0009 
         084 16 0.0139 0.0029 0.0013 0.9800 0.0018 
         085 16 0.0019 0.0018 0.0094 0.9863 0.0006 
         086 16 0.0986 0.0006 0.0007 0.8854 0.0147 
         087 16 0.0582 0.0015 0.0004 0.9378 0.0022 
         088 16 0.0402 0.0005 0.0020 0.9571 0.0003 
         089 16 0.0030 0.0011 0.0008 0.9872 0.0079 
         090 16 0.0058 0.0018 0.0007 0.9909 0.0010 
         091 16 0.0029 0.0009 0.0007 0.9943 0.0012 
         092 16 0.0871 0.0007 0.0008 0.9104 0.0010 
         093 16 0.0107 0.0016 0.0005 0.9868 0.0004 
         094 16 0.0039 0.0080 0.0406 0.9468 0.0006 
         095 16 0.0082 0.0013 0.0004 0.9898 0.0003 
         096 16 0.0018 0.0005 0.0028 0.9710 0.0239 
         097 16 0.0085 0.0016 0.0065 0.8948 0.0886 
         098 16 0.0019 0.0071 0.0033 0.9873 0.0005 
         099 16 0.0010 0.0010 0.0052 0.9924 0.0004 
         100 16 0.0033 0.0005 0.0021 0.9937 0.0004 
         101 16 0.0971 0.0004 0.0040 0.8977 0.0008 
         102 16 0.0600 0.0005 0.0015 0.9361 0.0018 
         103 16 0.0015 0.0040 0.0023 0.9903 0.0020 
         104 16 0.0026 0.0003 0.0033 0.9931 0.0006 
         105 16 0.0767 0.0059 0.0029 0.8787 0.0359 
         106 16 0.0256 0.0004 0.0020 0.9715 0.0004 
         107 16 0.0344 0.0483 0.0032 0.9137 0.0005 
         108 16 0.1125 0.0697 0.1663 0.6431 0.0084 
         109 16 0.0174 0.0006 0.0004 0.9751 0.0065 
         110 16 0.0022 0.0003 0.0014 0.9957 0.0004 
         111 16 0.0809 0.0004 0.0011 0.9161 0.0015 
         112 16 0.0429 0.0006 0.0017 0.9539 0.0009 
         113 16 0.0537 0.0007 0.0009 0.9380 0.0068 
         114 16 0.0200 0.0065 0.0013 0.9712 0.0010 
         115 16 0.0005 0.0004 0.0008 0.9973 0.0010 
         116 16 0.0655 0.0004 0.0009 0.9327 0.0005 
         117 16 0.0074 0.0032 0.0007 0.9846 0.0041 
         118 16 0.0052 0.0010 0.0115 0.9818 0.0004 
         119 16 0.0262 0.0018 0.0014 0.9699 0.0007 
         120 16 0.0018 0.0010 0.0006 0.9816 0.0150 
         121 16 0.0040 0.0003 0.0348 0.9530 0.0079 
         122 16 0.0014 0.0003 0.0005 0.9974 0.0004 
         123 16 0.0274 0.0029 0.0005 0.9681 0.0011 
         124 16 0.0121 0.0003 0.0014 0.9850 0.0013 
         126 16 0.1675 0.0032 0.0027 0.8180 0.0086 
         001 17 0.0013 0.0104 0.0005 0.9856 0.0022 
         002 17 0.0153 0.0005 0.0005 0.9832 0.0005 
         003 17 0.0006 0.0009 0.0004 0.9977 0.0005 
         005 17 0.0015 0.0249 0.0003 0.9727 0.0007 
         006 17 0.0012 0.0022 0.0004 0.9466 0.0497 
         007 17 0.1643 0.0041 0.0151 0.7937 0.0228 
         008 17 0.0996 0.0004 0.0007 0.8786 0.0206 
         009 17 0.0004 0.0006 0.0003 0.9982 0.0004 
         010 17 0.0013 0.0005 0.0010 0.9962 0.0010 
         011 17 0.1391 0.0009 0.3796 0.4731 0.0072 
         012 17 0.0051 0.0006 0.0011 0.9928 0.0005 
         013 17 0.0007 0.0006 0.0003 0.9981 0.0002 
         014 17 0.0469 0.0012 0.0004 0.9511 0.0005 
         015 17 0.0356 0.0007 0.0004 0.9595 0.0039 
         016 17 0.0010 0.0006 0.0005 0.9972 0.0007 
         017 17 0.0015 0.0010 0.0014 0.9941 0.0021 
         018 17 0.0467 0.0216 0.0003 0.9284 0.0030 
         019 17 0.0303 0.0007 0.0007 0.9681 0.0002 
         020 17 0.0021 0.0004 0.0005 0.9959 0.0012 
         021 17 0.0003 0.0005 0.0007 0.9977 0.0007 
         022 17 0.0363 0.0121 0.0007 0.9439 0.0070 
         023 17 0.0161 0.0025 0.0007 0.9803 0.0004 
         024 17 0.0186 0.0018 0.0036 0.9310 0.0450 
         025 17 0.0015 0.0003 0.0003 0.9974 0.0006 
         002 18 0.0009 0.0060 0.0017 0.9907 0.0007 
         003 18 0.0006 0.0005 0.0012 0.9975 0.0003 
         004 18 0.0561 0.0037 0.0013 0.9372 0.0017 
         005 18 0.0286 0.0005 0.0308 0.9394 0.0006 
         006 18 0.0020 0.0004 0.0007 0.9967 0.0003 
         007 18 0.0044 0.0028 0.0005 0.9879 0.0045 
         008 18 0.0288 0.0004 0.0018 0.9681 0.0010 
         009 18 0.0097 0.0010 0.0019 0.9819 0.0055 
         010 18 0.0008 0.0027 0.0089 0.9859 0.0017 
         011 18 0.0010 0.0013 0.0017 0.9953 0.0007 
         012 18 0.0804 0.0004 0.0020 0.9164 0.0007 
         015 18 0.0107 0.0004 0.0019 0.9865 0.0005 
         016 18 0.0284 0.0006 0.0003 0.9673 0.0034 
         018 18 0.0010 0.0048 0.0056 0.9882 0.0004 
         026 18 0.0336 0.0024 0.0007 0.9512 0.0121 
         027 18 0.0007 0.0022 0.0018 0.9949 0.0004 
         028 18 0.0553 0.0350 0.0003 0.9089 0.0005 
         029 18 0.0014 0.0007 0.0003 0.9970 0.0006 
         031 18 0.0960 0.0330 0.0779 0.7855 0.0077 
         032 18 0.0005 0.0012 0.0003 0.9975 0.0005 
         033 18 0.0024 0.0013 0.0010 0.9949 0.0004 
         035 18 0.0637 0.0005 0.0006 0.9348 0.0004 
         036 18 0.0010 0.0006 0.0081 0.9898 0.0005 
         037 18 0.0042 0.0168 0.0121 0.9537 0.0133 
         038 18 0.0016 0.0525 0.0020 0.9216 0.0223 
         039 18 0.0016 0.0004 0.0013 0.9964 0.0004 
         044 18 0.1182 0.0014 0.0004 0.8633 0.0166 
         046 18 0.0022 0.0065 0.0340 0.9570 0.0003 
         049 18 0.0310 0.0010 0.0004 0.9672 0.0004 
         053 18 0.0452 0.0014 0.0005 0.9521 0.0008 
         054 18 0.0011 0.0009 0.0010 0.9849 0.0122 
         056 18 0.0677 0.0045 0.0031 0.9240 0.0006 
         057 18 0.0345 0.0007 0.0034 0.9577 0.0036 
         058 18 0.0022 0.0054 0.0029 0.9890 0.0005 
        001s 19 0.0657 0.0005 0.0006 0.9291 0.0041 
        002s 19 0.0419 0.0010 0.0012 0.9553 0.0007 
        003s 19 0.0289 0.0005 0.0004 0.9698 0.0004 
        004s 19 0.0044 0.0061 0.0262 0.9622 0.0011 
        005s 19 0.0105 0.0026 0.0734 0.8883 0.0251 
        006s 19 0.0015 0.0013 0.0015 0.9943 0.0014 
        007s 19 0.0340 0.0004 0.0180 0.9288 0.0189 
        008s 19 0.0407 0.0011 0.0134 0.9397 0.0052 
        009s 19 0.0582 0.0006 0.0017 0.9389 0.0006 
        010s 19 0.0025 0.0154 0.0005 0.9772 0.0044 
        011s 19 0.0007 0.0055 0.0007 0.9889 0.0043 
        012s 19 0.0135 0.0016 0.0005 0.9827 0.0017 
        013s 19 0.0378 0.0009 0.0005 0.9511 0.0096 
        014s 19 0.1108 0.0005 0.0230 0.8566 0.0091 
        015s 19 0.0008 0.0006 0.0005 0.9962 0.0020 
        016s 19 0.0149 0.0201 0.0405 0.9227 0.0018 
        017s 19 0.0726 0.0017 0.0053 0.9179 0.0024 
        018s 19 0.0022 0.0013 0.0030 0.9926 0.0009 
        019s 19 0.0782 0.0007 0.0020 0.9081 0.0110 
        020s 19 0.0703 0.0010 0.0010 0.9197 0.0080 
        021s 19 0.0319 0.0012 0.0005 0.9644 0.0021 
        022s 19 0.0153 0.0010 0.0005 0.9808 0.0024 
        023s 19 0.0008 0.0028 0.0025 0.9900 0.0038 
        024s 19 0.0010 0.0020 0.0017 0.9950 0.0003 
        025s 19 0.1390 0.0008 0.0034 0.8519 0.0048 
        026s 19 0.0035 0.0022 0.0033 0.9864 0.0046 
        027s 19 0.0286 0.0009 0.0009 0.9689 0.0007 
        028s 19 0.0053 0.0006 0.0003 0.9917 0.0021 
        029s 19 0.0096 0.0014 0.0005 0.9877 0.0009 
        030s 19 0.0554 0.0045 0.0007 0.9380 0.0013 
        031s 19 0.0045 0.0003 0.0007 0.9932 0.0012 
        032s 19 0.0577 0.0004 0.0004 0.9404 0.0011 
        033s 19 0.0006 0.0010 0.0045 0.9926 0.0012 
        034s 19 0.0172 0.0005 0.0012 0.9803 0.0008 
        035s 19 0.0131 0.0034 0.0034 0.9773 0.0028 
        036s 19 0.0230 0.0002 0.0014 0.9743 0.0012 
        037s 19 0.0297 0.0012 0.0004 0.9683 0.0004 
        038s 19 0.0037 0.0017 0.0016 0.9918 0.0013 
        039s 19 0.0090 0.0005 0.0004 0.9897 0.0005 
        040s 19 0.0008 0.0005 0.0003 0.9717 0.0268 
        041s 19 0.0026 0.0003 0.0007 0.9959 0.0005 
        042s 19 0.0032 0.0107 0.0134 0.9716 0.0010 
        043s 19 0.0446 0.0025 0.0005 0.9476 0.0048 
        044s 19 0.0053 0.0009 0.0013 0.9919 0.0005 
        045s 19 0.0014 0.0010 0.0013 0.9961 0.0002 
        046s 19 0.0017 0.0018 0.0057 0.9892 0.0016 
        047s 19 0.0094 0.0006 0.0003 0.9806 0.0092 
        048s 19 0.0838 0.0017 0.0006 0.9005 0.0135 
        049s 19 0.0057 0.0006 0.0069 0.9800 0.0068 
        050s 19 0.0048 0.0006 0.0008 0.9936 0.0002 
        051s 19 0.0335 0.0008 0.0124 0.9183 0.0351 
        052s 19 0.0076 0.0013 0.0008 0.9897 0.0007 
      LIW2-4 20 0.0026 0.0019 0.0023 0.9916 0.0016 
     LIW2-12 21 0.0212 0.0166 0.0768 0.8851 0.0004 
     LIW2-20 22 0.0047 0.0055 0.0011 0.9882 0.0005 
     LIW2-28 23 0.0445 0.0015 0.0678 0.8819 0.0043 
      LIW1-5 24 0.0024 0.0019 0.0028 0.9920 0.0008 
     LIW1-13 25 0.0529 0.0005 0.0117 0.9239 0.0110 
     LIW1-21 26 0.0256 0.0102 0.0347 0.9291 0.0004 
     LIW1-29 27 0.0208 0.0031 0.0132 0.9587 0.0043 
      LIW2-5 28 0.0006 0.0066 0.0030 0.9891 0.0008 
     LIW2-34 29 0.0023 0.0095 0.0043 0.9831 0.0008 
     LIW2-21 30 0.1299 0.0012 0.0151 0.8495 0.0043 
     LIW2-29 31 0.1737 0.0063 0.0016 0.8015 0.0168 
      LIW1-6 32 0.0028 0.0008 0.0027 0.9932 0.0005 
     LIW1-14 33 0.1147 0.0379 0.0007 0.8429 0.0038 
     LIW1-22 34 0.0005 0.0267 0.0071 0.9653 0.0004 
     LIW1-30 35 0.0030 0.0010 0.0027 0.9929 0.0004 
      LIW2-6 36 0.0051 0.0036 0.0268 0.9523 0.0122 
     LIW2-14 37 0.0188 0.0003 0.0055 0.9749 0.0005 
     LIW2-22 38 0.0688 0.0009 0.0804 0.8469 0.0030 
     LIW2-30 39 0.0102 0.0445 0.0055 0.9395 0.0003 
      LIW1-7 40 0.0227 0.0139 0.0553 0.9075 0.0006 
     LIW1-15 41 0.0071 0.0048 0.0116 0.9761 0.0004 
     LIW1-23 42 0.0129 0.0033 0.0049 0.9770 0.0020 
     LIW1-31 43 0.0646 0.0035 0.0059 0.9249 0.0012 
      LIW2-7 44 0.0836 0.0077 0.0008 0.9023 0.0056 
     LIW2-15 45 0.0017 0.0547 0.0029 0.9405 0.0002 
     LIW2-23 46 0.0007 0.0004 0.0882 0.9049 0.0059 
      LIW1-8 47 0.0008 0.0007 0.0028 0.9948 0.0009 
     LIW1-16 48 0.0012 0.0011 0.0019 0.9948 0.0010 
      LIW2-8 49 0.0009 0.0027 0.0021 0.9937 0.0006 
     LIW2-16 50 0.3382 0.0068 0.0130 0.5990 0.0429 
     LIW2-24 51 0.1666 0.0030 0.0138 0.7825 0.0341 
     LIW2-32 52 0.0048 0.0102 0.0494 0.9310 0.0045 
     LIW1-47 53 0.0317 0.0018 0.0124 0.9502 0.0040 
      UMFS-1 54 0.0002 0.9990 0.0001 0.0003 0.0004 
     UMFS-19 55 0.0003 0.9993 0.0001 0.0001 0.0001 
     UMFS-31 56 0.0044 0.8092 0.0006 0.1856 0.0002 
      UMFS-2 57 0.0019 0.9365 0.0002 0.0609 0.0004 
     UMFS-10 58 0.0003 0.8938 0.0004 0.1051 0.0005 
     UMFS-20 59 0.0065 0.8433 0.0005 0.1486 0.0011 
     UMFS-32 60 0.0004 0.9986 0.0002 0.0004 0.0003 
      UMFS-3 61 0.0001 0.9997 0.0001 0.0001 0.0001 
     UMFS-11 62 0.3003 0.0005 0.0025 0.5246 0.1721 
     UMFS-21 63 0.0263 0.9352 0.0053 0.0316 0.0016 
     UMFS-33 64 0.0001 0.9998 0.0000 0.0000 0.0000 
      UMFS-4 65 0.0000 0.9998 0.0000 0.0000 0.0000 
     UMFS-22 66 0.0012 0.9482 0.0020 0.0478 0.0008 
     UMFS-34 67 0.0050 0.5865 0.0805 0.3245 0.0035 
      UMFS-5 68 0.0018 0.9200 0.0013 0.0734 0.0035 
     UMFS-13 69 0.0006 0.9964 0.0015 0.0010 0.0005 
     UMFS-23 70 0.0075 0.7694 0.0005 0.2211 0.0015 
     UMFS-35 71 0.0001 0.9996 0.0001 0.0001 0.0001 
      UMFS-6 72 0.0001 0.9998 0.0001 0.0001 0.0001 
     UMFS-14 73 0.0000 0.9999 0.0000 0.0000 0.0000 
     UMFS-24 74 0.0106 0.7513 0.0003 0.2365 0.0013 
     UMFS-36 75 0.0000 0.9998 0.0000 0.0000 0.0000 
      UMFS-7 76 0.3201 0.0016 0.0957 0.2837 0.2989 
     UMFS-15 77 0.0001 0.9998 0.0000 0.0001 0.0001 
     UMFS-25 78 0.0051 0.7918 0.0003 0.1988 0.0041 
     UMFS-37 79 0.0001 0.9998 0.0001 0.0001 0.0000 
      UMFS-8 80 0.0024 0.9865 0.0010 0.0093 0.0009 
     UMFS-16 81 0.0001 0.9996 0.0001 0.0001 0.0001 
     UMFS-26 82 0.0073 0.4821 0.1352 0.3713 0.0040 
     UMFS-38 83 0.0001 0.9996 0.0001 0.0001 0.0001 
      NEH1-2 84 0.0179 0.0011 0.9754 0.0011 0.0045 
     NEH1-11 85 0.0399 0.0006 0.9551 0.0011 0.0033 
     NEH1-20 86 0.0010 0.0043 0.8786 0.1151 0.0010 
     NEH1-29 87 0.0005 0.0002 0.9983 0.0007 0.0003 
      NEH2-2 88 0.0003 0.0003 0.9990 0.0003 0.0001 
     NEH2-10 89 0.0012 0.0003 0.9924 0.0057 0.0004 
     NEH2-18 90 0.0015 0.0002 0.9981 0.0001 0.0002 
     NEH2-26 91 0.0019 0.0003 0.9965 0.0009 0.0004 
      NEH1-3 92 0.0004 0.0003 0.8438 0.1548 0.0007 
     NEH1-12 93 0.0015 0.0003 0.9483 0.0003 0.0495 
     NEH1-21 94 0.0011 0.0002 0.9396 0.0401 0.0190 
     NEH1-30 95 0.0671 0.0003 0.9203 0.0109 0.0013 
      NEH2-3 96 0.0001 0.0001 0.9994 0.0001 0.0002 
     NEH2-11 97 0.0200 0.0026 0.9762 0.0003 0.0008 
     NEH2-19 98 0.0013 0.0030 0.9921 0.0027 0.0008 
     NEH2-27 99 0.0001 0.0001 0.9997 0.0001 0.0001 
      NEH1-4 100 0.0017 0.0002 0.9979 0.0001 0.0001 
     NEH1-13 101 0.0145 0.0009 0.7693 0.2144 0.0009 
     NEH1-22 102 0.0094 0.0005 0.8006 0.1889 0.0006 
     NEH1-31 103 0.0014 0.0001 0.9978 0.0005 0.0001 
      NEH2-4 104 0.0015 0.0020 0.9935 0.0026 0.0005 
     NEH2-12 105 0.0511 0.0071 0.9377 0.0004 0.0037 
     NEH2-20 106 0.0010 0.0008 0.8030 0.1950 0.0001 
     NEH2-28 107 0.0012 0.0004 0.9913 0.0010 0.0061 
      NEH1-5 108 0.0233 0.0004 0.8579 0.1175 0.0008 
     NEH1-14 109 0.0512 0.0007 0.7643 0.1710 0.0128 
     NEH1-23 110 0.0147 0.0045 0.7713 0.2092 0.0003 
     NEH1-32 111 0.0009 0.0002 0.9961 0.0011 0.0017 
      NEH2-5 112 0.0002 0.0001 0.9994 0.0002 0.0001 
     NEH2-13 113 0.0145 0.0004 0.9822 0.0009 0.0020 
     NEH2-22 114 0.0004 0.0009 0.9979 0.0005 0.0004 
     NEH2-29 115 0.0009 0.0006 0.9616 0.0364 0.0006 
      NEH1-6 116 0.0002 0.0001 0.9994 0.0002 0.0002 
     NEH1-15 117 0.0023 0.0002 0.9582 0.0016 0.0378 
     NEH1-24 118 0.0005 0.0016 0.9847 0.0004 0.0129 
     NEH1-33 119 0.0005 0.0006 0.8749 0.1237 0.0003 
      NEH2-6 120 0.0010 0.0057 0.9824 0.0104 0.0005 
     NEH2-14 121 0.0015 0.0010 0.9915 0.0047 0.0014 
     NEH2-21 122 0.0007 0.0010 0.9531 0.0449 0.0002 
     NEH2-30 123 0.0002 0.0002 0.9993 0.0002 0.0001 
      NEH1-7 124 0.0830 0.0005 0.8383 0.0717 0.0065 
     NEH1-16 125 0.0003 0.0001 0.9991 0.0003 0.0002 
     NEH1-25 126 0.0085 0.0015 0.8741 0.1152 0.0006 
     NEH1-34 127 0.0224 0.0007 0.9321 0.0428 0.0019 
      NEH2-7 128 0.0011 0.0023 0.9938 0.0019 0.0008 
     NEH2-15 129 0.0001 0.0001 0.9997 0.0001 0.0001 
     NEH2-23 130 0.0387 0.0014 0.9388 0.0117 0.0093 
     NEH2-31 131 0.0001 0.0003 0.9994 0.0001 0.0001 
      NEH1-8 132 0.0679 0.0002 0.8291 0.0977 0.0052 
     NEH1-17 133 0.1028 0.0004 0.8882 0.0009 0.0076 
     NEH1-26 134 0.0003 0.0012 0.8498 0.1465 0.0021 
     NEH1-35 135 0.0078 0.0003 0.8120 0.1787 0.0011 
      NEH2-8 136 0.0001 0.0001 0.9996 0.0001 0.0001 
     NEH2-16 137 0.0002 0.0008 0.9974 0.0006 0.0009 
     NEH2-24 138 0.0001 0.0006 0.9991 0.0001 0.0001 
     NEH2-32 139 0.0635 0.0004 0.9311 0.0003 0.0048 
      NEH1-1 140 0.1072 0.0009 0.8859 0.0008 0.0052 
     NEH1-10 141 0.0002 0.0001 0.9991 0.0002 0.0003 
     NEH1-19 142 0.0094 0.0004 0.8783 0.1101 0.0018 
     NEH1-28 143 0.0367 0.0002 0.9554 0.0007 0.0070 
      NEH2-1 144 0.0120 0.0003 0.9856 0.0019 0.0003 
      NEH2-9 145 0.0002 0.0003 0.9989 0.0004 0.0002 
     NEH2-17 146 0.0014 0.0007 0.9612 0.0025 0.0342 
     NEH2-25 147 0.0218 0.0001 0.9776 0.0003 0.0002 
      LIW1-1 148 0.0801 0.0053 0.1055 0.8001 0.0089 
      LIW1-9 149 0.0872 0.0010 0.0682 0.7658 0.0778 
     LIW1-17 150 0.0603 0.0013 0.0488 0.8893 0.0003 
     LIW1-25 151 0.0006 0.0088 0.0026 0.9869 0.0010 
      LIW2-9 152 0.0448 0.0024 0.0009 0.9416 0.0103 
     LIW2-17 153 0.0015 0.0015 0.0028 0.9923 0.0020 
     LIW2-25 154 0.0647 0.0029 0.0027 0.9294 0.0002 
      LIW1-2 155 0.0035 0.0017 0.0137 0.9808 0.0003 
     LIW1-10 156 0.0083 0.0055 0.0030 0.9819 0.0012 
     LIW1-18 157 0.0712 0.0022 0.0063 0.9196 0.0007 
     LIW1-26 158 0.0009 0.0010 0.0226 0.9728 0.0028 
      LIW2-2 159 0.0006 0.0041 0.0037 0.9910 0.0006 
     LIW2-10 160 0.0271 0.0012 0.0013 0.9700 0.0005 
     LIW2-18 161 0.0057 0.0081 0.0622 0.9104 0.0136 
     LIW2-26 162 0.0057 0.0520 0.0013 0.9398 0.0012 
      LIW1-3 163 0.0544 0.0384 0.0122 0.8946 0.0003 
     LIW1-11 164 0.0113 0.0086 0.0065 0.9714 0.0022 
     LIW1-19 165 0.0420 0.0054 0.0663 0.8807 0.0055 
     LIW1-27 166 0.0938 0.0012 0.0003 0.9043 0.0004 
      LIW2-3 167 0.0040 0.0072 0.0027 0.9787 0.0073 
     LIW2-11 168 0.0006 0.0011 0.0008 0.9971 0.0003 
     LIW2-19 169 0.0014 0.0010 0.0269 0.9700 0.0008 
     LIW2-27 170 0.0032 0.0135 0.0118 0.9711 0.0004 
      LIW1-4 171 0.0053 0.0017 0.0062 0.9856 0.0012 
     LIW1-12 172 0.0251 0.0334 0.0028 0.9348 0.0039 
     LIW1-20 173 0.0536 0.0009 0.0011 0.9424 0.0020 
     LIW1-28 174 0.0031 0.0029 0.0105 0.9826 0.0010 
        001s 175 0.0073 0.0005 0.0012 0.9804 0.0106 
        002s 175 0.0763 0.0003 0.0012 0.9168 0.0053 
        003s 175 0.0521 0.0007 0.0006 0.9460 0.0006 
        004s 175 0.0220 0.0044 0.0008 0.9645 0.0084 
        005s 175 0.0030 0.0031 0.0018 0.9915 0.0007 
        006s 175 0.2127 0.0058 0.0012 0.7705 0.0099 
        007s 175 0.0020 0.0005 0.0008 0.9964 0.0003 
        008s 175 0.0015 0.0026 0.0005 0.9940 0.0014 
        009s 175 0.1095 0.0016 0.0011 0.8798 0.0080 
        010s 175 0.0570 0.0003 0.0008 0.9412 0.0007 
        011s 175 0.0144 0.0007 0.0010 0.9827 0.0012 
        012s 175 0.0008 0.0006 0.0004 0.9935 0.0047 
        013s 175 0.0044 0.0003 0.0002 0.9942 0.0009 
        014s 175 0.0880 0.0004 0.0002 0.9052 0.0062 
        015s 175 0.0013 0.0004 0.0017 0.9951 0.0014 
        016s 175 0.0407 0.0007 0.0002 0.9570 0.0013 
        017s 175 0.0519 0.0010 0.0063 0.9332 0.0076 
        018s 175 0.0041 0.0069 0.0010 0.9864 0.0015 
        019s 175 0.0008 0.0260 0.0048 0.9674 0.0010 
        020s 175 0.0274 0.0009 0.0007 0.9696 0.0014 
        021s 175 0.0008 0.0007 0.0022 0.9946 0.0017 
        022s 175 0.0005 0.0007 0.0021 0.9530 0.0438 
        023s 175 0.0016 0.0056 0.0031 0.9844 0.0054 
        024s 175 0.0213 0.0013 0.0007 0.9719 0.0049 
        025s 175 0.0161 0.0036 0.0008 0.9617 0.0178 
        026s 175 0.0061 0.0005 0.0011 0.9914 0.0008 
        027s 175 0.0058 0.0008 0.0020 0.9895 0.0019 
        028s 175 0.0056 0.0005 0.0586 0.9347 0.0007 
        029s 175 0.0013 0.0015 0.0005 0.9961 0.0007 
        030s 175 0.1029 0.0006 0.0012 0.8887 0.0066 
        031s 175 0.0065 0.0093 0.0003 0.9827 0.0012 
        032s 175 0.0548 0.0023 0.0168 0.9256 0.0006 
        033s 175 0.0098 0.0024 0.0008 0.9831 0.0039 
        034s 175 0.0705 0.0003 0.0003 0.9280 0.0010 
        035s 175 0.0715 0.0008 0.0006 0.9260 0.0011 
        036s 175 0.0020 0.0034 0.0004 0.9933 0.0009 
        037s 175 0.0061 0.0002 0.0117 0.9718 0.0101 
        038s 175 0.0063 0.0003 0.0008 0.9906 0.0020 
        039s 175 0.0057 0.0009 0.0024 0.9902 0.0008 
        040s 175 0.0007 0.0006 0.0020 0.9961 0.0007 
        041s 175 0.0620 0.0007 0.0008 0.9355 0.0010 
        042s 175 0.0011 0.0185 0.0007 0.9775 0.0021 
        043s 175 0.0038 0.0007 0.0044 0.9900 0.0012 
        044s 175 0.0356 0.0005 0.0014 0.9621 0.0004 
        045s 175 0.0823 0.0010 0.0004 0.9111 0.0052 
        046s 175 0.0234 0.0008 0.0019 0.9727 0.0012 
        047s 175 0.0128 0.0031 0.0077 0.9760 0.0005 
        048s 175 0.0012 0.0007 0.0004 0.9946 0.0030 
        049s 175 0.0545 0.0010 0.0010 0.9421 0.0014 
        050s 175 0.0708 0.0021 0.0855 0.8401 0.0015 
        001s 176 0.1036 0.0023 0.0004 0.8722 0.0215 
        002s 176 0.0017 0.0003 0.0022 0.9854 0.0104 
        003s 176 0.0029 0.0006 0.0011 0.9949 0.0006 
        004s 176 0.0028 0.0027 0.0016 0.9921 0.0008 
        005s 176 0.0013 0.0005 0.0206 0.9772 0.0004 
        006s 176 0.0014 0.0018 0.0008 0.9913 0.0047 
        007s 176 0.0785 0.0015 0.0012 0.9136 0.0051 
        008s 176 0.0028 0.0011 0.0002 0.9952 0.0007 
        009s 176 0.0095 0.0008 0.0073 0.9821 0.0004 
        010s 176 0.0409 0.0009 0.0006 0.9572 0.0003 
        011s 176 0.0007 0.0004 0.0043 0.9922 0.0023 
        012s 176 0.0902 0.0010 0.0009 0.9037 0.0043 
        013s 176 0.0378 0.0007 0.0029 0.9546 0.0040 
        014s 176 0.0007 0.0011 0.0005 0.9908 0.0069 
        015s 176 0.0046 0.0071 0.0015 0.9862 0.0005 
        016s 176 0.0031 0.0052 0.0010 0.9904 0.0004 
        017s 176 0.0003 0.0005 0.0005 0.9985 0.0002 
        018s 176 0.0020 0.0017 0.0097 0.9862 0.0003 
        019s 176 0.0196 0.0010 0.0007 0.9584 0.0203 
        020s 176 0.0069 0.0010 0.0014 0.9900 0.0007 
        021s 176 0.0014 0.0006 0.0010 0.9939 0.0031 
        022s 176 0.0004 0.0012 0.0008 0.9861 0.0115 
        023s 176 0.0003 0.0788 0.0003 0.9183 0.0023 
        024s 176 0.0644 0.0011 0.0010 0.9041 0.0295 
        025s 176 0.0042 0.0014 0.0026 0.9883 0.0034 
        026s 176 0.0017 0.0010 0.0024 0.9854 0.0095 
        027s 176 0.0008 0.0005 0.0010 0.9974 0.0003 
        028s 176 0.0016 0.0013 0.0008 0.9946 0.0017 
        029s 176 0.0006 0.0009 0.0020 0.9901 0.0063 
        030s 176 0.1226 0.0005 0.0006 0.8734 0.0029 
        031s 176 0.0037 0.0004 0.0011 0.9921 0.0027 
        032s 176 0.0922 0.0006 0.0149 0.8916 0.0006 
        033s 176 0.1099 0.0060 0.0176 0.8269 0.0395 
        034s 176 0.0017 0.0002 0.0007 0.9970 0.0005 
        035s 176 0.0144 0.0003 0.0671 0.9173 0.0008 
        036s 176 0.0016 0.0004 0.0008 0.9958 0.0014 
        037s 176 0.0535 0.0043 0.0176 0.9153 0.0093 
        038s 176 0.0014 0.0015 0.0006 0.9956 0.0009 
        039s 176 0.0215 0.0006 0.0002 0.9772 0.0005 
        040s 176 0.0014 0.0003 0.0008 0.9971 0.0003 
        041s 176 0.0017 0.0050 0.0005 0.9921 0.0007 
        042s 176 0.0007 0.0012 0.0004 0.9971 0.0007 
        043s 176 0.0016 0.0020 0.0059 0.9679 0.0226 
        044s 176 0.0550 0.0003 0.0003 0.9430 0.0014 
        045s 176 0.0054 0.0011 0.0010 0.9887 0.0037 
        046s 176 0.0016 0.0006 0.0003 0.9968 0.0007 
        047s 176 0.0037 0.0036 0.0012 0.9902 0.0012 
        048s 176 0.0592 0.0101 0.0004 0.9279 0.0024 
        050s 176 0.0025 0.0005 0.0076 0.9887 0.0007 
        001s 177 0.0758 0.0102 0.0109 0.9004 0.0028 
        002s 177 0.0291 0.0007 0.0009 0.9689 0.0004 
        003s 177 0.0320 0.0448 0.0065 0.9084 0.0084 
        004s 177 0.0005 0.0004 0.0014 0.9953 0.0024 
        005s 177 0.0196 0.0005 0.0003 0.9790 0.0005 
        006s 177 0.0280 0.0020 0.0012 0.9682 0.0006 
        007s 177 0.0363 0.0004 0.0006 0.9618 0.0009 
        008s 177 0.1525 0.0108 0.0014 0.7878 0.0475 
        009s 177 0.0003 0.0005 0.0006 0.9978 0.0008 
        010s 177 0.0258 0.0013 0.0010 0.9689 0.0029 
        011s 177 0.0026 0.0003 0.0005 0.9957 0.0009 
        012s 177 0.0035 0.0005 0.0008 0.9943 0.0008 
        013s 177 0.0020 0.0073 0.0019 0.9882 0.0006 
        014s 177 0.0580 0.0011 0.0015 0.9368 0.0026 
        015s 177 0.0015 0.0009 0.0021 0.9923 0.0032 
        016s 177 0.0636 0.0006 0.0005 0.9350 0.0002 
        017s 177 0.0024 0.0009 0.0011 0.9617 0.0340 
        018s 177 0.0784 0.0023 0.0004 0.9182 0.0008 
        019s 177 0.0032 0.0005 0.0047 0.9911 0.0005 
        020s 177 0.0019 0.0009 0.0024 0.9939 0.0009 
        021s 177 0.0425 0.0005 0.0014 0.9550 0.0007 
        022s 177 0.0201 0.0004 0.0174 0.9590 0.0031 
        023s 177 0.0008 0.0015 0.0017 0.9476 0.0485 
        024s 177 0.0007 0.0005 0.0019 0.9965 0.0004 
        025s 177 0.0012 0.0006 0.0007 0.9954 0.0020 
        026s 177 0.0016 0.0003 0.0025 0.9951 0.0004 
        027s 177 0.0009 0.0007 0.0007 0.9974 0.0004 
        028s 177 0.0039 0.0015 0.0008 0.9934 0.0004 
        029s 177 0.0319 0.0004 0.0013 0.9183 0.0481 
        030s 177 0.0107 0.0016 0.0019 0.9839 0.0019 
        031s 177 0.0147 0.0009 0.0132 0.9702 0.0010 
        032s 177 0.0613 0.0004 0.0005 0.9353 0.0026 
        033s 177 0.0018 0.0005 0.0027 0.9947 0.0002 
        034s 177 0.0035 0.0004 0.0007 0.9947 0.0007 
        035s 177 0.0015 0.0007 0.0004 0.9971 0.0003 
        036s 177 0.0017 0.0009 0.0625 0.9310 0.0039 
        037s 177 0.0155 0.0006 0.0032 0.9693 0.0114 
        038s 177 0.0420 0.0022 0.0009 0.9522 0.0027 
        039s 177 0.0373 0.0048 0.0012 0.9559 0.0007 
        040s 177 0.0014 0.0003 0.0015 0.9618 0.0350 
        041s 177 0.1302 0.0003 0.0004 0.8449 0.0242 
        042s 177 0.1194 0.0013 0.0006 0.8770 0.0018 
        043s 177 0.0161 0.0006 0.0007 0.9824 0.0002 
        044s 177 0.0030 0.0005 0.0007 0.9951 0.0006 
        045s 177 0.0123 0.0086 0.0017 0.9755 0.0019 
        046s 177 0.0018 0.0006 0.0005 0.9947 0.0024 
        047s 177 0.0094 0.0015 0.0027 0.9847 0.0017 
        048s 177 0.0032 0.0004 0.0005 0.9770 0.0189 
        049s 177 0.0673 0.0002 0.0008 0.9127 0.0189 
        050s 177 0.0085 0.0034 0.0005 0.9871 0.0005 
        001s 178 0.1093 0.0020 0.0016 0.8867 0.0003 
        002s 178 0.0039 0.0006 0.0030 0.9910 0.0015 
        003s 178 0.0052 0.0011 0.0005 0.9918 0.0014 
        004s 178 0.0037 0.0101 0.0005 0.9847 0.0010 
        005s 178 0.0010 0.0011 0.0007 0.9957 0.0014 
        006s 178 0.0292 0.0152 0.0550 0.8845 0.0161 
        007s 178 0.0018 0.0004 0.0008 0.9921 0.0049 
        008s 178 0.1673 0.0018 0.0004 0.8268 0.0037 
        009s 178 0.0008 0.0015 0.0016 0.9866 0.0095 
        010s 178 0.0007 0.0004 0.0011 0.9975 0.0003 
        011s 178 0.0483 0.0007 0.0007 0.9497 0.0007 
        012s 178 0.0064 0.0005 0.0005 0.9913 0.0014 
        013s 178 0.0431 0.0040 0.0032 0.9494 0.0003 
        014s 178 0.0470 0.0004 0.0180 0.9335 0.0011 
        015s 178 0.0034 0.0007 0.0005 0.9942 0.0012 
        016s 178 0.0589 0.0034 0.0011 0.9341 0.0025 
        017s 178 0.0476 0.0016 0.0015 0.9467 0.0026 
        018s 178 0.0187 0.0010 0.0016 0.9782 0.0005 
        019s 178 0.0131 0.0004 0.0004 0.9855 0.0006 
        020s 178 0.0019 0.0011 0.0002 0.9965 0.0003 
        021s 178 0.0064 0.0007 0.0010 0.9788 0.0132 
        022s 178 0.0021 0.0005 0.0004 0.9962 0.0008 
        023s 178 0.0958 0.0005 0.0342 0.8569 0.0125 
        024s 178 0.0020 0.0008 0.0006 0.9962 0.0003 
        025s 178 0.1221 0.0003 0.0009 0.8758 0.0008 
        026s 178 0.0005 0.0020 0.0004 0.9962 0.0009 
        027s 178 0.0715 0.0013 0.0004 0.9212 0.0055 
        028s 178 0.0042 0.0044 0.0052 0.9414 0.0448 
        029s 178 0.0376 0.0004 0.0006 0.9378 0.0237 
        030s 178 0.0026 0.0006 0.0056 0.9826 0.0086 
        031s 178 0.0021 0.0187 0.0002 0.9787 0.0003 
        032s 178 0.0010 0.0025 0.0005 0.9955 0.0006 
        033s 178 0.0210 0.0021 0.0006 0.9682 0.0081 
        034s 178 0.0366 0.0011 0.0005 0.9616 0.0003 
        035s 178 0.0012 0.0012 0.0021 0.9948 0.0007 
        036s 178 0.0004 0.0005 0.0008 0.9976 0.0007 
        037s 178 0.0006 0.0004 0.0054 0.9933 0.0003 
        039s 178 0.0021 0.0018 0.0065 0.9731 0.0164 
        040s 178 0.0991 0.0008 0.0016 0.8944 0.0041 
        041s 178 0.0006 0.0006 0.0006 0.9953 0.0029 
        042s 178 0.0391 0.0174 0.0049 0.9363 0.0024 
        043s 178 0.0035 0.0469 0.0109 0.9153 0.0235 
        044s 178 0.0468 0.0002 0.0010 0.8628 0.0892 
        045s 178 0.0014 0.0005 0.0010 0.9957 0.0014 
        046s 178 0.0036 0.0006 0.0003 0.9944 0.0011 
        047s 178 0.0019 0.0009 0.0008 0.9831 0.0133 
        048s 178 0.0835 0.0018 0.0127 0.8997 0.0023 
        049s 178 0.0025 0.0004 0.0040 0.9906 0.0024 
        050s 178 0.0740 0.0089 0.0022 0.9021 0.0127 
          01 179 0.0455 0.0005 0.0190 0.9111 0.0239 
          02 179 0.0065 0.0014 0.0023 0.9886 0.0012 
          03 179 0.1321 0.0002 0.0009 0.8512 0.0155 
          04 179 0.0026 0.0005 0.0068 0.9884 0.0017 
          05 179 0.1192 0.0010 0.0007 0.8773 0.0018 
          06 179 0.0029 0.0104 0.0003 0.9860 0.0004 
          07 179 0.0208 0.0003 0.0039 0.9734 0.0016 
          08 179 0.0007 0.0022 0.0054 0.9911 0.0006 
          09 179 0.0012 0.0006 0.0008 0.9972 0.0002 
          10 179 0.0842 0.0004 0.0034 0.9112 0.0008 
          11 179 0.1419 0.0003 0.0005 0.8539 0.0033 
          12 179 0.0600 0.0024 0.0034 0.9340 0.0003 
          13 179 0.0004 0.0022 0.0005 0.9959 0.0010 
          14 179 0.1097 0.0010 0.0021 0.8817 0.0055 
          15 179 0.0648 0.0006 0.0009 0.9230 0.0107 
          16 179 0.0289 0.0025 0.0006 0.9669 0.0011 
          17 179 0.0009 0.0008 0.0191 0.9784 0.0007 
          18 179 0.0023 0.0013 0.0025 0.9934 0.0005 
          19 179 0.0636 0.0012 0.0007 0.9307 0.0037 
          20 179 0.0471 0.0033 0.0907 0.8541 0.0049 
          21 179 0.0004 0.0004 0.0006 0.9983 0.0002 
          22 179 0.0813 0.0183 0.0004 0.8992 0.0008 
          23 179 0.0047 0.0005 0.0006 0.9935 0.0006 
        001s 180 0.0405 0.0005 0.0307 0.9251 0.0031 
        002s 180 0.0401 0.0005 0.0020 0.9567 0.0007 
        003s 180 0.0386 0.0029 0.0011 0.9569 0.0005 
        004s 180 0.0533 0.0004 0.0005 0.9448 0.0009 
        005s 180 0.0034 0.0003 0.0231 0.9699 0.0033 
        006s 180 0.0971 0.0006 0.0004 0.8959 0.0061 
        007s 180 0.0020 0.0006 0.0005 0.9960 0.0009 
        008s 180 0.0019 0.0005 0.0006 0.9954 0.0015 
        009s 180 0.0296 0.0009 0.0011 0.9682 0.0003 
        010s 180 0.0030 0.0089 0.0007 0.9869 0.0005 
        011s 180 0.0210 0.0004 0.0005 0.9775 0.0006 
        012s 180 0.0069 0.0009 0.0008 0.9904 0.0011 
        013s 180 0.0035 0.0020 0.0052 0.9885 0.0008 
        014s 180 0.0484 0.0004 0.0017 0.9488 0.0008 
        015s 180 0.0397 0.0005 0.0015 0.9580 0.0003 
        016s 180 0.0597 0.0033 0.0136 0.9222 0.0011 
        017s 180 0.0105 0.0007 0.0010 0.9867 0.0011 
        018s 180 0.1435 0.0008 0.0006 0.8522 0.0028 
        019s 180 0.0024 0.0006 0.0014 0.9948 0.0008 
        020s 180 0.0011 0.0029 0.0082 0.9865 0.0014 
        021s 180 0.0080 0.0008 0.0023 0.9881 0.0008 
        022s 180 0.0647 0.0003 0.0011 0.9328 0.0010 
        023s 180 0.0596 0.0003 0.0034 0.9364 0.0002 
        024s 180 0.0186 0.0005 0.0067 0.9738 0.0004 
        025s 180 0.0531 0.0007 0.0004 0.9427 0.0031 
        026s 180 0.0016 0.0036 0.0007 0.9908 0.0033 
        027s 180 0.0064 0.0006 0.0007 0.9911 0.0011 
        028s 180 0.0017 0.0013 0.0011 0.9946 0.0012 
        029s 180 0.0046 0.0100 0.0646 0.9171 0.0037 
        030s 180 0.0009 0.0056 0.0005 0.9897 0.0033 
        031s 180 0.0331 0.0004 0.0024 0.9637 0.0003 
        032s 180 0.0145 0.0160 0.0007 0.9673 0.0015 
        033s 180 0.0057 0.0029 0.0002 0.9906 0.0006 
        034s 180 0.0015 0.0013 0.0006 0.9926 0.0041 
        035s 180 0.0209 0.0008 0.0138 0.9635 0.0010 
        036s 180 0.0035 0.0041 0.0006 0.9915 0.0003 
        037s 180 0.0026 0.0060 0.0013 0.9897 0.0005 
        038s 180 0.0016 0.0008 0.0004 0.9958 0.0013 
        039s 180 0.0011 0.0007 0.0012 0.9951 0.0019 
        041s 180 0.0014 0.0003 0.0003 0.9970 0.0011 
        042s 180 0.0014 0.0009 0.0061 0.9900 0.0016 
        043s 180 0.0028 0.0087 0.0019 0.9848 0.0018 
        044s 180 0.0011 0.0009 0.0004 0.9971 0.0005 
        045s 180 0.0016 0.0020 0.0039 0.9657 0.0268 
        046s 180 0.0139 0.0018 0.0018 0.9799 0.0025 
        047s 180 0.0719 0.0014 0.0006 0.9250 0.0012 
        048s 180 0.0506 0.0005 0.0010 0.9471 0.0009 
        049s 180 0.0006 0.0011 0.0005 0.9968 0.0010 
        050s 180 0.0008 0.0026 0.0004 0.9938 0.0023 
         001 181 0.1815 0.0003 0.0001 0.0002 0.8178 
         002 181 0.0001 0.0001 0.0001 0.0001 0.9998 
         003 181 0.0001 0.0001 0.0001 0.0001 0.9997 
         004 181 0.2040 0.0038 0.0003 0.0062 0.7856 
         005 181 0.1177 0.0004 0.0028 0.0070 0.8722 
         006 181 0.0001 0.0001 0.0001 0.0001 0.9998 
         007 181 0.0001 0.0001 0.0001 0.0001 0.9997 
         008 181 0.0002 0.0002 0.0001 0.0002 0.9994 
         009 181 0.0000 0.0000 0.0000 0.0000 0.9999 
         010 181 0.1148 0.0514 0.0002 0.0001 0.8335 
         011 181 0.0001 0.0001 0.0001 0.0001 0.9997 
         012 181 0.1239 0.0002 0.0052 0.0003 0.8704 
         013 181 0.0921 0.0009 0.0004 0.0037 0.9029 
         014 181 0.1255 0.0001 0.0002 0.0004 0.8738 
         015 181 0.0001 0.0001 0.0000 0.0001 0.9998 
         016 181 0.1240 0.0002 0.0008 0.0007 0.8744 
         017 181 0.0001 0.0000 0.0000 0.0001 0.9998 
         018 181 0.1753 0.0003 0.0002 0.0004 0.8238 
         019 181 0.1341 0.0002 0.0007 0.0030 0.8620 
         020 181 0.0001 0.0000 0.0001 0.0000 0.9998 
         021 181 0.0001 0.0001 0.0001 0.0001 0.9997 
         022 181 0.0001 0.0000 0.0000 0.0000 0.9998 
         023 181 0.0001 0.0001 0.0001 0.0001 0.9997 
         024 181 0.0003 0.0014 0.0016 0.0207 0.9760 
         025 181 0.0272 0.0001 0.0001 0.0002 0.9723 
         026 181 0.0001 0.0001 0.0001 0.0001 0.9997 
         027 181 0.0000 0.0000 0.0000 0.0000 0.9998 
         028 181 0.0001 0.0000 0.0000 0.0000 0.9998 
         029 181 0.0001 0.0001 0.0001 0.0001 0.9996 
         030 181 0.0002 0.0001 0.0001 0.0001 0.9995 
         001 182 0.3855 0.0001 0.0001 0.0001 0.6142 
         002 182 0.4327 0.0003 0.0002 0.0003 0.5665 
         003 182 0.4307 0.0615 0.0002 0.0002 0.5074 
         004 182 0.4849 0.0002 0.0002 0.0002 0.5145 
         005 182 0.4324 0.0025 0.0001 0.0012 0.5637 
         006 182 0.4503 0.0010 0.0038 0.0953 0.4495 
         007 182 0.4663 0.0196 0.0002 0.0019 0.5121 
         008 182 0.4234 0.0007 0.0001 0.0007 0.5752 
         009 182 0.4158 0.0007 0.0001 0.0002 0.5832 
         010 182 0.4475 0.0002 0.0006 0.0799 0.4719 
         011 182 0.5157 0.0001 0.0001 0.0003 0.4838 
         012 182 0.4085 0.0004 0.0011 0.0650 0.5250 
         013 182 0.5822 0.0005 0.0010 0.0021 0.4142 
         014 182 0.4659 0.0003 0.0029 0.0888 0.4421 
         015 182 0.3831 0.0001 0.0001 0.0001 0.6166 
         016 182 0.4468 0.0005 0.0001 0.0002 0.5524 
         017 182 0.3889 0.0007 0.0007 0.0480 0.5617 
         018 182 0.3912 0.0002 0.0001 0.0002 0.6082 
         019 182 0.4054 0.0001 0.0001 0.0002 0.5942 
         020 182 0.3542 0.0001 0.0001 0.0001 0.6455 
         021 182 0.4284 0.0727 0.0006 0.0011 0.4972 
         022 182 0.3845 0.0003 0.0002 0.0003 0.6146 
         023 182 0.5084 0.0001 0.0002 0.0011 0.4902 
         024 182 0.5389 0.0002 0.0001 0.0003 0.4606 
         025 182 0.4061 0.0005 0.0001 0.0002 0.5931 
         026 182 0.4531 0.0002 0.0001 0.0001 0.5465 
         027 182 0.4476 0.0001 0.0009 0.0007 0.5507 
         028 182 0.4834 0.0004 0.0002 0.0005 0.5154 
         029 182 0.4836 0.0068 0.0005 0.0005 0.5086 
         030 182 0.4024 0.0001 0.0001 0.0001 0.5973 
          10 183 0.0006 0.0012 0.0022 0.9956 0.0004 
          11 183 0.0032 0.0004 0.0729 0.9233 0.0002 
          12 183 0.0023 0.0010 0.0052 0.9912 0.0003 
          13 183 0.0195 0.0008 0.0004 0.9693 0.0100 
          14 183 0.0004 0.0219 0.0111 0.9663 0.0003 
          15 183 0.0186 0.0006 0.0390 0.9399 0.0020 
          16 183 0.0080 0.0035 0.0010 0.9449 0.0426 
          17 183 0.0007 0.0003 0.0028 0.9947 0.0016 
          18 183 0.0082 0.0008 0.0013 0.9893 0.0004 
          19 183 0.0020 0.0003 0.0010 0.9965 0.0002 
          20 183 0.0315 0.0007 0.0006 0.9645 0.0027 
          21 183 0.0028 0.0002 0.0112 0.9850 0.0007 
          22 183 0.0424 0.0031 0.0258 0.9270 0.0018 
          23 183 0.0012 0.0074 0.0007 0.9736 0.0172 
          24 183 0.0524 0.0007 0.0173 0.9294 0.0003 
          25 183 0.0021 0.0008 0.0111 0.9852 0.0007 
          26 183 0.0604 0.0006 0.0010 0.9365 0.0016 
          27 183 0.0452 0.0002 0.0082 0.9443 0.0021 
          28 183 0.0050 0.0006 0.0232 0.9707 0.0005 
          29 183 0.2695 0.0005 0.0194 0.2922 0.4184 
          30 183 0.4073 0.0005 0.0628 0.1070 0.4224 
          31 183 0.0009 0.0003 0.0055 0.9924 0.0008 
          32 183 0.0005 0.0013 0.0004 0.9976 0.0002 
          33 183 0.0724 0.0017 0.0013 0.9241 0.0004 
          34 183 0.0008 0.0022 0.0270 0.9699 0.0002 
          35 183 0.0418 0.0007 0.0112 0.9445 0.0019 
          36 183 0.0008 0.0012 0.0040 0.9936 0.0004 
          37 183 0.3861 0.0004 0.0217 0.1800 0.4118 
          54 183 0.0392 0.0003 0.0016 0.9494 0.0095 
          55 183 0.1004 0.0038 0.0674 0.8199 0.0085 
           6 183 0.0678 0.0013 0.0009 0.9287 0.0013 
           7 183 0.0997 0.0002 0.0044 0.8807 0.0150 
           8 183 0.0483 0.0024 0.0029 0.9395 0.0068 
           9 183 0.0013 0.0017 0.0122 0.9817 0.0032 
           4 184 0.0034 0.0005 0.0004 0.9940 0.0017 
           9 184 0.0014 0.0027 0.0004 0.9951 0.0004 
          12 184 0.0011 0.0004 0.0002 0.9736 0.0248 
          14 184 0.0011 0.0011 0.0055 0.9918 0.0006 
          15 184 0.0006 0.0007 0.0020 0.9962 0.0005 
          16 184 0.0102 0.0030 0.0012 0.9824 0.0031 
          17 184 0.0014 0.0019 0.0011 0.9908 0.0048 
          18 184 0.1524 0.0004 0.0010 0.8417 0.0045 
          22 184 0.0029 0.0011 0.0005 0.9950 0.0005 
          25 184 0.0120 0.0008 0.0010 0.9853 0.0008 
          26 184 0.0050 0.0200 0.0020 0.9709 0.0021 
          27 184 0.0143 0.0003 0.0003 0.9827 0.0024 
          28 184 0.0010 0.0005 0.0006 0.9973 0.0006 
          29 184 0.0003 0.0002 0.0006 0.9985 0.0003 
          31 184 0.0061 0.0005 0.0005 0.9912 0.0017 
          32 184 0.0029 0.0006 0.0021 0.9909 0.0034 
          33 184 0.0013 0.0020 0.0021 0.9940 0.0005 
          34 184 0.0009 0.0003 0.0007 0.9977 0.0005 
          36 184 0.3694 0.0004 0.0002 0.5431 0.0868 
          37 184 0.0662 0.0013 0.0005 0.9313 0.0007 
          39 184 0.0068 0.0008 0.0114 0.9711 0.0099 
          40 184 0.0088 0.0007 0.0028 0.9856 0.0021 
          41 184 0.0459 0.0007 0.0018 0.9512 0.0003 
          42 184 0.0019 0.0039 0.0004 0.9928 0.0011 
          43 184 0.0008 0.0006 0.0008 0.9970 0.0007 
          44 184 0.0811 0.0003 0.0040 0.9089 0.0056 
          45 184 0.0006 0.0017 0.0007 0.9967 0.0003 
          46 184 0.0461 0.0007 0.0004 0.9442 0.0086 
          47 184 0.0090 0.0003 0.0006 0.9900 0.0002 
          48 184 0.0023 0.0004 0.0018 0.9948 0.0008 
          52 184 0.0776 0.0006 0.0005 0.9154 0.0059 
          54 184 0.0011 0.0019 0.0002 0.9963 0.0004 
          57 184 0.0008 0.0007 0.0007 0.9968 0.0009 
          58 184 0.0085 0.0005 0.0007 0.9896 0.0007 
          59 184 0.0059 0.0002 0.0007 0.9468 0.0465 
          60 184 0.0011 0.0024 0.0115 0.9847 0.0003 
           3 185 0.0302 0.0011 0.0118 0.9516 0.0053 
           4 185 0.0009 0.0012 0.0022 0.9944 0.0012 
           5 185 0.0019 0.0066 0.0004 0.9898 0.0013 
           6 185 0.0011 0.0007 0.0004 0.9975 0.0004 
           7 185 0.1222 0.0022 0.0004 0.8697 0.0055 
           8 185 0.0414 0.0005 0.0011 0.9246 0.0324 
           9 185 0.0066 0.0004 0.0021 0.9898 0.0011 
          10 185 0.0019 0.0013 0.0037 0.9923 0.0007 
          11 185 0.0171 0.0010 0.0024 0.9576 0.0219 
          12 185 0.0907 0.0007 0.0018 0.8958 0.0110 
          13 185 0.0011 0.0005 0.0003 0.9975 0.0006 
          14 185 0.0005 0.0007 0.0008 0.9962 0.0019 
          15 185 0.0227 0.0443 0.2339 0.6990 0.0002 
          16 185 0.0018 0.0006 0.0016 0.9953 0.0007 
          17 185 0.0007 0.0014 0.0490 0.9479 0.0009 
          18 185 0.0413 0.0032 0.0006 0.9548 0.0002 
          19 185 0.0111 0.0006 0.0177 0.9704 0.0002 
          20 185 0.0864 0.0005 0.0007 0.8660 0.0465 
          21 185 0.0039 0.0015 0.0080 0.9851 0.0014 
          22 185 0.0118 0.0006 0.0518 0.9349 0.0009 
          23 185 0.0892 0.0003 0.0008 0.9086 0.0010 
          24 185 0.0006 0.0003 0.0006 0.9952 0.0034 
          25 185 0.0673 0.0002 0.0082 0.9162 0.0081 
          26 185 0.0147 0.0007 0.0015 0.9808 0.0024 
          27 185 0.0011 0.0028 0.0013 0.9946 0.0003 
          28 185 0.0016 0.0004 0.0003 0.9974 0.0004 
          29 185 0.1686 0.0133 0.0442 0.7639 0.0101 
          30 185 0.0474 0.0004 0.0012 0.9449 0.0062 
          31 185 0.0263 0.0003 0.0006 0.9717 0.0012 
          32 185 0.0012 0.0009 0.0003 0.9932 0.0044 
          33 185 0.0053 0.0006 0.0005 0.9886 0.0051 
          34 185 0.0004 0.0003 0.0016 0.9967 0.0010 
          35 185 0.0012 0.0452 0.0008 0.9518 0.0011 
          36 185 0.0011 0.0014 0.0009 0.9958 0.0008 
          37 185 0.0064 0.0003 0.0006 0.9817 0.0110 
          38 185 0.0504 0.0005 0.0002 0.9019 0.0471 
          39 185 0.0999 0.0005 0.0018 0.8957 0.0022 
          40 185 0.0006 0.0011 0.0011 0.9961 0.0011 
          41 185 0.0096 0.0016 0.0009 0.9875 0.0003 
          42 185 0.0016 0.0006 0.0004 0.9964 0.0010 
           5 186 0.0010 0.0056 0.0006 0.9926 0.0003 
           6 186 0.0276 0.0040 0.0004 0.9677 0.0003 
           7 186 0.0005 0.0006 0.0003 0.9918 0.0068 
           9 186 0.1542 0.0009 0.0011 0.8394 0.0044 
          10 186 0.0322 0.0014 0.0012 0.9447 0.0205 
          11 186 0.0459 0.0005 0.0007 0.9509 0.0020 
          12 186 0.0025 0.0007 0.0004 0.9956 0.0008 
          29 186 0.0010 0.0005 0.0145 0.9823 0.0017 
          30 186 0.0299 0.0030 0.0009 0.9659 0.0003 
          31 186 0.0630 0.0107 0.1600 0.7542 0.0121 
          32 186 0.1313 0.0005 0.0299 0.8373 0.0010 
          33 186 0.0005 0.0006 0.0031 0.9955 0.0003 
          34 186 0.0048 0.0234 0.0025 0.9511 0.0182 
          35 186 0.0006 0.0005 0.0008 0.9975 0.0006 
          36 186 0.0300 0.0004 0.0010 0.9682 0.0004 
          37 186 0.0077 0.0004 0.0005 0.9782 0.0132 
          38 186 0.0042 0.0007 0.0144 0.9714 0.0092 
          39 186 0.0009 0.0021 0.0004 0.9960 0.0006 
          40 186 0.0008 0.0004 0.0008 0.9976 0.0004 
          41 186 0.0009 0.0018 0.0005 0.9901 0.0066 
          42 186 0.0014 0.0004 0.0005 0.9972 0.0005 
          43 186 0.0114 0.0024 0.0007 0.9821 0.0033 
          44 186 0.0015 0.0027 0.0015 0.9939 0.0004 
          45 186 0.0232 0.0006 0.0005 0.9754 0.0003 
          46 186 0.0005 0.0096 0.0007 0.9887 0.0006 
          47 186 0.0061 0.0003 0.0013 0.9915 0.0008 
          48 186 0.0031 0.0008 0.0006 0.9953 0.0002 
          49 186 0.0203 0.0008 0.0002 0.9784 0.0004 
          50 186 0.0185 0.0004 0.0015 0.9758 0.0038 
          51 186 0.0063 0.0011 0.0004 0.9918 0.0003 
          52 186 0.0050 0.0028 0.0012 0.9901 0.0010 
          53 186 0.0210 0.0006 0.0023 0.9755 0.0006 
          54 186 0.0016 0.0044 0.0010 0.9927 0.0003 
          55 186 0.0043 0.0035 0.0009 0.9903 0.0009 
          56 186 0.0611 0.0003 0.0005 0.9352 0.0028 
          57 186 0.0161 0.0095 0.0733 0.9006 0.0005 
          58 186 0.0007 0.0007 0.0003 0.9975 0.0008 
          59 186 0.0012 0.0004 0.0004 0.9935 0.0044 
          60 186 0.0005 0.0016 0.0020 0.9955 0.0005 
           1 187 0.0243 0.0010 0.0037 0.9676 0.0034 
           2 187 0.0298 0.0006 0.0011 0.9675 0.0009 
           3 187 0.0753 0.0012 0.0159 0.9064 0.0013 
           4 187 0.1157 0.0006 0.0052 0.8680 0.0105 
           5 187 0.0055 0.0030 0.0006 0.9906 0.0003 
           6 187 0.0020 0.0041 0.0007 0.9914 0.0018 
           7 187 0.1290 0.0069 0.0007 0.8500 0.0134 
           8 187 0.0015 0.0025 0.0005 0.9946 0.0009 
           9 187 0.0589 0.0003 0.0011 0.9396 0.0002 
          10 187 0.0043 0.0007 0.0010 0.9735 0.0206 
          11 187 0.0003 0.0003 0.0002 0.9949 0.0043 
          12 187 0.0234 0.0003 0.0004 0.9752 0.0007 
          13 187 0.0279 0.0006 0.0012 0.9696 0.0007 
          14 187 0.0070 0.0018 0.0015 0.9889 0.0008 
          15 187 0.0142 0.0065 0.0005 0.9746 0.0041 
          16 187 0.0757 0.0015 0.0019 0.9189 0.0019 
          17 187 0.0819 0.0006 0.0048 0.9075 0.0051 
          18 187 0.0043 0.0006 0.0007 0.9937 0.0007 
          19 187 0.0005 0.0013 0.0004 0.9972 0.0007 
          20 187 0.0013 0.0067 0.0010 0.9906 0.0005 
          21 187 0.0601 0.0024 0.0035 0.9055 0.0286 
          22 187 0.0228 0.0005 0.0027 0.9722 0.0018 
          23 187 0.0009 0.0004 0.0004 0.9980 0.0002 
          24 187 0.1101 0.0010 0.0020 0.8566 0.0303 
          25 187 0.0008 0.0044 0.0016 0.9925 0.0008 
          26 187 0.0005 0.0013 0.0035 0.9943 0.0003 
          27 187 0.0368 0.0005 0.0007 0.9618 0.0002 
          28 187 0.0005 0.0009 0.0046 0.9625 0.0315 
          29 187 0.0039 0.0005 0.0010 0.9913 0.0033 
          30 187 0.0011 0.0008 0.0394 0.9567 0.0020 
          32 187 0.0258 0.0006 0.0004 0.9175 0.0557 
          33 187 0.0232 0.0004 0.0009 0.9705 0.0051 
          34 187 0.0024 0.0025 0.0005 0.9942 0.0003 
          35 187 0.0157 0.0016 0.0053 0.9758 0.0016 
          36 187 0.0005 0.0014 0.0012 0.9964 0.0005 
          37 187 0.0045 0.0008 0.0077 0.9853 0.0017 
          38 187 0.0968 0.0251 0.0583 0.8083 0.0114 
           1 188 0.0052 0.0008 0.0005 0.9905 0.0029 
           2 188 0.0031 0.0021 0.0005 0.9865 0.0078 
           3 188 0.0780 0.0038 0.0005 0.9135 0.0041 
           4 188 0.0348 0.0114 0.0004 0.9390 0.0144 
           5 188 0.0023 0.0009 0.0029 0.9920 0.0019 
           6 188 0.0604 0.0003 0.0010 0.9381 0.0002 
           7 188 0.0008 0.0007 0.0004 0.9979 0.0003 
           8 188 0.0082 0.0006 0.0004 0.9639 0.0269 
           9 188 0.0010 0.0213 0.0005 0.9767 0.0005 
          10 188 0.0282 0.0005 0.0011 0.9695 0.0007 
          11 188 0.0004 0.0013 0.0004 0.9975 0.0004 
          12 188 0.0006 0.0010 0.0454 0.9513 0.0016 
          13 188 0.0857 0.0005 0.0064 0.8912 0.0162 
          14 188 0.0702 0.0003 0.0040 0.9143 0.0112 
          15 188 0.0008 0.0021 0.0003 0.9964 0.0004 
          16 188 0.0627 0.0004 0.0006 0.9344 0.0019 
          17 188 0.0587 0.0003 0.0009 0.9391 0.0010 
          18 188 0.0246 0.0003 0.0455 0.9293 0.0003 
          19 188 0.0022 0.0011 0.0030 0.9931 0.0006 
          20 188 0.1231 0.0012 0.0047 0.8624 0.0086 
          21 188 0.0287 0.0025 0.0040 0.9641 0.0007 
          22 188 0.0009 0.0050 0.0080 0.9831 0.0030 
          23 188 0.0016 0.0003 0.0499 0.9464 0.0019 
          24 188 0.0002 0.0004 0.0337 0.9654 0.0003 
          25 188 0.0187 0.0038 0.0421 0.9347 0.0007 
          26 188 0.1042 0.0004 0.0012 0.8864 0.0078 
          27 188 0.0018 0.0006 0.0010 0.9455 0.0510 
          28 188 0.0244 0.0006 0.0003 0.9739 0.0008 
          29 188 0.1510 0.0010 0.0011 0.8457 0.0013 
          30 188 0.0759 0.0006 0.0012 0.9068 0.0155 
          31 188 0.0024 0.0007 0.0039 0.9918 0.0012 
          32 188 0.0032 0.0006 0.0006 0.9951 0.0006 
          33 188 0.0056 0.0002 0.0033 0.9907 0.0002 
          34 188 0.0010 0.0006 0.0059 0.9916 0.0010 
          35 188 0.0196 0.0052 0.0486 0.9239 0.0026 
          36 188 0.0978 0.0016 0.0009 0.8401 0.0596 
          37 188 0.0013 0.0014 0.0005 0.9963 0.0006 
          38 188 0.0176 0.0008 0.0006 0.9245 0.0565 
          39 188 0.0579 0.0071 0.0014 0.9313 0.0023 
          40 188 0.0008 0.0005 0.0005 0.9963 0.0019 
           7 189 0.0012 0.0004 0.0006 0.9950 0.0027 
           8 189 0.0007 0.0004 0.0008 0.9910 0.0071 
           9 189 0.0017 0.0004 0.0024 0.9927 0.0027 
          10 189 0.0323 0.0004 0.0002 0.9617 0.0054 
          11 189 0.0011 0.0235 0.0034 0.9706 0.0014 
          12 189 0.0411 0.0014 0.0007 0.9409 0.0158 
          13 189 0.0005 0.0009 0.0023 0.9959 0.0004 
          14 189 0.0681 0.0002 0.0044 0.9209 0.0063 
          16 189 0.1516 0.0047 0.0031 0.8317 0.0089 
          17 189 0.0009 0.0011 0.0009 0.9968 0.0003 
          18 189 0.0336 0.0008 0.0034 0.9528 0.0095 
          19 189 0.0006 0.0027 0.0069 0.9879 0.0018 
          20 189 0.0946 0.0003 0.0006 0.8947 0.0098 
          21 189 0.0045 0.0006 0.0012 0.9905 0.0032 
          23 189 0.0012 0.0012 0.0022 0.9948 0.0007 
          24 189 0.0021 0.0007 0.0005 0.9549 0.0416 
          25 189 0.0038 0.0008 0.0018 0.9921 0.0016 
          26 189 0.0060 0.0023 0.0015 0.9833 0.0069 
          27 189 0.0036 0.0030 0.0029 0.9898 0.0007 
          28 189 0.0251 0.0014 0.0005 0.9727 0.0003 
          29 189 0.0119 0.0009 0.0012 0.9769 0.0091 
          30 189 0.0016 0.0015 0.0113 0.9825 0.0031 
          31 189 0.0004 0.0005 0.0027 0.9960 0.0005 
          32 189 0.0270 0.0010 0.0003 0.9351 0.0365 
          33 189 0.0004 0.0024 0.0073 0.9886 0.0013 
          34 189 0.0030 0.0036 0.0002 0.9930 0.0002 
          35 189 0.0007 0.0003 0.0006 0.9979 0.0005 
          36 189 0.0161 0.0004 0.0008 0.9687 0.0140 
          37 189 0.0008 0.0012 0.0051 0.9926 0.0003 
          38 189 0.0214 0.0053 0.0027 0.9698 0.0008 
          39 189 0.0009 0.0007 0.0009 0.9756 0.0219 
          40 189 0.1629 0.0013 0.0014 0.8237 0.0107 
          41 189 0.0068 0.0003 0.0043 0.9827 0.0059 
          42 189 0.2176 0.0215 0.0039 0.7443 0.0127 
          43 189 0.0635 0.0010 0.0005 0.9345 0.0004 
           1 190 0.1207 0.0034 0.0010 0.8662 0.0087 
           3 190 0.0077 0.0015 0.0143 0.9762 0.0003 
           4 190 0.0068 0.0015 0.0006 0.9906 0.0006 
           5 190 0.0265 0.0005 0.0006 0.9708 0.0016 
           6 190 0.0020 0.0010 0.0008 0.9956 0.0007 
           7 190 0.0011 0.0002 0.0020 0.9958 0.0010 
           8 190 0.0033 0.0010 0.0340 0.9547 0.0070 
           9 190 0.2816 0.0166 0.0848 0.4894 0.1276 
          10 190 0.0017 0.0008 0.0005 0.9963 0.0007 
          11 190 0.0067 0.0144 0.0004 0.9661 0.0124 
          12 190 0.0145 0.0016 0.0011 0.9819 0.0009 
          13 190 0.0601 0.0011 0.0004 0.9377 0.0007 
          14 190 0.0009 0.0032 0.0004 0.9942 0.0013 
          15 190 0.0560 0.0311 0.0024 0.9101 0.0004 
          16 190 0.0012 0.0004 0.0005 0.9952 0.0027 
          17 190 0.0017 0.0047 0.0008 0.9875 0.0053 
          18 190 0.0830 0.0003 0.0036 0.9113 0.0018 
          19 190 0.0008 0.0008 0.0010 0.9967 0.0007 
          20 190 0.0012 0.0006 0.0090 0.9885 0.0007 
          22 190 0.1043 0.0007 0.0006 0.8464 0.0480 
          23 190 0.0013 0.0005 0.0007 0.9907 0.0068 
          24 190 0.0852 0.0005 0.0011 0.9090 0.0041 
          25 190 0.0030 0.0008 0.0004 0.9934 0.0024 
          26 190 0.0003 0.0017 0.0012 0.9964 0.0003 
          27 190 0.0644 0.0167 0.0009 0.9176 0.0004 
          28 190 0.0079 0.0059 0.0006 0.9838 0.0018 
          29 190 0.0691 0.0004 0.0004 0.9254 0.0047 
          31 190 0.0670 0.0009 0.0002 0.9054 0.0265 
           7 191 0.0022 0.0002 0.0005 0.9968 0.0003 
           8 191 0.0017 0.0005 0.0006 0.9930 0.0042 
           9 191 0.0004 0.0005 0.0004 0.9981 0.0006 
          10 191 0.0015 0.0003 0.0048 0.9931 0.0003 
          11 191 0.0010 0.0005 0.0007 0.9934 0.0044 
          12 191 0.0256 0.0720 0.0004 0.8992 0.0027 
          13 191 0.0559 0.0006 0.0012 0.9416 0.0007 
          14 191 0.0041 0.0014 0.0002 0.9891 0.0052 
          15 191 0.0741 0.0018 0.0015 0.9179 0.0047 
          16 191 0.0018 0.0006 0.0029 0.9936 0.0011 
          17 191 0.0313 0.0008 0.0475 0.8951 0.0253 
          18 191 0.0043 0.0006 0.0006 0.9904 0.0040 
          19 191 0.0049 0.0016 0.0062 0.9746 0.0126 
          20 191 0.0120 0.0002 0.0016 0.9819 0.0042 
          21 191 0.0428 0.0060 0.0269 0.9225 0.0018 
          22 191 0.0028 0.0003 0.0005 0.9945 0.0019 
          23 191 0.0066 0.0007 0.0010 0.9913 0.0005 
          24 191 0.0028 0.0004 0.0004 0.9958 0.0006 
          25 191 0.0227 0.0010 0.0007 0.9718 0.0038 
          26 191 0.1015 0.0005 0.0011 0.8822 0.0147 
          27 191 0.0308 0.0008 0.0005 0.9670 0.0009 
          28 191 0.0481 0.0006 0.0049 0.9438 0.0026 
          29 191 0.0147 0.0005 0.0174 0.9668 0.0005 
          30 191 0.0020 0.0005 0.0003 0.9969 0.0003 
          39 191 0.0007 0.0130 0.0009 0.9813 0.0042 
          40 191 0.0013 0.0004 0.0004 0.9966 0.0012 
          41 191 0.0648 0.0006 0.0031 0.9263 0.0052 
          42 191 0.0008 0.0006 0.0003 0.9981 0.0003 
          43 191 0.0552 0.0004 0.0012 0.9424 0.0008 
          44 191 0.0030 0.0002 0.0041 0.9866 0.0061 
          45 191 0.0007 0.0053 0.0028 0.9902 0.0010 
          46 191 0.1188 0.0004 0.0116 0.8606 0.0086 
          47 191 0.0033 0.0012 0.0020 0.9915 0.0019 
          48 191 0.0007 0.0036 0.0010 0.9936 0.0011 
          49 191 0.0010 0.0039 0.0095 0.9789 0.0067 
          50 191 0.0065 0.0007 0.0008 0.9908 0.0011 
           9 192 0.0004 0.0004 0.0003 0.9984 0.0005 
          10 192 0.0017 0.0016 0.0002 0.9944 0.0020 
          11 192 0.0630 0.0016 0.0057 0.9297 0.0002 
          12 192 0.0216 0.0006 0.0005 0.9765 0.0009 
          13 192 0.0497 0.0013 0.0007 0.9094 0.0389 
          14 192 0.0119 0.0004 0.0676 0.9178 0.0023 
          15 192 0.0003 0.0017 0.0012 0.9958 0.0009 
          16 192 0.0010 0.0004 0.0006 0.9899 0.0082 
          17 192 0.0060 0.0063 0.0014 0.9740 0.0122 
          18 192 0.0534 0.0005 0.0013 0.9440 0.0008 
          19 192 0.0011 0.0020 0.0005 0.9919 0.0045 
          20 192 0.0365 0.0231 0.0008 0.9387 0.0009 
          21 192 0.0006 0.0077 0.0004 0.9909 0.0004 
          22 192 0.0018 0.0019 0.0157 0.9672 0.0134 
          23 192 0.1553 0.0011 0.0035 0.8358 0.0042 
          24 192 0.0007 0.0030 0.0004 0.9930 0.0029 
          33 192 0.1253 0.0081 0.0012 0.8636 0.0018 
          35 192 0.0006 0.0058 0.0020 0.9909 0.0007 
          36 192 0.0015 0.0008 0.0004 0.9969 0.0005 
          37 192 0.0202 0.0009 0.0007 0.9775 0.0007 
          38 192 0.0656 0.0002 0.0004 0.9295 0.0043 
          39 192 0.0011 0.0005 0.0005 0.9969 0.0010 
          40 192 0.0691 0.0002 0.0003 0.9224 0.0079 
          41 192 0.0448 0.0003 0.0013 0.9414 0.0123 
          42 192 0.0730 0.0004 0.0052 0.9156 0.0059 
          43 192 0.0008 0.0032 0.0029 0.9920 0.0011 
          45 192 0.0004 0.0024 0.0010 0.9956 0.0006 
          46 192 0.0037 0.0187 0.0012 0.9739 0.0025 
          47 192 0.0021 0.0003 0.0008 0.9961 0.0006 
          48 192 0.0007 0.0003 0.0007 0.9977 0.0007 
          49 192 0.0043 0.0048 0.0009 0.9427 0.0473 
          50 192 0.0012 0.0006 0.0004 0.9975 0.0003 
