        001s  1 0.0008 0.0016 0.0005 0.7330 0.2638 0.0002 
        002s  1 0.0005 0.0004 0.0008 0.1749 0.8213 0.0020 
        003s  1 0.0019 0.0159 0.0012 0.0296 0.9507 0.0007 
        004s  1 0.0029 0.0004 0.0045 0.2798 0.6802 0.0323 
        005s  1 0.2142 0.0004 0.0012 0.0103 0.5674 0.2065 
        006s  1 0.0004 0.0005 0.0004 0.9946 0.0032 0.0010 
        007s  1 0.0039 0.0007 0.0038 0.9669 0.0245 0.0003 
        008s  1 0.0028 0.0008 0.0008 0.3311 0.6638 0.0008 
        009s  1 0.0406 0.0029 0.0056 0.5622 0.3827 0.0060 
        010s  1 0.0097 0.0007 0.0004 0.9827 0.0053 0.0013 
        011s  1 0.0016 0.0038 0.0017 0.9829 0.0072 0.0027 
        012s  1 0.1219 0.0076 0.0012 0.7946 0.0687 0.0061 
        013s  1 0.0017 0.0009 0.0085 0.9357 0.0275 0.0256 
        014s  1 0.0238 0.0205 0.0068 0.9421 0.0044 0.0024 
        015s  1 0.0008 0.0008 0.0005 0.9911 0.0064 0.0003 
        016s  1 0.0029 0.0012 0.0081 0.9601 0.0271 0.0006 
        018s  1 0.1480 0.0011 0.0007 0.7807 0.0681 0.0013 
        019s  1 0.0134 0.0044 0.0009 0.8532 0.1277 0.0005 
        020s  1 0.0007 0.0102 0.0100 0.9745 0.0044 0.0002 
        021s  1 0.0002 0.0009 0.0069 0.9625 0.0193 0.0102 
        022s  1 0.0002 0.0003 0.0008 0.0610 0.9375 0.0002 
        023s  1 0.0003 0.0011 0.0107 0.9155 0.0720 0.0005 
        024s  1 0.0014 0.0003 0.0007 0.9910 0.0057 0.0008 
        025s  1 0.0063 0.0005 0.0011 0.9806 0.0097 0.0019 
        026s  1 0.0007 0.0057 0.0103 0.9776 0.0047 0.0010 
        027s  1 0.0016 0.0005 0.0027 0.9525 0.0356 0.0072 
        028s  1 0.0554 0.0015 0.0008 0.8661 0.0218 0.0543 
        029s  1 0.0010 0.0046 0.0006 0.9830 0.0102 0.0006 
        030s  1 0.0012 0.0079 0.0008 0.9839 0.0026 0.0037 
        031s  1 0.0003 0.0003 0.0014 0.9548 0.0429 0.0002 
        032s  1 0.0006 0.0011 0.0009 0.9921 0.0048 0.0006 
        033s  1 0.0038 0.0009 0.0009 0.9853 0.0083 0.0008 
        034s  1 0.0005 0.0041 0.0485 0.3325 0.6136 0.0008 
        035s  1 0.0016 0.0020 0.0008 0.9915 0.0026 0.0015 
        036s  1 0.0840 0.0002 0.0008 0.4003 0.5138 0.0009 
        037s  1 0.1083 0.0018 0.0444 0.7693 0.0657 0.0106 
        038s  1 0.0016 0.0005 0.0009 0.9852 0.0110 0.0008 
        039s  1 0.0005 0.0005 0.0003 0.9666 0.0101 0.0220 
        040s  1 0.0008 0.0006 0.0021 0.8802 0.1135 0.0029 
        041s  1 0.0037 0.0008 0.0031 0.9844 0.0074 0.0005 
        042s  1 0.0771 0.0008 0.0827 0.7811 0.0579 0.0004 
        043s  1 0.0065 0.0015 0.0004 0.0218 0.9693 0.0006 
        044s  1 0.0865 0.0026 0.0064 0.6503 0.2405 0.0137 
        045s  1 0.0071 0.0010 0.0006 0.9875 0.0026 0.0012 
        046s  1 0.0011 0.0022 0.0007 0.9700 0.0254 0.0005 
        047s  1 0.0007 0.0012 0.0057 0.9892 0.0029 0.0003 
        048s  1 0.0542 0.0004 0.0008 0.3451 0.5992 0.0003 
        049s  1 0.0004 0.0010 0.0006 0.0767 0.9204 0.0008 
        050s  1 0.0999 0.0004 0.0006 0.8087 0.0891 0.0014 
        051s  1 0.0002 0.0274 0.0008 0.9617 0.0094 0.0004 
        052s  1 0.0069 0.0168 0.0018 0.9410 0.0251 0.0083 
        053s  1 0.0022 0.0004 0.0006 0.9922 0.0041 0.0005 
        054s  1 0.0003 0.0017 0.0009 0.9912 0.0028 0.0032 
        055s  1 0.0911 0.0026 0.0730 0.8266 0.0056 0.0011 
          01  2 0.1236 0.0307 0.0012 0.8366 0.0065 0.0014 
          02  2 0.0229 0.0018 0.0008 0.9662 0.0059 0.0024 
          03  2 0.0013 0.0004 0.0012 0.9914 0.0049 0.0007 
          04  2 0.0036 0.0008 0.0109 0.9110 0.0555 0.0182 
          05  2 0.1144 0.0002 0.0005 0.0441 0.8405 0.0004 
          06  2 0.0299 0.0008 0.0007 0.9576 0.0094 0.0015 
          07  2 0.0049 0.0010 0.0007 0.7509 0.2403 0.0023 
          08  2 0.0749 0.0010 0.0009 0.1325 0.7902 0.0004 
          09  2 0.0007 0.0088 0.0003 0.9655 0.0245 0.0003 
          10  2 0.0014 0.0007 0.0005 0.9843 0.0124 0.0006 
          11  2 0.0094 0.0099 0.0030 0.9511 0.0258 0.0007 
          12  2 0.0007 0.0021 0.0005 0.9846 0.0113 0.0007 
          13  2 0.0004 0.0005 0.0006 0.8658 0.1321 0.0006 
          14  2 0.0002 0.0020 0.0272 0.5835 0.3826 0.0044 
          15  2 0.0004 0.0011 0.0013 0.7249 0.2719 0.0004 
          16  2 0.0009 0.0032 0.0053 0.9265 0.0080 0.0561 
          17  2 0.0023 0.0010 0.0011 0.9472 0.0475 0.0010 
          18  2 0.0199 0.0014 0.0011 0.9716 0.0029 0.0031 
          19  2 0.0014 0.0019 0.0049 0.9868 0.0047 0.0003 
          20  2 0.0577 0.0020 0.0051 0.9183 0.0095 0.0074 
          21  2 0.0016 0.0154 0.0007 0.9684 0.0136 0.0004 
          22  2 0.0020 0.0040 0.0071 0.9811 0.0026 0.0032 
          23  2 0.0011 0.0010 0.0021 0.9902 0.0035 0.0021 
          24  2 0.0005 0.0008 0.0007 0.9934 0.0039 0.0006 
          25  2 0.0022 0.0019 0.0011 0.8338 0.1312 0.0298 
          26  2 0.0003 0.0007 0.0003 0.0010 0.9975 0.0002 
          27  2 0.0008 0.0010 0.0039 0.9325 0.0308 0.0310 
          28  2 0.0014 0.0010 0.0048 0.9428 0.0498 0.0002 
          29  2 0.0007 0.0007 0.0003 0.9943 0.0034 0.0007 
          30  2 0.1575 0.0079 0.0824 0.6910 0.0604 0.0008 
          01  3 0.4300 0.0005 0.0116 0.3036 0.0359 0.2184 
          02  3 0.3300 0.0740 0.0053 0.1266 0.0018 0.4623 
          03  3 0.3089 0.0006 0.0006 0.0033 0.3741 0.3125 
          04  3 0.4606 0.0008 0.0006 0.0905 0.0956 0.3519 
          05  3 0.3615 0.1155 0.1208 0.0005 0.0005 0.4012 
          06  3 0.4218 0.0003 0.0010 0.0464 0.0322 0.4983 
          07  3 0.3695 0.0013 0.0003 0.0072 0.3735 0.2482 
          08  3 0.3692 0.0039 0.0056 0.0064 0.2919 0.3230 
          09  3 0.4215 0.0002 0.0025 0.0025 0.3069 0.2664 
          10  3 0.1979 0.2188 0.1294 0.0171 0.0201 0.4167 
          11  3 0.4034 0.0002 0.0002 0.0011 0.2932 0.3018 
          12  3 0.4029 0.0002 0.0004 0.0009 0.2883 0.3073 
          13  3 0.4533 0.0221 0.0002 0.0012 0.0028 0.5204 
          14  3 0.3326 0.0442 0.1548 0.0049 0.0060 0.4575 
          15  3 0.3741 0.0004 0.0020 0.0211 0.3283 0.2741 
          16  3 0.3100 0.0035 0.0032 0.0814 0.0012 0.6008 
          17  3 0.4178 0.0007 0.0007 0.2789 0.1239 0.1782 
          18  3 0.2070 0.1674 0.2795 0.0031 0.0071 0.3359 
          19  3 0.3673 0.0008 0.0045 0.0514 0.1125 0.4635 
          20  3 0.4547 0.0002 0.0464 0.0061 0.1816 0.3110 
          21  3 0.3696 0.0012 0.0046 0.1958 0.0531 0.3757 
          22  3 0.4710 0.0003 0.0023 0.0008 0.3033 0.2222 
          23  3 0.4101 0.0002 0.0012 0.1852 0.0455 0.3578 
          24  3 0.4886 0.1682 0.0012 0.0168 0.0407 0.2846 
          25  3 0.3128 0.2508 0.1295 0.0004 0.0010 0.3054 
          26  3 0.4298 0.0004 0.0006 0.0033 0.2271 0.3388 
          27  3 0.2556 0.1309 0.1730 0.0067 0.0656 0.3682 
          28  3 0.4476 0.0015 0.0003 0.0517 0.0352 0.4637 
          29  3 0.3929 0.0042 0.0063 0.1175 0.0585 0.4205 
          30  3 0.4371 0.0005 0.0003 0.0013 0.3164 0.2444 
         001  4 0.9996 0.0001 0.0001 0.0001 0.0001 0.0001 
         002  4 0.9990 0.0002 0.0001 0.0002 0.0002 0.0003 
         003  4 0.9995 0.0001 0.0001 0.0001 0.0001 0.0001 
         004  4 0.9995 0.0001 0.0001 0.0001 0.0001 0.0002 
         005  4 0.9991 0.0003 0.0001 0.0001 0.0002 0.0002 
         006  4 0.9256 0.0003 0.0002 0.0005 0.0003 0.0731 
         007  4 0.9357 0.0002 0.0006 0.0009 0.0101 0.0525 
         008  4 0.9876 0.0028 0.0077 0.0006 0.0009 0.0004 
         009  4 0.9993 0.0002 0.0001 0.0001 0.0001 0.0002 
         010  4 0.9957 0.0001 0.0001 0.0001 0.0001 0.0040 
         011  4 0.9406 0.0004 0.0386 0.0011 0.0008 0.0186 
         012  4 0.9995 0.0001 0.0001 0.0001 0.0001 0.0001 
         013  4 0.9996 0.0001 0.0001 0.0001 0.0001 0.0001 
         014  4 0.9993 0.0001 0.0002 0.0002 0.0002 0.0001 
         015  4 0.9997 0.0001 0.0000 0.0001 0.0001 0.0001 
         016  4 0.9995 0.0001 0.0001 0.0001 0.0001 0.0001 
         017  4 0.9994 0.0001 0.0001 0.0001 0.0001 0.0002 
         019  4 0.9141 0.0005 0.0005 0.0004 0.0002 0.0844 
         020  4 0.9990 0.0003 0.0002 0.0001 0.0002 0.0001 
         021  4 0.9882 0.0003 0.0004 0.0005 0.0002 0.0104 
         001  5 0.9622 0.0018 0.0349 0.0005 0.0005 0.0003 
         002  5 0.9536 0.0016 0.0031 0.0146 0.0267 0.0004 
         003  5 0.7533 0.0003 0.0057 0.1663 0.0018 0.0727 
         004  5 0.9354 0.0003 0.0052 0.0498 0.0089 0.0005 
         005  5 0.9971 0.0002 0.0006 0.0004 0.0003 0.0014 
         006  5 0.8970 0.0005 0.0001 0.0005 0.0004 0.1015 
         007  5 0.9102 0.0003 0.0003 0.0004 0.0002 0.0887 
         008  5 0.9958 0.0003 0.0001 0.0002 0.0001 0.0036 
         009  5 0.9291 0.0002 0.0017 0.0533 0.0120 0.0036 
         010  5 0.9255 0.0005 0.0019 0.0010 0.0032 0.0679 
         011  5 0.9921 0.0003 0.0047 0.0011 0.0012 0.0006 
         012  5 0.8671 0.0006 0.0020 0.0320 0.0187 0.0796 
         013  5 0.7507 0.0004 0.0006 0.1930 0.0044 0.0510 
         014  5 0.7024 0.0131 0.0220 0.1664 0.0010 0.0950 
         015  5 0.9702 0.0002 0.0002 0.0002 0.0002 0.0291 
         016  5 0.9362 0.0007 0.0004 0.0016 0.0011 0.0600 
         017  5 0.8815 0.0055 0.0002 0.0167 0.0144 0.0816 
         018  5 0.8749 0.0309 0.0360 0.0115 0.0089 0.0377 
         019  5 0.9890 0.0081 0.0021 0.0004 0.0003 0.0002 
         020  5 0.9994 0.0001 0.0001 0.0001 0.0001 0.0001 
         021  5 0.8584 0.0004 0.0062 0.1084 0.0261 0.0005 
         022  5 0.9224 0.0031 0.0470 0.0212 0.0020 0.0042 
         023  5 0.9658 0.0004 0.0025 0.0018 0.0011 0.0285 
         024  5 0.8885 0.0003 0.0003 0.0369 0.0094 0.0646 
         025  5 0.8858 0.0005 0.0006 0.0228 0.0202 0.0701 
         026  5 0.8380 0.0004 0.0003 0.1448 0.0006 0.0159 
         027  5 0.9992 0.0001 0.0002 0.0002 0.0002 0.0002 
         028  5 0.9235 0.0008 0.0177 0.0051 0.0038 0.0492 
         029  5 0.9961 0.0003 0.0003 0.0004 0.0005 0.0024 
         030  5 0.9889 0.0064 0.0023 0.0009 0.0007 0.0009 
        001s  6 0.0005 0.0009 0.0157 0.7230 0.2281 0.0317 
        002s  6 0.0457 0.0195 0.0011 0.9294 0.0037 0.0007 
        003s  6 0.0167 0.0004 0.0029 0.8559 0.1237 0.0004 
        004s  6 0.0003 0.0005 0.0008 0.9895 0.0086 0.0003 
        006s  6 0.0574 0.0013 0.0143 0.8957 0.0087 0.0225 
        007s  6 0.0005 0.0008 0.0005 0.9930 0.0028 0.0024 
        008s  6 0.0036 0.0035 0.0052 0.9800 0.0071 0.0005 
        009s  6 0.0004 0.0011 0.0007 0.9944 0.0030 0.0004 
        010s  6 0.0094 0.0090 0.0112 0.9617 0.0024 0.0064 
        011s  6 0.0004 0.0003 0.0012 0.9936 0.0023 0.0022 
        012s  6 0.0005 0.0023 0.0014 0.9836 0.0082 0.0041 
        013s  6 0.0013 0.0005 0.0003 0.9941 0.0032 0.0007 
        014s  6 0.0767 0.0002 0.0004 0.4937 0.4287 0.0003 
        015s  6 0.0095 0.0013 0.0052 0.9738 0.0027 0.0075 
        016s  6 0.0003 0.0005 0.0012 0.9072 0.0898 0.0010 
        018s  6 0.2679 0.0007 0.0026 0.7226 0.0042 0.0021 
        019s  6 0.0074 0.0007 0.0026 0.8532 0.1342 0.0019 
        020s  6 0.0003 0.0008 0.0005 0.9728 0.0249 0.0006 
        021s  6 0.0016 0.0013 0.0045 0.9751 0.0034 0.0141 
        022s  6 0.0012 0.0004 0.0044 0.9519 0.0418 0.0003 
        023s  6 0.0160 0.0002 0.0006 0.3737 0.6089 0.0005 
        024s  6 0.0356 0.0014 0.0009 0.9434 0.0164 0.0023 
        025s  6 0.0010 0.0005 0.0703 0.9228 0.0048 0.0007 
        026s  6 0.0006 0.0022 0.0004 0.9780 0.0182 0.0006 
        027s  6 0.0013 0.0015 0.0004 0.9851 0.0113 0.0005 
        028s  6 0.0139 0.0444 0.0078 0.9262 0.0010 0.0068 
        029s  6 0.0006 0.0017 0.0011 0.9935 0.0028 0.0003 
        030s  6 0.0716 0.0033 0.0099 0.9127 0.0021 0.0005 
        031s  6 0.0007 0.0005 0.0003 0.3254 0.6688 0.0042 
        032s  6 0.0076 0.0005 0.0009 0.9808 0.0089 0.0014 
        033s  6 0.0937 0.0005 0.0010 0.9005 0.0041 0.0003 
        034s  6 0.0015 0.0004 0.0136 0.9725 0.0093 0.0027 
        035s  6 0.1192 0.0005 0.0006 0.0010 0.8784 0.0003 
        036s  6 0.0006 0.0002 0.0012 0.9882 0.0038 0.0060 
        037s  6 0.0010 0.0020 0.0015 0.9899 0.0049 0.0008 
        038s  6 0.0004 0.0012 0.0009 0.8984 0.0973 0.0018 
        039s  6 0.0003 0.0007 0.0007 0.9941 0.0040 0.0002 
        040s  6 0.0002 0.0005 0.0004 0.8418 0.1543 0.0028 
        041s  6 0.0318 0.0038 0.0029 0.3171 0.6442 0.0002 
        042s  6 0.0098 0.0042 0.0583 0.9204 0.0067 0.0007 
        043s  6 0.0006 0.0002 0.0065 0.9879 0.0038 0.0010 
        044s  6 0.0009 0.0031 0.0007 0.8270 0.1677 0.0005 
        045s  6 0.0055 0.0009 0.0024 0.9787 0.0122 0.0004 
        001s  7 0.0008 0.0004 0.0010 0.1294 0.8680 0.0003 
        002s  7 0.0103 0.0007 0.0012 0.5049 0.4817 0.0011 
        003s  7 0.0009 0.0012 0.0008 0.0554 0.9402 0.0015 
        004s  7 0.0009 0.0012 0.0006 0.9806 0.0136 0.0031 
        005s  7 0.0120 0.0007 0.0018 0.9636 0.0193 0.0026 
        006s  7 0.0589 0.0005 0.0043 0.9318 0.0032 0.0014 
        007s  7 0.0059 0.0148 0.0019 0.9659 0.0047 0.0069 
        008s  7 0.0069 0.0021 0.0010 0.0114 0.9781 0.0003 
        009s  7 0.0025 0.0006 0.0112 0.9698 0.0138 0.0021 
        010s  7 0.0007 0.0006 0.0010 0.0117 0.9858 0.0002 
        011s  7 0.0003 0.0007 0.0010 0.9903 0.0072 0.0005 
        012s  7 0.0005 0.0005 0.0006 0.9960 0.0018 0.0005 
        013s  7 0.0004 0.0008 0.0041 0.9771 0.0108 0.0068 
        014s  7 0.0248 0.0004 0.0003 0.4022 0.5720 0.0004 
        015s  7 0.0121 0.0010 0.0012 0.9794 0.0050 0.0013 
        016s  7 0.0804 0.0003 0.0014 0.0007 0.9170 0.0002 
        017s  7 0.0013 0.0004 0.0006 0.9883 0.0087 0.0006 
        018s  7 0.0025 0.0036 0.0007 0.9869 0.0058 0.0006 
        019s  7 0.0011 0.0029 0.0134 0.9747 0.0066 0.0013 
        020s  7 0.0005 0.0003 0.0004 0.9820 0.0153 0.0015 
        021s  7 0.0021 0.0013 0.0008 0.9895 0.0057 0.0006 
        022s  7 0.0020 0.0003 0.0010 0.9922 0.0019 0.0026 
        023s  7 0.0081 0.0017 0.0161 0.9520 0.0210 0.0011 
        024s  7 0.0009 0.0015 0.0006 0.9928 0.0035 0.0007 
        025s  7 0.0007 0.0010 0.0011 0.9878 0.0042 0.0052 
        026s  7 0.0011 0.0014 0.0015 0.0566 0.9392 0.0003 
        027s  7 0.0013 0.0009 0.0005 0.4911 0.5054 0.0008 
        028s  7 0.0055 0.0002 0.0004 0.9850 0.0080 0.0008 
        029s  7 0.0111 0.0010 0.0026 0.9387 0.0459 0.0007 
        030s  7 0.0003 0.0054 0.0039 0.8228 0.1668 0.0008 
        031s  7 0.0026 0.0005 0.0149 0.9711 0.0099 0.0011 
        032s  7 0.1010 0.0024 0.0003 0.8929 0.0030 0.0004 
        033s  7 0.0414 0.0033 0.0016 0.9499 0.0030 0.0009 
        034s  7 0.0013 0.0015 0.0006 0.9509 0.0035 0.0422 
        035s  7 0.0004 0.0006 0.0014 0.9939 0.0034 0.0003 
        036s  7 0.0004 0.0005 0.0086 0.9556 0.0322 0.0026 
        037s  7 0.0651 0.0007 0.0042 0.9099 0.0154 0.0047 
        038s  7 0.0121 0.0011 0.0015 0.9802 0.0045 0.0007 
        039s  7 0.0005 0.0003 0.0003 0.8149 0.1838 0.0003 
        040s  7 0.0028 0.0003 0.0004 0.0034 0.9775 0.0157 
        041s  7 0.0329 0.0019 0.0015 0.7567 0.2064 0.0006 
        042s  7 0.0018 0.0002 0.0003 0.0797 0.9176 0.0003 
        043s  7 0.0013 0.0005 0.0041 0.9848 0.0092 0.0002 
        044s  7 0.0538 0.0018 0.0267 0.8973 0.0034 0.0171 
         003  8 0.0043 0.0127 0.0006 0.9774 0.0038 0.0012 
         009  8 0.0014 0.0006 0.0011 0.9905 0.0058 0.0006 
         010  8 0.0003 0.0004 0.0020 0.9899 0.0070 0.0003 
         017  8 0.0007 0.0012 0.0035 0.9903 0.0037 0.0006 
         002  9 0.0004 0.0006 0.0013 0.9897 0.0072 0.0008 
         003  9 0.0002 0.0003 0.0004 0.9963 0.0024 0.0004 
         004  9 0.0003 0.0004 0.0010 0.9919 0.0061 0.0002 
         005  9 0.0004 0.0010 0.0045 0.9892 0.0041 0.0009 
         006  9 0.0011 0.0008 0.0017 0.9914 0.0043 0.0007 
         007  9 0.0034 0.0010 0.0012 0.9853 0.0089 0.0002 
         009  9 0.0014 0.0010 0.0023 0.9877 0.0073 0.0003 
         010  9 0.0003 0.0021 0.0016 0.9936 0.0020 0.0004 
         013  9 0.0008 0.0004 0.0010 0.9827 0.0144 0.0007 
         014  9 0.0004 0.0045 0.0020 0.9851 0.0078 0.0002 
         016  9 0.0002 0.0011 0.0007 0.9950 0.0028 0.0002 
         018  9 0.0010 0.0050 0.0015 0.9895 0.0023 0.0008 
         019  9 0.0006 0.0053 0.0004 0.9904 0.0025 0.0008 
         020  9 0.0003 0.0003 0.0004 0.9977 0.0009 0.0003 
         021  9 0.0004 0.0003 0.0009 0.9958 0.0024 0.0002 
         022  9 0.0003 0.0012 0.0006 0.9907 0.0069 0.0003 
         024  9 0.0005 0.0021 0.0036 0.9835 0.0099 0.0004 
         028  9 0.0005 0.0006 0.0016 0.9916 0.0050 0.0008 
         029  9 0.0003 0.0011 0.0007 0.9902 0.0073 0.0003 
         030  9 0.0004 0.0011 0.0012 0.9939 0.0031 0.0004 
         031  9 0.0016 0.0009 0.0005 0.9886 0.0080 0.0004 
         033  9 0.0058 0.0008 0.0015 0.9790 0.0124 0.0005 
         001 10 0.0004 0.0010 0.0003 0.9921 0.0059 0.0003 
         002 10 0.0004 0.0013 0.0008 0.9898 0.0075 0.0002 
         003 10 0.0003 0.0005 0.0129 0.9835 0.0021 0.0008 
         004 10 0.0004 0.0005 0.0027 0.9108 0.0853 0.0003 
         005 10 0.0003 0.0013 0.0010 0.9927 0.0042 0.0004 
         006 10 0.0012 0.0005 0.0007 0.9943 0.0029 0.0003 
         007 10 0.0006 0.0005 0.0020 0.9905 0.0059 0.0004 
         008 10 0.0006 0.0007 0.0042 0.9923 0.0014 0.0008 
         009 10 0.0005 0.0046 0.0005 0.9885 0.0049 0.0009 
         010 10 0.0007 0.0025 0.0009 0.9789 0.0167 0.0003 
         011 10 0.0004 0.0004 0.0349 0.9578 0.0056 0.0009 
         012 10 0.0007 0.0007 0.0022 0.9917 0.0036 0.0012 
         013 10 0.0003 0.0006 0.0007 0.9934 0.0030 0.0020 
         014 10 0.0004 0.0004 0.0009 0.7650 0.2322 0.0011 
         016 10 0.0006 0.0013 0.0009 0.9908 0.0057 0.0007 
         017 10 0.0005 0.0010 0.0010 0.9932 0.0034 0.0010 
         018 10 0.0074 0.0022 0.0006 0.9864 0.0029 0.0005 
         019 10 0.0004 0.0044 0.0015 0.9906 0.0027 0.0004 
         020 10 0.0009 0.0073 0.0023 0.9794 0.0093 0.0008 
         021 10 0.0010 0.0026 0.0004 0.9700 0.0258 0.0002 
         022 10 0.0003 0.0002 0.0008 0.9675 0.0306 0.0005 
         023 10 0.0002 0.0004 0.0007 0.9957 0.0022 0.0007 
         024 10 0.0004 0.0015 0.0023 0.9910 0.0046 0.0001 
         026 10 0.0005 0.0006 0.0005 0.9970 0.0011 0.0004 
        001s 11 0.0860 0.0006 0.0099 0.7218 0.1811 0.0006 
        002s 11 0.0005 0.0036 0.0019 0.9791 0.0075 0.0073 
        003s 11 0.0062 0.0016 0.0005 0.9650 0.0264 0.0003 
        004s 11 0.0003 0.0002 0.0015 0.9880 0.0087 0.0013 
        005s 11 0.0022 0.0062 0.0006 0.9307 0.0597 0.0006 
        006s 11 0.0010 0.0016 0.0028 0.9571 0.0262 0.0114 
        007s 11 0.0084 0.0018 0.0010 0.8712 0.0797 0.0380 
        008s 11 0.0005 0.0009 0.0004 0.9899 0.0078 0.0004 
        009s 11 0.0004 0.0157 0.0005 0.9813 0.0018 0.0003 
        010s 11 0.0010 0.0006 0.0011 0.8598 0.1370 0.0004 
        011s 11 0.0949 0.0003 0.0070 0.1040 0.7898 0.0040 
        012s 11 0.1100 0.0008 0.0003 0.8657 0.0229 0.0003 
        013s 11 0.0009 0.0003 0.0010 0.7492 0.2481 0.0005 
        014s 11 0.0019 0.0014 0.0010 0.1521 0.8389 0.0047 
        015s 11 0.0022 0.0013 0.0040 0.9716 0.0191 0.0017 
        016s 11 0.0325 0.0060 0.0579 0.6611 0.2421 0.0003 
        017s 11 0.0920 0.0006 0.0019 0.8752 0.0299 0.0004 
        018s 11 0.0030 0.0016 0.0007 0.0794 0.9141 0.0011 
        019s 11 0.0005 0.0002 0.0215 0.9677 0.0092 0.0008 
        020s 11 0.0008 0.0030 0.0015 0.3245 0.6692 0.0010 
        021s 11 0.0004 0.0004 0.0010 0.9958 0.0017 0.0006 
        022s 11 0.0015 0.0006 0.0005 0.9586 0.0080 0.0308 
        023s 11 0.0239 0.0005 0.0249 0.1338 0.8167 0.0002 
        025s 11 0.0006 0.0003 0.0007 0.9900 0.0082 0.0003 
        026s 11 0.0371 0.0009 0.0558 0.9013 0.0045 0.0005 
        027s 11 0.0009 0.0005 0.0009 0.9896 0.0061 0.0019 
        028s 11 0.0068 0.0003 0.0012 0.9871 0.0039 0.0008 
        029s 11 0.0537 0.0012 0.0004 0.9417 0.0025 0.0004 
        030s 11 0.0494 0.0011 0.0009 0.9399 0.0078 0.0008 
        031s 11 0.0004 0.0007 0.0003 0.9927 0.0048 0.0012 
        032s 11 0.0011 0.0009 0.0025 0.9222 0.0729 0.0004 
        033s 11 0.0045 0.0016 0.0008 0.9217 0.0707 0.0006 
        034s 11 0.0007 0.0003 0.0004 0.1510 0.8462 0.0013 
        035s 11 0.0014 0.0015 0.0002 0.4531 0.5421 0.0016 
        036s 11 0.0140 0.0012 0.0004 0.9731 0.0095 0.0017 
        037s 11 0.0010 0.0008 0.0017 0.0679 0.9284 0.0003 
        038s 11 0.0016 0.0006 0.0004 0.6952 0.3015 0.0006 
        039s 11 0.0019 0.0006 0.0010 0.9890 0.0072 0.0003 
        040s 11 0.0720 0.0008 0.0005 0.9233 0.0010 0.0024 
        041s 11 0.0009 0.0259 0.0024 0.9618 0.0080 0.0010 
        042s 11 0.0006 0.0012 0.0078 0.5119 0.4775 0.0010 
        043s 11 0.0395 0.0004 0.0263 0.9273 0.0059 0.0006 
        044s 11 0.0004 0.0008 0.0047 0.9511 0.0363 0.0068 
        045s 11 0.0004 0.0004 0.0117 0.9735 0.0118 0.0023 
        046s 11 0.0083 0.0008 0.0340 0.2232 0.7324 0.0013 
        047s 11 0.0005 0.0006 0.0012 0.9925 0.0038 0.0013 
        048s 11 0.0046 0.0023 0.0350 0.9535 0.0023 0.0023 
        049s 11 0.0013 0.0012 0.0014 0.9892 0.0063 0.0005 
        050s 11 0.0004 0.0003 0.0011 0.9937 0.0030 0.0015 
        051s 11 0.0004 0.0005 0.0475 0.8780 0.0514 0.0222 
        052s 11 0.0010 0.0012 0.0029 0.1477 0.8453 0.0018 
        053s 11 0.0004 0.0012 0.0009 0.9894 0.0076 0.0004 
        054s 11 0.0008 0.0004 0.0007 0.9869 0.0052 0.0060 
        055s 11 0.0574 0.0003 0.0005 0.1032 0.8375 0.0011 
        001s 12 0.0015 0.0009 0.0011 0.9784 0.0130 0.0051 
        002s 12 0.0010 0.0021 0.0010 0.9939 0.0017 0.0004 
        003s 12 0.0003 0.0005 0.0004 0.9930 0.0052 0.0005 
        004s 12 0.0524 0.0025 0.0093 0.9238 0.0117 0.0004 
        005s 12 0.0003 0.0012 0.0009 0.4351 0.5618 0.0008 
        006s 12 0.0290 0.0006 0.0014 0.9386 0.0277 0.0028 
        007s 12 0.0012 0.0032 0.0017 0.9897 0.0028 0.0015 
        008s 12 0.0110 0.0006 0.0005 0.9825 0.0043 0.0011 
        009s 12 0.0216 0.0233 0.0051 0.9230 0.0257 0.0013 
        010s 12 0.0089 0.0012 0.0003 0.9116 0.0438 0.0341 
        011s 12 0.0014 0.0010 0.0007 0.9874 0.0073 0.0021 
        012s 12 0.0011 0.0005 0.0032 0.9854 0.0029 0.0070 
        013s 12 0.0009 0.0008 0.0340 0.9609 0.0030 0.0005 
        014s 12 0.0013 0.0053 0.0350 0.4005 0.5218 0.0361 
        015s 12 0.0044 0.0021 0.0010 0.9890 0.0028 0.0006 
        016s 12 0.0005 0.0005 0.0050 0.9911 0.0024 0.0006 
        017s 12 0.0038 0.0004 0.0009 0.9741 0.0200 0.0008 
        018s 12 0.0028 0.0025 0.0016 0.9746 0.0183 0.0003 
        019s 12 0.0053 0.0032 0.0004 0.9661 0.0245 0.0004 
        020s 12 0.0825 0.0002 0.0007 0.9071 0.0089 0.0006 
        021s 12 0.0037 0.0005 0.0016 0.9896 0.0040 0.0005 
        022s 12 0.0444 0.0041 0.0041 0.9105 0.0356 0.0013 
        023s 12 0.0004 0.0010 0.0011 0.9900 0.0072 0.0004 
        024s 12 0.0006 0.0003 0.0005 0.5520 0.4463 0.0003 
        025s 12 0.0028 0.0044 0.0008 0.9846 0.0048 0.0025 
        026s 12 0.0277 0.0135 0.0005 0.8960 0.0618 0.0005 
        027s 12 0.0025 0.0005 0.0006 0.9910 0.0045 0.0010 
        028s 12 0.0012 0.0112 0.0025 0.0730 0.9118 0.0004 
        029s 12 0.0005 0.0004 0.0008 0.7065 0.2914 0.0004 
        030s 12 0.0006 0.0004 0.0005 0.9872 0.0101 0.0012 
        031s 12 0.0040 0.0009 0.0022 0.9883 0.0036 0.0010 
        032s 12 0.0003 0.0104 0.0009 0.1534 0.8343 0.0006 
        033s 12 0.0012 0.0006 0.0005 0.9803 0.0093 0.0081 
        034s 12 0.0003 0.0006 0.0003 0.1259 0.8725 0.0004 
        035s 12 0.0154 0.0005 0.0004 0.9198 0.0631 0.0008 
        036s 12 0.0026 0.0033 0.0006 0.9404 0.0453 0.0078 
        037s 12 0.0011 0.0009 0.0006 0.9950 0.0021 0.0003 
        001s 13 0.0100 0.0011 0.0022 0.9749 0.0110 0.0008 
        002s 13 0.0749 0.0004 0.0013 0.1053 0.8179 0.0003 
        003s 13 0.0009 0.0009 0.0009 0.9932 0.0037 0.0003 
        004s 13 0.0007 0.0117 0.0027 0.9775 0.0070 0.0005 
        005s 13 0.0030 0.0027 0.0028 0.9836 0.0030 0.0050 
        006s 13 0.0008 0.0010 0.0007 0.9896 0.0066 0.0013 
        007s 13 0.0009 0.0004 0.0007 0.9561 0.0083 0.0335 
        008s 13 0.0570 0.0013 0.0009 0.9376 0.0017 0.0016 
        009s 13 0.1283 0.0068 0.0007 0.8528 0.0087 0.0027 
        010s 13 0.0720 0.0015 0.0011 0.9193 0.0056 0.0006 
        011s 13 0.0033 0.0069 0.0023 0.7780 0.1854 0.0242 
        012s 13 0.0540 0.0037 0.0197 0.9087 0.0108 0.0030 
        013s 13 0.0083 0.0008 0.0056 0.3480 0.6245 0.0128 
        014s 13 0.0006 0.0007 0.0033 0.9593 0.0013 0.0348 
        015s 13 0.0078 0.0131 0.0077 0.9472 0.0236 0.0005 
        016s 13 0.0004 0.0005 0.0012 0.9949 0.0024 0.0005 
        017s 13 0.0172 0.0035 0.0006 0.9577 0.0109 0.0100 
        018s 13 0.0005 0.0005 0.0008 0.9898 0.0081 0.0003 
        019s 13 0.0005 0.0004 0.0011 0.9698 0.0270 0.0013 
        020s 13 0.0011 0.0022 0.0004 0.0898 0.9036 0.0029 
        021s 13 0.0008 0.0007 0.0014 0.9899 0.0069 0.0004 
        022s 13 0.0018 0.0004 0.0007 0.9940 0.0025 0.0005 
        023s 13 0.0014 0.0006 0.0003 0.9815 0.0159 0.0003 
        024s 13 0.0202 0.0007 0.0386 0.9284 0.0087 0.0034 
        025s 13 0.0007 0.0009 0.0019 0.9914 0.0045 0.0005 
        026s 13 0.0900 0.0005 0.0063 0.8848 0.0139 0.0046 
        027s 13 0.0485 0.0044 0.0011 0.9426 0.0022 0.0012 
        028s 13 0.0039 0.0119 0.0035 0.5276 0.4394 0.0137 
        029s 13 0.0120 0.0005 0.0010 0.1122 0.8732 0.0010 
        030s 13 0.0605 0.0004 0.0275 0.3600 0.5511 0.0005 
        031s 13 0.0023 0.0008 0.1015 0.8916 0.0020 0.0018 
        032s 13 0.0005 0.0005 0.0004 0.9918 0.0045 0.0024 
        033s 13 0.0023 0.0006 0.0010 0.9503 0.0079 0.0378 
        034s 13 0.0194 0.0028 0.0012 0.0410 0.9313 0.0043 
        035s 13 0.0006 0.0014 0.0049 0.8036 0.1889 0.0004 
        036s 13 0.0028 0.0007 0.0005 0.8740 0.1214 0.0005 
        037s 13 0.0003 0.0006 0.0019 0.9870 0.0095 0.0006 
        038s 13 0.0009 0.0015 0.0010 0.4887 0.5058 0.0021 
        039s 13 0.1013 0.0007 0.0728 0.8056 0.0188 0.0007 
        040s 13 0.0012 0.0005 0.0009 0.9918 0.0047 0.0008 
        041s 13 0.0571 0.0004 0.0016 0.9326 0.0059 0.0024 
        042s 13 0.0004 0.0007 0.0008 0.0646 0.9328 0.0007 
        001s 14 0.0196 0.0015 0.0011 0.2488 0.7283 0.0008 
        002s 14 0.0636 0.0029 0.0012 0.9247 0.0056 0.0019 
        003s 14 0.0004 0.0007 0.0006 0.0160 0.9819 0.0005 
        004s 14 0.0097 0.0006 0.0034 0.9737 0.0054 0.0072 
        005s 14 0.0003 0.0005 0.0005 0.8300 0.1685 0.0002 
        006s 14 0.0005 0.0004 0.0003 0.9803 0.0180 0.0006 
        007s 14 0.0006 0.0004 0.0014 0.9880 0.0087 0.0008 
        008s 14 0.0805 0.0197 0.0014 0.0744 0.8218 0.0021 
        009s 14 0.0021 0.0064 0.0010 0.9739 0.0161 0.0005 
        010s 14 0.0452 0.0198 0.0013 0.5744 0.3588 0.0004 
        011s 14 0.0042 0.0006 0.0009 0.5593 0.4047 0.0303 
        012s 14 0.0005 0.0015 0.0016 0.0894 0.9056 0.0014 
        013s 14 0.0008 0.0007 0.0037 0.8837 0.1073 0.0038 
        014s 14 0.0403 0.0080 0.0010 0.9353 0.0150 0.0004 
        015s 14 0.0009 0.0071 0.0029 0.9582 0.0302 0.0007 
        016s 14 0.0009 0.0005 0.0119 0.9841 0.0023 0.0003 
        017s 14 0.0550 0.0005 0.0009 0.9224 0.0063 0.0149 
        018s 14 0.0009 0.0009 0.0012 0.9907 0.0058 0.0004 
        019s 14 0.0013 0.0004 0.0009 0.9874 0.0076 0.0024 
        020s 14 0.0006 0.0073 0.0013 0.1706 0.8200 0.0003 
        021s 14 0.0053 0.0084 0.0004 0.9821 0.0034 0.0003 
        022s 14 0.0061 0.0020 0.0017 0.9743 0.0135 0.0024 
        023s 14 0.0042 0.0025 0.0031 0.9783 0.0111 0.0008 
        024s 14 0.0558 0.0020 0.0013 0.7335 0.2063 0.0010 
        025s 14 0.0635 0.0004 0.0003 0.8907 0.0449 0.0002 
        026s 14 0.0008 0.0017 0.0010 0.9886 0.0077 0.0003 
        027s 14 0.0028 0.0008 0.0033 0.9292 0.0633 0.0007 
        028s 14 0.0006 0.0020 0.0007 0.9655 0.0293 0.0019 
        029s 14 0.0003 0.0006 0.0012 0.9918 0.0059 0.0002 
        030s 14 0.0008 0.0007 0.0004 0.8989 0.0865 0.0126 
        031s 14 0.0004 0.0003 0.0016 0.7431 0.2375 0.0171 
        032s 14 0.0008 0.0005 0.0019 0.6984 0.2975 0.0009 
        033s 14 0.0006 0.0007 0.0005 0.6043 0.3424 0.0515 
        034s 14 0.0004 0.0005 0.0005 0.9961 0.0021 0.0003 
        035s 14 0.0787 0.0005 0.0011 0.7913 0.0466 0.0817 
        036s 14 0.0529 0.0015 0.0073 0.0723 0.8322 0.0338 
        037s 14 0.0010 0.0010 0.0032 0.9792 0.0153 0.0003 
        038s 14 0.0008 0.0007 0.0004 0.9819 0.0155 0.0008 
        039s 14 0.0026 0.0027 0.0051 0.9762 0.0116 0.0018 
        040s 14 0.0155 0.0004 0.0011 0.9660 0.0167 0.0004 
        041s 14 0.0006 0.0005 0.0005 0.6501 0.3471 0.0012 
        042s 14 0.0761 0.0011 0.0021 0.9030 0.0173 0.0004 
        001s 15 0.0006 0.0010 0.0006 0.5240 0.4734 0.0004 
        002s 15 0.0918 0.0057 0.0142 0.7789 0.1080 0.0014 
        003s 15 0.0115 0.0010 0.0070 0.9763 0.0034 0.0008 
        004s 15 0.0007 0.0092 0.0002 0.9871 0.0024 0.0004 
        005s 15 0.0130 0.0012 0.0052 0.9766 0.0018 0.0022 
        006s 15 0.0163 0.0005 0.0009 0.9729 0.0082 0.0012 
        007s 15 0.0004 0.0012 0.0005 0.9881 0.0094 0.0004 
        008s 15 0.0006 0.0005 0.0008 0.9865 0.0111 0.0005 
        009s 15 0.0315 0.0009 0.0355 0.9204 0.0094 0.0024 
        010s 15 0.0006 0.0003 0.0011 0.1396 0.8580 0.0004 
        011s 15 0.0010 0.0005 0.0012 0.9279 0.0058 0.0635 
        012s 15 0.0024 0.0011 0.0015 0.9898 0.0036 0.0016 
        013s 15 0.0007 0.0039 0.0008 0.0846 0.9097 0.0003 
        014s 15 0.0014 0.0042 0.0054 0.9808 0.0075 0.0008 
        015s 15 0.0783 0.0011 0.0032 0.9118 0.0014 0.0041 
        016s 15 0.0026 0.0326 0.0005 0.1079 0.7935 0.0630 
        017s 15 0.0017 0.0111 0.0016 0.9791 0.0057 0.0008 
        018s 15 0.0014 0.0018 0.0005 0.4612 0.5349 0.0002 
        019s 15 0.0040 0.0006 0.0040 0.3931 0.5978 0.0005 
        020s 15 0.0004 0.0005 0.0003 0.5217 0.4764 0.0006 
        021s 15 0.0780 0.0021 0.0028 0.8772 0.0391 0.0008 
        022s 15 0.0011 0.0008 0.0006 0.9859 0.0099 0.0017 
        023s 15 0.0323 0.0006 0.0008 0.9592 0.0046 0.0024 
        024s 15 0.0014 0.0002 0.0009 0.9942 0.0016 0.0017 
        025s 15 0.0069 0.0016 0.0240 0.9489 0.0173 0.0012 
        026s 15 0.0010 0.0033 0.0200 0.9618 0.0131 0.0007 
        027s 15 0.0037 0.0144 0.0006 0.9493 0.0233 0.0086 
        028s 15 0.0004 0.0030 0.0011 0.9838 0.0104 0.0013 
        029s 15 0.0006 0.0014 0.0015 0.9919 0.0038 0.0008 
        030s 15 0.0005 0.0014 0.0006 0.9918 0.0054 0.0003 
        031s 15 0.0660 0.0012 0.0054 0.8709 0.0552 0.0013 
        032s 15 0.0006 0.0009 0.0019 0.9949 0.0016 0.0002 
        033s 15 0.0279 0.0010 0.0003 0.0209 0.9488 0.0010 
        035s 15 0.0023 0.0015 0.0008 0.9898 0.0027 0.0029 
        036s 15 0.0009 0.0003 0.0037 0.5596 0.4340 0.0014 
        037s 15 0.0009 0.0004 0.0015 0.9770 0.0108 0.0095 
        038s 15 0.0032 0.0008 0.0004 0.9917 0.0029 0.0010 
        039s 15 0.0738 0.0005 0.0002 0.4806 0.4445 0.0004 
        040s 15 0.0029 0.0024 0.0006 0.9718 0.0207 0.0017 
        041s 15 0.0706 0.0006 0.0031 0.9080 0.0113 0.0064 
        042s 15 0.0053 0.0032 0.0008 0.9852 0.0050 0.0005 
        043s 15 0.0050 0.0003 0.0018 0.5004 0.4917 0.0008 
        044s 15 0.0069 0.0009 0.0007 0.9875 0.0031 0.0008 
        045s 15 0.0019 0.0014 0.0786 0.8747 0.0087 0.0347 
        046s 15 0.0202 0.0004 0.0011 0.9502 0.0225 0.0056 
        047s 15 0.0276 0.0006 0.0006 0.9621 0.0070 0.0020 
        048s 15 0.0005 0.0010 0.0130 0.6558 0.3292 0.0005 
        049s 15 0.0159 0.0003 0.0005 0.9550 0.0270 0.0013 
        050s 15 0.1344 0.0118 0.0023 0.8440 0.0067 0.0008 
         001 16 0.1596 0.0027 0.0008 0.0828 0.7441 0.0100 
         002 16 0.0512 0.0002 0.0008 0.9431 0.0039 0.0009 
         003 16 0.0038 0.0022 0.0022 0.9824 0.0040 0.0054 
         004 16 0.0013 0.0004 0.0013 0.9937 0.0024 0.0009 
         005 16 0.0551 0.0020 0.0257 0.9028 0.0088 0.0056 
         006 16 0.0165 0.0009 0.0122 0.9672 0.0020 0.0012 
         007 16 0.0043 0.0010 0.0013 0.9682 0.0245 0.0007 
         008 16 0.1407 0.0009 0.0007 0.7441 0.1095 0.0041 
         009 16 0.0014 0.0019 0.0005 0.3734 0.6222 0.0005 
         010 16 0.0286 0.0006 0.0008 0.7721 0.1974 0.0005 
         011 16 0.0034 0.0006 0.0019 0.1138 0.8795 0.0008 
         012 16 0.0007 0.0011 0.0013 0.9556 0.0391 0.0022 
         013 16 0.0004 0.0006 0.0005 0.9928 0.0050 0.0007 
         014 16 0.0395 0.0013 0.0003 0.9564 0.0017 0.0007 
         015 16 0.0003 0.0005 0.3690 0.6255 0.0024 0.0023 
         016 16 0.0014 0.0052 0.0145 0.9762 0.0025 0.0002 
         017 16 0.0029 0.0008 0.0010 0.2501 0.7400 0.0052 
         018 16 0.0372 0.0066 0.0273 0.9250 0.0016 0.0024 
         019 16 0.0392 0.0011 0.0006 0.0744 0.8802 0.0045 
         020 16 0.0003 0.0008 0.0007 0.9925 0.0051 0.0006 
         021 16 0.0938 0.0047 0.0007 0.8549 0.0107 0.0351 
         022 16 0.0336 0.0009 0.0019 0.9615 0.0017 0.0004 
         023 16 0.0096 0.0006 0.0094 0.0762 0.9037 0.0005 
         024 16 0.0045 0.0012 0.0222 0.4417 0.5299 0.0004 
         025 16 0.0257 0.0011 0.0022 0.1737 0.7812 0.0162 
         026 16 0.1079 0.0006 0.0035 0.8833 0.0035 0.0013 
         027 16 0.0143 0.0119 0.0014 0.9580 0.0139 0.0005 
         028 16 0.1469 0.0160 0.0004 0.7937 0.0176 0.0254 
         029 16 0.0014 0.0012 0.0007 0.9543 0.0051 0.0373 
         030 16 0.0006 0.0004 0.0006 0.4328 0.5603 0.0054 
         031 16 0.0012 0.0154 0.0007 0.9787 0.0029 0.0011 
         032 16 0.0909 0.0007 0.0065 0.8953 0.0058 0.0007 
         033 16 0.0005 0.0004 0.0003 0.9903 0.0073 0.0012 
         034 16 0.0020 0.0005 0.0008 0.3982 0.5972 0.0014 
         035 16 0.0002 0.0006 0.0003 0.9941 0.0042 0.0006 
         036 16 0.0006 0.0015 0.0022 0.8645 0.1308 0.0004 
         037 16 0.0144 0.0005 0.0058 0.5184 0.4509 0.0101 
         038 16 0.0019 0.0013 0.0070 0.9331 0.0555 0.0011 
         039 16 0.0017 0.0015 0.0005 0.6533 0.3428 0.0003 
         040 16 0.0008 0.0005 0.0016 0.9848 0.0108 0.0016 
         041 16 0.0007 0.0004 0.0012 0.9889 0.0080 0.0008 
         042 16 0.0010 0.0020 0.0007 0.8886 0.1069 0.0008 
         043 16 0.0009 0.0011 0.0010 0.9825 0.0139 0.0006 
         044 16 0.0030 0.0016 0.0017 0.2994 0.6936 0.0007 
         045 16 0.0022 0.0023 0.0002 0.9785 0.0108 0.0059 
         047 16 0.0017 0.0056 0.0013 0.9466 0.0111 0.0337 
         048 16 0.0017 0.0007 0.0007 0.9880 0.0043 0.0046 
         049 16 0.0006 0.0005 0.0034 0.8779 0.1140 0.0037 
         050 16 0.0006 0.0003 0.0004 0.9901 0.0079 0.0008 
         051 16 0.0012 0.0017 0.0006 0.9711 0.0237 0.0017 
         052 16 0.0003 0.0004 0.0007 0.9683 0.0299 0.0005 
         053 16 0.0004 0.0009 0.0006 0.9773 0.0198 0.0010 
         054 16 0.0548 0.0012 0.0007 0.5265 0.4159 0.0010 
         055 16 0.0044 0.0003 0.0003 0.9022 0.0386 0.0541 
         056 16 0.0017 0.0007 0.0089 0.9721 0.0162 0.0004 
         057 16 0.0754 0.0004 0.0002 0.0567 0.8670 0.0003 
         058 16 0.0907 0.0002 0.0078 0.6087 0.2873 0.0053 
         059 16 0.0825 0.0048 0.0856 0.6184 0.1907 0.0181 
         060 16 0.0016 0.0014 0.0110 0.7971 0.1881 0.0008 
         061 16 0.0013 0.0008 0.0022 0.4525 0.5424 0.0007 
         062 16 0.0006 0.0014 0.0004 0.9790 0.0106 0.0080 
         063 16 0.0051 0.0006 0.0006 0.9813 0.0117 0.0007 
         064 16 0.0004 0.0004 0.0020 0.9853 0.0114 0.0006 
         065 16 0.0014 0.0009 0.0027 0.6387 0.3542 0.0021 
         066 16 0.0004 0.0008 0.0006 0.9942 0.0036 0.0003 
         067 16 0.0015 0.0010 0.0756 0.8736 0.0429 0.0054 
         068 16 0.0068 0.0007 0.0310 0.9560 0.0043 0.0012 
         069 16 0.0010 0.0072 0.0007 0.9827 0.0078 0.0005 
         070 16 0.0036 0.0019 0.0007 0.8710 0.1220 0.0008 
         071 16 0.0749 0.0008 0.0003 0.9061 0.0068 0.0112 
         072 16 0.0077 0.0007 0.0011 0.9817 0.0080 0.0008 
         073 16 0.0009 0.0009 0.0003 0.8296 0.1651 0.0033 
         074 16 0.0003 0.0007 0.0004 0.9945 0.0036 0.0005 
         075 16 0.0252 0.0006 0.0011 0.9332 0.0361 0.0039 
         076 16 0.0008 0.0007 0.0004 0.9930 0.0044 0.0007 
         077 16 0.0149 0.0306 0.0570 0.8876 0.0043 0.0056 
         078 16 0.0035 0.0006 0.0009 0.0010 0.9936 0.0004 
         079 16 0.0893 0.0027 0.0016 0.9021 0.0019 0.0025 
         080 16 0.0022 0.0005 0.0010 0.3749 0.6213 0.0002 
         081 16 0.0030 0.0012 0.0005 0.0305 0.9306 0.0341 
         082 16 0.0129 0.0005 0.0005 0.9018 0.0712 0.0132 
         083 16 0.0005 0.0006 0.0015 0.9936 0.0028 0.0011 
         084 16 0.0017 0.0036 0.0012 0.7991 0.1922 0.0021 
         085 16 0.0012 0.0016 0.0104 0.9717 0.0144 0.0007 
         086 16 0.1084 0.0005 0.0008 0.8820 0.0021 0.0061 
         087 16 0.0057 0.0010 0.0003 0.1689 0.8220 0.0021 
         088 16 0.0006 0.0007 0.0026 0.3050 0.6908 0.0003 
         089 16 0.0008 0.0007 0.0010 0.9762 0.0138 0.0074 
         090 16 0.0084 0.0017 0.0006 0.9796 0.0090 0.0007 
         091 16 0.0009 0.0009 0.0005 0.9621 0.0340 0.0016 
         092 16 0.0206 0.0007 0.0006 0.0989 0.8782 0.0009 
         093 16 0.0019 0.0020 0.0005 0.9723 0.0226 0.0006 
         094 16 0.0055 0.0033 0.0386 0.9481 0.0037 0.0008 
         095 16 0.0009 0.0014 0.0005 0.9178 0.0793 0.0002 
         096 16 0.0014 0.0004 0.0039 0.9592 0.0077 0.0274 
         097 16 0.0081 0.0014 0.0086 0.8652 0.0307 0.0859 
         098 16 0.0012 0.0071 0.0040 0.9789 0.0082 0.0006 
         099 16 0.0004 0.0008 0.0059 0.9884 0.0040 0.0006 
         100 16 0.0013 0.0008 0.0017 0.9840 0.0118 0.0004 
         101 16 0.0102 0.0003 0.0035 0.0253 0.9602 0.0005 
         102 16 0.0009 0.0005 0.0019 0.1238 0.8713 0.0017 
         103 16 0.0013 0.0036 0.0020 0.9831 0.0080 0.0021 
         104 16 0.0031 0.0004 0.0045 0.9863 0.0052 0.0006 
         105 16 0.0777 0.0043 0.0028 0.8759 0.0115 0.0278 
         106 16 0.0011 0.0004 0.0019 0.5744 0.4219 0.0003 
         107 16 0.0125 0.0481 0.0059 0.8363 0.0968 0.0005 
         108 16 0.1223 0.0662 0.1629 0.6449 0.0030 0.0006 
         109 16 0.0133 0.0007 0.0006 0.8584 0.1220 0.0050 
         110 16 0.0004 0.0004 0.0013 0.9746 0.0228 0.0005 
         111 16 0.0520 0.0010 0.0010 0.6922 0.2533 0.0004 
         112 16 0.0507 0.0009 0.0023 0.9340 0.0115 0.0005 
         113 16 0.0543 0.0006 0.0009 0.9368 0.0032 0.0043 
         114 16 0.0169 0.0059 0.0013 0.9470 0.0284 0.0005 
         115 16 0.0004 0.0005 0.0007 0.9955 0.0020 0.0010 
         116 16 0.0041 0.0006 0.0013 0.1717 0.8218 0.0005 
         117 16 0.0087 0.0040 0.0006 0.9744 0.0086 0.0038 
         118 16 0.0040 0.0007 0.0112 0.9771 0.0066 0.0003 
         119 16 0.0014 0.0024 0.0008 0.6518 0.3431 0.0004 
         120 16 0.0004 0.0012 0.0005 0.9648 0.0124 0.0207 
         121 16 0.0008 0.0005 0.0368 0.8585 0.0963 0.0071 
         122 16 0.0003 0.0003 0.0004 0.9350 0.0635 0.0005 
         123 16 0.0034 0.0022 0.0003 0.5298 0.4633 0.0010 
         124 16 0.0111 0.0005 0.0019 0.9802 0.0054 0.0009 
         126 16 0.1635 0.0028 0.0020 0.8283 0.0028 0.0006 
         001 17 0.0007 0.0082 0.0006 0.9769 0.0107 0.0028 
         002 17 0.0035 0.0006 0.0005 0.9214 0.0736 0.0004 
         003 17 0.0005 0.0008 0.0006 0.9954 0.0021 0.0006 
         005 17 0.0003 0.0229 0.0004 0.9679 0.0078 0.0007 
         006 17 0.0016 0.0009 0.0006 0.9447 0.0049 0.0475 
         007 17 0.1023 0.0041 0.0211 0.0437 0.8158 0.0129 
         008 17 0.1069 0.0005 0.0008 0.8744 0.0016 0.0158 
         009 17 0.0002 0.0007 0.0003 0.9962 0.0021 0.0004 
         010 17 0.0006 0.0005 0.0014 0.9529 0.0433 0.0013 
         011 17 0.1379 0.0013 0.3777 0.4775 0.0046 0.0010 
         012 17 0.0051 0.0008 0.0014 0.9865 0.0057 0.0005 
         013 17 0.0003 0.0005 0.0003 0.9974 0.0013 0.0003 
         014 17 0.0003 0.0016 0.0003 0.1836 0.8137 0.0004 
         015 17 0.0006 0.0006 0.0004 0.2986 0.6962 0.0036 
         016 17 0.0009 0.0005 0.0007 0.9890 0.0081 0.0008 
         017 17 0.0017 0.0013 0.0012 0.9904 0.0031 0.0024 
         018 17 0.0277 0.0225 0.0006 0.8902 0.0580 0.0010 
         019 17 0.0005 0.0006 0.0006 0.5632 0.4349 0.0002 
         020 17 0.0009 0.0004 0.0009 0.9922 0.0047 0.0008 
         021 17 0.0003 0.0004 0.0013 0.9949 0.0021 0.0009 
         022 17 0.0330 0.0136 0.0017 0.9385 0.0060 0.0073 
         023 17 0.0093 0.0030 0.0007 0.9445 0.0421 0.0004 
         024 17 0.0215 0.0019 0.0028 0.9203 0.0141 0.0395 
         025 17 0.0007 0.0004 0.0003 0.9738 0.0242 0.0007 
         002 18 0.0003 0.0063 0.0021 0.9735 0.0171 0.0008 
         003 18 0.0003 0.0004 0.0016 0.9950 0.0025 0.0003 
         004 18 0.0613 0.0034 0.0010 0.9277 0.0064 0.0002 
         005 18 0.0016 0.0007 0.0270 0.4253 0.5449 0.0005 
         006 18 0.0005 0.0003 0.0008 0.9926 0.0054 0.0003 
         007 18 0.0014 0.0029 0.0004 0.9761 0.0150 0.0042 
         008 18 0.0002 0.0003 0.0019 0.2410 0.7551 0.0014 
         009 18 0.0095 0.0010 0.0020 0.9730 0.0101 0.0043 
         010 18 0.0004 0.0029 0.0088 0.9579 0.0279 0.0022 
         011 18 0.0006 0.0018 0.0020 0.9894 0.0054 0.0007 
         012 18 0.0033 0.0005 0.0016 0.0063 0.9877 0.0006 
         015 18 0.0015 0.0004 0.0018 0.9098 0.0858 0.0007 
         016 18 0.0011 0.0004 0.0003 0.5084 0.4856 0.0043 
         018 18 0.0004 0.0058 0.0048 0.9827 0.0060 0.0004 
         026 18 0.0004 0.0018 0.0005 0.3939 0.5892 0.0142 
         027 18 0.0003 0.0023 0.0018 0.9922 0.0030 0.0004 
         028 18 0.0012 0.0305 0.0003 0.0629 0.9044 0.0007 
         029 18 0.0017 0.0008 0.0005 0.9903 0.0061 0.0006 
         031 18 0.0558 0.0429 0.0778 0.2685 0.5518 0.0032 
         032 18 0.0006 0.0012 0.0004 0.9739 0.0235 0.0005 
         033 18 0.0011 0.0010 0.0012 0.9903 0.0060 0.0004 
         035 18 0.0006 0.0004 0.0006 0.0181 0.9799 0.0004 
         036 18 0.0005 0.0011 0.0102 0.9829 0.0046 0.0006 
         037 18 0.0012 0.0115 0.0109 0.9532 0.0104 0.0128 
         038 18 0.0035 0.0527 0.0018 0.8895 0.0291 0.0233 
         039 18 0.0004 0.0006 0.0012 0.9810 0.0164 0.0004 
         044 18 0.1191 0.0009 0.0007 0.8578 0.0106 0.0109 
         046 18 0.0020 0.0081 0.0290 0.9573 0.0032 0.0004 
         049 18 0.0003 0.0009 0.0004 0.4106 0.5874 0.0004 
         053 18 0.0015 0.0013 0.0007 0.1729 0.8229 0.0007 
         054 18 0.0015 0.0010 0.0012 0.9821 0.0049 0.0094 
         056 18 0.0684 0.0026 0.0032 0.9146 0.0108 0.0003 
         057 18 0.0003 0.0009 0.0030 0.2757 0.7174 0.0028 
         058 18 0.0015 0.0044 0.0032 0.9844 0.0057 0.0007 
        001s 19 0.0720 0.0008 0.0011 0.9229 0.0024 0.0007 
        002s 19 0.0029 0.0009 0.0010 0.3874 0.6072 0.0007 
        003s 19 0.0378 0.0005 0.0006 0.9436 0.0172 0.0003 
        004s 19 0.0020 0.0043 0.0242 0.9532 0.0154 0.0009 
        005s 19 0.0076 0.0059 0.0762 0.8730 0.0126 0.0247 
        006s 19 0.0015 0.0018 0.0017 0.9897 0.0037 0.0016 
        007s 19 0.0016 0.0005 0.0146 0.3844 0.5851 0.0139 
        008s 19 0.0398 0.0011 0.0127 0.9428 0.0019 0.0017 
        009s 19 0.0009 0.0005 0.0014 0.0604 0.9362 0.0007 
        010s 19 0.0025 0.0152 0.0005 0.9733 0.0043 0.0042 
        011s 19 0.0005 0.0051 0.0012 0.9760 0.0133 0.0038 
        012s 19 0.0023 0.0017 0.0005 0.8196 0.1738 0.0020 
        013s 19 0.0019 0.0007 0.0005 0.4549 0.5360 0.0059 
        014s 19 0.0383 0.0005 0.0198 0.0738 0.8615 0.0060 
        015s 19 0.0007 0.0008 0.0004 0.9888 0.0064 0.0028 
        016s 19 0.0007 0.0194 0.0449 0.6346 0.2995 0.0009 
        017s 19 0.0494 0.0017 0.0068 0.7272 0.2143 0.0006 
        018s 19 0.0018 0.0014 0.0025 0.9877 0.0060 0.0006 
        019s 19 0.0844 0.0005 0.0023 0.9032 0.0047 0.0050 
        020s 19 0.0743 0.0009 0.0012 0.9120 0.0087 0.0028 
        021s 19 0.0033 0.0015 0.0004 0.5403 0.4531 0.0013 
        022s 19 0.0196 0.0015 0.0007 0.9586 0.0185 0.0011 
        023s 19 0.0008 0.0021 0.0024 0.9858 0.0046 0.0042 
        024s 19 0.0006 0.0024 0.0021 0.9893 0.0053 0.0004 
        025s 19 0.1302 0.0015 0.0029 0.8566 0.0084 0.0003 
        026s 19 0.0044 0.0038 0.0040 0.9805 0.0037 0.0036 
        027s 19 0.0058 0.0008 0.0007 0.7045 0.2875 0.0007 
        028s 19 0.0058 0.0007 0.0003 0.9806 0.0111 0.0016 
        029s 19 0.0002 0.0017 0.0007 0.9146 0.0817 0.0011 
        030s 19 0.0013 0.0034 0.0007 0.0577 0.9354 0.0014 
        031s 19 0.0021 0.0007 0.0005 0.9674 0.0278 0.0015 
        032s 19 0.0005 0.0005 0.0003 0.0897 0.9077 0.0014 
        033s 19 0.0003 0.0014 0.0059 0.9833 0.0079 0.0012 
        034s 19 0.0005 0.0006 0.0012 0.7761 0.2206 0.0010 
        035s 19 0.0137 0.0035 0.0046 0.9694 0.0061 0.0028 
        036s 19 0.0004 0.0003 0.0019 0.6025 0.3940 0.0009 
        037s 19 0.0004 0.0013 0.0003 0.4647 0.5331 0.0002 
        038s 19 0.0014 0.0016 0.0014 0.9790 0.0149 0.0016 
        039s 19 0.0005 0.0006 0.0004 0.8379 0.1603 0.0004 
        040s 19 0.0005 0.0006 0.0004 0.9635 0.0067 0.0284 
        041s 19 0.0003 0.0004 0.0006 0.9874 0.0106 0.0007 
        042s 19 0.0030 0.0104 0.0120 0.9714 0.0022 0.0010 
        043s 19 0.0366 0.0021 0.0007 0.8370 0.1214 0.0022 
        044s 19 0.0003 0.0010 0.0015 0.9386 0.0578 0.0008 
        045s 19 0.0007 0.0009 0.0012 0.9818 0.0152 0.0003 
        046s 19 0.0018 0.0019 0.0059 0.9831 0.0058 0.0014 
        047s 19 0.0008 0.0005 0.0004 0.6956 0.2952 0.0076 
        048s 19 0.0894 0.0016 0.0009 0.8958 0.0098 0.0026 
        049s 19 0.0076 0.0008 0.0066 0.9625 0.0153 0.0073 
        050s 19 0.0018 0.0005 0.0006 0.9873 0.0096 0.0002 
        051s 19 0.0050 0.0012 0.0092 0.5320 0.4098 0.0429 
        052s 19 0.0010 0.0013 0.0007 0.9544 0.0417 0.0009 
      LIW2-4 20 0.0005 0.0020 0.0027 0.9695 0.0234 0.0019 
     LIW2-12 21 0.0007 0.0111 0.0779 0.7683 0.1417 0.0003 
     LIW2-20 22 0.0026 0.0052 0.0011 0.9610 0.0294 0.0006 
     LIW2-28 23 0.0494 0.0016 0.0642 0.8774 0.0053 0.0022 
      LIW1-5 24 0.0011 0.0021 0.0038 0.9895 0.0028 0.0007 
     LIW1-13 25 0.0584 0.0004 0.0153 0.9068 0.0119 0.0072 
     LIW1-21 26 0.0148 0.0111 0.0317 0.9127 0.0293 0.0004 
     LIW1-29 27 0.0215 0.0041 0.0176 0.9461 0.0060 0.0047 
      LIW2-5 28 0.0005 0.0073 0.0025 0.9832 0.0055 0.0010 
     LIW2-34 29 0.0003 0.0102 0.0048 0.9735 0.0104 0.0008 
     LIW2-21 30 0.0969 0.0014 0.0118 0.4977 0.3907 0.0014 
     LIW2-29 31 0.1863 0.0019 0.0018 0.8043 0.0018 0.0040 
      LIW1-6 32 0.0010 0.0010 0.0029 0.9600 0.0346 0.0005 
     LIW1-14 33 0.0327 0.0334 0.0006 0.1455 0.7858 0.0021 
     LIW1-22 34 0.0008 0.0262 0.0058 0.9652 0.0015 0.0005 
     LIW1-30 35 0.0020 0.0012 0.0026 0.9875 0.0063 0.0004 
      LIW2-6 36 0.0013 0.0035 0.0289 0.9407 0.0113 0.0143 
     LIW2-14 37 0.0021 0.0005 0.0065 0.9192 0.0712 0.0005 
     LIW2-22 38 0.0728 0.0013 0.0770 0.8372 0.0112 0.0005 
     LIW2-30 39 0.0006 0.0422 0.0044 0.9319 0.0206 0.0002 
      LIW1-7 40 0.0286 0.0152 0.0552 0.8788 0.0210 0.0012 
     LIW1-15 41 0.0004 0.0049 0.0143 0.8743 0.1054 0.0007 
     LIW1-23 42 0.0059 0.0037 0.0048 0.8833 0.1007 0.0015 
     LIW1-31 43 0.0010 0.0029 0.0038 0.0062 0.9854 0.0008 
      LIW2-7 44 0.0871 0.0039 0.0008 0.9039 0.0020 0.0023 
     LIW2-15 45 0.0017 0.0557 0.0051 0.9319 0.0052 0.0004 
     LIW2-23 46 0.0004 0.0007 0.0870 0.9035 0.0037 0.0045 
      LIW1-8 47 0.0004 0.0009 0.0029 0.9844 0.0105 0.0009 
     LIW1-16 48 0.0004 0.0012 0.0025 0.9881 0.0065 0.0013 
      LIW2-8 49 0.0006 0.0029 0.0032 0.9893 0.0035 0.0005 
     LIW2-16 50 0.3001 0.0037 0.0048 0.0019 0.6648 0.0248 
     LIW2-24 51 0.1767 0.0022 0.0086 0.7637 0.0265 0.0223 
     LIW2-32 52 0.0042 0.0108 0.0496 0.9269 0.0061 0.0024 
     LIW1-47 53 0.0019 0.0020 0.0159 0.4379 0.5368 0.0056 
      UMFS-1 54 0.0002 0.9987 0.0001 0.0004 0.0003 0.0004 
     UMFS-19 55 0.0003 0.9990 0.0002 0.0001 0.0002 0.0003 
     UMFS-31 56 0.0002 0.8096 0.0010 0.1694 0.0195 0.0003 
      UMFS-2 57 0.0002 0.9392 0.0002 0.0446 0.0155 0.0003 
     UMFS-10 58 0.0003 0.8938 0.0004 0.0902 0.0148 0.0004 
     UMFS-20 59 0.0048 0.8434 0.0004 0.1498 0.0008 0.0007 
     UMFS-32 60 0.0004 0.9979 0.0002 0.0005 0.0005 0.0005 
      UMFS-3 61 0.0001 0.9996 0.0001 0.0001 0.0001 0.0001 
     UMFS-11 62 0.2248 0.0003 0.0005 0.0003 0.6346 0.1395 
     UMFS-21 63 0.0309 0.9352 0.0061 0.0122 0.0146 0.0010 
     UMFS-33 64 0.0000 0.9998 0.0000 0.0001 0.0000 0.0000 
      UMFS-4 65 0.0001 0.9998 0.0001 0.0001 0.0000 0.0000 
     UMFS-22 66 0.0023 0.9500 0.0021 0.0195 0.0245 0.0017 
     UMFS-34 67 0.0053 0.5867 0.0840 0.2934 0.0282 0.0024 
      UMFS-5 68 0.0010 0.9186 0.0029 0.0593 0.0132 0.0049 
     UMFS-13 69 0.0007 0.9939 0.0026 0.0011 0.0009 0.0008 
     UMFS-23 70 0.0010 0.7690 0.0012 0.2062 0.0209 0.0016 
     UMFS-35 71 0.0002 0.9994 0.0001 0.0001 0.0001 0.0001 
      UMFS-6 72 0.0001 0.9997 0.0001 0.0001 0.0001 0.0001 
     UMFS-14 73 0.0000 0.9998 0.0000 0.0000 0.0000 0.0000 
     UMFS-24 74 0.0036 0.7509 0.0004 0.2283 0.0156 0.0013 
     UMFS-36 75 0.0000 0.9998 0.0001 0.0000 0.0000 0.0000 
      UMFS-7 76 0.2602 0.0002 0.0604 0.0003 0.4160 0.2629 
     UMFS-15 77 0.0001 0.9997 0.0000 0.0001 0.0001 0.0001 
     UMFS-25 78 0.0074 0.7911 0.0004 0.1830 0.0115 0.0066 
     UMFS-37 79 0.0001 0.9997 0.0001 0.0001 0.0000 0.0001 
      UMFS-8 80 0.0019 0.9831 0.0016 0.0080 0.0047 0.0007 
     UMFS-16 81 0.0002 0.9994 0.0001 0.0001 0.0001 0.0001 
     UMFS-26 82 0.0102 0.4827 0.1371 0.3523 0.0148 0.0029 
     UMFS-38 83 0.0001 0.9994 0.0001 0.0001 0.0001 0.0001 
      NEH1-2 84 0.0281 0.0011 0.9664 0.0012 0.0010 0.0023 
     NEH1-11 85 0.0496 0.0006 0.9475 0.0008 0.0008 0.0007 
     NEH1-20 86 0.0006 0.0039 0.8756 0.1049 0.0136 0.0015 
     NEH1-29 87 0.0005 0.0003 0.9976 0.0007 0.0006 0.0002 
      NEH2-2 88 0.0003 0.0002 0.9987 0.0004 0.0003 0.0002 
     NEH2-10 89 0.0006 0.0003 0.9849 0.0083 0.0056 0.0003 
     NEH2-18 90 0.0028 0.0002 0.9964 0.0002 0.0002 0.0002 
     NEH2-26 91 0.0024 0.0004 0.9948 0.0007 0.0013 0.0004 
      NEH1-3 92 0.0005 0.0003 0.8424 0.1323 0.0236 0.0009 
     NEH1-12 93 0.0035 0.0005 0.9450 0.0003 0.0003 0.0504 
     NEH1-21 94 0.0004 0.0003 0.9385 0.0191 0.0100 0.0316 
     NEH1-30 95 0.0611 0.0003 0.9099 0.0169 0.0115 0.0004 
      NEH2-3 96 0.0001 0.0002 0.9992 0.0001 0.0002 0.0002 
     NEH2-11 97 0.0342 0.0015 0.9634 0.0003 0.0003 0.0003 
     NEH2-19 98 0.0020 0.0038 0.9875 0.0028 0.0032 0.0007 
     NEH2-27 99 0.0001 0.0001 0.9994 0.0001 0.0001 0.0001 
      NEH1-4 100 0.0039 0.0002 0.9955 0.0001 0.0001 0.0001 
     NEH1-13 101 0.0011 0.0005 0.7655 0.0099 0.2218 0.0012 
     NEH1-22 102 0.0003 0.0010 0.7976 0.1034 0.0969 0.0008 
     NEH1-31 103 0.0036 0.0001 0.9949 0.0007 0.0006 0.0002 
      NEH2-4 104 0.0025 0.0032 0.9868 0.0041 0.0031 0.0004 
     NEH2-12 105 0.0586 0.0087 0.9311 0.0005 0.0004 0.0007 
     NEH2-20 106 0.0003 0.0009 0.8014 0.1680 0.0292 0.0002 
     NEH2-28 107 0.0017 0.0006 0.9842 0.0008 0.0011 0.0117 
      NEH1-5 108 0.0251 0.0004 0.8543 0.0201 0.0997 0.0004 
     NEH1-14 109 0.0592 0.0009 0.7622 0.0984 0.0685 0.0110 
     NEH1-23 110 0.0005 0.0079 0.7671 0.2219 0.0024 0.0003 
     NEH1-32 111 0.0014 0.0003 0.9929 0.0008 0.0017 0.0029 
      NEH2-5 112 0.0002 0.0002 0.9990 0.0002 0.0002 0.0001 
     NEH2-13 113 0.0220 0.0004 0.9741 0.0013 0.0016 0.0006 
     NEH2-22 114 0.0006 0.0009 0.9964 0.0006 0.0009 0.0005 
     NEH2-29 115 0.0003 0.0008 0.9546 0.0166 0.0270 0.0006 
      NEH1-6 116 0.0002 0.0002 0.9990 0.0002 0.0001 0.0003 
     NEH1-15 117 0.0033 0.0002 0.9540 0.0014 0.0019 0.0392 
     NEH1-24 118 0.0006 0.0013 0.9804 0.0006 0.0005 0.0166 
     NEH1-33 119 0.0003 0.0006 0.8703 0.1216 0.0070 0.0003 
      NEH2-6 120 0.0004 0.0064 0.9723 0.0133 0.0071 0.0006 
     NEH2-14 121 0.0023 0.0007 0.9873 0.0034 0.0040 0.0022 
     NEH2-21 122 0.0004 0.0013 0.9483 0.0357 0.0140 0.0003 
     NEH2-30 123 0.0002 0.0002 0.9990 0.0002 0.0002 0.0001 
      NEH1-7 124 0.0941 0.0006 0.8339 0.0697 0.0008 0.0009 
     NEH1-16 125 0.0002 0.0001 0.9988 0.0004 0.0003 0.0002 
     NEH1-25 126 0.0006 0.0026 0.8708 0.0020 0.1228 0.0011 
     NEH1-34 127 0.0282 0.0015 0.9289 0.0173 0.0232 0.0008 
      NEH2-7 128 0.0014 0.0040 0.9888 0.0023 0.0026 0.0008 
     NEH2-15 129 0.0001 0.0001 0.9995 0.0001 0.0001 0.0001 
     NEH2-23 130 0.0495 0.0017 0.9345 0.0073 0.0026 0.0045 
     NEH2-31 131 0.0001 0.0003 0.9990 0.0002 0.0002 0.0002 
      NEH1-8 132 0.0776 0.0002 0.8246 0.0044 0.0918 0.0014 
     NEH1-17 133 0.1143 0.0004 0.8818 0.0010 0.0008 0.0017 
     NEH1-26 134 0.0003 0.0020 0.8480 0.0556 0.0892 0.0050 
     NEH1-35 135 0.0043 0.0005 0.8075 0.1577 0.0281 0.0018 
      NEH2-8 136 0.0001 0.0002 0.9994 0.0001 0.0001 0.0001 
     NEH2-16 137 0.0003 0.0011 0.9958 0.0007 0.0009 0.0012 
     NEH2-24 138 0.0001 0.0004 0.9991 0.0002 0.0001 0.0001 
     NEH2-32 139 0.0712 0.0006 0.9266 0.0003 0.0003 0.0010 
      NEH1-1 140 0.1177 0.0010 0.8801 0.0004 0.0006 0.0002 
     NEH1-10 141 0.0002 0.0001 0.9988 0.0002 0.0002 0.0004 
     NEH1-19 142 0.0014 0.0003 0.8748 0.0517 0.0705 0.0013 
     NEH1-28 143 0.0448 0.0003 0.9505 0.0008 0.0005 0.0031 
      NEH2-1 144 0.0143 0.0003 0.9809 0.0016 0.0025 0.0003 
      NEH2-9 145 0.0002 0.0004 0.9983 0.0004 0.0005 0.0002 
     NEH2-17 146 0.0013 0.0005 0.9563 0.0024 0.0026 0.0368 
     NEH2-25 147 0.0325 0.0001 0.9666 0.0002 0.0004 0.0002 
      LIW1-1 148 0.0863 0.0072 0.1029 0.7955 0.0017 0.0065 
      LIW1-9 149 0.0828 0.0006 0.0694 0.7602 0.0142 0.0729 
     LIW1-17 150 0.0007 0.0017 0.0520 0.0375 0.9080 0.0003 
     LIW1-25 151 0.0003 0.0103 0.0021 0.9832 0.0029 0.0012 
      LIW2-9 152 0.0503 0.0014 0.0016 0.9328 0.0081 0.0059 
     LIW2-17 153 0.0008 0.0013 0.0041 0.9879 0.0041 0.0018 
     LIW2-25 154 0.0008 0.0034 0.0023 0.0142 0.9790 0.0003 
      LIW1-2 155 0.0041 0.0020 0.0116 0.9790 0.0031 0.0002 
     LIW1-10 156 0.0066 0.0053 0.0043 0.9738 0.0086 0.0013 
     LIW1-18 157 0.0041 0.0019 0.0052 0.0909 0.8973 0.0005 
     LIW1-26 158 0.0004 0.0013 0.0230 0.9653 0.0065 0.0035 
      LIW2-2 159 0.0004 0.0046 0.0046 0.9827 0.0071 0.0006 
     LIW2-10 160 0.0026 0.0010 0.0008 0.5742 0.4212 0.0002 
     LIW2-18 161 0.0088 0.0070 0.0619 0.9108 0.0011 0.0103 
     LIW2-26 162 0.0004 0.0486 0.0013 0.9162 0.0328 0.0008 
      LIW1-3 163 0.0067 0.0443 0.0121 0.2852 0.6513 0.0004 
     LIW1-11 164 0.0108 0.0079 0.0071 0.9570 0.0157 0.0015 
     LIW1-19 165 0.0535 0.0051 0.0638 0.8586 0.0172 0.0018 
     LIW1-27 166 0.0075 0.0015 0.0004 0.0111 0.9791 0.0005 
      LIW2-3 167 0.0026 0.0090 0.0023 0.9595 0.0192 0.0074 
     LIW2-11 168 0.0003 0.0014 0.0008 0.9949 0.0021 0.0005 
     LIW2-19 169 0.0019 0.0010 0.0243 0.9608 0.0108 0.0011 
     LIW2-27 170 0.0004 0.0123 0.0172 0.9452 0.0245 0.0004 
      LIW1-4 171 0.0004 0.0028 0.0088 0.9106 0.0763 0.0011 
     LIW1-12 172 0.0199 0.0381 0.0036 0.9298 0.0064 0.0022 
     LIW1-20 173 0.0007 0.0010 0.0009 0.0927 0.9015 0.0031 
     LIW1-28 174 0.0049 0.0039 0.0129 0.9739 0.0037 0.0007 
        001s 175 0.0007 0.0005 0.0027 0.8525 0.1318 0.0118 
        002s 175 0.0837 0.0006 0.0013 0.9115 0.0020 0.0009 
        003s 175 0.0002 0.0012 0.0006 0.0727 0.9245 0.0008 
        004s 175 0.0209 0.0028 0.0011 0.8747 0.0954 0.0050 
        005s 175 0.0020 0.0042 0.0017 0.9670 0.0246 0.0006 
        006s 175 0.1589 0.0080 0.0008 0.1602 0.6702 0.0019 
        007s 175 0.0008 0.0006 0.0007 0.9723 0.0252 0.0004 
        008s 175 0.0016 0.0027 0.0004 0.9900 0.0037 0.0016 
        009s 175 0.1163 0.0025 0.0008 0.8722 0.0063 0.0019 
        010s 175 0.0006 0.0003 0.0007 0.0912 0.9063 0.0008 
        011s 175 0.0038 0.0008 0.0013 0.9319 0.0612 0.0010 
        012s 175 0.0002 0.0005 0.0004 0.9841 0.0101 0.0047 
        013s 175 0.0048 0.0006 0.0003 0.9412 0.0523 0.0009 
        014s 175 0.0914 0.0006 0.0002 0.9046 0.0022 0.0010 
        015s 175 0.0010 0.0004 0.0017 0.9882 0.0071 0.0016 
        016s 175 0.0453 0.0004 0.0004 0.9522 0.0010 0.0007 
        017s 175 0.0010 0.0012 0.0052 0.1087 0.8767 0.0071 
        018s 175 0.0037 0.0096 0.0010 0.9439 0.0407 0.0012 
        019s 175 0.0007 0.0208 0.0059 0.9680 0.0039 0.0007 
        020s 175 0.0007 0.0006 0.0007 0.4499 0.5466 0.0014 
        021s 175 0.0006 0.0006 0.0025 0.9903 0.0043 0.0017 
        022s 175 0.0003 0.0006 0.0034 0.9403 0.0067 0.0487 
        023s 175 0.0022 0.0071 0.0023 0.9781 0.0025 0.0077 
        024s 175 0.0278 0.0012 0.0009 0.9133 0.0530 0.0037 
        025s 175 0.0176 0.0040 0.0007 0.9616 0.0013 0.0148 
        026s 175 0.0079 0.0005 0.0011 0.9848 0.0046 0.0010 
        027s 175 0.0007 0.0007 0.0020 0.9243 0.0698 0.0024 
        028s 175 0.0012 0.0006 0.0602 0.9337 0.0039 0.0003 
        029s 175 0.0006 0.0014 0.0006 0.9778 0.0191 0.0005 
        030s 175 0.1083 0.0006 0.0013 0.8782 0.0103 0.0013 
        031s 175 0.0015 0.0076 0.0004 0.9767 0.0126 0.0012 
        032s 175 0.0010 0.0034 0.0111 0.1352 0.8488 0.0005 
        033s 175 0.0115 0.0021 0.0009 0.9710 0.0114 0.0031 
        034s 175 0.0031 0.0002 0.0003 0.0747 0.9208 0.0008 
        035s 175 0.0024 0.0006 0.0005 0.0089 0.9870 0.0007 
        036s 175 0.0006 0.0042 0.0006 0.9749 0.0189 0.0008 
        037s 175 0.0003 0.0002 0.0119 0.9145 0.0623 0.0108 
        038s 175 0.0081 0.0003 0.0008 0.9753 0.0134 0.0022 
        039s 175 0.0021 0.0006 0.0038 0.8800 0.1128 0.0007 
        040s 175 0.0008 0.0007 0.0027 0.9908 0.0043 0.0006 
        041s 175 0.0011 0.0007 0.0008 0.0247 0.9718 0.0008 
        042s 175 0.0010 0.0175 0.0010 0.9736 0.0049 0.0019 
        043s 175 0.0037 0.0006 0.0041 0.9858 0.0046 0.0012 
        044s 175 0.0012 0.0006 0.0014 0.4335 0.5631 0.0003 
        045s 175 0.0796 0.0007 0.0003 0.8238 0.0947 0.0008 
        046s 175 0.0009 0.0009 0.0020 0.7753 0.2200 0.0009 
        047s 175 0.0005 0.0042 0.0072 0.9363 0.0510 0.0007 
        048s 175 0.0027 0.0008 0.0004 0.9894 0.0044 0.0024 
        049s 175 0.0513 0.0018 0.0008 0.9359 0.0096 0.0007 
        050s 175 0.0762 0.0025 0.0825 0.8368 0.0016 0.0004 
        001s 176 0.0125 0.0016 0.0005 0.0126 0.9547 0.0181 
        002s 176 0.0022 0.0003 0.0027 0.9801 0.0049 0.0097 
        003s 176 0.0033 0.0007 0.0007 0.9919 0.0029 0.0003 
        004s 176 0.0022 0.0025 0.0023 0.9849 0.0076 0.0005 
        005s 176 0.0009 0.0005 0.0204 0.9730 0.0050 0.0003 
        006s 176 0.0003 0.0021 0.0006 0.9777 0.0145 0.0047 
        007s 176 0.0833 0.0016 0.0007 0.9057 0.0081 0.0006 
        008s 176 0.0005 0.0012 0.0003 0.9652 0.0322 0.0006 
        009s 176 0.0009 0.0011 0.0096 0.8993 0.0886 0.0005 
        010s 176 0.0009 0.0010 0.0005 0.4945 0.5027 0.0004 
        011s 176 0.0002 0.0005 0.0043 0.9875 0.0050 0.0026 
        012s 176 0.0729 0.0010 0.0010 0.8560 0.0680 0.0011 
        013s 176 0.0030 0.0009 0.0015 0.3440 0.6465 0.0041 
        014s 176 0.0007 0.0013 0.0006 0.9863 0.0044 0.0069 
        015s 176 0.0021 0.0088 0.0018 0.9731 0.0139 0.0003 
        016s 176 0.0015 0.0050 0.0012 0.9752 0.0167 0.0004 
        017s 176 0.0003 0.0005 0.0003 0.9964 0.0022 0.0004 
        018s 176 0.0004 0.0018 0.0097 0.9641 0.0236 0.0004 
        019s 176 0.0126 0.0009 0.0005 0.9231 0.0459 0.0170 
        020s 176 0.0033 0.0010 0.0016 0.9422 0.0514 0.0006 
        021s 176 0.0013 0.0009 0.0014 0.9859 0.0065 0.0041 
        022s 176 0.0003 0.0012 0.0011 0.9788 0.0043 0.0143 
        023s 176 0.0004 0.0766 0.0003 0.9132 0.0079 0.0017 
        024s 176 0.0011 0.0015 0.0008 0.0120 0.9670 0.0176 
        025s 176 0.0046 0.0013 0.0033 0.9772 0.0104 0.0032 
        026s 176 0.0015 0.0009 0.0023 0.9816 0.0049 0.0087 
        027s 176 0.0005 0.0004 0.0010 0.9963 0.0014 0.0004 
        028s 176 0.0008 0.0013 0.0007 0.9886 0.0063 0.0024 
        029s 176 0.0004 0.0007 0.0026 0.9841 0.0044 0.0077 
        030s 176 0.0553 0.0005 0.0003 0.1184 0.8248 0.0007 
        031s 176 0.0058 0.0004 0.0009 0.9816 0.0083 0.0030 
        032s 176 0.0359 0.0009 0.0181 0.4824 0.4619 0.0008 
        033s 176 0.0726 0.0043 0.0213 0.2481 0.6159 0.0378 
        034s 176 0.0010 0.0002 0.0006 0.9870 0.0107 0.0005 
        035s 176 0.0137 0.0004 0.0659 0.9095 0.0101 0.0005 
        036s 176 0.0006 0.0003 0.0005 0.9901 0.0065 0.0020 
        037s 176 0.0602 0.0014 0.0158 0.9173 0.0021 0.0032 
        038s 176 0.0007 0.0015 0.0011 0.9874 0.0084 0.0009 
        039s 176 0.0004 0.0005 0.0003 0.8131 0.1851 0.0007 
        040s 176 0.0006 0.0003 0.0010 0.9915 0.0063 0.0003 
        041s 176 0.0010 0.0046 0.0007 0.9728 0.0203 0.0006 
        042s 176 0.0003 0.0010 0.0004 0.9935 0.0040 0.0007 
        043s 176 0.0014 0.0025 0.0061 0.9693 0.0016 0.0192 
        044s 176 0.0010 0.0004 0.0004 0.0951 0.9026 0.0006 
        045s 176 0.0063 0.0009 0.0012 0.9834 0.0059 0.0024 
        046s 176 0.0016 0.0008 0.0003 0.9933 0.0034 0.0007 
        047s 176 0.0003 0.0053 0.0012 0.9534 0.0384 0.0015 
        048s 176 0.0019 0.0088 0.0004 0.0953 0.8921 0.0014 
        050s 176 0.0013 0.0004 0.0084 0.9809 0.0083 0.0006 
        001s 177 0.0368 0.0088 0.0093 0.5598 0.3836 0.0017 
        002s 177 0.0005 0.0009 0.0011 0.7051 0.2921 0.0003 
        003s 177 0.0150 0.0461 0.0059 0.5497 0.3770 0.0062 
        004s 177 0.0004 0.0004 0.0013 0.9907 0.0054 0.0018 
        005s 177 0.0029 0.0008 0.0005 0.6722 0.3233 0.0004 
        006s 177 0.0201 0.0019 0.0027 0.9453 0.0297 0.0003 
        007s 177 0.0044 0.0005 0.0006 0.5409 0.4531 0.0004 
        008s 177 0.1033 0.0137 0.0009 0.3050 0.5304 0.0468 
        009s 177 0.0003 0.0005 0.0008 0.9894 0.0080 0.0010 
        010s 177 0.0271 0.0013 0.0007 0.9635 0.0055 0.0019 
        011s 177 0.0011 0.0002 0.0004 0.9455 0.0517 0.0010 
        012s 177 0.0041 0.0004 0.0008 0.9895 0.0047 0.0005 
        013s 177 0.0009 0.0074 0.0017 0.9727 0.0165 0.0008 
        014s 177 0.0596 0.0016 0.0012 0.9271 0.0100 0.0005 
        015s 177 0.0006 0.0008 0.0024 0.9811 0.0109 0.0042 
        016s 177 0.0002 0.0008 0.0004 0.0011 0.9973 0.0002 
        017s 177 0.0022 0.0015 0.0010 0.9555 0.0054 0.0344 
        018s 177 0.0069 0.0029 0.0004 0.0631 0.9262 0.0007 
        019s 177 0.0010 0.0005 0.0055 0.9551 0.0373 0.0007 
        020s 177 0.0026 0.0010 0.0030 0.9880 0.0045 0.0010 
        021s 177 0.0002 0.0006 0.0018 0.1293 0.8675 0.0005 
        022s 177 0.0019 0.0004 0.0180 0.8423 0.1337 0.0038 
        023s 177 0.0004 0.0021 0.0019 0.9387 0.0052 0.0517 
        024s 177 0.0006 0.0005 0.0025 0.9920 0.0039 0.0004 
        025s 177 0.0013 0.0007 0.0007 0.9874 0.0075 0.0025 
        026s 177 0.0009 0.0006 0.0031 0.9874 0.0078 0.0003 
        027s 177 0.0005 0.0007 0.0006 0.9888 0.0088 0.0005 
        028s 177 0.0003 0.0018 0.0009 0.9572 0.0392 0.0006 
        029s 177 0.0338 0.0003 0.0014 0.9102 0.0105 0.0438 
        030s 177 0.0141 0.0023 0.0021 0.9663 0.0141 0.0011 
        031s 177 0.0004 0.0014 0.0145 0.6924 0.2904 0.0011 
        032s 177 0.0080 0.0004 0.0005 0.3690 0.6199 0.0021 
        033s 177 0.0013 0.0006 0.0034 0.9873 0.0071 0.0004 
        034s 177 0.0013 0.0006 0.0009 0.9798 0.0169 0.0006 
        035s 177 0.0003 0.0009 0.0004 0.9904 0.0078 0.0003 
        036s 177 0.0016 0.0006 0.0584 0.9329 0.0026 0.0039 
        037s 177 0.0090 0.0009 0.0036 0.9557 0.0207 0.0102 
        038s 177 0.0189 0.0024 0.0014 0.7115 0.2649 0.0010 
        039s 177 0.0009 0.0065 0.0018 0.2655 0.7247 0.0006 
        040s 177 0.0012 0.0004 0.0016 0.9540 0.0023 0.0405 
        041s 177 0.0740 0.0003 0.0003 0.2460 0.6594 0.0200 
        042s 177 0.0425 0.0008 0.0005 0.1586 0.7968 0.0008 
        043s 177 0.0006 0.0004 0.0003 0.7025 0.2960 0.0002 
        044s 177 0.0011 0.0004 0.0008 0.9374 0.0596 0.0007 
        045s 177 0.0205 0.0091 0.0015 0.9643 0.0029 0.0017 
        046s 177 0.0004 0.0005 0.0005 0.9836 0.0122 0.0026 
        047s 177 0.0008 0.0014 0.0045 0.9243 0.0674 0.0016 
        048s 177 0.0007 0.0004 0.0004 0.9325 0.0472 0.0187 
        049s 177 0.0022 0.0003 0.0010 0.0888 0.8887 0.0190 
        050s 177 0.0003 0.0033 0.0006 0.9733 0.0216 0.0008 
        001s 178 0.0577 0.0021 0.0011 0.3439 0.5949 0.0004 
        002s 178 0.0024 0.0006 0.0033 0.9344 0.0571 0.0022 
        003s 178 0.0056 0.0015 0.0007 0.9859 0.0051 0.0013 
        004s 178 0.0035 0.0128 0.0004 0.9625 0.0195 0.0013 
        005s 178 0.0008 0.0013 0.0004 0.9941 0.0018 0.0015 
        006s 178 0.0306 0.0154 0.0545 0.8923 0.0012 0.0059 
        007s 178 0.0005 0.0005 0.0006 0.9670 0.0274 0.0041 
        008s 178 0.0979 0.0023 0.0010 0.0798 0.8183 0.0006 
        009s 178 0.0006 0.0014 0.0017 0.9806 0.0052 0.0106 
        010s 178 0.0010 0.0004 0.0010 0.9947 0.0026 0.0003 
        011s 178 0.0005 0.0011 0.0007 0.1660 0.8309 0.0007 
        012s 178 0.0015 0.0005 0.0005 0.9111 0.0853 0.0011 
        013s 178 0.0003 0.0056 0.0026 0.1863 0.8049 0.0003 
        014s 178 0.0466 0.0003 0.0153 0.9275 0.0091 0.0013 
        015s 178 0.0042 0.0007 0.0005 0.9848 0.0088 0.0010 
        016s 178 0.0035 0.0049 0.0015 0.1370 0.8504 0.0027 
        017s 178 0.0521 0.0012 0.0023 0.9370 0.0066 0.0008 
        018s 178 0.0015 0.0010 0.0021 0.7754 0.2191 0.0009 
        019s 178 0.0023 0.0004 0.0005 0.9429 0.0533 0.0007 
        020s 178 0.0008 0.0011 0.0003 0.9883 0.0093 0.0003 
        021s 178 0.0084 0.0008 0.0010 0.9688 0.0090 0.0121 
        022s 178 0.0022 0.0005 0.0004 0.9933 0.0026 0.0011 
        023s 178 0.0870 0.0010 0.0265 0.8723 0.0036 0.0097 
        024s 178 0.0009 0.0008 0.0009 0.9828 0.0141 0.0005 
        025s 178 0.0404 0.0004 0.0006 0.0550 0.9031 0.0005 
        026s 178 0.0003 0.0020 0.0005 0.9920 0.0041 0.0013 
        027s 178 0.0226 0.0015 0.0010 0.3916 0.5810 0.0023 
        028s 178 0.0019 0.0065 0.0045 0.8972 0.0450 0.0450 
        029s 178 0.0003 0.0004 0.0011 0.1561 0.8173 0.0248 
        030s 178 0.0015 0.0004 0.0066 0.9637 0.0178 0.0100 
        031s 178 0.0003 0.0204 0.0003 0.9734 0.0055 0.0003 
        032s 178 0.0005 0.0017 0.0005 0.9929 0.0036 0.0008 
        033s 178 0.0217 0.0023 0.0004 0.8908 0.0799 0.0049 
        034s 178 0.0004 0.0007 0.0005 0.4201 0.5779 0.0004 
        035s 178 0.0017 0.0012 0.0022 0.9912 0.0031 0.0006 
        036s 178 0.0002 0.0005 0.0008 0.9932 0.0045 0.0008 
        037s 178 0.0004 0.0004 0.0066 0.9889 0.0034 0.0003 
        039s 178 0.0022 0.0014 0.0067 0.9720 0.0034 0.0143 
        040s 178 0.0819 0.0011 0.0012 0.5640 0.3510 0.0008 
        041s 178 0.0003 0.0006 0.0007 0.9877 0.0089 0.0018 
        042s 178 0.0317 0.0135 0.0054 0.9145 0.0325 0.0024 
        043s 178 0.0038 0.0449 0.0131 0.9186 0.0032 0.0165 
        044s 178 0.0036 0.0002 0.0012 0.2384 0.6700 0.0867 
        045s 178 0.0007 0.0006 0.0013 0.9845 0.0114 0.0015 
        046s 178 0.0010 0.0005 0.0003 0.9889 0.0084 0.0009 
        047s 178 0.0032 0.0009 0.0014 0.9710 0.0100 0.0134 
        048s 178 0.0140 0.0017 0.0228 0.1418 0.8189 0.0007 
        049s 178 0.0022 0.0005 0.0038 0.9602 0.0304 0.0028 
        050s 178 0.0729 0.0065 0.0031 0.8957 0.0103 0.0116 
          01 179 0.0515 0.0014 0.0173 0.8856 0.0270 0.0172 
          02 179 0.0004 0.0013 0.0017 0.8860 0.1095 0.0012 
          03 179 0.1333 0.0004 0.0011 0.8401 0.0205 0.0046 
          04 179 0.0013 0.0004 0.0081 0.9723 0.0163 0.0015 
          05 179 0.0408 0.0032 0.0008 0.0790 0.8745 0.0015 
          06 179 0.0050 0.0120 0.0003 0.9799 0.0026 0.0003 
          07 179 0.0016 0.0002 0.0052 0.7865 0.2055 0.0009 
          08 179 0.0004 0.0020 0.0057 0.9853 0.0058 0.0008 
          09 179 0.0008 0.0007 0.0010 0.9922 0.0050 0.0002 
          10 179 0.0143 0.0003 0.0040 0.1608 0.8200 0.0004 
          11 179 0.0560 0.0003 0.0004 0.0010 0.9409 0.0014 
          12 179 0.0011 0.0017 0.0026 0.0611 0.9333 0.0002 
          13 179 0.0004 0.0021 0.0005 0.9909 0.0045 0.0016 
          14 179 0.1132 0.0007 0.0032 0.8741 0.0083 0.0004 
          15 179 0.0007 0.0006 0.0005 0.0117 0.9780 0.0084 
          16 179 0.0263 0.0039 0.0008 0.9629 0.0052 0.0009 
          17 179 0.0018 0.0012 0.0182 0.9749 0.0033 0.0006 
          18 179 0.0009 0.0014 0.0027 0.9861 0.0083 0.0006 
          19 179 0.0039 0.0015 0.0008 0.0688 0.9216 0.0034 
          20 179 0.0404 0.0026 0.0913 0.8564 0.0066 0.0027 
          21 179 0.0002 0.0003 0.0006 0.9944 0.0042 0.0003 
          22 179 0.0248 0.0185 0.0010 0.3556 0.5995 0.0006 
          23 179 0.0026 0.0006 0.0005 0.9878 0.0078 0.0007 
        001s 180 0.0437 0.0007 0.0253 0.9240 0.0052 0.0011 
        002s 180 0.0011 0.0004 0.0021 0.3978 0.5978 0.0008 
        003s 180 0.0009 0.0045 0.0013 0.1903 0.8025 0.0006 
        004s 180 0.0004 0.0004 0.0006 0.1390 0.8583 0.0013 
        005s 180 0.0033 0.0003 0.0265 0.9608 0.0068 0.0024 
        006s 180 0.1001 0.0007 0.0005 0.8885 0.0089 0.0013 
        007s 180 0.0004 0.0009 0.0006 0.9837 0.0137 0.0007 
        008s 180 0.0020 0.0006 0.0007 0.9860 0.0094 0.0013 
        009s 180 0.0037 0.0010 0.0017 0.7039 0.2895 0.0003 
        010s 180 0.0016 0.0094 0.0008 0.9813 0.0067 0.0002 
        011s 180 0.0005 0.0006 0.0005 0.5883 0.4090 0.0011 
        012s 180 0.0089 0.0010 0.0008 0.9675 0.0208 0.0010 
        013s 180 0.0010 0.0019 0.0063 0.9778 0.0118 0.0012 
        014s 180 0.0186 0.0004 0.0013 0.7129 0.2661 0.0007 
        015s 180 0.0013 0.0005 0.0020 0.4606 0.5351 0.0005 
        016s 180 0.0395 0.0037 0.0138 0.9267 0.0156 0.0005 
        017s 180 0.0007 0.0009 0.0014 0.8050 0.1908 0.0012 
        018s 180 0.0800 0.0014 0.0007 0.4030 0.5141 0.0009 
        019s 180 0.0016 0.0007 0.0013 0.9713 0.0241 0.0009 
        020s 180 0.0015 0.0024 0.0097 0.9786 0.0062 0.0015 
        021s 180 0.0037 0.0006 0.0022 0.9414 0.0514 0.0007 
        022s 180 0.0041 0.0003 0.0008 0.1043 0.8893 0.0012 
        023s 180 0.0006 0.0002 0.0040 0.0753 0.9197 0.0002 
        024s 180 0.0237 0.0005 0.0034 0.9701 0.0019 0.0004 
        025s 180 0.0016 0.0006 0.0004 0.1611 0.8333 0.0030 
        026s 180 0.0008 0.0039 0.0006 0.9852 0.0056 0.0039 
        027s 180 0.0070 0.0007 0.0010 0.9876 0.0030 0.0007 
        028s 180 0.0017 0.0011 0.0012 0.9844 0.0102 0.0014 
        029s 180 0.0036 0.0095 0.0646 0.9160 0.0031 0.0032 
        030s 180 0.0003 0.0071 0.0006 0.9646 0.0229 0.0045 
        031s 180 0.0009 0.0004 0.0021 0.5231 0.4731 0.0004 
        032s 180 0.0017 0.0181 0.0005 0.9247 0.0531 0.0020 
        033s 180 0.0073 0.0045 0.0002 0.9812 0.0061 0.0006 
        034s 180 0.0015 0.0014 0.0006 0.9888 0.0034 0.0043 
        035s 180 0.0232 0.0011 0.0162 0.9516 0.0072 0.0007 
        036s 180 0.0009 0.0053 0.0009 0.9740 0.0187 0.0003 
        037s 180 0.0025 0.0047 0.0011 0.9862 0.0048 0.0007 
        038s 180 0.0016 0.0008 0.0003 0.9906 0.0056 0.0011 
        039s 180 0.0007 0.0014 0.0012 0.9661 0.0283 0.0023 
        041s 180 0.0007 0.0003 0.0003 0.9897 0.0079 0.0010 
        042s 180 0.0010 0.0011 0.0055 0.9399 0.0511 0.0014 
        043s 180 0.0025 0.0095 0.0016 0.9772 0.0071 0.0021 
        044s 180 0.0012 0.0011 0.0005 0.9916 0.0051 0.0006 
        045s 180 0.0003 0.0031 0.0046 0.8268 0.1371 0.0280 
        046s 180 0.0064 0.0021 0.0018 0.9439 0.0434 0.0023 
        047s 180 0.0220 0.0011 0.0010 0.5810 0.3940 0.0009 
        048s 180 0.0006 0.0006 0.0009 0.1261 0.8706 0.0011 
        049s 180 0.0005 0.0006 0.0004 0.9947 0.0023 0.0015 
        050s 180 0.0005 0.0026 0.0005 0.9855 0.0085 0.0025 
         001 181 0.2014 0.0004 0.0002 0.0002 0.0002 0.7977 
         002 181 0.0001 0.0001 0.0001 0.0001 0.0001 0.9997 
         003 181 0.0001 0.0001 0.0001 0.0001 0.0001 0.9997 
         004 181 0.2224 0.0035 0.0004 0.0032 0.0047 0.7658 
         005 181 0.1341 0.0004 0.0042 0.0043 0.0015 0.8555 
         006 181 0.0001 0.0001 0.0001 0.0001 0.0001 0.9997 
         007 181 0.0001 0.0001 0.0001 0.0001 0.0001 0.9997 
         008 181 0.0003 0.0002 0.0001 0.0002 0.0001 0.9991 
         009 181 0.0000 0.0000 0.0000 0.0000 0.0000 0.9998 
         010 181 0.1289 0.0516 0.0002 0.0002 0.0002 0.8190 
         011 181 0.0001 0.0001 0.0001 0.0001 0.0001 0.9996 
         012 181 0.1403 0.0002 0.0035 0.0003 0.0003 0.8553 
         013 181 0.1066 0.0007 0.0003 0.0028 0.0023 0.8872 
         014 181 0.1434 0.0001 0.0003 0.0003 0.0003 0.8557 
         015 181 0.0000 0.0001 0.0000 0.0001 0.0000 0.9997 
         016 181 0.1310 0.0002 0.0008 0.0005 0.0078 0.8596 
         017 181 0.0001 0.0001 0.0001 0.0001 0.0001 0.9997 
         018 181 0.1952 0.0007 0.0002 0.0004 0.0003 0.8031 
         019 181 0.1162 0.0001 0.0002 0.0016 0.0430 0.8389 
         020 181 0.0000 0.0001 0.0000 0.0001 0.0001 0.9997 
         021 181 0.0001 0.0001 0.0001 0.0001 0.0001 0.9997 
         022 181 0.0001 0.0000 0.0000 0.0000 0.0001 0.9998 
         023 181 0.0001 0.0001 0.0001 0.0001 0.0001 0.9996 
         024 181 0.0003 0.0010 0.0017 0.0175 0.0100 0.9694 
         025 181 0.0342 0.0001 0.0001 0.0002 0.0002 0.9651 
         026 181 0.0001 0.0001 0.0001 0.0001 0.0001 0.9996 
         027 181 0.0001 0.0000 0.0000 0.0000 0.0000 0.9998 
         028 181 0.0001 0.0000 0.0000 0.0000 0.0000 0.9998 
         029 181 0.0002 0.0002 0.0001 0.0001 0.0001 0.9993 
         030 181 0.0001 0.0001 0.0001 0.0001 0.0001 0.9995 
         001 182 0.4389 0.0001 0.0001 0.0002 0.0001 0.5606 
         002 182 0.4905 0.0004 0.0003 0.0003 0.0002 0.5083 
         003 182 0.4828 0.0624 0.0002 0.0005 0.0004 0.4537 
         004 182 0.5359 0.0002 0.0003 0.0002 0.0002 0.4633 
         005 182 0.4839 0.0018 0.0001 0.0012 0.0024 0.5106 
         006 182 0.4763 0.0003 0.0007 0.0027 0.1180 0.4021 
         007 182 0.5179 0.0252 0.0002 0.0009 0.0007 0.4552 
         008 182 0.4797 0.0007 0.0001 0.0007 0.0011 0.5177 
         009 182 0.4733 0.0010 0.0002 0.0004 0.0003 0.5250 
         010 182 0.4669 0.0003 0.0002 0.0010 0.1044 0.4271 
         011 182 0.5724 0.0002 0.0001 0.0003 0.0002 0.4268 
         012 182 0.4333 0.0005 0.0005 0.0016 0.0861 0.4780 
         013 182 0.6423 0.0005 0.0008 0.0006 0.0005 0.3553 
         014 182 0.5027 0.0005 0.0031 0.0034 0.0950 0.3953 
         015 182 0.4377 0.0001 0.0001 0.0002 0.0001 0.5618 
         016 182 0.5058 0.0009 0.0001 0.0003 0.0002 0.4926 
         017 182 0.4125 0.0005 0.0003 0.0159 0.0559 0.5149 
         018 182 0.4467 0.0002 0.0001 0.0004 0.0003 0.5523 
         019 182 0.4618 0.0001 0.0001 0.0001 0.0001 0.5377 
         020 182 0.4051 0.0001 0.0001 0.0001 0.0001 0.5945 
         021 182 0.4802 0.0722 0.0007 0.0017 0.0010 0.4441 
         022 182 0.4396 0.0003 0.0002 0.0004 0.0002 0.5594 
         023 182 0.5610 0.0001 0.0001 0.0002 0.0002 0.4384 
         024 182 0.5949 0.0002 0.0001 0.0003 0.0002 0.4043 
         025 182 0.4580 0.0006 0.0001 0.0002 0.0002 0.5409 
         026 182 0.5106 0.0002 0.0001 0.0002 0.0001 0.4888 
         027 182 0.4924 0.0002 0.0010 0.0004 0.0011 0.5048 
         028 182 0.5365 0.0003 0.0002 0.0002 0.0004 0.4624 
         029 182 0.5348 0.0076 0.0006 0.0005 0.0004 0.4560 
         030 182 0.4600 0.0001 0.0001 0.0002 0.0001 0.5395 
          10 183 0.0003 0.0016 0.0027 0.9747 0.0202 0.0005 
          11 183 0.0048 0.0004 0.0720 0.8899 0.0327 0.0001 
          12 183 0.0005 0.0013 0.0055 0.9363 0.0561 0.0003 
          13 183 0.0234 0.0012 0.0007 0.9142 0.0525 0.0080 
          14 183 0.0003 0.0221 0.0121 0.9506 0.0147 0.0002 
          15 183 0.0050 0.0006 0.0355 0.8117 0.1452 0.0019 
          16 183 0.0113 0.0046 0.0012 0.8567 0.0850 0.0413 
          17 183 0.0004 0.0005 0.0026 0.9673 0.0273 0.0019 
          18 183 0.0004 0.0006 0.0009 0.6849 0.3127 0.0005 
          19 183 0.0002 0.0003 0.0009 0.8000 0.1984 0.0003 
          20 183 0.0338 0.0005 0.0007 0.9475 0.0159 0.0017 
          21 183 0.0013 0.0001 0.0162 0.9243 0.0576 0.0005 
          22 183 0.0036 0.0029 0.0277 0.2605 0.7043 0.0011 
          23 183 0.0009 0.0063 0.0005 0.9591 0.0167 0.0165 
          24 183 0.0003 0.0007 0.0090 0.0582 0.9315 0.0003 
          25 183 0.0020 0.0012 0.0124 0.9613 0.0225 0.0006 
          26 183 0.0008 0.0007 0.0010 0.0203 0.9762 0.0010 
          27 183 0.0465 0.0002 0.0095 0.9184 0.0250 0.0005 
          28 183 0.0056 0.0005 0.0195 0.9100 0.0639 0.0004 
          29 183 0.2844 0.0004 0.0076 0.0016 0.3235 0.3825 
          30 183 0.4408 0.0006 0.0635 0.0190 0.0874 0.3886 
          31 183 0.0005 0.0003 0.0076 0.9464 0.0444 0.0009 
          32 183 0.0002 0.0009 0.0003 0.9734 0.0248 0.0002 
          33 183 0.0021 0.0012 0.0006 0.0010 0.9947 0.0003 
          34 183 0.0011 0.0021 0.0238 0.9708 0.0019 0.0002 
          35 183 0.0054 0.0008 0.0110 0.1808 0.8009 0.0011 
          36 183 0.0004 0.0022 0.0053 0.9115 0.0802 0.0004 
          37 183 0.4058 0.0006 0.0087 0.0007 0.2123 0.3719 
          54 183 0.0399 0.0003 0.0015 0.9227 0.0291 0.0066 
          55 183 0.1055 0.0038 0.0696 0.8044 0.0153 0.0014 
           6 183 0.0049 0.0014 0.0007 0.0773 0.9149 0.0009 
           7 183 0.0813 0.0005 0.0033 0.2692 0.6313 0.0143 
           8 183 0.0077 0.0017 0.0021 0.1249 0.8602 0.0034 
           9 183 0.0015 0.0016 0.0186 0.9740 0.0016 0.0026 
           4 184 0.0016 0.0005 0.0006 0.9777 0.0170 0.0026 
           9 184 0.0010 0.0026 0.0006 0.9894 0.0059 0.0004 
          12 184 0.0006 0.0003 0.0002 0.9350 0.0334 0.0305 
          14 184 0.0009 0.0013 0.0055 0.9879 0.0036 0.0008 
          15 184 0.0004 0.0005 0.0025 0.9912 0.0048 0.0006 
          16 184 0.0004 0.0036 0.0009 0.7067 0.2835 0.0049 
          17 184 0.0007 0.0026 0.0013 0.9813 0.0097 0.0043 
          18 184 0.0765 0.0006 0.0013 0.0030 0.9172 0.0014 
          22 184 0.0004 0.0012 0.0005 0.9470 0.0504 0.0005 
          25 184 0.0149 0.0010 0.0007 0.9546 0.0283 0.0006 
          26 184 0.0005 0.0175 0.0029 0.8474 0.1302 0.0015 
          27 184 0.0003 0.0003 0.0003 0.5872 0.4092 0.0027 
          28 184 0.0004 0.0005 0.0008 0.9917 0.0058 0.0009 
          29 184 0.0003 0.0003 0.0006 0.9936 0.0048 0.0004 
          31 184 0.0012 0.0007 0.0006 0.8653 0.1307 0.0016 
          32 184 0.0016 0.0012 0.0023 0.9710 0.0209 0.0030 
          33 184 0.0013 0.0018 0.0022 0.9885 0.0058 0.0004 
          34 184 0.0004 0.0005 0.0008 0.9926 0.0051 0.0008 
          36 184 0.3264 0.0003 0.0003 0.0024 0.6040 0.0666 
          37 184 0.0021 0.0012 0.0004 0.0044 0.9913 0.0006 
          39 184 0.0027 0.0008 0.0110 0.9225 0.0534 0.0095 
          40 184 0.0022 0.0012 0.0031 0.9339 0.0580 0.0016 
          41 184 0.0154 0.0008 0.0019 0.6167 0.3649 0.0003 
          42 184 0.0009 0.0042 0.0003 0.9837 0.0096 0.0012 
          43 184 0.0005 0.0005 0.0008 0.9932 0.0046 0.0005 
          44 184 0.0814 0.0004 0.0032 0.9040 0.0099 0.0010 
          45 184 0.0004 0.0025 0.0007 0.9946 0.0014 0.0004 
          46 184 0.0004 0.0010 0.0005 0.1806 0.8095 0.0080 
          47 184 0.0004 0.0003 0.0007 0.9627 0.0357 0.0002 
          48 184 0.0005 0.0004 0.0016 0.9490 0.0477 0.0008 
          52 184 0.0826 0.0008 0.0004 0.8925 0.0217 0.0020 
          54 184 0.0013 0.0020 0.0003 0.9844 0.0114 0.0005 
          57 184 0.0007 0.0008 0.0004 0.9928 0.0043 0.0010 
          58 184 0.0014 0.0006 0.0010 0.8987 0.0972 0.0012 
          59 184 0.0054 0.0001 0.0007 0.9333 0.0158 0.0447 
          60 184 0.0017 0.0026 0.0112 0.9824 0.0019 0.0003 
           3 185 0.0203 0.0009 0.0116 0.9296 0.0336 0.0040 
           4 185 0.0006 0.0009 0.0025 0.9881 0.0065 0.0013 
           5 185 0.0005 0.0067 0.0004 0.9335 0.0566 0.0022 
           6 185 0.0011 0.0008 0.0006 0.9953 0.0019 0.0004 
           7 185 0.0931 0.0037 0.0006 0.3107 0.5909 0.0011 
           8 185 0.0383 0.0005 0.0011 0.9230 0.0201 0.0171 
           9 185 0.0016 0.0004 0.0029 0.8749 0.1191 0.0012 
          10 185 0.0019 0.0015 0.0041 0.9878 0.0042 0.0006 
          11 185 0.0224 0.0011 0.0028 0.9477 0.0072 0.0188 
          12 185 0.0971 0.0010 0.0015 0.8629 0.0332 0.0042 
          13 185 0.0005 0.0008 0.0004 0.9851 0.0126 0.0007 
          14 185 0.0005 0.0008 0.0007 0.9909 0.0054 0.0017 
          15 185 0.0251 0.0415 0.2329 0.6946 0.0056 0.0002 
          16 185 0.0021 0.0007 0.0015 0.9789 0.0160 0.0008 
          17 185 0.0010 0.0016 0.0519 0.9394 0.0051 0.0010 
          18 185 0.0012 0.0017 0.0006 0.3879 0.6083 0.0002 
          19 185 0.0004 0.0007 0.0224 0.8677 0.1086 0.0002 
          20 185 0.0922 0.0005 0.0009 0.8529 0.0138 0.0397 
          21 185 0.0037 0.0013 0.0088 0.9798 0.0054 0.0009 
          22 185 0.0032 0.0005 0.0528 0.8900 0.0527 0.0009 
          23 185 0.0847 0.0002 0.0013 0.9022 0.0113 0.0002 
          24 185 0.0003 0.0003 0.0006 0.9880 0.0073 0.0035 
          25 185 0.0734 0.0002 0.0069 0.9105 0.0072 0.0019 
          26 185 0.0005 0.0008 0.0012 0.6366 0.3591 0.0018 
          27 185 0.0008 0.0024 0.0009 0.9917 0.0039 0.0003 
          28 185 0.0017 0.0005 0.0003 0.9916 0.0056 0.0004 
          29 185 0.1134 0.0110 0.0579 0.1389 0.6742 0.0045 
          30 185 0.0008 0.0005 0.0015 0.0550 0.9366 0.0056 
          31 185 0.0159 0.0003 0.0005 0.9016 0.0808 0.0008 
          32 185 0.0012 0.0010 0.0003 0.9910 0.0018 0.0046 
          33 185 0.0066 0.0005 0.0006 0.9592 0.0287 0.0045 
          34 185 0.0003 0.0003 0.0024 0.9918 0.0038 0.0014 
          35 185 0.0008 0.0437 0.0013 0.9467 0.0063 0.0012 
          36 185 0.0009 0.0015 0.0008 0.9923 0.0037 0.0009 
          37 185 0.0096 0.0004 0.0004 0.9790 0.0019 0.0087 
          38 185 0.0619 0.0005 0.0004 0.8954 0.0033 0.0387 
          39 185 0.1047 0.0004 0.0032 0.8682 0.0232 0.0004 
          40 185 0.0005 0.0018 0.0013 0.9847 0.0107 0.0011 
          41 185 0.0012 0.0017 0.0011 0.9547 0.0411 0.0003 
          42 185 0.0005 0.0006 0.0006 0.9833 0.0141 0.0009 
           5 186 0.0010 0.0066 0.0004 0.9860 0.0054 0.0005 
           6 186 0.0019 0.0030 0.0003 0.4269 0.5675 0.0004 
           7 186 0.0005 0.0004 0.0004 0.9809 0.0107 0.0071 
           9 186 0.0882 0.0013 0.0013 0.1088 0.7997 0.0007 
          10 186 0.0102 0.0016 0.0009 0.7245 0.2408 0.0220 
          11 186 0.0012 0.0008 0.0006 0.0934 0.9013 0.0027 
          12 186 0.0013 0.0011 0.0004 0.9478 0.0485 0.0009 
          29 186 0.0010 0.0005 0.0140 0.9793 0.0037 0.0016 
          30 186 0.0002 0.0021 0.0010 0.5054 0.4910 0.0003 
          31 186 0.0418 0.0175 0.1587 0.6244 0.1479 0.0098 
          32 186 0.0554 0.0004 0.0233 0.0358 0.8843 0.0008 
          33 186 0.0009 0.0009 0.0033 0.9915 0.0032 0.0003 
          34 186 0.0053 0.0189 0.0037 0.9459 0.0108 0.0154 
          35 186 0.0002 0.0007 0.0010 0.9928 0.0047 0.0007 
          36 186 0.0027 0.0004 0.0009 0.5508 0.4449 0.0004 
          37 186 0.0106 0.0004 0.0007 0.9590 0.0186 0.0107 
          38 186 0.0047 0.0008 0.0148 0.9566 0.0143 0.0088 
          39 186 0.0008 0.0021 0.0004 0.9920 0.0040 0.0006 
          40 186 0.0008 0.0005 0.0006 0.9906 0.0071 0.0004 
          41 186 0.0010 0.0019 0.0005 0.9783 0.0098 0.0084 
          42 186 0.0007 0.0006 0.0008 0.9926 0.0049 0.0004 
          43 186 0.0067 0.0028 0.0008 0.9410 0.0461 0.0026 
          44 186 0.0004 0.0029 0.0020 0.9903 0.0041 0.0004 
          45 186 0.0005 0.0006 0.0004 0.7162 0.2819 0.0004 
          46 186 0.0004 0.0072 0.0006 0.9861 0.0052 0.0005 
          47 186 0.0096 0.0003 0.0014 0.9831 0.0050 0.0006 
          48 186 0.0024 0.0013 0.0010 0.9904 0.0047 0.0002 
          49 186 0.0003 0.0005 0.0002 0.6878 0.3109 0.0004 
          50 186 0.0126 0.0005 0.0014 0.9003 0.0833 0.0019 
          51 186 0.0006 0.0013 0.0006 0.8895 0.1078 0.0003 
          52 186 0.0009 0.0021 0.0011 0.9663 0.0289 0.0007 
          53 186 0.0003 0.0005 0.0024 0.5508 0.4454 0.0006 
          54 186 0.0010 0.0043 0.0009 0.9831 0.0102 0.0005 
          55 186 0.0055 0.0034 0.0006 0.9831 0.0069 0.0005 
          56 186 0.0005 0.0002 0.0007 0.0156 0.9810 0.0020 
          57 186 0.0180 0.0071 0.0723 0.9005 0.0016 0.0004 
          58 186 0.0009 0.0009 0.0003 0.9940 0.0034 0.0006 
          59 186 0.0009 0.0003 0.0007 0.9907 0.0023 0.0052 
          60 186 0.0003 0.0015 0.0031 0.9901 0.0047 0.0004 
           1 187 0.0273 0.0008 0.0038 0.9561 0.0102 0.0017 
           2 187 0.0038 0.0005 0.0011 0.5606 0.4329 0.0010 
           3 187 0.0062 0.0009 0.0107 0.1113 0.8698 0.0012 
           4 187 0.1107 0.0006 0.0034 0.8451 0.0342 0.0061 
           5 187 0.0010 0.0027 0.0007 0.9870 0.0083 0.0004 
           6 187 0.0019 0.0056 0.0007 0.9792 0.0111 0.0016 
           7 187 0.1381 0.0077 0.0010 0.8358 0.0119 0.0056 
           8 187 0.0011 0.0027 0.0004 0.9870 0.0074 0.0013 
           9 187 0.0004 0.0004 0.0009 0.0311 0.9670 0.0003 
          10 187 0.0031 0.0007 0.0012 0.9613 0.0137 0.0201 
          11 187 0.0003 0.0004 0.0002 0.9884 0.0044 0.0063 
          12 187 0.0004 0.0004 0.0005 0.5219 0.4762 0.0005 
          13 187 0.0244 0.0006 0.0010 0.9549 0.0186 0.0005 
          14 187 0.0006 0.0020 0.0015 0.9015 0.0933 0.0011 
          15 187 0.0008 0.0085 0.0006 0.6870 0.2977 0.0053 
          16 187 0.0026 0.0018 0.0012 0.0036 0.9893 0.0014 
          17 187 0.0898 0.0004 0.0039 0.8985 0.0069 0.0006 
          18 187 0.0012 0.0005 0.0006 0.9732 0.0238 0.0007 
          19 187 0.0004 0.0014 0.0003 0.9943 0.0029 0.0007 
          20 187 0.0011 0.0079 0.0011 0.9877 0.0016 0.0006 
          21 187 0.0637 0.0042 0.0025 0.8934 0.0087 0.0276 
          22 187 0.0003 0.0005 0.0028 0.5539 0.4406 0.0019 
          23 187 0.0007 0.0004 0.0005 0.9921 0.0061 0.0002 
          24 187 0.0227 0.0009 0.0025 0.0370 0.8965 0.0403 
          25 187 0.0011 0.0042 0.0017 0.9896 0.0025 0.0009 
          26 187 0.0004 0.0014 0.0028 0.9730 0.0221 0.0003 
          27 187 0.0003 0.0006 0.0005 0.4849 0.5134 0.0003 
          28 187 0.0003 0.0016 0.0064 0.9566 0.0071 0.0281 
          29 187 0.0022 0.0008 0.0013 0.9717 0.0199 0.0042 
          30 187 0.0005 0.0007 0.0437 0.9410 0.0123 0.0018 
          32 187 0.0163 0.0005 0.0003 0.8552 0.0737 0.0539 
          33 187 0.0068 0.0004 0.0007 0.7106 0.2752 0.0064 
          34 187 0.0023 0.0024 0.0005 0.9879 0.0066 0.0003 
          35 187 0.0171 0.0024 0.0037 0.9471 0.0287 0.0010 
          36 187 0.0006 0.0012 0.0021 0.9920 0.0036 0.0005 
          37 187 0.0017 0.0005 0.0099 0.9305 0.0555 0.0019 
          38 187 0.0964 0.0296 0.0592 0.8091 0.0021 0.0036 
           1 188 0.0020 0.0007 0.0009 0.9343 0.0589 0.0032 
           2 188 0.0058 0.0016 0.0008 0.9831 0.0028 0.0060 
           3 188 0.0150 0.0060 0.0012 0.1361 0.8371 0.0046 
           4 188 0.0393 0.0106 0.0005 0.9314 0.0073 0.0110 
           5 188 0.0007 0.0011 0.0024 0.9785 0.0152 0.0021 
           6 188 0.0004 0.0003 0.0010 0.0627 0.9353 0.0003 
           7 188 0.0005 0.0008 0.0004 0.9952 0.0028 0.0003 
           8 188 0.0090 0.0011 0.0003 0.9492 0.0172 0.0231 
           9 188 0.0015 0.0214 0.0005 0.9572 0.0191 0.0004 
          10 188 0.0296 0.0004 0.0012 0.9471 0.0213 0.0005 
          11 188 0.0003 0.0017 0.0005 0.9944 0.0025 0.0006 
          12 188 0.0004 0.0013 0.0458 0.9479 0.0026 0.0019 
          13 188 0.0897 0.0007 0.0083 0.8834 0.0066 0.0113 
          14 188 0.0718 0.0004 0.0060 0.9011 0.0141 0.0066 
          15 188 0.0006 0.0023 0.0003 0.9903 0.0061 0.0004 
          16 188 0.0590 0.0010 0.0006 0.8928 0.0459 0.0007 
          17 188 0.0008 0.0004 0.0007 0.0422 0.9547 0.0011 
          18 188 0.0027 0.0003 0.0483 0.8583 0.0899 0.0006 
          19 188 0.0024 0.0011 0.0021 0.9893 0.0046 0.0005 
          20 188 0.1228 0.0023 0.0065 0.8558 0.0095 0.0031 
          21 188 0.0120 0.0025 0.0058 0.8968 0.0826 0.0004 
          22 188 0.0007 0.0058 0.0100 0.9785 0.0020 0.0030 
          23 188 0.0015 0.0003 0.0473 0.9437 0.0056 0.0016 
          24 188 0.0003 0.0005 0.0337 0.9549 0.0104 0.0002 
          25 188 0.0006 0.0047 0.0448 0.7976 0.1516 0.0006 
          26 188 0.0690 0.0009 0.0017 0.1534 0.7720 0.0030 
          27 188 0.0014 0.0004 0.0015 0.9312 0.0163 0.0492 
          28 188 0.0006 0.0004 0.0003 0.5243 0.4737 0.0007 
          29 188 0.0756 0.0011 0.0031 0.0748 0.8451 0.0003 
          30 188 0.0827 0.0005 0.0011 0.9045 0.0025 0.0088 
          31 188 0.0042 0.0007 0.0037 0.9877 0.0024 0.0013 
          32 188 0.0009 0.0006 0.0005 0.9756 0.0219 0.0005 
          33 188 0.0037 0.0002 0.0038 0.9827 0.0093 0.0003 
          34 188 0.0003 0.0005 0.0063 0.9850 0.0068 0.0012 
          35 188 0.0226 0.0044 0.0458 0.9183 0.0078 0.0011 
          36 188 0.0373 0.0015 0.0016 0.2160 0.6846 0.0589 
          37 188 0.0013 0.0015 0.0006 0.9834 0.0126 0.0006 
          38 188 0.0267 0.0007 0.0007 0.8849 0.0345 0.0525 
          39 188 0.0661 0.0027 0.0011 0.9180 0.0114 0.0006 
          40 188 0.0005 0.0005 0.0006 0.9915 0.0045 0.0023 
           7 189 0.0018 0.0005 0.0005 0.9876 0.0072 0.0025 
           8 189 0.0005 0.0006 0.0008 0.9808 0.0081 0.0093 
           9 189 0.0008 0.0008 0.0020 0.8881 0.1046 0.0036 
          10 189 0.0006 0.0005 0.0005 0.3489 0.6448 0.0047 
          11 189 0.0007 0.0187 0.0037 0.9665 0.0093 0.0011 
          12 189 0.0437 0.0014 0.0014 0.9326 0.0091 0.0118 
          13 189 0.0005 0.0009 0.0028 0.9933 0.0021 0.0004 
          14 189 0.0106 0.0002 0.0047 0.1641 0.8161 0.0043 
          16 189 0.1615 0.0034 0.0048 0.8231 0.0065 0.0007 
          17 189 0.0006 0.0009 0.0013 0.9940 0.0029 0.0003 
          18 189 0.0412 0.0008 0.0019 0.9464 0.0056 0.0041 
          19 189 0.0005 0.0036 0.0070 0.9747 0.0115 0.0027 
          20 189 0.0171 0.0003 0.0008 0.0467 0.9264 0.0087 
          21 189 0.0049 0.0007 0.0009 0.9842 0.0059 0.0033 
          23 189 0.0005 0.0010 0.0030 0.9738 0.0210 0.0008 
          24 189 0.0012 0.0013 0.0012 0.9492 0.0032 0.0440 
          25 189 0.0061 0.0009 0.0018 0.9842 0.0055 0.0014 
          26 189 0.0076 0.0026 0.0017 0.9794 0.0029 0.0058 
          27 189 0.0011 0.0033 0.0034 0.9234 0.0681 0.0007 
          28 189 0.0002 0.0019 0.0003 0.4290 0.5683 0.0002 
          29 189 0.0003 0.0010 0.0012 0.7551 0.2315 0.0109 
          30 189 0.0005 0.0017 0.0143 0.9615 0.0191 0.0029 
          31 189 0.0003 0.0004 0.0031 0.9912 0.0043 0.0007 
          32 189 0.0285 0.0015 0.0006 0.8888 0.0499 0.0307 
          33 189 0.0006 0.0021 0.0069 0.9767 0.0125 0.0012 
          34 189 0.0006 0.0043 0.0003 0.9674 0.0272 0.0002 
          35 189 0.0003 0.0005 0.0007 0.9947 0.0032 0.0006 
          36 189 0.0202 0.0005 0.0009 0.9491 0.0161 0.0132 
          37 189 0.0005 0.0019 0.0035 0.9877 0.0059 0.0006 
          38 189 0.0282 0.0047 0.0025 0.9583 0.0059 0.0005 
          39 189 0.0007 0.0008 0.0011 0.9576 0.0122 0.0276 
          40 189 0.1544 0.0014 0.0014 0.8274 0.0136 0.0018 
          41 189 0.0062 0.0003 0.0048 0.9695 0.0143 0.0049 
          42 189 0.1653 0.0252 0.0041 0.0979 0.7045 0.0030 
          43 189 0.0017 0.0016 0.0009 0.0753 0.9200 0.0005 
           1 190 0.1317 0.0039 0.0012 0.8375 0.0249 0.0008 
           3 190 0.0046 0.0013 0.0156 0.9473 0.0310 0.0002 
           4 190 0.0012 0.0019 0.0007 0.8757 0.1199 0.0005 
           5 190 0.0361 0.0004 0.0005 0.9495 0.0130 0.0005 
           6 190 0.0004 0.0011 0.0009 0.9881 0.0085 0.0009 
           7 190 0.0006 0.0003 0.0020 0.9923 0.0040 0.0007 
           8 190 0.0038 0.0011 0.0311 0.9548 0.0042 0.0050 
           9 190 0.2426 0.0095 0.0773 0.0037 0.5605 0.1065 
          10 190 0.0013 0.0007 0.0006 0.9924 0.0042 0.0008 
          11 190 0.0042 0.0176 0.0006 0.8856 0.0822 0.0098 
          12 190 0.0003 0.0017 0.0013 0.7506 0.2451 0.0009 
          13 190 0.0005 0.0014 0.0003 0.0405 0.9568 0.0005 
          14 190 0.0009 0.0029 0.0004 0.9916 0.0031 0.0012 
          15 190 0.0052 0.0375 0.0012 0.1423 0.8133 0.0006 
          16 190 0.0012 0.0003 0.0007 0.9887 0.0058 0.0033 
          17 190 0.0008 0.0037 0.0009 0.9377 0.0524 0.0045 
          18 190 0.0202 0.0005 0.0041 0.1758 0.7972 0.0021 
          19 190 0.0007 0.0010 0.0015 0.9862 0.0101 0.0006 
          20 190 0.0006 0.0006 0.0085 0.9762 0.0137 0.0004 
          22 190 0.0866 0.0006 0.0009 0.7479 0.1212 0.0428 
          23 190 0.0013 0.0006 0.0010 0.9838 0.0054 0.0079 
          24 190 0.0746 0.0007 0.0004 0.7629 0.1605 0.0010 
          25 190 0.0033 0.0006 0.0003 0.9853 0.0087 0.0018 
          26 190 0.0002 0.0015 0.0014 0.9932 0.0033 0.0004 
          27 190 0.0009 0.0188 0.0006 0.0268 0.9524 0.0004 
          28 190 0.0032 0.0070 0.0006 0.9404 0.0471 0.0018 
          29 190 0.0010 0.0003 0.0002 0.0009 0.9960 0.0015 
          31 190 0.0014 0.0008 0.0004 0.0089 0.9693 0.0193 
           7 191 0.0006 0.0003 0.0006 0.9894 0.0087 0.0004 
           8 191 0.0008 0.0005 0.0008 0.9824 0.0121 0.0035 
           9 191 0.0004 0.0004 0.0004 0.9939 0.0043 0.0006 
          10 191 0.0010 0.0004 0.0050 0.9887 0.0046 0.0004 
          11 191 0.0010 0.0006 0.0005 0.9814 0.0106 0.0060 
          12 191 0.0414 0.0716 0.0003 0.8839 0.0025 0.0004 
          13 191 0.0012 0.0007 0.0012 0.1768 0.8189 0.0011 
          14 191 0.0033 0.0012 0.0003 0.9811 0.0096 0.0044 
          15 191 0.0789 0.0010 0.0015 0.9102 0.0077 0.0007 
          16 191 0.0011 0.0006 0.0035 0.9838 0.0101 0.0010 
          17 191 0.0425 0.0010 0.0429 0.8817 0.0104 0.0214 
          18 191 0.0004 0.0007 0.0007 0.8619 0.1315 0.0049 
          19 191 0.0062 0.0017 0.0056 0.9732 0.0031 0.0103 
          20 191 0.0114 0.0003 0.0016 0.9722 0.0108 0.0038 
          21 191 0.0358 0.0038 0.0229 0.8956 0.0409 0.0011 
          22 191 0.0010 0.0005 0.0005 0.9730 0.0229 0.0021 
          23 191 0.0087 0.0006 0.0008 0.9788 0.0106 0.0005 
          24 191 0.0015 0.0003 0.0004 0.9616 0.0354 0.0007 
          25 191 0.0180 0.0010 0.0008 0.8193 0.1582 0.0028 
          26 191 0.0954 0.0008 0.0037 0.8630 0.0247 0.0124 
          27 191 0.0006 0.0013 0.0007 0.4754 0.5213 0.0007 
          28 191 0.0003 0.0005 0.0030 0.0884 0.9042 0.0037 
          29 191 0.0006 0.0006 0.0207 0.8166 0.1608 0.0008 
          30 191 0.0009 0.0007 0.0003 0.9899 0.0079 0.0003 
          39 191 0.0006 0.0163 0.0008 0.9745 0.0044 0.0034 
          40 191 0.0007 0.0006 0.0005 0.9904 0.0067 0.0012 
          41 191 0.0631 0.0005 0.0040 0.8811 0.0503 0.0010 
          42 191 0.0004 0.0008 0.0003 0.9940 0.0041 0.0004 
          43 191 0.0582 0.0013 0.0010 0.9255 0.0137 0.0003 
          44 191 0.0041 0.0002 0.0055 0.9605 0.0238 0.0059 
          45 191 0.0006 0.0038 0.0030 0.9723 0.0191 0.0011 
          46 191 0.1289 0.0002 0.0120 0.8451 0.0128 0.0009 
          47 191 0.0032 0.0009 0.0016 0.9901 0.0017 0.0025 
          48 191 0.0004 0.0023 0.0010 0.9917 0.0036 0.0009 
          49 191 0.0013 0.0037 0.0111 0.9689 0.0031 0.0119 
          50 191 0.0008 0.0007 0.0009 0.9496 0.0468 0.0013 
           9 192 0.0003 0.0004 0.0003 0.9945 0.0040 0.0005 
          10 192 0.0014 0.0017 0.0002 0.9892 0.0057 0.0017 
          11 192 0.0358 0.0012 0.0048 0.7958 0.1623 0.0002 
          12 192 0.0008 0.0005 0.0004 0.6314 0.3660 0.0008 
          13 192 0.0539 0.0009 0.0011 0.9055 0.0028 0.0359 
          14 192 0.0178 0.0005 0.0655 0.9025 0.0132 0.0006 
          15 192 0.0003 0.0019 0.0021 0.9890 0.0056 0.0010 
          16 192 0.0007 0.0005 0.0006 0.9842 0.0053 0.0087 
          17 192 0.0087 0.0068 0.0011 0.9666 0.0057 0.0111 
          18 192 0.0016 0.0006 0.0009 0.1694 0.8270 0.0005 
          19 192 0.0011 0.0028 0.0005 0.9871 0.0043 0.0042 
          20 192 0.0174 0.0272 0.0010 0.7185 0.2354 0.0005 
          21 192 0.0003 0.0061 0.0005 0.9840 0.0087 0.0005 
          22 192 0.0025 0.0020 0.0120 0.9596 0.0134 0.0105 
          23 192 0.0875 0.0010 0.0053 0.0344 0.8712 0.0008 
          24 192 0.0006 0.0033 0.0007 0.9889 0.0025 0.0041 
          33 192 0.0598 0.0122 0.0010 0.1857 0.7407 0.0005 
          35 192 0.0006 0.0079 0.0016 0.9868 0.0024 0.0008 
          36 192 0.0006 0.0009 0.0003 0.9872 0.0105 0.0005 
          37 192 0.0004 0.0007 0.0007 0.5442 0.4534 0.0005 
          38 192 0.0193 0.0004 0.0005 0.3632 0.6133 0.0034 
          39 192 0.0013 0.0009 0.0005 0.9930 0.0028 0.0014 
          40 192 0.0743 0.0002 0.0004 0.9190 0.0034 0.0026 
          41 192 0.0425 0.0002 0.0013 0.9153 0.0326 0.0082 
          42 192 0.0244 0.0005 0.0063 0.3092 0.6558 0.0038 
          43 192 0.0004 0.0030 0.0028 0.9861 0.0060 0.0016 
          45 192 0.0005 0.0024 0.0009 0.9930 0.0028 0.0005 
          46 192 0.0007 0.0220 0.0024 0.8669 0.1054 0.0026 
          47 192 0.0011 0.0004 0.0008 0.9525 0.0446 0.0007 
          48 192 0.0007 0.0003 0.0011 0.9919 0.0055 0.0005 
          49 192 0.0048 0.0043 0.0007 0.9402 0.0035 0.0465 
          50 192 0.0009 0.0007 0.0006 0.9881 0.0092 0.0005 
