        001s  1 0.0004 0.0011 0.0002 0.9977 0.0006 
        002s  1 0.0006 0.0004 0.0017 0.9965 0.0008 
        003s  1 0.0017 0.0126 0.0007 0.9813 0.0037 
        004s  1 0.0033 0.0002 0.0301 0.9603 0.0060 
        005s  1 0.0008 0.0002 0.2093 0.5618 0.2279 
        006s  1 0.0004 0.0003 0.0009 0.9980 0.0003 
        007s  1 0.0035 0.0008 0.0004 0.9931 0.0023 
        008s  1 0.0007 0.0009 0.0007 0.9938 0.0039 
        009s  1 0.0051 0.0026 0.0040 0.9292 0.0590 
        010s  1 0.0003 0.0006 0.0007 0.9934 0.0050 
        011s  1 0.0021 0.0040 0.0016 0.9914 0.0009 
        012s  1 0.0007 0.0057 0.0064 0.8648 0.1225 
        013s  1 0.0062 0.0008 0.0233 0.9675 0.0022 
        014s  1 0.0055 0.0199 0.0018 0.9481 0.0247 
        015s  1 0.0005 0.0007 0.0003 0.9980 0.0004 
        016s  1 0.0070 0.0008 0.0004 0.9900 0.0018 
        018s  1 0.0012 0.0009 0.0021 0.8477 0.1481 
        019s  1 0.0007 0.0042 0.0005 0.9801 0.0144 
        020s  1 0.0073 0.0101 0.0002 0.9820 0.0004 
        021s  1 0.0059 0.0006 0.0101 0.9832 0.0002 
        022s  1 0.0006 0.0004 0.0002 0.9985 0.0002 
        023s  1 0.0101 0.0008 0.0004 0.9884 0.0003 
        024s  1 0.0006 0.0003 0.0009 0.9973 0.0009 
        025s  1 0.0010 0.0004 0.0016 0.9914 0.0056 
        026s  1 0.0113 0.0039 0.0008 0.9832 0.0007 
        027s  1 0.0027 0.0005 0.0090 0.9865 0.0013 
        028s  1 0.0006 0.0031 0.0514 0.8972 0.0476 
        029s  1 0.0006 0.0050 0.0004 0.9931 0.0010 
        030s  1 0.0006 0.0076 0.0039 0.9871 0.0008 
        031s  1 0.0013 0.0004 0.0002 0.9979 0.0003 
        032s  1 0.0006 0.0008 0.0005 0.9977 0.0004 
        033s  1 0.0009 0.0010 0.0009 0.9920 0.0051 
        034s  1 0.0452 0.0034 0.0009 0.9491 0.0013 
        035s  1 0.0009 0.0017 0.0013 0.9949 0.0012 
        036s  1 0.0010 0.0002 0.0007 0.9035 0.0946 
        037s  1 0.0468 0.0011 0.0098 0.8327 0.1095 
        038s  1 0.0008 0.0006 0.0006 0.9966 0.0014 
        039s  1 0.0003 0.0009 0.0208 0.9775 0.0004 
        040s  1 0.0032 0.0007 0.0030 0.9922 0.0009 
        041s  1 0.0024 0.0009 0.0003 0.9938 0.0026 
        042s  1 0.0830 0.0010 0.0005 0.8382 0.0774 
        043s  1 0.0005 0.0011 0.0012 0.9789 0.0183 
        044s  1 0.0067 0.0023 0.0127 0.8871 0.0911 
        045s  1 0.0007 0.0009 0.0010 0.9926 0.0048 
        046s  1 0.0006 0.0018 0.0004 0.9960 0.0012 
        047s  1 0.0046 0.0012 0.0002 0.9931 0.0009 
        048s  1 0.0007 0.0006 0.0003 0.9362 0.0622 
        049s  1 0.0004 0.0005 0.0010 0.9976 0.0005 
        050s  1 0.0004 0.0005 0.0021 0.8989 0.0981 
        051s  1 0.0011 0.0267 0.0004 0.9715 0.0004 
        052s  1 0.0015 0.0164 0.0069 0.9669 0.0083 
        053s  1 0.0006 0.0004 0.0004 0.9973 0.0014 
        054s  1 0.0006 0.0025 0.0026 0.9941 0.0002 
        055s  1 0.0769 0.0025 0.0005 0.8299 0.0902 
          01  2 0.0010 0.0289 0.0007 0.8472 0.1221 
          02  2 0.0006 0.0014 0.0020 0.9823 0.0137 
          03  2 0.0016 0.0003 0.0007 0.9966 0.0008 
          04  2 0.0102 0.0008 0.0159 0.9709 0.0021 
          05  2 0.0005 0.0003 0.0002 0.8693 0.1296 
          06  2 0.0007 0.0006 0.0022 0.9656 0.0309 
          07  2 0.0006 0.0009 0.0027 0.9891 0.0067 
          08  2 0.0005 0.0008 0.0003 0.9140 0.0844 
          09  2 0.0002 0.0074 0.0003 0.9918 0.0004 
          10  2 0.0005 0.0006 0.0006 0.9967 0.0016 
          11  2 0.0029 0.0106 0.0009 0.9776 0.0079 
          12  2 0.0005 0.0015 0.0006 0.9967 0.0006 
          13  2 0.0004 0.0005 0.0004 0.9983 0.0004 
          14  2 0.0266 0.0024 0.0051 0.9657 0.0002 
          15  2 0.0009 0.0012 0.0006 0.9969 0.0005 
          16  2 0.0058 0.0054 0.0565 0.9316 0.0008 
          17  2 0.0011 0.0008 0.0009 0.9952 0.0020 
          18  2 0.0007 0.0012 0.0033 0.9779 0.0170 
          19  2 0.0047 0.0022 0.0004 0.9917 0.0010 
          20  2 0.0071 0.0014 0.0046 0.9292 0.0576 
          21  2 0.0005 0.0182 0.0003 0.9800 0.0009 
          22  2 0.0062 0.0047 0.0041 0.9832 0.0019 
          23  2 0.0020 0.0008 0.0014 0.9948 0.0010 
          24  2 0.0005 0.0012 0.0007 0.9972 0.0004 
          25  2 0.0009 0.0011 0.0255 0.9701 0.0025 
          26  2 0.0002 0.0006 0.0003 0.9982 0.0008 
          27  2 0.0034 0.0012 0.0268 0.9679 0.0007 
          28  2 0.0034 0.0009 0.0002 0.9941 0.0014 
          29  2 0.0004 0.0009 0.0005 0.9976 0.0007 
          30  2 0.0840 0.0065 0.0003 0.7506 0.1586 
          01  3 0.0106 0.0003 0.2205 0.3393 0.4294 
          02  3 0.0025 0.0730 0.4648 0.1293 0.3304 
          03  3 0.0005 0.0003 0.3148 0.3659 0.3185 
          04  3 0.0018 0.0005 0.3540 0.1787 0.4650 
          05  3 0.1217 0.1142 0.4027 0.0005 0.3609 
          06  3 0.0007 0.0002 0.5006 0.0767 0.4217 
          07  3 0.0002 0.0008 0.2506 0.3712 0.3772 
          08  3 0.0040 0.0042 0.3240 0.2933 0.3744 
          09  3 0.0038 0.0001 0.2690 0.2968 0.4302 
          10  3 0.1282 0.2169 0.4180 0.0404 0.1965 
          11  3 0.0003 0.0003 0.3053 0.2790 0.4151 
          12  3 0.0005 0.0003 0.3145 0.2643 0.4205 
          13  3 0.0002 0.0145 0.5253 0.0025 0.4575 
          14  3 0.1575 0.0446 0.4607 0.0033 0.3339 
          15  3 0.0011 0.0002 0.2763 0.3417 0.3808 
          16  3 0.0032 0.0029 0.6052 0.0812 0.3074 
          17  3 0.0007 0.0006 0.1782 0.3990 0.4214 
          18  3 0.2819 0.1671 0.3393 0.0057 0.2060 
          19  3 0.0015 0.0003 0.4657 0.1649 0.3677 
          20  3 0.0519 0.0002 0.3115 0.1806 0.4559 
          21  3 0.0055 0.0007 0.3786 0.2451 0.3702 
          22  3 0.0009 0.0004 0.2300 0.2777 0.4910 
          23  3 0.0009 0.0004 0.3590 0.2289 0.4109 
          24  3 0.0018 0.1675 0.2862 0.0525 0.4921 
          25  3 0.1299 0.2502 0.3077 0.0004 0.3119 
          26  3 0.0005 0.0005 0.3421 0.2180 0.4389 
          27  3 0.1726 0.1305 0.3704 0.0709 0.2556 
          28  3 0.0002 0.0019 0.4662 0.0852 0.4465 
          29  3 0.0055 0.0023 0.4232 0.1760 0.3930 
          30  3 0.0002 0.0012 0.2492 0.2989 0.4506 
         001  4 0.0001 0.0001 0.0001 0.0001 0.9997 
         002  4 0.0001 0.0002 0.0002 0.0002 0.9994 
         003  4 0.0001 0.0001 0.0001 0.0001 0.9997 
         004  4 0.0001 0.0001 0.0001 0.0001 0.9997 
         005  4 0.0001 0.0003 0.0001 0.0001 0.9994 
         006  4 0.0003 0.0002 0.0699 0.0004 0.9292 
         007  4 0.0008 0.0002 0.0523 0.0016 0.9451 
         008  4 0.0035 0.0022 0.0003 0.0007 0.9932 
         009  4 0.0001 0.0001 0.0001 0.0001 0.9996 
         010  4 0.0001 0.0001 0.0022 0.0001 0.9976 
         011  4 0.0316 0.0004 0.0182 0.0005 0.9494 
         012  4 0.0001 0.0001 0.0000 0.0001 0.9997 
         013  4 0.0001 0.0000 0.0001 0.0001 0.9998 
         014  4 0.0001 0.0001 0.0001 0.0001 0.9996 
         015  4 0.0000 0.0000 0.0001 0.0000 0.9998 
         016  4 0.0001 0.0001 0.0001 0.0001 0.9997 
         017  4 0.0001 0.0001 0.0001 0.0001 0.9996 
         019  4 0.0004 0.0003 0.0823 0.0002 0.9168 
         020  4 0.0001 0.0002 0.0001 0.0002 0.9994 
         021  4 0.0003 0.0004 0.0063 0.0003 0.9927 
         001  5 0.0322 0.0010 0.0003 0.0005 0.9660 
         002  5 0.0013 0.0024 0.0003 0.0372 0.9588 
         003  5 0.0053 0.0002 0.0722 0.1641 0.7582 
         004  5 0.0023 0.0001 0.0004 0.0584 0.9388 
         005  5 0.0005 0.0002 0.0009 0.0002 0.9982 
         006  5 0.0001 0.0004 0.0985 0.0003 0.9006 
         007  5 0.0003 0.0002 0.0850 0.0003 0.9141 
         008  5 0.0001 0.0003 0.0022 0.0001 0.9973 
         009  5 0.0013 0.0002 0.0015 0.0639 0.9330 
         010  5 0.0029 0.0004 0.0662 0.0010 0.9295 
         011  5 0.0026 0.0002 0.0005 0.0010 0.9957 
         012  5 0.0015 0.0005 0.0768 0.0507 0.8705 
         013  5 0.0008 0.0003 0.0475 0.1969 0.7545 
         014  5 0.0215 0.0096 0.0932 0.1689 0.7069 
         015  5 0.0001 0.0002 0.0211 0.0002 0.9784 
         016  5 0.0003 0.0007 0.0561 0.0027 0.9402 
         017  5 0.0002 0.0034 0.0797 0.0307 0.8860 
         018  5 0.0324 0.0269 0.0377 0.0195 0.8835 
         019  5 0.0014 0.0042 0.0001 0.0003 0.9939 
         020  5 0.0001 0.0001 0.0001 0.0001 0.9996 
         021  5 0.0040 0.0004 0.0004 0.1314 0.8639 
         022  5 0.0447 0.0024 0.0031 0.0202 0.9296 
         023  5 0.0020 0.0005 0.0256 0.0016 0.9703 
         024  5 0.0005 0.0004 0.0633 0.0411 0.8947 
         025  5 0.0009 0.0020 0.0724 0.0244 0.9002 
         026  5 0.0003 0.0007 0.0088 0.1455 0.8448 
         027  5 0.0001 0.0001 0.0002 0.0002 0.9994 
         028  5 0.0121 0.0011 0.0496 0.0053 0.9320 
         029  5 0.0002 0.0002 0.0015 0.0005 0.9976 
         030  5 0.0014 0.0039 0.0004 0.0008 0.9934 
        001s  6 0.0192 0.0008 0.0284 0.9505 0.0011 
        002s  6 0.0010 0.0186 0.0005 0.9379 0.0421 
        003s  6 0.0019 0.0005 0.0004 0.9798 0.0173 
        004s  6 0.0007 0.0005 0.0004 0.9981 0.0004 
        006s  6 0.0140 0.0013 0.0154 0.9092 0.0602 
        007s  6 0.0005 0.0006 0.0019 0.9965 0.0005 
        008s  6 0.0046 0.0030 0.0005 0.9889 0.0030 
        009s  6 0.0007 0.0008 0.0004 0.9978 0.0003 
        010s  6 0.0119 0.0115 0.0077 0.9586 0.0103 
        011s  6 0.0010 0.0003 0.0019 0.9963 0.0005 
        012s  6 0.0019 0.0020 0.0040 0.9917 0.0004 
        013s  6 0.0004 0.0005 0.0006 0.9976 0.0009 
        014s  6 0.0003 0.0003 0.0002 0.9139 0.0854 
        015s  6 0.0060 0.0008 0.0066 0.9773 0.0092 
        016s  6 0.0009 0.0004 0.0007 0.9975 0.0004 
        018s  6 0.0019 0.0004 0.0015 0.7289 0.2673 
        019s  6 0.0027 0.0008 0.0016 0.9868 0.0081 
        020s  6 0.0004 0.0010 0.0006 0.9978 0.0002 
        021s  6 0.0045 0.0013 0.0149 0.9784 0.0010 
        022s  6 0.0035 0.0004 0.0003 0.9949 0.0010 
        023s  6 0.0005 0.0003 0.0004 0.9704 0.0284 
        024s  6 0.0008 0.0012 0.0021 0.9676 0.0284 
        025s  6 0.0695 0.0004 0.0006 0.9285 0.0010 
        026s  6 0.0005 0.0020 0.0006 0.9965 0.0004 
        027s  6 0.0004 0.0011 0.0003 0.9974 0.0008 
        028s  6 0.0076 0.0499 0.0125 0.9171 0.0128 
        029s  6 0.0010 0.0012 0.0003 0.9971 0.0003 
        030s  6 0.0064 0.0013 0.0005 0.9191 0.0726 
        031s  6 0.0003 0.0004 0.0026 0.9952 0.0016 
        032s  6 0.0007 0.0003 0.0021 0.9904 0.0064 
        033s  6 0.0005 0.0003 0.0001 0.9079 0.0912 
        034s  6 0.0133 0.0004 0.0014 0.9838 0.0011 
        035s  6 0.0009 0.0013 0.0005 0.8490 0.1482 
        036s  6 0.0008 0.0003 0.0059 0.9924 0.0007 
        037s  6 0.0016 0.0021 0.0008 0.9947 0.0008 
        038s  6 0.0006 0.0011 0.0020 0.9961 0.0003 
        039s  6 0.0008 0.0008 0.0003 0.9977 0.0003 
        040s  6 0.0004 0.0004 0.0025 0.9964 0.0003 
        041s  6 0.0034 0.0040 0.0002 0.9426 0.0499 
        042s  6 0.0593 0.0038 0.0006 0.9278 0.0086 
        043s  6 0.0068 0.0003 0.0007 0.9916 0.0006 
        044s  6 0.0007 0.0024 0.0003 0.9959 0.0006 
        045s  6 0.0019 0.0006 0.0004 0.9939 0.0032 
        001s  7 0.0009 0.0004 0.0004 0.9970 0.0013 
        002s  7 0.0015 0.0012 0.0009 0.9753 0.0211 
        003s  7 0.0010 0.0009 0.0016 0.9946 0.0019 
        004s  7 0.0006 0.0010 0.0032 0.9945 0.0006 
        005s  7 0.0022 0.0006 0.0019 0.9861 0.0092 
        006s  7 0.0055 0.0004 0.0013 0.9335 0.0592 
        007s  7 0.0018 0.0160 0.0061 0.9715 0.0046 
        008s  7 0.0015 0.0017 0.0003 0.9728 0.0237 
        009s  7 0.0105 0.0006 0.0016 0.9850 0.0023 
        010s  7 0.0017 0.0007 0.0002 0.9959 0.0014 
        011s  7 0.0008 0.0011 0.0005 0.9973 0.0004 
        012s  7 0.0006 0.0004 0.0004 0.9984 0.0003 
        013s  7 0.0042 0.0006 0.0075 0.9873 0.0004 
        014s  7 0.0002 0.0005 0.0005 0.9607 0.0380 
        015s  7 0.0009 0.0014 0.0011 0.9822 0.0145 
        016s  7 0.0033 0.0003 0.0001 0.8799 0.1164 
        017s  7 0.0006 0.0004 0.0008 0.9970 0.0012 
        018s  7 0.0006 0.0041 0.0006 0.9925 0.0022 
        019s  7 0.0107 0.0037 0.0013 0.9832 0.0011 
        020s  7 0.0003 0.0003 0.0015 0.9975 0.0005 
        021s  7 0.0014 0.0010 0.0005 0.9956 0.0015 
        022s  7 0.0007 0.0002 0.0021 0.9954 0.0016 
        023s  7 0.0169 0.0009 0.0016 0.9739 0.0067 
        024s  7 0.0006 0.0014 0.0005 0.9965 0.0010 
        025s  7 0.0008 0.0010 0.0042 0.9933 0.0007 
        026s  7 0.0010 0.0012 0.0002 0.9958 0.0019 
        027s  7 0.0004 0.0011 0.0006 0.9966 0.0013 
        028s  7 0.0005 0.0002 0.0007 0.9940 0.0045 
        029s  7 0.0021 0.0007 0.0006 0.9887 0.0079 
        030s  7 0.0038 0.0052 0.0006 0.9902 0.0002 
        031s  7 0.0121 0.0004 0.0011 0.9848 0.0016 
        032s  7 0.0003 0.0049 0.0004 0.8942 0.1003 
        033s  7 0.0025 0.0026 0.0008 0.9570 0.0372 
        034s  7 0.0007 0.0016 0.0449 0.9519 0.0009 
        035s  7 0.0011 0.0005 0.0003 0.9977 0.0003 
        036s  7 0.0094 0.0005 0.0035 0.9862 0.0004 
        037s  7 0.0078 0.0008 0.0056 0.9231 0.0628 
        038s  7 0.0013 0.0010 0.0003 0.9874 0.0100 
        039s  7 0.0002 0.0003 0.0003 0.9989 0.0003 
        040s  7 0.0005 0.0003 0.0280 0.9516 0.0196 
        041s  7 0.0012 0.0020 0.0004 0.9644 0.0319 
        042s  7 0.0003 0.0002 0.0006 0.9935 0.0054 
        043s  7 0.0028 0.0005 0.0002 0.9956 0.0009 
        044s  7 0.0302 0.0017 0.0185 0.9028 0.0468 
         003  8 0.0008 0.0136 0.0011 0.9802 0.0043 
         009  8 0.0012 0.0004 0.0006 0.9968 0.0009 
         010  8 0.0022 0.0004 0.0002 0.9968 0.0003 
         017  8 0.0030 0.0012 0.0005 0.9946 0.0006 
         002  9 0.0011 0.0005 0.0006 0.9975 0.0003 
         003  9 0.0004 0.0003 0.0003 0.9989 0.0002 
         004  9 0.0010 0.0004 0.0002 0.9981 0.0004 
         005  9 0.0040 0.0013 0.0010 0.9934 0.0003 
         006  9 0.0017 0.0007 0.0007 0.9962 0.0008 
         007  9 0.0012 0.0011 0.0003 0.9949 0.0024 
         009  9 0.0018 0.0014 0.0002 0.9952 0.0014 
         010  9 0.0014 0.0015 0.0003 0.9966 0.0002 
         013  9 0.0013 0.0003 0.0007 0.9967 0.0010 
         014  9 0.0013 0.0042 0.0002 0.9937 0.0005 
         016  9 0.0007 0.0010 0.0001 0.9980 0.0002 
         018  9 0.0011 0.0049 0.0009 0.9924 0.0007 
         019  9 0.0005 0.0059 0.0008 0.9920 0.0007 
         020  9 0.0004 0.0005 0.0003 0.9984 0.0004 
         021  9 0.0005 0.0003 0.0002 0.9986 0.0004 
         022  9 0.0004 0.0013 0.0004 0.9976 0.0003 
         024  9 0.0039 0.0023 0.0005 0.9928 0.0005 
         028  9 0.0010 0.0005 0.0006 0.9974 0.0005 
         029  9 0.0007 0.0011 0.0003 0.9976 0.0003 
         030  9 0.0009 0.0007 0.0003 0.9978 0.0003 
         031  9 0.0004 0.0010 0.0003 0.9965 0.0018 
         033  9 0.0009 0.0005 0.0003 0.9943 0.0040 
         001 10 0.0003 0.0010 0.0003 0.9980 0.0004 
         002 10 0.0006 0.0018 0.0002 0.9970 0.0004 
         003 10 0.0132 0.0005 0.0006 0.9854 0.0002 
         004 10 0.0018 0.0004 0.0003 0.9971 0.0004 
         005 10 0.0009 0.0014 0.0003 0.9971 0.0004 
         006 10 0.0008 0.0005 0.0005 0.9970 0.0013 
         007 10 0.0024 0.0003 0.0004 0.9964 0.0006 
         008 10 0.0034 0.0008 0.0007 0.9945 0.0005 
         009 10 0.0005 0.0053 0.0012 0.9925 0.0005 
         010 10 0.0007 0.0026 0.0005 0.9958 0.0005 
         011 10 0.0348 0.0003 0.0009 0.9636 0.0004 
         012 10 0.0030 0.0004 0.0011 0.9949 0.0005 
         013 10 0.0007 0.0005 0.0018 0.9968 0.0002 
         014 10 0.0009 0.0006 0.0008 0.9973 0.0004 
         016 10 0.0007 0.0013 0.0010 0.9965 0.0005 
         017 10 0.0006 0.0010 0.0007 0.9973 0.0004 
         018 10 0.0010 0.0025 0.0003 0.9910 0.0052 
         019 10 0.0008 0.0056 0.0005 0.9927 0.0005 
         020 10 0.0015 0.0052 0.0007 0.9918 0.0008 
         021 10 0.0003 0.0027 0.0003 0.9961 0.0006 
         022 10 0.0007 0.0002 0.0004 0.9984 0.0003 
         023 10 0.0007 0.0004 0.0006 0.9981 0.0003 
         024 10 0.0023 0.0012 0.0002 0.9960 0.0003 
         026 10 0.0006 0.0005 0.0004 0.9981 0.0004 
        001s 11 0.0095 0.0015 0.0008 0.8992 0.0890 
        002s 11 0.0011 0.0031 0.0055 0.9897 0.0006 
        003s 11 0.0005 0.0011 0.0003 0.9931 0.0049 
        004s 11 0.0013 0.0002 0.0015 0.9967 0.0003 
        005s 11 0.0005 0.0053 0.0004 0.9923 0.0015 
        006s 11 0.0020 0.0016 0.0086 0.9866 0.0012 
        007s 11 0.0008 0.0022 0.0340 0.9555 0.0076 
        008s 11 0.0005 0.0005 0.0004 0.9982 0.0004 
        009s 11 0.0004 0.0140 0.0003 0.9849 0.0003 
        010s 11 0.0009 0.0006 0.0002 0.9971 0.0012 
        011s 11 0.0064 0.0003 0.0056 0.8801 0.1076 
        012s 11 0.0003 0.0006 0.0002 0.8882 0.1107 
        013s 11 0.0009 0.0002 0.0006 0.9974 0.0009 
        014s 11 0.0008 0.0009 0.0063 0.9881 0.0040 
        015s 11 0.0047 0.0016 0.0013 0.9902 0.0022 
        016s 11 0.0595 0.0059 0.0004 0.8942 0.0400 
        017s 11 0.0017 0.0007 0.0005 0.9076 0.0896 
        018s 11 0.0008 0.0015 0.0009 0.9914 0.0055 
        019s 11 0.0226 0.0002 0.0009 0.9758 0.0005 
        020s 11 0.0015 0.0018 0.0007 0.9946 0.0014 
        021s 11 0.0012 0.0004 0.0004 0.9975 0.0004 
        022s 11 0.0006 0.0010 0.0316 0.9654 0.0015 
        023s 11 0.0136 0.0003 0.0002 0.9368 0.0491 
        025s 11 0.0011 0.0002 0.0003 0.9982 0.0003 
        026s 11 0.0531 0.0006 0.0005 0.9174 0.0284 
        027s 11 0.0004 0.0003 0.0021 0.9963 0.0008 
        028s 11 0.0010 0.0002 0.0007 0.9916 0.0065 
        029s 11 0.0003 0.0011 0.0004 0.9437 0.0546 
        030s 11 0.0013 0.0011 0.0013 0.9516 0.0446 
        031s 11 0.0003 0.0008 0.0009 0.9977 0.0003 
        032s 11 0.0029 0.0007 0.0003 0.9955 0.0007 
        033s 11 0.0008 0.0013 0.0005 0.9938 0.0037 
        034s 11 0.0003 0.0003 0.0018 0.9966 0.0010 
        035s 11 0.0004 0.0012 0.0012 0.9949 0.0023 
        036s 11 0.0004 0.0014 0.0019 0.9837 0.0126 
        037s 11 0.0012 0.0010 0.0003 0.9950 0.0024 
        038s 11 0.0005 0.0006 0.0005 0.9966 0.0017 
        039s 11 0.0009 0.0004 0.0002 0.9973 0.0012 
        040s 11 0.0007 0.0005 0.0010 0.9258 0.0720 
        041s 11 0.0035 0.0208 0.0012 0.9737 0.0008 
        042s 11 0.0075 0.0006 0.0006 0.9906 0.0007 
        043s 11 0.0233 0.0004 0.0005 0.9415 0.0342 
        044s 11 0.0044 0.0008 0.0045 0.9899 0.0004 
        045s 11 0.0082 0.0004 0.0021 0.9891 0.0003 
        046s 11 0.0331 0.0006 0.0012 0.9440 0.0211 
        047s 11 0.0012 0.0006 0.0015 0.9959 0.0007 
        048s 11 0.0410 0.0011 0.0019 0.9522 0.0037 
        049s 11 0.0011 0.0009 0.0005 0.9966 0.0010 
        050s 11 0.0010 0.0003 0.0010 0.9974 0.0003 
        051s 11 0.0537 0.0003 0.0187 0.9270 0.0002 
        052s 11 0.0017 0.0011 0.0029 0.9927 0.0016 
        053s 11 0.0008 0.0014 0.0004 0.9971 0.0003 
        054s 11 0.0006 0.0004 0.0054 0.9929 0.0008 
        055s 11 0.0004 0.0005 0.0008 0.9310 0.0673 
        001s 12 0.0009 0.0009 0.0041 0.9929 0.0013 
        002s 12 0.0010 0.0024 0.0004 0.9952 0.0009 
        003s 12 0.0003 0.0006 0.0005 0.9982 0.0004 
        004s 12 0.0052 0.0024 0.0005 0.9399 0.0520 
        005s 12 0.0008 0.0009 0.0004 0.9975 0.0004 
        006s 12 0.0011 0.0006 0.0024 0.9656 0.0303 
        007s 12 0.0014 0.0037 0.0010 0.9930 0.0009 
        008s 12 0.0005 0.0005 0.0010 0.9889 0.0090 
        009s 12 0.0028 0.0181 0.0011 0.9592 0.0188 
        010s 12 0.0006 0.0010 0.0348 0.9573 0.0064 
        011s 12 0.0007 0.0009 0.0020 0.9954 0.0011 
        012s 12 0.0042 0.0004 0.0046 0.9900 0.0008 
        013s 12 0.0393 0.0007 0.0003 0.9588 0.0008 
        014s 12 0.0435 0.0025 0.0356 0.9154 0.0030 
        015s 12 0.0012 0.0018 0.0006 0.9930 0.0034 
        016s 12 0.0048 0.0004 0.0005 0.9939 0.0005 
        017s 12 0.0008 0.0003 0.0008 0.9952 0.0029 
        018s 12 0.0014 0.0023 0.0002 0.9943 0.0017 
        019s 12 0.0003 0.0025 0.0003 0.9925 0.0044 
        020s 12 0.0009 0.0002 0.0003 0.9173 0.0813 
        021s 12 0.0016 0.0004 0.0005 0.9949 0.0026 
        022s 12 0.0063 0.0029 0.0006 0.9488 0.0413 
        023s 12 0.0007 0.0007 0.0002 0.9979 0.0004 
        024s 12 0.0005 0.0003 0.0003 0.9982 0.0008 
        025s 12 0.0012 0.0049 0.0028 0.9888 0.0023 
        026s 12 0.0008 0.0137 0.0007 0.9629 0.0219 
        027s 12 0.0005 0.0003 0.0008 0.9959 0.0025 
        028s 12 0.0025 0.0099 0.0003 0.9861 0.0013 
        029s 12 0.0008 0.0003 0.0005 0.9978 0.0005 
        030s 12 0.0005 0.0003 0.0011 0.9973 0.0008 
        031s 12 0.0020 0.0010 0.0008 0.9926 0.0036 
        032s 12 0.0007 0.0065 0.0004 0.9920 0.0004 
        033s 12 0.0005 0.0005 0.0065 0.9918 0.0008 
        034s 12 0.0004 0.0005 0.0002 0.9985 0.0004 
        035s 12 0.0004 0.0005 0.0008 0.9849 0.0134 
        036s 12 0.0008 0.0021 0.0078 0.9864 0.0029 
        037s 12 0.0007 0.0007 0.0002 0.9975 0.0008 
        001s 13 0.0026 0.0009 0.0007 0.9878 0.0080 
        002s 13 0.0004 0.0004 0.0006 0.9103 0.0883 
        003s 13 0.0012 0.0008 0.0003 0.9970 0.0008 
        004s 13 0.0027 0.0103 0.0003 0.9862 0.0005 
        005s 13 0.0018 0.0027 0.0045 0.9874 0.0036 
        006s 13 0.0005 0.0010 0.0012 0.9966 0.0008 
        007s 13 0.0012 0.0003 0.0312 0.9667 0.0007 
        008s 13 0.0004 0.0018 0.0012 0.9366 0.0600 
        009s 13 0.0008 0.0090 0.0013 0.8600 0.1289 
        010s 13 0.0013 0.0015 0.0010 0.9265 0.0697 
        011s 13 0.0025 0.0062 0.0245 0.9612 0.0056 
        012s 13 0.0179 0.0016 0.0012 0.9302 0.0491 
        013s 13 0.0064 0.0008 0.0117 0.9627 0.0184 
        014s 13 0.0018 0.0008 0.0369 0.9598 0.0007 
        015s 13 0.0069 0.0112 0.0003 0.9775 0.0042 
        016s 13 0.0011 0.0006 0.0004 0.9977 0.0003 
        017s 13 0.0004 0.0033 0.0127 0.9707 0.0129 
        018s 13 0.0009 0.0006 0.0003 0.9978 0.0005 
        019s 13 0.0009 0.0003 0.0013 0.9969 0.0005 
        020s 13 0.0003 0.0014 0.0028 0.9939 0.0015 
        021s 13 0.0014 0.0004 0.0003 0.9972 0.0007 
        022s 13 0.0008 0.0005 0.0006 0.9969 0.0013 
        023s 13 0.0003 0.0005 0.0003 0.9979 0.0010 
        024s 13 0.0331 0.0007 0.0028 0.9459 0.0175 
        025s 13 0.0020 0.0008 0.0006 0.9957 0.0009 
        026s 13 0.0073 0.0003 0.0040 0.8973 0.0910 
        027s 13 0.0014 0.0041 0.0013 0.9466 0.0466 
        028s 13 0.0027 0.0080 0.0099 0.9717 0.0076 
        029s 13 0.0011 0.0005 0.0010 0.9809 0.0166 
        030s 13 0.0239 0.0004 0.0003 0.9046 0.0708 
        031s 13 0.1025 0.0010 0.0009 0.8919 0.0037 
        032s 13 0.0003 0.0004 0.0024 0.9964 0.0006 
        033s 13 0.0008 0.0004 0.0348 0.9613 0.0027 
        034s 13 0.0007 0.0019 0.0022 0.9449 0.0503 
        035s 13 0.0034 0.0013 0.0006 0.9941 0.0005 
        036s 13 0.0004 0.0004 0.0005 0.9964 0.0023 
        037s 13 0.0015 0.0006 0.0004 0.9971 0.0004 
        038s 13 0.0009 0.0010 0.0014 0.9957 0.0009 
        039s 13 0.0766 0.0011 0.0006 0.8217 0.1000 
        040s 13 0.0011 0.0003 0.0008 0.9968 0.0010 
        041s 13 0.0021 0.0005 0.0042 0.9385 0.0547 
        042s 13 0.0008 0.0007 0.0009 0.9971 0.0005 
        001s 14 0.0007 0.0017 0.0006 0.9669 0.0300 
        002s 14 0.0007 0.0025 0.0029 0.9301 0.0638 
        003s 14 0.0010 0.0005 0.0004 0.9974 0.0007 
        004s 14 0.0039 0.0006 0.0055 0.9828 0.0073 
        005s 14 0.0006 0.0005 0.0002 0.9985 0.0002 
        006s 14 0.0004 0.0005 0.0004 0.9983 0.0004 
        007s 14 0.0014 0.0004 0.0007 0.9968 0.0007 
        008s 14 0.0009 0.0167 0.0014 0.8821 0.0990 
        009s 14 0.0008 0.0050 0.0007 0.9920 0.0015 
        010s 14 0.0015 0.0145 0.0004 0.9291 0.0545 
        011s 14 0.0006 0.0007 0.0314 0.9615 0.0059 
        012s 14 0.0015 0.0019 0.0015 0.9944 0.0007 
        013s 14 0.0044 0.0005 0.0022 0.9921 0.0007 
        014s 14 0.0007 0.0079 0.0005 0.9565 0.0345 
        015s 14 0.0021 0.0072 0.0005 0.9896 0.0006 
        016s 14 0.0110 0.0006 0.0003 0.9872 0.0009 
        017s 14 0.0006 0.0007 0.0097 0.9350 0.0541 
        018s 14 0.0008 0.0009 0.0005 0.9969 0.0008 
        019s 14 0.0007 0.0003 0.0015 0.9963 0.0012 
        020s 14 0.0012 0.0053 0.0002 0.9923 0.0010 
        021s 14 0.0004 0.0091 0.0002 0.9837 0.0066 
        022s 14 0.0013 0.0020 0.0022 0.9904 0.0040 
        023s 14 0.0026 0.0019 0.0009 0.9910 0.0037 
        024s 14 0.0012 0.0016 0.0013 0.9367 0.0592 
        025s 14 0.0003 0.0003 0.0002 0.9388 0.0604 
        026s 14 0.0009 0.0015 0.0002 0.9968 0.0006 
        027s 14 0.0033 0.0006 0.0006 0.9933 0.0022 
        028s 14 0.0007 0.0022 0.0018 0.9947 0.0006 
        029s 14 0.0010 0.0005 0.0002 0.9979 0.0003 
        030s 14 0.0004 0.0006 0.0104 0.9877 0.0009 
        031s 14 0.0012 0.0006 0.0143 0.9834 0.0005 
        032s 14 0.0018 0.0003 0.0008 0.9964 0.0006 
        033s 14 0.0008 0.0005 0.0514 0.9467 0.0006 
        034s 14 0.0007 0.0004 0.0003 0.9983 0.0003 
        035s 14 0.0008 0.0003 0.0822 0.8424 0.0742 
        036s 14 0.0033 0.0018 0.0336 0.8858 0.0755 
        037s 14 0.0023 0.0007 0.0003 0.9956 0.0010 
        038s 14 0.0004 0.0005 0.0004 0.9980 0.0007 
        039s 14 0.0051 0.0030 0.0014 0.9884 0.0020 
        040s 14 0.0008 0.0004 0.0006 0.9872 0.0111 
        041s 14 0.0006 0.0005 0.0010 0.9972 0.0007 
        042s 14 0.0008 0.0007 0.0004 0.9234 0.0746 
        001s 15 0.0012 0.0009 0.0003 0.9966 0.0009 
        002s 15 0.0134 0.0066 0.0030 0.8841 0.0930 
        003s 15 0.0064 0.0011 0.0005 0.9825 0.0094 
        004s 15 0.0002 0.0098 0.0004 0.9892 0.0004 
        005s 15 0.0056 0.0007 0.0021 0.9795 0.0121 
        006s 15 0.0009 0.0005 0.0010 0.9844 0.0132 
        007s 15 0.0004 0.0010 0.0004 0.9979 0.0003 
        008s 15 0.0005 0.0007 0.0004 0.9980 0.0004 
        009s 15 0.0376 0.0006 0.0045 0.9286 0.0287 
        010s 15 0.0013 0.0003 0.0004 0.9974 0.0007 
        011s 15 0.0015 0.0004 0.0624 0.9348 0.0009 
        012s 15 0.0015 0.0012 0.0014 0.9935 0.0024 
        013s 15 0.0008 0.0030 0.0003 0.9950 0.0008 
        014s 15 0.0052 0.0038 0.0008 0.9890 0.0012 
        015s 15 0.0068 0.0006 0.0023 0.9139 0.0763 
        016s 15 0.0003 0.0320 0.0653 0.8982 0.0043 
        017s 15 0.0017 0.0129 0.0006 0.9833 0.0016 
        018s 15 0.0005 0.0018 0.0001 0.9947 0.0029 
        019s 15 0.0047 0.0007 0.0004 0.9876 0.0067 
        020s 15 0.0005 0.0005 0.0005 0.9979 0.0006 
        021s 15 0.0043 0.0017 0.0008 0.9154 0.0777 
        022s 15 0.0004 0.0005 0.0016 0.9967 0.0008 
        023s 15 0.0008 0.0005 0.0019 0.9726 0.0241 
        024s 15 0.0009 0.0003 0.0013 0.9964 0.0011 
        025s 15 0.0283 0.0010 0.0011 0.9646 0.0050 
        026s 15 0.0214 0.0024 0.0008 0.9746 0.0008 
        027s 15 0.0006 0.0121 0.0065 0.9783 0.0025 
        028s 15 0.0010 0.0023 0.0014 0.9950 0.0003 
        029s 15 0.0013 0.0012 0.0009 0.9961 0.0006 
        030s 15 0.0005 0.0014 0.0003 0.9973 0.0004 
        031s 15 0.0038 0.0007 0.0011 0.9292 0.0653 
        032s 15 0.0014 0.0008 0.0002 0.9972 0.0004 
        033s 15 0.0003 0.0006 0.0007 0.9386 0.0598 
        035s 15 0.0007 0.0019 0.0019 0.9934 0.0021 
        036s 15 0.0032 0.0002 0.0013 0.9943 0.0010 
        037s 15 0.0011 0.0004 0.0085 0.9893 0.0007 
        038s 15 0.0003 0.0009 0.0009 0.9946 0.0034 
        039s 15 0.0003 0.0005 0.0004 0.9202 0.0787 
        040s 15 0.0006 0.0017 0.0020 0.9921 0.0035 
        041s 15 0.0020 0.0004 0.0048 0.9216 0.0711 
        042s 15 0.0006 0.0034 0.0004 0.9913 0.0044 
        043s 15 0.0017 0.0002 0.0012 0.9875 0.0093 
        044s 15 0.0005 0.0010 0.0005 0.9934 0.0045 
        045s 15 0.0780 0.0011 0.0394 0.8808 0.0007 
        046s 15 0.0013 0.0004 0.0051 0.9748 0.0184 
        047s 15 0.0004 0.0004 0.0021 0.9693 0.0278 
        048s 15 0.0156 0.0006 0.0008 0.9825 0.0005 
        049s 15 0.0006 0.0004 0.0012 0.9874 0.0104 
        050s 15 0.0016 0.0145 0.0006 0.8507 0.1327 
         001 16 0.0006 0.0047 0.0140 0.8126 0.1682 
         002 16 0.0005 0.0004 0.0005 0.9536 0.0450 
         003 16 0.0021 0.0033 0.0045 0.9871 0.0030 
         004 16 0.0013 0.0005 0.0007 0.9967 0.0008 
         005 16 0.0272 0.0020 0.0048 0.9188 0.0473 
         006 16 0.0152 0.0006 0.0012 0.9698 0.0132 
         007 16 0.0012 0.0009 0.0007 0.9941 0.0030 
         008 16 0.0003 0.0010 0.0042 0.8503 0.1442 
         009 16 0.0004 0.0009 0.0002 0.9957 0.0028 
         010 16 0.0012 0.0006 0.0004 0.9717 0.0262 
         011 16 0.0020 0.0005 0.0013 0.9900 0.0062 
         012 16 0.0009 0.0010 0.0020 0.9955 0.0006 
         013 16 0.0006 0.0006 0.0007 0.9978 0.0004 
         014 16 0.0004 0.0011 0.0012 0.9648 0.0326 
         015 16 0.3691 0.0012 0.0019 0.6275 0.0004 
         016 16 0.0144 0.0044 0.0002 0.9792 0.0018 
         017 16 0.0009 0.0006 0.0068 0.9857 0.0058 
         018 16 0.0268 0.0067 0.0022 0.9282 0.0362 
         019 16 0.0004 0.0008 0.0050 0.9323 0.0615 
         020 16 0.0005 0.0009 0.0006 0.9978 0.0003 
         021 16 0.0008 0.0021 0.0341 0.8689 0.0940 
         022 16 0.0018 0.0011 0.0002 0.9664 0.0305 
         023 16 0.0086 0.0005 0.0005 0.9570 0.0334 
         024 16 0.0269 0.0014 0.0004 0.9645 0.0068 
         025 16 0.0027 0.0009 0.0131 0.9410 0.0424 
         026 16 0.0035 0.0004 0.0011 0.8880 0.1070 
         027 16 0.0011 0.0098 0.0004 0.9755 0.0133 
         028 16 0.0002 0.0170 0.0250 0.8121 0.1456 
         029 16 0.0010 0.0012 0.0376 0.9584 0.0018 
         030 16 0.0003 0.0004 0.0058 0.9929 0.0006 
         031 16 0.0005 0.0128 0.0006 0.9850 0.0011 
         032 16 0.0047 0.0010 0.0010 0.9050 0.0883 
         033 16 0.0003 0.0003 0.0007 0.9983 0.0004 
         034 16 0.0011 0.0003 0.0023 0.9935 0.0029 
         035 16 0.0002 0.0005 0.0006 0.9986 0.0002 
         036 16 0.0020 0.0015 0.0004 0.9956 0.0005 
         037 16 0.0037 0.0008 0.0126 0.9620 0.0209 
         038 16 0.0059 0.0012 0.0007 0.9901 0.0021 
         039 16 0.0006 0.0009 0.0004 0.9961 0.0020 
         040 16 0.0015 0.0003 0.0012 0.9961 0.0008 
         041 16 0.0012 0.0002 0.0008 0.9972 0.0006 
         042 16 0.0005 0.0016 0.0006 0.9962 0.0010 
         043 16 0.0010 0.0011 0.0004 0.9968 0.0007 
         044 16 0.0010 0.0017 0.0008 0.9904 0.0061 
         045 16 0.0002 0.0025 0.0070 0.9884 0.0020 
         047 16 0.0009 0.0062 0.0383 0.9531 0.0015 
         048 16 0.0007 0.0007 0.0033 0.9939 0.0014 
         049 16 0.0028 0.0005 0.0022 0.9941 0.0005 
         050 16 0.0004 0.0004 0.0007 0.9982 0.0003 
         051 16 0.0005 0.0016 0.0019 0.9952 0.0009 
         052 16 0.0008 0.0004 0.0004 0.9982 0.0002 
         053 16 0.0005 0.0009 0.0007 0.9976 0.0003 
         054 16 0.0004 0.0006 0.0007 0.9320 0.0662 
         055 16 0.0003 0.0004 0.0541 0.9410 0.0041 
         056 16 0.0077 0.0006 0.0003 0.9897 0.0017 
         057 16 0.0002 0.0002 0.0005 0.9082 0.0909 
         058 16 0.0136 0.0002 0.0046 0.8883 0.0932 
         059 16 0.0865 0.0041 0.0081 0.8144 0.0869 
         060 16 0.0101 0.0013 0.0008 0.9854 0.0024 
         061 16 0.0017 0.0005 0.0006 0.9957 0.0015 
         062 16 0.0003 0.0013 0.0073 0.9902 0.0008 
         063 16 0.0006 0.0005 0.0005 0.9954 0.0030 
         064 16 0.0017 0.0004 0.0005 0.9971 0.0003 
         065 16 0.0027 0.0014 0.0022 0.9928 0.0009 
         066 16 0.0006 0.0009 0.0004 0.9977 0.0004 
         067 16 0.0774 0.0008 0.0031 0.9184 0.0004 
         068 16 0.0292 0.0006 0.0010 0.9653 0.0040 
         069 16 0.0004 0.0050 0.0005 0.9935 0.0006 
         070 16 0.0006 0.0021 0.0006 0.9913 0.0054 
         071 16 0.0004 0.0003 0.0098 0.9137 0.0759 
         072 16 0.0010 0.0008 0.0007 0.9929 0.0046 
         073 16 0.0003 0.0007 0.0024 0.9954 0.0012 
         074 16 0.0003 0.0004 0.0006 0.9985 0.0002 
         075 16 0.0007 0.0006 0.0042 0.9739 0.0206 
         076 16 0.0004 0.0007 0.0006 0.9973 0.0010 
         077 16 0.0589 0.0347 0.0026 0.8901 0.0137 
         078 16 0.0019 0.0007 0.0003 0.9682 0.0289 
         079 16 0.0010 0.0025 0.0036 0.9039 0.0889 
         080 16 0.0013 0.0004 0.0002 0.9945 0.0036 
         081 16 0.0005 0.0007 0.0345 0.9592 0.0051 
         082 16 0.0003 0.0005 0.0111 0.9748 0.0133 
         083 16 0.0013 0.0007 0.0013 0.9963 0.0005 
         084 16 0.0009 0.0023 0.0015 0.9939 0.0014 
         085 16 0.0089 0.0014 0.0005 0.9880 0.0012 
         086 16 0.0004 0.0004 0.0048 0.8867 0.1076 
         087 16 0.0003 0.0015 0.0021 0.9800 0.0161 
         088 16 0.0027 0.0007 0.0002 0.9955 0.0009 
         089 16 0.0008 0.0009 0.0084 0.9892 0.0006 
         090 16 0.0004 0.0018 0.0005 0.9926 0.0047 
         091 16 0.0006 0.0008 0.0013 0.9965 0.0008 
         092 16 0.0010 0.0005 0.0006 0.9604 0.0375 
         093 16 0.0004 0.0020 0.0005 0.9959 0.0012 
         094 16 0.0407 0.0059 0.0007 0.9492 0.0035 
         095 16 0.0004 0.0013 0.0002 0.9976 0.0006 
         096 16 0.0044 0.0005 0.0266 0.9676 0.0009 
         097 16 0.0058 0.0024 0.0862 0.8968 0.0089 
         098 16 0.0037 0.0085 0.0005 0.9862 0.0010 
         099 16 0.0055 0.0008 0.0003 0.9931 0.0003 
         100 16 0.0015 0.0006 0.0003 0.9969 0.0007 
         101 16 0.0059 0.0005 0.0004 0.9559 0.0374 
         102 16 0.0012 0.0004 0.0013 0.9960 0.0011 
         103 16 0.0023 0.0039 0.0017 0.9910 0.0011 
         104 16 0.0030 0.0004 0.0005 0.9935 0.0026 
         105 16 0.0019 0.0047 0.0253 0.8887 0.0794 
         106 16 0.0025 0.0004 0.0003 0.9949 0.0019 
         107 16 0.0042 0.0477 0.0003 0.9351 0.0128 
         108 16 0.1652 0.0685 0.0011 0.6441 0.1212 
         109 16 0.0005 0.0004 0.0036 0.9820 0.0135 
         110 16 0.0012 0.0003 0.0005 0.9977 0.0003 
         111 16 0.0010 0.0008 0.0005 0.9365 0.0612 
         112 16 0.0014 0.0009 0.0004 0.9511 0.0462 
         113 16 0.0006 0.0005 0.0044 0.9436 0.0508 
         114 16 0.0012 0.0040 0.0004 0.9824 0.0120 
         115 16 0.0007 0.0003 0.0009 0.9978 0.0002 
         116 16 0.0008 0.0004 0.0007 0.9850 0.0131 
         117 16 0.0009 0.0048 0.0040 0.9838 0.0066 
         118 16 0.0117 0.0008 0.0003 0.9818 0.0053 
         119 16 0.0011 0.0019 0.0008 0.9942 0.0021 
         120 16 0.0004 0.0009 0.0179 0.9802 0.0005 
         121 16 0.0323 0.0004 0.0071 0.9595 0.0007 
         122 16 0.0004 0.0003 0.0006 0.9984 0.0003 
         123 16 0.0004 0.0027 0.0008 0.9921 0.0039 
         124 16 0.0016 0.0004 0.0007 0.9887 0.0087 
         126 16 0.0014 0.0035 0.0007 0.8323 0.1621 
         001 17 0.0006 0.0104 0.0023 0.9861 0.0005 
         002 17 0.0004 0.0004 0.0003 0.9959 0.0029 
         003 17 0.0005 0.0007 0.0004 0.9980 0.0005 
         005 17 0.0003 0.0196 0.0007 0.9791 0.0002 
         006 17 0.0004 0.0010 0.0501 0.9471 0.0013 
         007 17 0.0167 0.0028 0.0115 0.8487 0.1204 
         008 17 0.0004 0.0005 0.0087 0.8810 0.1095 
         009 17 0.0004 0.0007 0.0003 0.9983 0.0002 
         010 17 0.0007 0.0008 0.0009 0.9968 0.0007 
         011 17 0.3781 0.0016 0.0017 0.4830 0.1355 
         012 17 0.0012 0.0007 0.0003 0.9939 0.0039 
         013 17 0.0003 0.0008 0.0003 0.9982 0.0004 
         014 17 0.0003 0.0011 0.0004 0.9978 0.0005 
         015 17 0.0003 0.0006 0.0036 0.9947 0.0008 
         016 17 0.0005 0.0005 0.0006 0.9976 0.0008 
         017 17 0.0009 0.0009 0.0021 0.9950 0.0012 
         018 17 0.0005 0.0233 0.0010 0.9444 0.0308 
         019 17 0.0011 0.0006 0.0001 0.9975 0.0007 
         020 17 0.0008 0.0003 0.0007 0.9974 0.0009 
         021 17 0.0011 0.0005 0.0010 0.9972 0.0003 
         022 17 0.0012 0.0077 0.0070 0.9498 0.0343 
         023 17 0.0004 0.0017 0.0004 0.9880 0.0095 
         024 17 0.0062 0.0018 0.0414 0.9345 0.0161 
         025 17 0.0002 0.0003 0.0004 0.9986 0.0004 
         002 18 0.0023 0.0046 0.0006 0.9923 0.0002 
         003 18 0.0013 0.0005 0.0002 0.9978 0.0003 
         004 18 0.0008 0.0035 0.0004 0.9368 0.0586 
         005 18 0.0375 0.0006 0.0004 0.9571 0.0045 
         006 18 0.0008 0.0004 0.0002 0.9982 0.0004 
         007 18 0.0003 0.0025 0.0035 0.9924 0.0012 
         008 18 0.0022 0.0003 0.0009 0.9964 0.0002 
         009 18 0.0020 0.0009 0.0040 0.9848 0.0083 
         010 18 0.0079 0.0026 0.0019 0.9873 0.0004 
         011 18 0.0019 0.0017 0.0005 0.9952 0.0006 
         012 18 0.0024 0.0005 0.0006 0.9788 0.0177 
         015 18 0.0015 0.0003 0.0007 0.9960 0.0015 
         016 18 0.0003 0.0004 0.0029 0.9945 0.0020 
         018 18 0.0055 0.0066 0.0005 0.9871 0.0003 
         026 18 0.0007 0.0021 0.0130 0.9838 0.0004 
         027 18 0.0011 0.0021 0.0004 0.9961 0.0002 
         028 18 0.0003 0.0300 0.0005 0.9677 0.0015 
         029 18 0.0004 0.0006 0.0005 0.9972 0.0013 
         031 18 0.0771 0.0332 0.0029 0.8182 0.0686 
         032 18 0.0003 0.0013 0.0005 0.9976 0.0003 
         033 18 0.0007 0.0014 0.0003 0.9965 0.0010 
         035 18 0.0005 0.0005 0.0004 0.9970 0.0017 
         036 18 0.0084 0.0008 0.0005 0.9898 0.0005 
         037 18 0.0108 0.0140 0.0151 0.9590 0.0011 
         038 18 0.0022 0.0505 0.0135 0.9319 0.0019 
         039 18 0.0009 0.0004 0.0004 0.9978 0.0005 
         044 18 0.0008 0.0007 0.0065 0.8735 0.1185 
         046 18 0.0342 0.0055 0.0003 0.9574 0.0027 
         049 18 0.0003 0.0012 0.0004 0.9976 0.0005 
         053 18 0.0006 0.0011 0.0006 0.9950 0.0026 
         054 18 0.0008 0.0009 0.0099 0.9871 0.0013 
         056 18 0.0017 0.0016 0.0003 0.9299 0.0665 
         057 18 0.0029 0.0007 0.0039 0.9922 0.0003 
         058 18 0.0033 0.0042 0.0005 0.9908 0.0012 
        001s 19 0.0009 0.0006 0.0010 0.9279 0.0697 
        002s 19 0.0009 0.0009 0.0004 0.9915 0.0063 
        003s 19 0.0005 0.0004 0.0004 0.9723 0.0264 
        004s 19 0.0252 0.0054 0.0012 0.9670 0.0013 
        005s 19 0.0756 0.0039 0.0228 0.8919 0.0059 
        006s 19 0.0018 0.0014 0.0014 0.9942 0.0012 
        007s 19 0.0164 0.0004 0.0153 0.9657 0.0022 
        008s 19 0.0131 0.0010 0.0026 0.9437 0.0396 
        009s 19 0.0020 0.0006 0.0006 0.9957 0.0011 
        010s 19 0.0005 0.0147 0.0044 0.9780 0.0024 
        011s 19 0.0009 0.0040 0.0038 0.9908 0.0005 
        012s 19 0.0004 0.0014 0.0019 0.9945 0.0018 
        013s 19 0.0005 0.0007 0.0063 0.9895 0.0030 
        014s 19 0.0179 0.0006 0.0088 0.9118 0.0608 
        015s 19 0.0004 0.0005 0.0024 0.9962 0.0004 
        016s 19 0.0446 0.0146 0.0015 0.9381 0.0012 
        017s 19 0.0046 0.0017 0.0007 0.9318 0.0613 
        018s 19 0.0027 0.0013 0.0007 0.9938 0.0014 
        019s 19 0.0014 0.0007 0.0038 0.9084 0.0857 
        020s 19 0.0016 0.0006 0.0034 0.9231 0.0713 
        021s 19 0.0004 0.0014 0.0012 0.9926 0.0044 
        022s 19 0.0005 0.0012 0.0009 0.9797 0.0177 
        023s 19 0.0025 0.0025 0.0039 0.9906 0.0006 
        024s 19 0.0024 0.0026 0.0003 0.9943 0.0004 
        025s 19 0.0038 0.0006 0.0002 0.8656 0.1298 
        026s 19 0.0044 0.0030 0.0032 0.9850 0.0044 
        027s 19 0.0008 0.0005 0.0005 0.9953 0.0029 
        028s 19 0.0003 0.0006 0.0011 0.9927 0.0052 
        029s 19 0.0005 0.0014 0.0012 0.9967 0.0002 
        030s 19 0.0007 0.0040 0.0015 0.9920 0.0019 
        031s 19 0.0008 0.0003 0.0013 0.9956 0.0019 
        032s 19 0.0003 0.0004 0.0011 0.9977 0.0005 
        033s 19 0.0058 0.0012 0.0010 0.9918 0.0002 
        034s 19 0.0014 0.0003 0.0008 0.9969 0.0006 
        035s 19 0.0038 0.0027 0.0019 0.9754 0.0161 
        036s 19 0.0019 0.0003 0.0011 0.9963 0.0004 
        037s 19 0.0003 0.0010 0.0004 0.9978 0.0005 
        038s 19 0.0016 0.0016 0.0014 0.9942 0.0012 
        039s 19 0.0004 0.0006 0.0005 0.9980 0.0006 
        040s 19 0.0004 0.0004 0.0242 0.9744 0.0006 
        041s 19 0.0006 0.0003 0.0007 0.9980 0.0003 
        042s 19 0.0134 0.0086 0.0008 0.9727 0.0045 
        043s 19 0.0005 0.0024 0.0017 0.9588 0.0367 
        044s 19 0.0013 0.0009 0.0005 0.9969 0.0004 
        045s 19 0.0012 0.0012 0.0002 0.9969 0.0005 
        046s 19 0.0044 0.0011 0.0012 0.9916 0.0017 
        047s 19 0.0004 0.0005 0.0089 0.9898 0.0005 
        048s 19 0.0007 0.0009 0.0044 0.9042 0.0899 
        049s 19 0.0078 0.0005 0.0066 0.9782 0.0069 
        050s 19 0.0005 0.0004 0.0002 0.9972 0.0017 
        051s 19 0.0093 0.0011 0.0425 0.9400 0.0071 
        052s 19 0.0008 0.0013 0.0007 0.9962 0.0011 
      LIW2-4 20 0.0022 0.0019 0.0018 0.9934 0.0007 
     LIW2-12 21 0.0785 0.0136 0.0004 0.9066 0.0010 
     LIW2-20 22 0.0008 0.0047 0.0005 0.9924 0.0017 
     LIW2-28 23 0.0622 0.0019 0.0010 0.8839 0.0510 
      LIW1-5 24 0.0029 0.0015 0.0005 0.9943 0.0008 
     LIW1-13 25 0.0153 0.0006 0.0076 0.9194 0.0572 
     LIW1-21 26 0.0304 0.0088 0.0003 0.9502 0.0103 
     LIW1-29 27 0.0165 0.0027 0.0039 0.9636 0.0133 
      LIW2-5 28 0.0021 0.0074 0.0007 0.9894 0.0005 
     LIW2-34 29 0.0034 0.0068 0.0009 0.9886 0.0003 
     LIW2-21 30 0.0091 0.0023 0.0005 0.8847 0.1034 
     LIW2-29 31 0.0013 0.0029 0.0054 0.8061 0.1844 
      LIW1-6 32 0.0027 0.0009 0.0005 0.9954 0.0005 
     LIW1-14 33 0.0004 0.0355 0.0009 0.9017 0.0616 
     LIW1-22 34 0.0056 0.0295 0.0005 0.9639 0.0005 
     LIW1-30 35 0.0031 0.0014 0.0003 0.9940 0.0013 
      LIW2-6 36 0.0249 0.0039 0.0103 0.9594 0.0016 
     LIW2-14 37 0.0048 0.0003 0.0004 0.9913 0.0032 
     LIW2-22 38 0.0799 0.0007 0.0004 0.8453 0.0737 
     LIW2-30 39 0.0040 0.0436 0.0002 0.9516 0.0006 
      LIW1-7 40 0.0536 0.0099 0.0016 0.9038 0.0310 
     LIW1-15 41 0.0104 0.0048 0.0004 0.9841 0.0003 
     LIW1-23 42 0.0047 0.0024 0.0013 0.9873 0.0043 
     LIW1-31 43 0.0053 0.0034 0.0009 0.9879 0.0024 
      LIW2-7 44 0.0011 0.0072 0.0011 0.9048 0.0858 
     LIW2-15 45 0.0035 0.0554 0.0002 0.9401 0.0008 
     LIW2-23 46 0.0889 0.0006 0.0072 0.9030 0.0002 
      LIW1-8 47 0.0023 0.0012 0.0009 0.9952 0.0004 
     LIW1-16 48 0.0017 0.0010 0.0014 0.9956 0.0003 
      LIW2-8 49 0.0026 0.0028 0.0005 0.9936 0.0005 
     LIW2-16 50 0.0108 0.0040 0.0231 0.6478 0.3143 
     LIW2-24 51 0.0088 0.0024 0.0170 0.7950 0.1768 
     LIW2-32 52 0.0539 0.0076 0.0037 0.9306 0.0042 
     LIW1-47 53 0.0147 0.0020 0.0028 0.9764 0.0041 
      UMFS-1 54 0.0001 0.9992 0.0002 0.0003 0.0002 
     UMFS-19 55 0.0001 0.9994 0.0001 0.0001 0.0002 
     UMFS-31 56 0.0010 0.8080 0.0002 0.1906 0.0002 
      UMFS-2 57 0.0002 0.9362 0.0002 0.0633 0.0002 
     UMFS-10 58 0.0003 0.8914 0.0004 0.1077 0.0001 
     UMFS-20 59 0.0004 0.8429 0.0005 0.1524 0.0038 
     UMFS-32 60 0.0001 0.9987 0.0004 0.0005 0.0004 
      UMFS-3 61 0.0001 0.9997 0.0001 0.0001 0.0001 
     UMFS-11 62 0.0037 0.0004 0.1594 0.5602 0.2763 
     UMFS-21 63 0.0076 0.9349 0.0006 0.0361 0.0208 
     UMFS-33 64 0.0000 0.9998 0.0000 0.0000 0.0000 
      UMFS-4 65 0.0000 0.9998 0.0000 0.0000 0.0000 
     UMFS-22 66 0.0010 0.9493 0.0020 0.0467 0.0010 
     UMFS-34 67 0.0800 0.5849 0.0022 0.3270 0.0059 
      UMFS-5 68 0.0008 0.9167 0.0029 0.0792 0.0004 
     UMFS-13 69 0.0018 0.9952 0.0007 0.0016 0.0007 
     UMFS-23 70 0.0008 0.7680 0.0011 0.2296 0.0006 
     UMFS-35 71 0.0001 0.9996 0.0001 0.0002 0.0001 
      UMFS-6 72 0.0001 0.9998 0.0000 0.0001 0.0001 
     UMFS-14 73 0.0000 0.9999 0.0000 0.0000 0.0000 
     UMFS-24 74 0.0002 0.7495 0.0005 0.2458 0.0039 
     UMFS-36 75 0.0000 0.9998 0.0000 0.0000 0.0000 
      UMFS-7 76 0.0963 0.0003 0.2828 0.3126 0.3080 
     UMFS-15 77 0.0000 0.9998 0.0001 0.0001 0.0001 
     UMFS-25 78 0.0003 0.7905 0.0033 0.2042 0.0017 
     UMFS-37 79 0.0000 0.9998 0.0001 0.0001 0.0001 
      UMFS-8 80 0.0012 0.9838 0.0007 0.0125 0.0018 
     UMFS-16 81 0.0001 0.9996 0.0001 0.0001 0.0001 
     UMFS-26 82 0.1339 0.4815 0.0017 0.3747 0.0082 
     UMFS-38 83 0.0001 0.9996 0.0001 0.0001 0.0001 
      NEH1-2 84 0.9748 0.0010 0.0015 0.0012 0.0215 
     NEH1-11 85 0.9531 0.0004 0.0006 0.0006 0.0453 
     NEH1-20 86 0.8788 0.0027 0.0005 0.1175 0.0005 
     NEH1-29 87 0.9984 0.0002 0.0002 0.0008 0.0004 
      NEH2-2 88 0.9992 0.0002 0.0002 0.0002 0.0003 
     NEH2-10 89 0.9942 0.0003 0.0003 0.0048 0.0003 
     NEH2-18 90 0.9974 0.0002 0.0002 0.0002 0.0020 
     NEH2-26 91 0.9961 0.0003 0.0002 0.0011 0.0022 
      NEH1-3 92 0.8450 0.0002 0.0007 0.1537 0.0005 
     NEH1-12 93 0.9491 0.0003 0.0485 0.0004 0.0017 
     NEH1-21 94 0.9395 0.0002 0.0262 0.0338 0.0003 
     NEH1-30 95 0.9217 0.0003 0.0003 0.0102 0.0676 
      NEH2-3 96 0.9995 0.0001 0.0002 0.0001 0.0001 
     NEH2-11 97 0.9765 0.0023 0.0003 0.0003 0.0206 
     NEH2-19 98 0.9933 0.0023 0.0007 0.0028 0.0009 
     NEH2-27 99 0.9997 0.0001 0.0001 0.0001 0.0001 
      NEH1-4 100 0.9983 0.0001 0.0001 0.0001 0.0013 
     NEH1-13 101 0.7687 0.0004 0.0017 0.2282 0.0009 
     NEH1-22 102 0.8000 0.0006 0.0007 0.1984 0.0003 
     NEH1-31 103 0.9980 0.0001 0.0001 0.0005 0.0012 
      NEH2-4 104 0.9938 0.0016 0.0003 0.0028 0.0015 
     NEH2-12 105 0.9380 0.0047 0.0006 0.0006 0.0562 
     NEH2-20 106 0.8039 0.0005 0.0002 0.1951 0.0003 
     NEH2-28 107 0.9917 0.0005 0.0060 0.0011 0.0007 
      NEH1-5 108 0.8578 0.0003 0.0002 0.1322 0.0095 
     NEH1-14 109 0.7638 0.0010 0.0101 0.1763 0.0489 
     NEH1-23 110 0.7705 0.0075 0.0002 0.2213 0.0004 
     NEH1-32 111 0.9964 0.0003 0.0017 0.0008 0.0009 
      NEH2-5 112 0.9994 0.0001 0.0001 0.0002 0.0002 
     NEH2-13 113 0.9836 0.0005 0.0010 0.0012 0.0137 
     NEH2-22 114 0.9981 0.0006 0.0004 0.0005 0.0005 
     NEH2-29 115 0.9578 0.0005 0.0005 0.0409 0.0003 
      NEH1-6 116 0.9994 0.0001 0.0002 0.0001 0.0001 
     NEH1-15 117 0.9583 0.0002 0.0362 0.0020 0.0033 
     NEH1-24 118 0.9843 0.0009 0.0139 0.0004 0.0004 
     NEH1-33 119 0.8746 0.0004 0.0003 0.1244 0.0003 
      NEH2-6 120 0.9835 0.0076 0.0004 0.0080 0.0004 
     NEH2-14 121 0.9928 0.0007 0.0015 0.0039 0.0010 
     NEH2-21 122 0.9526 0.0008 0.0002 0.0460 0.0003 
     NEH2-30 123 0.9994 0.0001 0.0001 0.0002 0.0002 
      NEH1-7 124 0.8372 0.0006 0.0015 0.0690 0.0917 
     NEH1-16 125 0.9994 0.0001 0.0002 0.0002 0.0002 
     NEH1-25 126 0.8738 0.0034 0.0011 0.1212 0.0005 
     NEH1-34 127 0.9298 0.0008 0.0013 0.0484 0.0197 
      NEH2-7 128 0.9932 0.0029 0.0007 0.0021 0.0010 
     NEH2-15 129 0.9997 0.0001 0.0001 0.0001 0.0001 
     NEH2-23 130 0.9414 0.0016 0.0047 0.0107 0.0415 
     NEH2-31 131 0.9995 0.0002 0.0001 0.0001 0.0001 
      NEH1-8 132 0.8288 0.0002 0.0007 0.0972 0.0731 
     NEH1-17 133 0.8871 0.0003 0.0011 0.0014 0.1102 
     NEH1-26 134 0.8499 0.0015 0.0036 0.1448 0.0002 
     NEH1-35 135 0.8124 0.0005 0.0009 0.1835 0.0026 
      NEH2-8 136 0.9996 0.0001 0.0001 0.0001 0.0001 
     NEH2-16 137 0.9977 0.0007 0.0009 0.0005 0.0002 
     NEH2-24 138 0.9992 0.0005 0.0001 0.0002 0.0001 
     NEH2-32 139 0.9310 0.0004 0.0007 0.0003 0.0676 
      NEH1-1 140 0.8839 0.0007 0.0003 0.0005 0.1145 
     NEH1-10 141 0.9991 0.0001 0.0004 0.0002 0.0002 
     NEH1-19 142 0.8782 0.0003 0.0007 0.1201 0.0008 
     NEH1-28 143 0.9578 0.0003 0.0036 0.0007 0.0376 
      NEH2-1 144 0.9857 0.0004 0.0002 0.0015 0.0123 
      NEH2-9 145 0.9990 0.0003 0.0002 0.0004 0.0002 
     NEH2-17 146 0.9628 0.0007 0.0326 0.0026 0.0013 
     NEH2-25 147 0.9789 0.0002 0.0001 0.0003 0.0204 
      LIW1-1 148 0.1044 0.0047 0.0058 0.7989 0.0863 
      LIW1-9 149 0.0708 0.0008 0.0723 0.7704 0.0856 
     LIW1-17 150 0.0494 0.0008 0.0001 0.9485 0.0011 
     LIW1-25 151 0.0020 0.0067 0.0008 0.9903 0.0003 
      LIW2-9 152 0.0013 0.0016 0.0064 0.9447 0.0460 
     LIW2-17 153 0.0029 0.0013 0.0016 0.9932 0.0009 
     LIW2-25 154 0.0032 0.0035 0.0003 0.9911 0.0019 
      LIW1-2 155 0.0119 0.0023 0.0003 0.9815 0.0040 
     LIW1-10 156 0.0034 0.0036 0.0011 0.9875 0.0044 
     LIW1-18 157 0.0055 0.0026 0.0005 0.9813 0.0101 
     LIW1-26 158 0.0239 0.0009 0.0027 0.9723 0.0003 
      LIW2-2 159 0.0033 0.0032 0.0005 0.9927 0.0003 
     LIW2-10 160 0.0015 0.0010 0.0004 0.9932 0.0039 
     LIW2-18 161 0.0661 0.0071 0.0138 0.9095 0.0035 
     LIW2-26 162 0.0018 0.0514 0.0013 0.9450 0.0004 
      LIW1-3 163 0.0130 0.0397 0.0003 0.9299 0.0172 
     LIW1-11 164 0.0055 0.0058 0.0014 0.9803 0.0071 
     LIW1-19 165 0.0665 0.0035 0.0019 0.8817 0.0464 
     LIW1-27 166 0.0004 0.0010 0.0003 0.9649 0.0335 
      LIW2-3 167 0.0026 0.0075 0.0067 0.9804 0.0028 
     LIW2-11 168 0.0007 0.0011 0.0003 0.9976 0.0003 
     LIW2-19 169 0.0255 0.0009 0.0008 0.9714 0.0015 
     LIW2-27 170 0.0157 0.0097 0.0003 0.9740 0.0003 
      LIW1-4 171 0.0069 0.0021 0.0011 0.9894 0.0005 
     LIW1-12 172 0.0023 0.0347 0.0014 0.9389 0.0227 
     LIW1-20 173 0.0014 0.0009 0.0023 0.9944 0.0010 
     LIW1-28 174 0.0113 0.0029 0.0006 0.9813 0.0039 
        001s 175 0.0019 0.0004 0.0105 0.9866 0.0005 
        002s 175 0.0021 0.0005 0.0006 0.9137 0.0831 
        003s 175 0.0005 0.0008 0.0009 0.9975 0.0003 
        004s 175 0.0011 0.0051 0.0047 0.9740 0.0151 
        005s 175 0.0013 0.0036 0.0006 0.9925 0.0020 
        006s 175 0.0010 0.0066 0.0008 0.8206 0.1711 
        007s 175 0.0007 0.0004 0.0003 0.9980 0.0007 
        008s 175 0.0006 0.0030 0.0015 0.9935 0.0014 
        009s 175 0.0014 0.0026 0.0014 0.8782 0.1164 
        010s 175 0.0008 0.0002 0.0008 0.9976 0.0005 
        011s 175 0.0009 0.0005 0.0008 0.9945 0.0033 
        012s 175 0.0003 0.0005 0.0048 0.9941 0.0002 
        013s 175 0.0002 0.0005 0.0007 0.9947 0.0040 
        014s 175 0.0003 0.0004 0.0007 0.9075 0.0911 
        015s 175 0.0019 0.0003 0.0011 0.9961 0.0006 
        016s 175 0.0002 0.0005 0.0004 0.9607 0.0382 
        017s 175 0.0045 0.0010 0.0103 0.9829 0.0013 
        018s 175 0.0008 0.0066 0.0011 0.9887 0.0027 
        019s 175 0.0050 0.0207 0.0007 0.9730 0.0007 
        020s 175 0.0009 0.0008 0.0012 0.9964 0.0007 
        021s 175 0.0019 0.0006 0.0015 0.9955 0.0005 
        022s 175 0.0050 0.0004 0.0493 0.9449 0.0005 
        023s 175 0.0042 0.0073 0.0046 0.9823 0.0016 
        024s 175 0.0006 0.0011 0.0054 0.9715 0.0214 
        025s 175 0.0008 0.0040 0.0160 0.9636 0.0156 
        026s 175 0.0012 0.0005 0.0009 0.9921 0.0053 
        027s 175 0.0015 0.0009 0.0022 0.9948 0.0006 
        028s 175 0.0612 0.0003 0.0004 0.9373 0.0008 
        029s 175 0.0004 0.0014 0.0007 0.9970 0.0005 
        030s 175 0.0016 0.0005 0.0011 0.8879 0.1089 
        031s 175 0.0003 0.0096 0.0012 0.9877 0.0013 
        032s 175 0.0190 0.0026 0.0008 0.9756 0.0020 
        033s 175 0.0009 0.0021 0.0036 0.9816 0.0118 
        034s 175 0.0003 0.0002 0.0008 0.9910 0.0077 
        035s 175 0.0004 0.0006 0.0011 0.9890 0.0088 
        036s 175 0.0005 0.0033 0.0006 0.9952 0.0004 
        037s 175 0.0102 0.0002 0.0109 0.9784 0.0003 
        038s 175 0.0006 0.0002 0.0013 0.9919 0.0059 
        039s 175 0.0021 0.0011 0.0009 0.9938 0.0022 
        040s 175 0.0021 0.0004 0.0005 0.9964 0.0006 
        041s 175 0.0006 0.0006 0.0008 0.9954 0.0026 
        042s 175 0.0011 0.0168 0.0020 0.9794 0.0008 
        043s 175 0.0040 0.0007 0.0014 0.9902 0.0038 
        044s 175 0.0014 0.0005 0.0004 0.9965 0.0011 
        045s 175 0.0007 0.0010 0.0005 0.9181 0.0796 
        046s 175 0.0015 0.0009 0.0009 0.9956 0.0011 
        047s 175 0.0070 0.0035 0.0004 0.9886 0.0004 
        048s 175 0.0004 0.0011 0.0021 0.9946 0.0018 
        049s 175 0.0008 0.0022 0.0009 0.9471 0.0490 
        050s 175 0.0845 0.0016 0.0004 0.8395 0.0740 
        001s 176 0.0006 0.0015 0.0184 0.9323 0.0471 
        002s 176 0.0025 0.0003 0.0091 0.9864 0.0017 
        003s 176 0.0010 0.0008 0.0005 0.9952 0.0025 
        004s 176 0.0019 0.0026 0.0005 0.9932 0.0018 
        005s 176 0.0193 0.0005 0.0003 0.9790 0.0009 
        006s 176 0.0007 0.0025 0.0040 0.9925 0.0002 
        007s 176 0.0010 0.0015 0.0010 0.9125 0.0841 
        008s 176 0.0003 0.0013 0.0007 0.9973 0.0004 
        009s 176 0.0094 0.0008 0.0004 0.9886 0.0008 
        010s 176 0.0004 0.0010 0.0004 0.9975 0.0007 
        011s 176 0.0041 0.0004 0.0025 0.9928 0.0002 
        012s 176 0.0007 0.0006 0.0008 0.9242 0.0736 
        013s 176 0.0026 0.0010 0.0038 0.9885 0.0040 
        014s 176 0.0005 0.0010 0.0083 0.9895 0.0007 
        015s 176 0.0014 0.0056 0.0003 0.9913 0.0013 
        016s 176 0.0009 0.0049 0.0004 0.9924 0.0013 
        017s 176 0.0003 0.0007 0.0003 0.9984 0.0002 
        018s 176 0.0102 0.0015 0.0006 0.9873 0.0005 
        019s 176 0.0007 0.0009 0.0192 0.9698 0.0094 
        020s 176 0.0011 0.0008 0.0006 0.9955 0.0020 
        021s 176 0.0012 0.0005 0.0038 0.9934 0.0011 
        022s 176 0.0007 0.0011 0.0123 0.9855 0.0004 
        023s 176 0.0002 0.0789 0.0021 0.9186 0.0002 
        024s 176 0.0010 0.0009 0.0285 0.9676 0.0020 
        025s 176 0.0026 0.0012 0.0036 0.9892 0.0034 
        026s 176 0.0019 0.0010 0.0100 0.9860 0.0011 
        027s 176 0.0007 0.0004 0.0003 0.9980 0.0006 
        028s 176 0.0007 0.0010 0.0016 0.9962 0.0005 
        029s 176 0.0019 0.0005 0.0079 0.9895 0.0003 
        030s 176 0.0003 0.0007 0.0010 0.9284 0.0696 
        031s 176 0.0010 0.0004 0.0028 0.9918 0.0040 
        032s 176 0.0174 0.0005 0.0007 0.9312 0.0502 
        033s 176 0.0144 0.0024 0.0343 0.8647 0.0843 
        034s 176 0.0006 0.0002 0.0005 0.9978 0.0009 
        035s 176 0.0658 0.0004 0.0012 0.9212 0.0114 
        036s 176 0.0004 0.0003 0.0014 0.9974 0.0005 
        037s 176 0.0149 0.0031 0.0029 0.9186 0.0605 
        038s 176 0.0005 0.0010 0.0007 0.9972 0.0005 
        039s 176 0.0003 0.0003 0.0005 0.9983 0.0006 
        040s 176 0.0009 0.0003 0.0002 0.9981 0.0005 
        041s 176 0.0005 0.0038 0.0008 0.9944 0.0006 
        042s 176 0.0004 0.0010 0.0007 0.9974 0.0004 
        043s 176 0.0073 0.0019 0.0210 0.9677 0.0020 
        044s 176 0.0003 0.0003 0.0010 0.9970 0.0013 
        045s 176 0.0008 0.0009 0.0025 0.9900 0.0058 
        046s 176 0.0002 0.0008 0.0005 0.9968 0.0016 
        047s 176 0.0012 0.0037 0.0012 0.9936 0.0003 
        048s 176 0.0005 0.0088 0.0023 0.9852 0.0032 
        050s 176 0.0087 0.0003 0.0006 0.9891 0.0013 
        001s 177 0.0152 0.0085 0.0026 0.9300 0.0438 
        002s 177 0.0012 0.0004 0.0003 0.9976 0.0005 
        003s 177 0.0047 0.0468 0.0041 0.9233 0.0211 
        004s 177 0.0014 0.0003 0.0019 0.9959 0.0005 
        005s 177 0.0004 0.0005 0.0003 0.9943 0.0044 
        006s 177 0.0020 0.0019 0.0002 0.9752 0.0206 
        007s 177 0.0008 0.0003 0.0006 0.9888 0.0096 
        008s 177 0.0011 0.0098 0.0444 0.8352 0.1095 
        009s 177 0.0007 0.0003 0.0008 0.9980 0.0002 
        010s 177 0.0013 0.0010 0.0017 0.9698 0.0261 
        011s 177 0.0005 0.0002 0.0011 0.9974 0.0008 
        012s 177 0.0006 0.0004 0.0005 0.9952 0.0033 
        013s 177 0.0017 0.0055 0.0006 0.9915 0.0008 
        014s 177 0.0013 0.0010 0.0007 0.9379 0.0591 
        015s 177 0.0021 0.0007 0.0034 0.9928 0.0009 
        016s 177 0.0005 0.0008 0.0002 0.9980 0.0005 
        017s 177 0.0007 0.0013 0.0326 0.9628 0.0026 
        018s 177 0.0003 0.0020 0.0007 0.9757 0.0213 
        019s 177 0.0039 0.0006 0.0005 0.9943 0.0007 
        020s 177 0.0034 0.0007 0.0011 0.9935 0.0014 
        021s 177 0.0011 0.0006 0.0007 0.9973 0.0003 
        022s 177 0.0169 0.0005 0.0033 0.9773 0.0020 
        023s 177 0.0025 0.0008 0.0513 0.9451 0.0004 
        024s 177 0.0021 0.0005 0.0004 0.9964 0.0006 
        025s 177 0.0006 0.0005 0.0022 0.9956 0.0010 
        026s 177 0.0025 0.0005 0.0003 0.9955 0.0012 
        027s 177 0.0006 0.0009 0.0004 0.9977 0.0004 
        028s 177 0.0007 0.0015 0.0005 0.9971 0.0003 
        029s 177 0.0014 0.0003 0.0404 0.9210 0.0369 
        030s 177 0.0016 0.0019 0.0011 0.9852 0.0102 
        031s 177 0.0103 0.0010 0.0012 0.9870 0.0004 
        032s 177 0.0005 0.0006 0.0016 0.9757 0.0216 
        033s 177 0.0030 0.0004 0.0002 0.9955 0.0009 
        034s 177 0.0006 0.0004 0.0007 0.9970 0.0013 
        035s 177 0.0003 0.0005 0.0002 0.9985 0.0003 
        036s 177 0.0569 0.0007 0.0074 0.9326 0.0024 
        037s 177 0.0022 0.0005 0.0112 0.9792 0.0069 
        038s 177 0.0010 0.0021 0.0008 0.9810 0.0152 
        039s 177 0.0014 0.0034 0.0006 0.9935 0.0011 
        040s 177 0.0015 0.0004 0.0364 0.9604 0.0013 
        041s 177 0.0005 0.0003 0.0206 0.8959 0.0826 
        042s 177 0.0005 0.0005 0.0003 0.9354 0.0634 
        043s 177 0.0006 0.0007 0.0002 0.9980 0.0005 
        044s 177 0.0006 0.0004 0.0007 0.9975 0.0008 
        045s 177 0.0015 0.0079 0.0015 0.9752 0.0139 
        046s 177 0.0006 0.0005 0.0030 0.9956 0.0003 
        047s 177 0.0032 0.0010 0.0016 0.9933 0.0009 
        048s 177 0.0005 0.0005 0.0181 0.9802 0.0007 
        049s 177 0.0013 0.0002 0.0207 0.9680 0.0097 
        050s 177 0.0005 0.0042 0.0008 0.9941 0.0003 
        001s 178 0.0006 0.0013 0.0004 0.9288 0.0689 
        002s 178 0.0034 0.0006 0.0022 0.9919 0.0019 
        003s 178 0.0008 0.0010 0.0010 0.9933 0.0039 
        004s 178 0.0006 0.0117 0.0007 0.9849 0.0021 
        005s 178 0.0004 0.0013 0.0015 0.9960 0.0008 
        006s 178 0.0539 0.0142 0.0059 0.8949 0.0311 
        007s 178 0.0005 0.0004 0.0045 0.9943 0.0003 
        008s 178 0.0006 0.0019 0.0004 0.8827 0.1144 
        009s 178 0.0015 0.0011 0.0095 0.9874 0.0005 
        010s 178 0.0010 0.0005 0.0002 0.9974 0.0008 
        011s 178 0.0005 0.0007 0.0005 0.9973 0.0010 
        012s 178 0.0003 0.0004 0.0009 0.9968 0.0015 
        013s 178 0.0023 0.0043 0.0003 0.9927 0.0004 
        014s 178 0.0163 0.0003 0.0007 0.9416 0.0410 
        015s 178 0.0005 0.0009 0.0014 0.9943 0.0029 
        016s 178 0.0012 0.0028 0.0024 0.9871 0.0065 
        017s 178 0.0020 0.0017 0.0008 0.9445 0.0511 
        018s 178 0.0019 0.0009 0.0007 0.9952 0.0013 
        019s 178 0.0003 0.0004 0.0006 0.9974 0.0014 
        020s 178 0.0002 0.0009 0.0003 0.9978 0.0008 
        021s 178 0.0009 0.0007 0.0098 0.9811 0.0076 
        022s 178 0.0003 0.0005 0.0007 0.9973 0.0011 
        023s 178 0.0300 0.0003 0.0057 0.8775 0.0864 
        024s 178 0.0010 0.0008 0.0002 0.9972 0.0008 
        025s 178 0.0007 0.0002 0.0005 0.9339 0.0647 
        026s 178 0.0005 0.0021 0.0008 0.9963 0.0003 
        027s 178 0.0008 0.0014 0.0023 0.9592 0.0363 
        028s 178 0.0052 0.0046 0.0437 0.9454 0.0010 
        029s 178 0.0007 0.0003 0.0257 0.9729 0.0004 
        030s 178 0.0049 0.0005 0.0081 0.9853 0.0013 
        031s 178 0.0003 0.0187 0.0004 0.9803 0.0004 
        032s 178 0.0004 0.0023 0.0008 0.9960 0.0004 
        033s 178 0.0007 0.0020 0.0044 0.9733 0.0196 
        034s 178 0.0004 0.0010 0.0003 0.9979 0.0004 
        035s 178 0.0023 0.0014 0.0005 0.9948 0.0010 
        036s 178 0.0008 0.0004 0.0008 0.9979 0.0002 
        037s 178 0.0049 0.0004 0.0003 0.9938 0.0005 
        039s 178 0.0055 0.0013 0.0142 0.9771 0.0020 
        040s 178 0.0019 0.0008 0.0006 0.9072 0.0894 
        041s 178 0.0004 0.0006 0.0027 0.9961 0.0002 
        042s 178 0.0046 0.0191 0.0016 0.9389 0.0358 
        043s 178 0.0154 0.0471 0.0246 0.9106 0.0024 
        044s 178 0.0010 0.0001 0.0887 0.9016 0.0085 
        045s 178 0.0011 0.0007 0.0012 0.9964 0.0006 
        046s 178 0.0003 0.0007 0.0007 0.9974 0.0009 
        047s 178 0.0011 0.0009 0.0136 0.9827 0.0017 
        048s 178 0.0182 0.0012 0.0008 0.9529 0.0268 
        049s 178 0.0049 0.0005 0.0021 0.9903 0.0023 
        050s 178 0.0014 0.0097 0.0124 0.9057 0.0708 
          01 179 0.0224 0.0008 0.0168 0.9128 0.0471 
          02 179 0.0021 0.0010 0.0012 0.9951 0.0006 
          03 179 0.0014 0.0003 0.0041 0.8627 0.1315 
          04 179 0.0056 0.0004 0.0017 0.9908 0.0015 
          05 179 0.0010 0.0015 0.0013 0.9331 0.0631 
          06 179 0.0003 0.0080 0.0002 0.9882 0.0032 
          07 179 0.0050 0.0002 0.0015 0.9915 0.0018 
          08 179 0.0049 0.0018 0.0008 0.9921 0.0004 
          09 179 0.0008 0.0008 0.0003 0.9974 0.0008 
          10 179 0.0033 0.0003 0.0005 0.9663 0.0296 
          11 179 0.0005 0.0006 0.0009 0.9117 0.0863 
          12 179 0.0025 0.0018 0.0002 0.9934 0.0021 
          13 179 0.0004 0.0018 0.0015 0.9960 0.0003 
          14 179 0.0037 0.0007 0.0003 0.8808 0.1145 
          15 179 0.0009 0.0007 0.0107 0.9861 0.0017 
          16 179 0.0007 0.0036 0.0007 0.9684 0.0267 
          17 179 0.0190 0.0007 0.0005 0.9788 0.0011 
          18 179 0.0028 0.0014 0.0004 0.9949 0.0006 
          19 179 0.0008 0.0014 0.0039 0.9790 0.0148 
          20 179 0.0907 0.0018 0.0022 0.8713 0.0341 
          21 179 0.0006 0.0003 0.0003 0.9988 0.0001 
          22 179 0.0008 0.0165 0.0008 0.9479 0.0340 
          23 179 0.0006 0.0005 0.0005 0.9961 0.0023 
        001s 180 0.0228 0.0006 0.0008 0.9342 0.0415 
        002s 180 0.0024 0.0004 0.0008 0.9950 0.0014 
        003s 180 0.0015 0.0032 0.0005 0.9942 0.0007 
        004s 180 0.0004 0.0004 0.0015 0.9975 0.0003 
        005s 180 0.0272 0.0003 0.0023 0.9658 0.0043 
        006s 180 0.0009 0.0004 0.0012 0.8974 0.1001 
        007s 180 0.0005 0.0007 0.0009 0.9975 0.0005 
        008s 180 0.0005 0.0005 0.0013 0.9963 0.0015 
        009s 180 0.0016 0.0009 0.0002 0.9931 0.0043 
        010s 180 0.0007 0.0102 0.0003 0.9875 0.0013 
        011s 180 0.0004 0.0005 0.0008 0.9970 0.0014 
        012s 180 0.0005 0.0007 0.0011 0.9896 0.0080 
        013s 180 0.0051 0.0025 0.0013 0.9901 0.0011 
        014s 180 0.0015 0.0004 0.0006 0.9788 0.0187 
        015s 180 0.0016 0.0003 0.0003 0.9965 0.0013 
        016s 180 0.0117 0.0018 0.0005 0.9494 0.0366 
        017s 180 0.0010 0.0007 0.0009 0.9967 0.0008 
        018s 180 0.0004 0.0009 0.0005 0.9081 0.0902 
        019s 180 0.0011 0.0007 0.0011 0.9957 0.0014 
        020s 180 0.0085 0.0025 0.0015 0.9865 0.0011 
        021s 180 0.0021 0.0009 0.0006 0.9937 0.0027 
        022s 180 0.0009 0.0003 0.0011 0.9867 0.0110 
        023s 180 0.0033 0.0002 0.0002 0.9952 0.0011 
        024s 180 0.0079 0.0007 0.0004 0.9693 0.0219 
        025s 180 0.0005 0.0010 0.0028 0.9928 0.0030 
        026s 180 0.0005 0.0038 0.0031 0.9920 0.0006 
        027s 180 0.0008 0.0006 0.0007 0.9920 0.0059 
        028s 180 0.0009 0.0012 0.0016 0.9950 0.0013 
        029s 180 0.0657 0.0075 0.0038 0.9192 0.0039 
        030s 180 0.0005 0.0060 0.0035 0.9896 0.0004 
        031s 180 0.0020 0.0004 0.0003 0.9967 0.0004 
        032s 180 0.0005 0.0148 0.0018 0.9818 0.0011 
        033s 180 0.0002 0.0039 0.0005 0.9901 0.0054 
        034s 180 0.0006 0.0011 0.0030 0.9941 0.0011 
        035s 180 0.0173 0.0009 0.0007 0.9610 0.0202 
        036s 180 0.0006 0.0058 0.0004 0.9925 0.0008 
        037s 180 0.0012 0.0043 0.0004 0.9918 0.0023 
        038s 180 0.0003 0.0008 0.0010 0.9967 0.0012 
        039s 180 0.0011 0.0009 0.0025 0.9948 0.0007 
        041s 180 0.0003 0.0003 0.0008 0.9981 0.0005 
        042s 180 0.0054 0.0007 0.0015 0.9915 0.0009 
        043s 180 0.0015 0.0087 0.0021 0.9857 0.0021 
        044s 180 0.0005 0.0007 0.0004 0.9976 0.0008 
        045s 180 0.0045 0.0014 0.0259 0.9679 0.0004 
        046s 180 0.0016 0.0018 0.0025 0.9893 0.0048 
        047s 180 0.0012 0.0012 0.0006 0.9655 0.0315 
        048s 180 0.0007 0.0005 0.0007 0.9971 0.0009 
        049s 180 0.0004 0.0011 0.0013 0.9968 0.0004 
        050s 180 0.0003 0.0029 0.0018 0.9947 0.0003 
         001 181 0.0002 0.0003 0.8006 0.0002 0.1987 
         002 181 0.0000 0.0001 0.9998 0.0001 0.0001 
         003 181 0.0000 0.0001 0.9998 0.0001 0.0001 
         004 181 0.0002 0.0031 0.7683 0.0071 0.2212 
         005 181 0.0034 0.0003 0.8587 0.0068 0.1308 
         006 181 0.0001 0.0000 0.9998 0.0000 0.0001 
         007 181 0.0001 0.0001 0.9998 0.0000 0.0001 
         008 181 0.0001 0.0001 0.9994 0.0001 0.0002 
         009 181 0.0000 0.0000 0.9999 0.0000 0.0000 
         010 181 0.0001 0.0504 0.8214 0.0001 0.1279 
         011 181 0.0001 0.0001 0.9997 0.0001 0.0001 
         012 181 0.0032 0.0002 0.8575 0.0003 0.1389 
         013 181 0.0002 0.0005 0.8914 0.0037 0.1041 
         014 181 0.0002 0.0001 0.8598 0.0002 0.1397 
         015 181 0.0000 0.0000 0.9998 0.0001 0.0001 
         016 181 0.0005 0.0001 0.8644 0.0004 0.1345 
         017 181 0.0000 0.0001 0.9998 0.0000 0.0001 
         018 181 0.0003 0.0003 0.8063 0.0004 0.1927 
         019 181 0.0007 0.0002 0.8520 0.0026 0.1445 
         020 181 0.0000 0.0000 0.9998 0.0000 0.0000 
         021 181 0.0000 0.0001 0.9998 0.0001 0.0001 
         022 181 0.0000 0.0000 0.9998 0.0000 0.0001 
         023 181 0.0001 0.0001 0.9997 0.0001 0.0001 
         024 181 0.0013 0.0017 0.9744 0.0221 0.0005 
         025 181 0.0001 0.0002 0.9680 0.0002 0.0315 
         026 181 0.0001 0.0000 0.9997 0.0001 0.0001 
         027 181 0.0000 0.0000 0.9999 0.0000 0.0000 
         028 181 0.0000 0.0000 0.9999 0.0000 0.0000 
         029 181 0.0001 0.0001 0.9996 0.0001 0.0001 
         030 181 0.0001 0.0001 0.9995 0.0001 0.0002 
         001 182 0.0001 0.0001 0.5662 0.0001 0.4335 
         002 182 0.0002 0.0003 0.5137 0.0003 0.4855 
         003 182 0.0002 0.0596 0.4592 0.0003 0.4806 
         004 182 0.0002 0.0002 0.4659 0.0002 0.5336 
         005 182 0.0002 0.0021 0.5159 0.0012 0.4807 
         006 182 0.0046 0.0005 0.4088 0.1001 0.4860 
         007 182 0.0003 0.0199 0.4618 0.0010 0.5170 
         008 182 0.0001 0.0006 0.5238 0.0006 0.4749 
         009 182 0.0001 0.0004 0.5311 0.0002 0.4682 
         010 182 0.0003 0.0004 0.4349 0.0860 0.4784 
         011 182 0.0001 0.0002 0.4301 0.0002 0.5694 
         012 182 0.0010 0.0004 0.4855 0.0698 0.4432 
         013 182 0.0004 0.0004 0.3585 0.0007 0.6400 
         014 182 0.0017 0.0003 0.4002 0.0911 0.5066 
         015 182 0.0001 0.0001 0.5679 0.0001 0.4318 
         016 182 0.0001 0.0007 0.4982 0.0003 0.5007 
         017 182 0.0002 0.0003 0.5223 0.0578 0.4194 
         018 182 0.0001 0.0002 0.5584 0.0002 0.4411 
         019 182 0.0001 0.0001 0.5430 0.0001 0.4567 
         020 182 0.0001 0.0001 0.6004 0.0001 0.3993 
         021 182 0.0006 0.0712 0.4484 0.0017 0.4780 
         022 182 0.0002 0.0002 0.5656 0.0004 0.4336 
         023 182 0.0001 0.0002 0.4408 0.0001 0.5587 
         024 182 0.0001 0.0002 0.4072 0.0002 0.5923 
         025 182 0.0001 0.0006 0.5458 0.0002 0.4534 
         026 182 0.0001 0.0002 0.4934 0.0001 0.5062 
         027 182 0.0005 0.0001 0.5079 0.0005 0.4910 
         028 182 0.0001 0.0003 0.4657 0.0004 0.5334 
         029 182 0.0006 0.0052 0.4608 0.0007 0.5327 
         030 182 0.0001 0.0001 0.5459 0.0001 0.4538 
          10 183 0.0028 0.0010 0.0004 0.9955 0.0003 
          11 183 0.0729 0.0004 0.0001 0.9215 0.0051 
          12 183 0.0053 0.0012 0.0003 0.9928 0.0004 
          13 183 0.0006 0.0010 0.0084 0.9700 0.0200 
          14 183 0.0088 0.0235 0.0003 0.9671 0.0003 
          15 183 0.0367 0.0006 0.0012 0.9560 0.0054 
          16 183 0.0015 0.0032 0.0405 0.9481 0.0067 
          17 183 0.0023 0.0004 0.0016 0.9954 0.0003 
          18 183 0.0012 0.0008 0.0004 0.9972 0.0004 
          19 183 0.0009 0.0003 0.0002 0.9983 0.0003 
          20 183 0.0003 0.0007 0.0010 0.9685 0.0295 
          21 183 0.0133 0.0001 0.0005 0.9849 0.0011 
          22 183 0.0277 0.0032 0.0019 0.9633 0.0039 
          23 183 0.0005 0.0062 0.0169 0.9753 0.0011 
          24 183 0.0165 0.0006 0.0003 0.9824 0.0003 
          25 183 0.0109 0.0006 0.0006 0.9864 0.0016 
          26 183 0.0009 0.0006 0.0014 0.9949 0.0020 
          27 183 0.0082 0.0002 0.0005 0.9441 0.0470 
          28 183 0.0190 0.0005 0.0004 0.9760 0.0041 
          29 183 0.0162 0.0003 0.3917 0.2907 0.3011 
          30 183 0.0625 0.0004 0.3891 0.1053 0.4427 
          31 183 0.0048 0.0003 0.0011 0.9933 0.0005 
          32 183 0.0004 0.0011 0.0003 0.9980 0.0003 
          33 183 0.0011 0.0013 0.0004 0.9844 0.0128 
          34 183 0.0269 0.0027 0.0002 0.9695 0.0006 
          35 183 0.0097 0.0005 0.0016 0.9804 0.0077 
          36 183 0.0042 0.0009 0.0005 0.9941 0.0004 
          37 183 0.0175 0.0003 0.3795 0.1823 0.4204 
          54 183 0.0014 0.0003 0.0046 0.9527 0.0412 
          55 183 0.0673 0.0045 0.0008 0.8226 0.1047 
           6 183 0.0010 0.0013 0.0009 0.9838 0.0130 
           7 183 0.0027 0.0004 0.0123 0.8927 0.0919 
           8 183 0.0030 0.0029 0.0041 0.9740 0.0159 
           9 183 0.0174 0.0018 0.0033 0.9766 0.0009 
           4 184 0.0006 0.0004 0.0018 0.9961 0.0010 
           9 184 0.0004 0.0035 0.0004 0.9946 0.0010 
          12 184 0.0002 0.0003 0.0285 0.9705 0.0006 
          14 184 0.0049 0.0009 0.0005 0.9928 0.0010 
          15 184 0.0027 0.0005 0.0006 0.9958 0.0004 
          16 184 0.0013 0.0028 0.0037 0.9917 0.0005 
          17 184 0.0010 0.0020 0.0039 0.9923 0.0007 
          18 184 0.0013 0.0004 0.0013 0.9001 0.0969 
          22 184 0.0003 0.0009 0.0004 0.9980 0.0004 
          25 184 0.0007 0.0008 0.0005 0.9850 0.0130 
          26 184 0.0021 0.0204 0.0017 0.9753 0.0004 
          27 184 0.0003 0.0003 0.0026 0.9965 0.0003 
          28 184 0.0007 0.0004 0.0007 0.9978 0.0003 
          29 184 0.0005 0.0002 0.0003 0.9989 0.0002 
          31 184 0.0004 0.0004 0.0015 0.9968 0.0009 
          32 184 0.0023 0.0008 0.0022 0.9935 0.0013 
          33 184 0.0022 0.0013 0.0004 0.9951 0.0011 
          34 184 0.0006 0.0006 0.0004 0.9980 0.0004 
          36 184 0.0003 0.0003 0.0705 0.5809 0.3480 
          37 184 0.0004 0.0016 0.0005 0.9922 0.0053 
          39 184 0.0112 0.0007 0.0084 0.9770 0.0028 
          40 184 0.0031 0.0007 0.0022 0.9921 0.0019 
          41 184 0.0016 0.0007 0.0004 0.9796 0.0178 
          42 184 0.0003 0.0041 0.0010 0.9937 0.0010 
          43 184 0.0008 0.0006 0.0005 0.9974 0.0007 
          44 184 0.0029 0.0005 0.0008 0.9131 0.0827 
          45 184 0.0005 0.0019 0.0003 0.9970 0.0002 
          46 184 0.0004 0.0006 0.0073 0.9913 0.0004 
          47 184 0.0006 0.0002 0.0002 0.9986 0.0003 
          48 184 0.0018 0.0003 0.0007 0.9968 0.0003 
          52 184 0.0006 0.0009 0.0022 0.9144 0.0820 
          54 184 0.0002 0.0019 0.0004 0.9968 0.0007 
          57 184 0.0005 0.0005 0.0007 0.9978 0.0005 
          58 184 0.0009 0.0006 0.0006 0.9968 0.0011 
          59 184 0.0010 0.0002 0.0434 0.9519 0.0036 
          60 184 0.0097 0.0020 0.0004 0.9868 0.0011 
           3 185 0.0097 0.0009 0.0024 0.9703 0.0167 
           4 185 0.0023 0.0009 0.0012 0.9951 0.0005 
           5 185 0.0003 0.0045 0.0014 0.9932 0.0005 
           6 185 0.0005 0.0006 0.0003 0.9976 0.0010 
           7 185 0.0003 0.0034 0.0006 0.8942 0.1015 
           8 185 0.0017 0.0005 0.0198 0.9427 0.0353 
           9 185 0.0021 0.0006 0.0011 0.9949 0.0014 
          10 185 0.0050 0.0013 0.0005 0.9918 0.0015 
          11 185 0.0026 0.0008 0.0173 0.9539 0.0254 
          12 185 0.0018 0.0015 0.0033 0.8961 0.0973 
          13 185 0.0004 0.0005 0.0006 0.9980 0.0005 
          14 185 0.0006 0.0006 0.0019 0.9965 0.0004 
          15 185 0.2348 0.0467 0.0002 0.6914 0.0270 
          16 185 0.0012 0.0006 0.0007 0.9955 0.0019 
          17 185 0.0533 0.0017 0.0011 0.9429 0.0011 
          18 185 0.0005 0.0027 0.0002 0.9949 0.0017 
          19 185 0.0198 0.0005 0.0003 0.9790 0.0004 
          20 185 0.0010 0.0004 0.0425 0.8654 0.0907 
          21 185 0.0073 0.0016 0.0011 0.9867 0.0033 
          22 185 0.0534 0.0006 0.0008 0.9410 0.0042 
          23 185 0.0018 0.0003 0.0002 0.9141 0.0837 
          24 185 0.0004 0.0003 0.0036 0.9955 0.0002 
          25 185 0.0044 0.0002 0.0023 0.9206 0.0725 
          26 185 0.0013 0.0008 0.0023 0.9946 0.0008 
          27 185 0.0008 0.0024 0.0004 0.9957 0.0006 
          28 185 0.0003 0.0004 0.0003 0.9978 0.0012 
          29 185 0.0481 0.0133 0.0031 0.8128 0.1227 
          30 185 0.0011 0.0005 0.0073 0.9900 0.0012 
          31 185 0.0005 0.0002 0.0008 0.9867 0.0118 
          32 185 0.0003 0.0010 0.0059 0.9915 0.0013 
          33 185 0.0007 0.0005 0.0042 0.9893 0.0053 
          34 185 0.0019 0.0002 0.0013 0.9965 0.0002 
          35 185 0.0010 0.0445 0.0009 0.9528 0.0007 
          36 185 0.0007 0.0013 0.0010 0.9960 0.0009 
          37 185 0.0003 0.0003 0.0076 0.9847 0.0071 
          38 185 0.0003 0.0004 0.0383 0.9010 0.0601 
          39 185 0.0041 0.0003 0.0003 0.8925 0.1028 
          40 185 0.0011 0.0012 0.0009 0.9963 0.0005 
          41 185 0.0007 0.0014 0.0002 0.9967 0.0010 
          42 185 0.0005 0.0005 0.0008 0.9977 0.0004 
           5 186 0.0005 0.0055 0.0003 0.9927 0.0009 
           6 186 0.0003 0.0032 0.0003 0.9942 0.0019 
           7 186 0.0003 0.0006 0.0086 0.9900 0.0005 
           9 186 0.0011 0.0006 0.0006 0.8945 0.1033 
          10 186 0.0009 0.0011 0.0172 0.9683 0.0126 
          11 186 0.0006 0.0004 0.0013 0.9961 0.0015 
          12 186 0.0004 0.0008 0.0006 0.9967 0.0015 
          29 186 0.0143 0.0004 0.0015 0.9831 0.0007 
          30 186 0.0010 0.0029 0.0004 0.9954 0.0003 
          31 186 0.1581 0.0082 0.0084 0.7739 0.0513 
          32 186 0.0198 0.0007 0.0007 0.9011 0.0778 
          33 186 0.0040 0.0005 0.0003 0.9948 0.0005 
          34 186 0.0056 0.0201 0.0140 0.9578 0.0025 
          35 186 0.0008 0.0004 0.0004 0.9981 0.0002 
          36 186 0.0012 0.0004 0.0003 0.9953 0.0028 
          37 186 0.0008 0.0005 0.0101 0.9810 0.0076 
          38 186 0.0132 0.0009 0.0097 0.9720 0.0042 
          39 186 0.0004 0.0022 0.0005 0.9960 0.0009 
          40 186 0.0007 0.0004 0.0003 0.9982 0.0005 
          41 186 0.0004 0.0017 0.0069 0.9903 0.0007 
          42 186 0.0004 0.0005 0.0004 0.9979 0.0007 
          43 186 0.0008 0.0028 0.0024 0.9893 0.0048 
          44 186 0.0017 0.0017 0.0003 0.9960 0.0003 
          45 186 0.0005 0.0007 0.0004 0.9979 0.0005 
          46 186 0.0004 0.0091 0.0005 0.9896 0.0005 
          47 186 0.0016 0.0004 0.0005 0.9906 0.0069 
          48 186 0.0010 0.0011 0.0002 0.9958 0.0019 
          49 186 0.0002 0.0006 0.0004 0.9985 0.0003 
          50 186 0.0015 0.0004 0.0023 0.9852 0.0107 
          51 186 0.0004 0.0011 0.0004 0.9978 0.0003 
          52 186 0.0009 0.0025 0.0005 0.9952 0.0009 
          53 186 0.0020 0.0005 0.0009 0.9963 0.0003 
          54 186 0.0011 0.0041 0.0004 0.9938 0.0005 
          55 186 0.0011 0.0041 0.0005 0.9910 0.0033 
          56 186 0.0005 0.0003 0.0023 0.9963 0.0005 
          57 186 0.0746 0.0150 0.0006 0.8927 0.0171 
          58 186 0.0003 0.0008 0.0006 0.9979 0.0004 
          59 186 0.0004 0.0003 0.0049 0.9935 0.0008 
          60 186 0.0020 0.0014 0.0004 0.9959 0.0002 
           1 187 0.0042 0.0011 0.0016 0.9694 0.0237 
           2 187 0.0014 0.0007 0.0009 0.9932 0.0038 
           3 187 0.0123 0.0012 0.0016 0.9681 0.0168 
           4 187 0.0057 0.0008 0.0045 0.8778 0.1111 
           5 187 0.0005 0.0028 0.0003 0.9956 0.0009 
           6 187 0.0008 0.0039 0.0011 0.9924 0.0018 
           7 187 0.0011 0.0085 0.0065 0.8462 0.1376 
           8 187 0.0005 0.0026 0.0009 0.9949 0.0011 
           9 187 0.0011 0.0004 0.0002 0.9978 0.0005 
          10 187 0.0011 0.0011 0.0187 0.9762 0.0030 
          11 187 0.0002 0.0003 0.0050 0.9942 0.0003 
          12 187 0.0006 0.0004 0.0006 0.9979 0.0006 
          13 187 0.0008 0.0004 0.0004 0.9759 0.0225 
          14 187 0.0015 0.0017 0.0008 0.9953 0.0007 
          15 187 0.0005 0.0067 0.0028 0.9889 0.0010 
          16 187 0.0019 0.0015 0.0018 0.9814 0.0134 
          17 187 0.0039 0.0005 0.0005 0.9083 0.0868 
          18 187 0.0006 0.0004 0.0005 0.9972 0.0013 
          19 187 0.0004 0.0014 0.0007 0.9972 0.0004 
          20 187 0.0007 0.0069 0.0004 0.9912 0.0009 
          21 187 0.0026 0.0027 0.0258 0.9044 0.0646 
          22 187 0.0029 0.0004 0.0016 0.9946 0.0005 
          23 187 0.0006 0.0004 0.0002 0.9981 0.0006 
          24 187 0.0029 0.0012 0.0319 0.9066 0.0574 
          25 187 0.0019 0.0045 0.0008 0.9921 0.0007 
          26 187 0.0020 0.0011 0.0004 0.9963 0.0003 
          27 187 0.0005 0.0003 0.0002 0.9987 0.0002 
          28 187 0.0033 0.0013 0.0271 0.9681 0.0003 
          29 187 0.0011 0.0004 0.0027 0.9943 0.0014 
          30 187 0.0386 0.0010 0.0016 0.9583 0.0005 
          32 187 0.0003 0.0004 0.0517 0.9233 0.0244 
          33 187 0.0009 0.0004 0.0054 0.9841 0.0092 
          34 187 0.0005 0.0021 0.0003 0.9959 0.0013 
          35 187 0.0054 0.0020 0.0009 0.9768 0.0148 
          36 187 0.0014 0.0012 0.0006 0.9962 0.0006 
          37 187 0.0078 0.0007 0.0016 0.9887 0.0012 
          38 187 0.0569 0.0229 0.0044 0.8185 0.0972 
           1 188 0.0007 0.0007 0.0026 0.9942 0.0018 
           2 188 0.0006 0.0020 0.0056 0.9878 0.0041 
           3 188 0.0011 0.0030 0.0040 0.9563 0.0356 
           4 188 0.0004 0.0109 0.0083 0.9439 0.0365 
           5 188 0.0026 0.0009 0.0017 0.9940 0.0009 
           6 188 0.0009 0.0003 0.0003 0.9981 0.0004 
           7 188 0.0005 0.0009 0.0003 0.9978 0.0004 
           8 188 0.0003 0.0007 0.0204 0.9701 0.0085 
           9 188 0.0006 0.0181 0.0004 0.9799 0.0010 
          10 188 0.0010 0.0004 0.0004 0.9719 0.0263 
          11 188 0.0005 0.0014 0.0004 0.9974 0.0003 
          12 188 0.0487 0.0006 0.0010 0.9493 0.0005 
          13 188 0.0102 0.0006 0.0064 0.8925 0.0903 
          14 188 0.0040 0.0003 0.0048 0.9197 0.0711 
          15 188 0.0003 0.0018 0.0003 0.9969 0.0007 
          16 188 0.0012 0.0006 0.0005 0.9402 0.0576 
          17 188 0.0010 0.0004 0.0008 0.9967 0.0011 
          18 188 0.0473 0.0003 0.0003 0.9501 0.0020 
          19 188 0.0029 0.0007 0.0006 0.9937 0.0021 
          20 188 0.0045 0.0019 0.0026 0.8669 0.1241 
          21 188 0.0053 0.0017 0.0005 0.9794 0.0131 
          22 188 0.0095 0.0066 0.0037 0.9797 0.0005 
          23 188 0.0503 0.0003 0.0026 0.9457 0.0012 
          24 188 0.0361 0.0005 0.0002 0.9630 0.0002 
          25 188 0.0465 0.0038 0.0005 0.9486 0.0006 
          26 188 0.0010 0.0007 0.0035 0.9182 0.0766 
          27 188 0.0018 0.0004 0.0506 0.9460 0.0013 
          28 188 0.0003 0.0005 0.0011 0.9971 0.0010 
          29 188 0.0023 0.0011 0.0002 0.9011 0.0952 
          30 188 0.0008 0.0005 0.0064 0.9099 0.0824 
          31 188 0.0041 0.0008 0.0008 0.9917 0.0026 
          32 188 0.0005 0.0005 0.0004 0.9976 0.0010 
          33 188 0.0043 0.0002 0.0003 0.9920 0.0033 
          34 188 0.0056 0.0006 0.0012 0.9922 0.0003 
          35 188 0.0529 0.0044 0.0019 0.9312 0.0097 
          36 188 0.0015 0.0017 0.0560 0.8841 0.0567 
          37 188 0.0004 0.0014 0.0006 0.9970 0.0007 
          38 188 0.0010 0.0010 0.0538 0.9319 0.0123 
          39 188 0.0016 0.0052 0.0005 0.9287 0.0640 
          40 188 0.0005 0.0006 0.0016 0.9968 0.0005 
           7 189 0.0006 0.0006 0.0026 0.9950 0.0013 
           8 189 0.0009 0.0005 0.0090 0.9892 0.0005 
           9 189 0.0018 0.0006 0.0026 0.9938 0.0013 
          10 189 0.0003 0.0004 0.0051 0.9932 0.0010 
          11 189 0.0053 0.0221 0.0011 0.9711 0.0004 
          12 189 0.0006 0.0015 0.0096 0.9463 0.0420 
          13 189 0.0020 0.0011 0.0003 0.9961 0.0005 
          14 189 0.0037 0.0002 0.0042 0.9661 0.0258 
          16 189 0.0040 0.0034 0.0011 0.8295 0.1620 
          17 189 0.0010 0.0010 0.0003 0.9971 0.0006 
          18 189 0.0018 0.0006 0.0026 0.9577 0.0373 
          19 189 0.0057 0.0029 0.0023 0.9887 0.0004 
          20 189 0.0007 0.0003 0.0090 0.9511 0.0389 
          21 189 0.0009 0.0005 0.0022 0.9924 0.0039 
          23 189 0.0027 0.0014 0.0005 0.9949 0.0004 
          24 189 0.0005 0.0018 0.0424 0.9537 0.0016 
          25 189 0.0017 0.0006 0.0012 0.9915 0.0050 
          26 189 0.0012 0.0023 0.0064 0.9839 0.0061 
          27 189 0.0030 0.0029 0.0009 0.9920 0.0012 
          28 189 0.0004 0.0013 0.0002 0.9979 0.0002 
          29 189 0.0008 0.0007 0.0091 0.9892 0.0002 
          30 189 0.0132 0.0013 0.0028 0.9820 0.0007 
          31 189 0.0031 0.0004 0.0007 0.9956 0.0002 
          32 189 0.0003 0.0018 0.0385 0.9370 0.0224 
          33 189 0.0067 0.0018 0.0008 0.9903 0.0004 
          34 189 0.0003 0.0035 0.0002 0.9954 0.0006 
          35 189 0.0006 0.0004 0.0006 0.9981 0.0004 
          36 189 0.0012 0.0004 0.0115 0.9753 0.0116 
          37 189 0.0044 0.0015 0.0005 0.9933 0.0003 
          38 189 0.0029 0.0046 0.0003 0.9720 0.0201 
          39 189 0.0006 0.0004 0.0240 0.9743 0.0008 
          40 189 0.0015 0.0008 0.0017 0.8415 0.1545 
          41 189 0.0050 0.0004 0.0047 0.9848 0.0052 
          42 189 0.0028 0.0114 0.0031 0.8031 0.1795 
          43 189 0.0006 0.0010 0.0004 0.9932 0.0048 
           1 190 0.0011 0.0026 0.0007 0.8660 0.1296 
           3 190 0.0154 0.0009 0.0002 0.9798 0.0036 
           4 190 0.0007 0.0012 0.0005 0.9968 0.0009 
           5 190 0.0007 0.0004 0.0006 0.9726 0.0257 
           6 190 0.0007 0.0011 0.0009 0.9969 0.0003 
           7 190 0.0015 0.0002 0.0010 0.9968 0.0005 
           8 190 0.0353 0.0011 0.0051 0.9537 0.0048 
           9 190 0.0883 0.0143 0.1119 0.5230 0.2624 
          10 190 0.0004 0.0008 0.0007 0.9973 0.0008 
          11 190 0.0004 0.0143 0.0072 0.9727 0.0054 
          12 190 0.0009 0.0014 0.0007 0.9967 0.0003 
          13 190 0.0002 0.0010 0.0006 0.9973 0.0009 
          14 190 0.0005 0.0036 0.0014 0.9936 0.0009 
          15 190 0.0023 0.0285 0.0005 0.9588 0.0100 
          16 190 0.0005 0.0003 0.0025 0.9953 0.0014 
          17 190 0.0007 0.0042 0.0044 0.9899 0.0008 
          18 190 0.0031 0.0004 0.0017 0.9639 0.0308 
          19 190 0.0013 0.0007 0.0007 0.9966 0.0007 
          20 190 0.0087 0.0009 0.0004 0.9896 0.0005 
          22 190 0.0008 0.0005 0.0416 0.8684 0.0888 
          23 190 0.0008 0.0007 0.0062 0.9911 0.0012 
          24 190 0.0007 0.0004 0.0010 0.9215 0.0764 
          25 190 0.0004 0.0008 0.0016 0.9952 0.0020 
          26 190 0.0010 0.0026 0.0003 0.9960 0.0002 
          27 190 0.0009 0.0175 0.0003 0.9789 0.0024 
          28 190 0.0005 0.0064 0.0010 0.9894 0.0026 
          29 190 0.0003 0.0003 0.0049 0.9869 0.0076 
          31 190 0.0004 0.0008 0.0271 0.9643 0.0074 
           7 191 0.0005 0.0002 0.0003 0.9984 0.0006 
           8 191 0.0007 0.0003 0.0039 0.9945 0.0006 
           9 191 0.0005 0.0004 0.0005 0.9983 0.0003 
          10 191 0.0047 0.0005 0.0004 0.9933 0.0010 
          11 191 0.0006 0.0005 0.0050 0.9932 0.0008 
          12 191 0.0004 0.0720 0.0007 0.8887 0.0381 
          13 191 0.0008 0.0006 0.0009 0.9945 0.0032 
          14 191 0.0003 0.0012 0.0035 0.9915 0.0034 
          15 191 0.0021 0.0012 0.0009 0.9162 0.0795 
          16 191 0.0032 0.0007 0.0010 0.9943 0.0007 
          17 191 0.0469 0.0010 0.0098 0.8959 0.0463 
          18 191 0.0006 0.0008 0.0038 0.9943 0.0005 
          19 191 0.0044 0.0019 0.0109 0.9775 0.0054 
          20 191 0.0013 0.0002 0.0022 0.9843 0.0120 
          21 191 0.0287 0.0033 0.0014 0.9342 0.0324 
          22 191 0.0005 0.0003 0.0019 0.9963 0.0009 
          23 191 0.0009 0.0005 0.0004 0.9932 0.0049 
          24 191 0.0005 0.0003 0.0005 0.9973 0.0014 
          25 191 0.0005 0.0008 0.0015 0.9778 0.0193 
          26 191 0.0013 0.0010 0.0055 0.8940 0.0982 
          27 191 0.0006 0.0007 0.0008 0.9970 0.0009 
          28 191 0.0039 0.0006 0.0032 0.9920 0.0003 
          29 191 0.0177 0.0004 0.0007 0.9804 0.0009 
          30 191 0.0002 0.0006 0.0002 0.9984 0.0005 
          39 191 0.0006 0.0155 0.0029 0.9804 0.0006 
          40 191 0.0003 0.0005 0.0011 0.9975 0.0006 
          41 191 0.0033 0.0007 0.0007 0.9373 0.0579 
          42 191 0.0002 0.0006 0.0003 0.9985 0.0003 
          43 191 0.0006 0.0007 0.0004 0.9418 0.0565 
          44 191 0.0055 0.0002 0.0044 0.9869 0.0031 
          45 191 0.0026 0.0049 0.0012 0.9909 0.0004 
          46 191 0.0097 0.0005 0.0014 0.8595 0.1290 
          47 191 0.0016 0.0009 0.0013 0.9922 0.0039 
          48 191 0.0012 0.0031 0.0008 0.9944 0.0004 
          49 191 0.0138 0.0040 0.0069 0.9746 0.0007 
          50 191 0.0009 0.0006 0.0010 0.9967 0.0009 
           9 192 0.0002 0.0004 0.0004 0.9986 0.0004 
          10 192 0.0002 0.0015 0.0020 0.9953 0.0010 
          11 192 0.0048 0.0005 0.0002 0.9557 0.0389 
          12 192 0.0006 0.0006 0.0010 0.9964 0.0013 
          13 192 0.0007 0.0012 0.0344 0.9206 0.0431 
          14 192 0.0689 0.0003 0.0004 0.9210 0.0094 
          15 192 0.0015 0.0029 0.0010 0.9944 0.0002 
          16 192 0.0007 0.0003 0.0083 0.9902 0.0004 
          17 192 0.0009 0.0072 0.0105 0.9741 0.0072 
          18 192 0.0010 0.0005 0.0004 0.9934 0.0047 
          19 192 0.0005 0.0017 0.0053 0.9917 0.0008 
          20 192 0.0010 0.0212 0.0004 0.9559 0.0214 
          21 192 0.0006 0.0071 0.0006 0.9914 0.0003 
          22 192 0.0135 0.0019 0.0108 0.9707 0.0031 
          23 192 0.0024 0.0009 0.0003 0.8911 0.1052 
          24 192 0.0004 0.0028 0.0033 0.9927 0.0008 
          33 192 0.0006 0.0080 0.0004 0.9165 0.0744 
          35 192 0.0013 0.0069 0.0008 0.9904 0.0006 
          36 192 0.0003 0.0008 0.0004 0.9980 0.0005 
          37 192 0.0008 0.0006 0.0006 0.9974 0.0005 
          38 192 0.0006 0.0004 0.0025 0.9540 0.0425 
          39 192 0.0005 0.0006 0.0010 0.9969 0.0010 
          40 192 0.0004 0.0002 0.0032 0.9230 0.0732 
          41 192 0.0012 0.0002 0.0082 0.9511 0.0393 
          42 192 0.0052 0.0004 0.0023 0.9515 0.0406 
          43 192 0.0024 0.0029 0.0015 0.9929 0.0003 
          45 192 0.0009 0.0024 0.0004 0.9959 0.0005 
          46 192 0.0013 0.0210 0.0040 0.9732 0.0005 
          47 192 0.0005 0.0003 0.0005 0.9975 0.0011 
          48 192 0.0011 0.0002 0.0005 0.9977 0.0005 
          49 192 0.0010 0.0037 0.0465 0.9433 0.0055 
          50 192 0.0005 0.0007 0.0004 0.9979 0.0005 
