        001s  1 0.0005 0.9981 0.0011 0.0004 
        002s  1 0.0017 0.9971 0.0005 0.0006 
        003s  1 0.0021 0.9827 0.0130 0.0023 
        004s  1 0.0442 0.9518 0.0003 0.0037 
        005s  1 0.4260 0.5731 0.0003 0.0006 
        006s  1 0.0005 0.9987 0.0004 0.0004 
        007s  1 0.0010 0.9946 0.0009 0.0036 
        008s  1 0.0026 0.9957 0.0009 0.0007 
        009s  1 0.0662 0.9233 0.0031 0.0074 
        010s  1 0.0036 0.9952 0.0007 0.0005 
        011s  1 0.0019 0.9914 0.0046 0.0020 
        012s  1 0.1279 0.8647 0.0061 0.0014 
        013s  1 0.0196 0.9730 0.0010 0.0064 
        014s  1 0.0121 0.9584 0.0221 0.0075 
        015s  1 0.0004 0.9986 0.0005 0.0005 
        016s  1 0.0011 0.9908 0.0009 0.0072 
        018s  1 0.1344 0.8638 0.0008 0.0010 
        019s  1 0.0032 0.9919 0.0040 0.0010 
        020s  1 0.0004 0.9822 0.0095 0.0079 
        021s  1 0.0007 0.9931 0.0009 0.0052 
        022s  1 0.0002 0.9987 0.0004 0.0006 
        023s  1 0.0004 0.9901 0.0009 0.0086 
        024s  1 0.0012 0.9976 0.0004 0.0008 
        025s  1 0.0074 0.9911 0.0004 0.0011 
        026s  1 0.0011 0.9851 0.0044 0.0095 
        027s  1 0.0061 0.9911 0.0005 0.0023 
        028s  1 0.1064 0.8909 0.0020 0.0007 
        029s  1 0.0006 0.9925 0.0061 0.0007 
        030s  1 0.0024 0.9880 0.0090 0.0007 
        031s  1 0.0003 0.9982 0.0004 0.0011 
        032s  1 0.0007 0.9975 0.0011 0.0008 
        033s  1 0.0041 0.9939 0.0009 0.0012 
        034s  1 0.0011 0.9454 0.0032 0.0503 
        035s  1 0.0020 0.9950 0.0019 0.0010 
        036s  1 0.0718 0.9263 0.0003 0.0017 
        037s  1 0.1175 0.8245 0.0026 0.0553 
        038s  1 0.0012 0.9973 0.0006 0.0008 
        039s  1 0.0028 0.9961 0.0008 0.0004 
        040s  1 0.0019 0.9935 0.0006 0.0039 
        041s  1 0.0010 0.9948 0.0008 0.0034 
        042s  1 0.0283 0.8770 0.0012 0.0935 
        043s  1 0.0148 0.9837 0.0012 0.0004 
        044s  1 0.1095 0.8824 0.0019 0.0063 
        045s  1 0.0031 0.9950 0.0010 0.0009 
        046s  1 0.0007 0.9963 0.0022 0.0008 
        047s  1 0.0005 0.9937 0.0013 0.0045 
        048s  1 0.0037 0.9951 0.0004 0.0008 
        049s  1 0.0007 0.9982 0.0005 0.0006 
        050s  1 0.0974 0.9019 0.0004 0.0003 
        051s  1 0.0004 0.9703 0.0285 0.0008 
        052s  1 0.0196 0.9621 0.0172 0.0012 
        053s  1 0.0009 0.9981 0.0004 0.0006 
        054s  1 0.0005 0.9962 0.0024 0.0009 
        055s  1 0.0771 0.8395 0.0022 0.0813 
          01  2 0.1127 0.8499 0.0335 0.0039 
          02  2 0.0146 0.9832 0.0015 0.0007 
          03  2 0.0012 0.9972 0.0004 0.0011 
          04  2 0.0218 0.9677 0.0009 0.0096 
          05  2 0.0936 0.9057 0.0003 0.0004 
          06  2 0.0233 0.9754 0.0006 0.0007 
          07  2 0.0104 0.9880 0.0010 0.0006 
          08  2 0.0451 0.9536 0.0009 0.0005 
          09  2 0.0004 0.9912 0.0081 0.0003 
          10  2 0.0011 0.9978 0.0006 0.0005 
          11  2 0.0035 0.9835 0.0101 0.0029 
          12  2 0.0010 0.9965 0.0020 0.0006 
          13  2 0.0005 0.9982 0.0008 0.0006 
          14  2 0.0009 0.9772 0.0023 0.0196 
          15  2 0.0005 0.9975 0.0011 0.0009 
          16  2 0.0353 0.9543 0.0053 0.0050 
          17  2 0.0018 0.9962 0.0009 0.0011 
          18  2 0.0203 0.9769 0.0016 0.0012 
          19  2 0.0007 0.9926 0.0020 0.0048 
          20  2 0.0701 0.9229 0.0014 0.0055 
          21  2 0.0011 0.9838 0.0144 0.0007 
          22  2 0.0039 0.9858 0.0047 0.0057 
          23  2 0.0012 0.9961 0.0009 0.0017 
          24  2 0.0006 0.9975 0.0010 0.0008 
          25  2 0.0328 0.9648 0.0015 0.0009 
          26  2 0.0008 0.9982 0.0007 0.0003 
          27  2 0.0097 0.9857 0.0012 0.0034 
          28  2 0.0004 0.9943 0.0009 0.0044 
          29  2 0.0009 0.9981 0.0008 0.0002 
          30  2 0.1232 0.7678 0.0109 0.0981 
          01  3 0.6276 0.3596 0.0003 0.0125 
          02  3 0.7878 0.1375 0.0709 0.0038 
          03  3 0.6133 0.3848 0.0004 0.0016 
          04  3 0.7921 0.2048 0.0009 0.0022 
          05  3 0.7529 0.0004 0.1156 0.1310 
          06  3 0.9091 0.0898 0.0003 0.0008 
          07  3 0.5964 0.4021 0.0011 0.0004 
          08  3 0.6747 0.3144 0.0023 0.0086 
          09  3 0.6606 0.3295 0.0002 0.0097 
          10  3 0.6288 0.0171 0.2190 0.1351 
          11  3 0.6965 0.3029 0.0003 0.0003 
          12  3 0.7054 0.2936 0.0004 0.0006 
          13  3 0.9662 0.0073 0.0261 0.0004 
          14  3 0.7859 0.0060 0.0433 0.1648 
          15  3 0.6333 0.3631 0.0003 0.0033 
          16  3 0.9157 0.0791 0.0036 0.0016 
          17  3 0.5606 0.4370 0.0013 0.0011 
          18  3 0.5402 0.0098 0.1635 0.2865 
          19  3 0.8244 0.1669 0.0006 0.0082 
          20  3 0.7410 0.1857 0.0002 0.0730 
          21  3 0.7353 0.2536 0.0010 0.0101 
          22  3 0.6761 0.3154 0.0003 0.0081 
          23  3 0.7486 0.2500 0.0004 0.0009 
          24  3 0.7418 0.0834 0.1709 0.0038 
          25  3 0.6103 0.0002 0.2502 0.1393 
          26  3 0.7511 0.2474 0.0007 0.0008 
          27  3 0.6233 0.0688 0.1286 0.1793 
          28  3 0.8988 0.0990 0.0020 0.0002 
          29  3 0.7972 0.1858 0.0031 0.0139 
          30  3 0.6688 0.3301 0.0008 0.0004 
         001  4 0.8914 0.0008 0.0008 0.1070 
         002  4 0.8564 0.0763 0.0021 0.0652 
         003  4 0.8780 0.0117 0.0227 0.0876 
         004  4 0.9331 0.0006 0.0007 0.0656 
         005  4 0.8573 0.0014 0.0371 0.1042 
         006  4 0.8810 0.0821 0.0009 0.0360 
         007  4 0.8182 0.0992 0.0004 0.0823 
         008  4 0.8150 0.0626 0.0017 0.1208 
         009  4 0.8938 0.0013 0.0174 0.0874 
         010  4 0.9991 0.0003 0.0001 0.0005 
         011  4 0.8339 0.0141 0.0013 0.1507 
         012  4 0.8669 0.0124 0.0022 0.1185 
         013  4 0.9574 0.0195 0.0002 0.0229 
         014  4 0.8805 0.0250 0.0005 0.0940 
         015  4 0.9969 0.0007 0.0005 0.0019 
         016  4 0.9296 0.0015 0.0125 0.0564 
         017  4 0.9013 0.0962 0.0004 0.0021 
         019  4 0.8909 0.0037 0.0079 0.0976 
         020  4 0.8306 0.0746 0.0131 0.0817 
         021  4 0.8787 0.0066 0.0158 0.0988 
         001  5 0.8539 0.0079 0.0193 0.1189 
         002  5 0.7763 0.1249 0.0013 0.0975 
         003  5 0.6905 0.2205 0.0002 0.0888 
         004  5 0.7638 0.1383 0.0003 0.0976 
         005  5 0.8564 0.0468 0.0005 0.0962 
         006  5 0.8905 0.1050 0.0016 0.0030 
         007  5 0.9124 0.0076 0.0025 0.0775 
         008  5 0.9234 0.0209 0.0056 0.0500 
         009  5 0.7662 0.1598 0.0004 0.0737 
         010  5 0.8494 0.0554 0.0003 0.0949 
         011  5 0.8447 0.0125 0.0003 0.1426 
         012  5 0.8171 0.1102 0.0009 0.0717 
         013  5 0.6757 0.2978 0.0006 0.0259 
         014  5 0.6565 0.2280 0.0147 0.1009 
         015  5 0.9296 0.0069 0.0028 0.0608 
         016  5 0.8687 0.1120 0.0014 0.0178 
         017  5 0.8085 0.1852 0.0021 0.0042 
         018  5 0.7576 0.1316 0.0228 0.0880 
         019  5 0.8553 0.0134 0.0425 0.0888 
         020  5 0.8620 0.0341 0.0008 0.1031 
         021  5 0.6692 0.2347 0.0004 0.0956 
         022  5 0.7514 0.1190 0.0013 0.1283 
         023  5 0.9152 0.0016 0.0143 0.0689 
         024  5 0.7687 0.1972 0.0003 0.0338 
         025  5 0.8097 0.1612 0.0004 0.0287 
         026  5 0.7075 0.2747 0.0007 0.0171 
         027  5 0.9080 0.0221 0.0021 0.0678 
         028  5 0.8117 0.0997 0.0007 0.0879 
         029  5 0.8759 0.1159 0.0005 0.0077 
         030  5 0.8338 0.0119 0.0523 0.1020 
        001s  6 0.0112 0.9705 0.0007 0.0176 
        002s  6 0.0090 0.9690 0.0210 0.0009 
        003s  6 0.0030 0.9943 0.0004 0.0023 
        004s  6 0.0005 0.9984 0.0005 0.0006 
        006s  6 0.0844 0.9040 0.0012 0.0105 
        007s  6 0.0010 0.9979 0.0007 0.0004 
        008s  6 0.0012 0.9904 0.0029 0.0055 
        009s  6 0.0004 0.9977 0.0010 0.0009 
        010s  6 0.0245 0.9432 0.0140 0.0183 
        011s  6 0.0013 0.9971 0.0003 0.0013 
        012s  6 0.0010 0.9951 0.0024 0.0014 
        013s  6 0.0009 0.9981 0.0007 0.0004 
        014s  6 0.0450 0.9545 0.0003 0.0003 
        015s  6 0.0202 0.9724 0.0008 0.0066 
        016s  6 0.0006 0.9979 0.0006 0.0009 
        018s  6 0.2322 0.7610 0.0007 0.0062 
        019s  6 0.0105 0.9865 0.0008 0.0022 
        020s  6 0.0004 0.9983 0.0008 0.0005 
        021s  6 0.0081 0.9868 0.0012 0.0040 
        022s  6 0.0006 0.9948 0.0004 0.0042 
        023s  6 0.0047 0.9943 0.0003 0.0007 
        024s  6 0.0190 0.9781 0.0020 0.0010 
        025s  6 0.0017 0.9261 0.0004 0.0718 
        026s  6 0.0008 0.9971 0.0017 0.0005 
        027s  6 0.0008 0.9974 0.0014 0.0004 
        028s  6 0.0342 0.9134 0.0427 0.0097 
        029s  6 0.0004 0.9969 0.0016 0.0011 
        030s  6 0.0438 0.9400 0.0026 0.0136 
        031s  6 0.0045 0.9947 0.0003 0.0004 
        032s  6 0.0080 0.9910 0.0003 0.0007 
        033s  6 0.0283 0.9703 0.0005 0.0010 
        034s  6 0.0019 0.9837 0.0005 0.0140 
        035s  6 0.1133 0.8828 0.0016 0.0022 
        036s  6 0.0029 0.9958 0.0002 0.0010 
        037s  6 0.0009 0.9952 0.0021 0.0018 
        038s  6 0.0006 0.9976 0.0010 0.0007 
        039s  6 0.0003 0.9981 0.0010 0.0007 
        040s  6 0.0006 0.9986 0.0004 0.0003 
        041s  6 0.0011 0.9896 0.0040 0.0052 
        042s  6 0.0023 0.9338 0.0044 0.0595 
        043s  6 0.0008 0.9926 0.0002 0.0064 
        044s  6 0.0006 0.9965 0.0021 0.0007 
        045s  6 0.0009 0.9964 0.0006 0.0022 
        001s  7 0.0009 0.9976 0.0004 0.0011 
        002s  7 0.0082 0.9890 0.0010 0.0018 
        003s  7 0.0021 0.9961 0.0011 0.0006 
        004s  7 0.0021 0.9961 0.0011 0.0007 
        005s  7 0.0112 0.9855 0.0008 0.0025 
        006s  7 0.0338 0.9554 0.0006 0.0102 
        007s  7 0.0113 0.9717 0.0155 0.0016 
        008s  7 0.0022 0.9940 0.0025 0.0013 
        009s  7 0.0031 0.9863 0.0006 0.0100 
        010s  7 0.0005 0.9971 0.0009 0.0014 
        011s  7 0.0006 0.9976 0.0008 0.0009 
        012s  7 0.0005 0.9985 0.0005 0.0005 
        013s  7 0.0010 0.9939 0.0006 0.0045 
        014s  7 0.0086 0.9906 0.0005 0.0004 
        015s  7 0.0069 0.9900 0.0015 0.0016 
        016s  7 0.0447 0.9447 0.0003 0.0104 
        017s  7 0.0009 0.9983 0.0003 0.0005 
        018s  7 0.0013 0.9949 0.0033 0.0005 
        019s  7 0.0018 0.9826 0.0033 0.0123 
        020s  7 0.0008 0.9986 0.0003 0.0004 
        021s  7 0.0010 0.9971 0.0011 0.0009 
        022s  7 0.0032 0.9955 0.0004 0.0009 
        023s  7 0.0049 0.9722 0.0011 0.0219 
        024s  7 0.0007 0.9971 0.0016 0.0006 
        025s  7 0.0020 0.9959 0.0012 0.0009 
        026s  7 0.0006 0.9976 0.0010 0.0007 
        027s  7 0.0014 0.9966 0.0015 0.0005 
        028s  7 0.0030 0.9962 0.0003 0.0005 
        029s  7 0.0029 0.9942 0.0007 0.0022 
        030s  7 0.0004 0.9900 0.0061 0.0035 
        031s  7 0.0021 0.9859 0.0004 0.0117 
        032s  7 0.0614 0.9328 0.0052 0.0006 
        033s  7 0.0138 0.9800 0.0039 0.0023 
        034s  7 0.0233 0.9748 0.0013 0.0006 
        035s  7 0.0003 0.9981 0.0006 0.0010 
        036s  7 0.0010 0.9903 0.0006 0.0081 
        037s  7 0.0752 0.9213 0.0009 0.0027 
        038s  7 0.0030 0.9945 0.0010 0.0015 
        039s  7 0.0003 0.9990 0.0004 0.0003 
        040s  7 0.0649 0.9340 0.0004 0.0006 
        041s  7 0.0051 0.9910 0.0020 0.0018 
        042s  7 0.0017 0.9977 0.0003 0.0003 
        043s  7 0.0004 0.9964 0.0006 0.0027 
        044s  7 0.0740 0.8926 0.0015 0.0319 
         003  8 0.0035 0.9859 0.0100 0.0006 
         009  8 0.0009 0.9975 0.0006 0.0011 
         010  8 0.0003 0.9972 0.0005 0.0021 
         017  8 0.0007 0.9945 0.0014 0.0033 
         002  9 0.0005 0.9978 0.0006 0.0011 
         003  9 0.0002 0.9990 0.0004 0.0004 
         004  9 0.0002 0.9984 0.0003 0.0011 
         005  9 0.0007 0.9940 0.0014 0.0040 
         006  9 0.0009 0.9971 0.0005 0.0016 
         007  9 0.0006 0.9968 0.0010 0.0015 
         009  9 0.0006 0.9963 0.0011 0.0021 
         010  9 0.0003 0.9966 0.0018 0.0013 
         013  9 0.0011 0.9973 0.0004 0.0013 
         014  9 0.0003 0.9933 0.0048 0.0016 
         016  9 0.0002 0.9981 0.0012 0.0006 
         018  9 0.0009 0.9916 0.0060 0.0015 
         019  9 0.0006 0.9939 0.0049 0.0006 
         020  9 0.0003 0.9990 0.0004 0.0003 
         021  9 0.0003 0.9988 0.0003 0.0006 
         022  9 0.0003 0.9979 0.0012 0.0005 
         024  9 0.0005 0.9943 0.0025 0.0027 
         028  9 0.0006 0.9975 0.0007 0.0012 
         029  9 0.0002 0.9983 0.0010 0.0005 
         030  9 0.0003 0.9977 0.0008 0.0011 
         031  9 0.0006 0.9982 0.0008 0.0004 
         033  9 0.0015 0.9971 0.0006 0.0008 
         001 10 0.0004 0.9983 0.0010 0.0003 
         002 10 0.0002 0.9979 0.0013 0.0006 
         003 10 0.0005 0.9898 0.0005 0.0092 
         004 10 0.0003 0.9971 0.0005 0.0022 
         005 10 0.0004 0.9972 0.0016 0.0007 
         006 10 0.0008 0.9980 0.0005 0.0007 
         007 10 0.0003 0.9972 0.0003 0.0021 
         008 10 0.0008 0.9954 0.0007 0.0031 
         009 10 0.0008 0.9946 0.0042 0.0004 
         010 10 0.0005 0.9960 0.0027 0.0007 
         011 10 0.0005 0.9621 0.0002 0.0371 
         012 10 0.0008 0.9959 0.0005 0.0028 
         013 10 0.0006 0.9979 0.0007 0.0007 
         014 10 0.0006 0.9978 0.0007 0.0009 
         016 10 0.0008 0.9971 0.0012 0.0008 
         017 10 0.0008 0.9974 0.0011 0.0008 
         018 10 0.0023 0.9951 0.0020 0.0006 
         019 10 0.0005 0.9928 0.0058 0.0009 
         020 10 0.0010 0.9903 0.0068 0.0019 
         021 10 0.0004 0.9963 0.0029 0.0005 
         022 10 0.0004 0.9986 0.0003 0.0008 
         023 10 0.0005 0.9983 0.0005 0.0007 
         024 10 0.0002 0.9965 0.0014 0.0019 
         026 10 0.0004 0.9983 0.0007 0.0006 
        001s 11 0.0541 0.9197 0.0010 0.0252 
        002s 11 0.0018 0.9931 0.0038 0.0013 
        003s 11 0.0017 0.9968 0.0011 0.0004 
        004s 11 0.0007 0.9976 0.0003 0.0014 
        005s 11 0.0010 0.9934 0.0050 0.0006 
        006s 11 0.0053 0.9906 0.0019 0.0022 
        007s 11 0.0578 0.9398 0.0011 0.0014 
        008s 11 0.0005 0.9984 0.0007 0.0004 
        009s 11 0.0004 0.9858 0.0132 0.0006 
        010s 11 0.0006 0.9982 0.0006 0.0007 
        011s 11 0.1105 0.8782 0.0005 0.0108 
        012s 11 0.0780 0.9206 0.0009 0.0004 
        013s 11 0.0009 0.9980 0.0002 0.0009 
        014s 11 0.0112 0.9868 0.0012 0.0008 
        015s 11 0.0025 0.9923 0.0015 0.0036 
        016s 11 0.0032 0.9278 0.0063 0.0627 
        017s 11 0.0518 0.9449 0.0006 0.0027 
        018s 11 0.0032 0.9947 0.0013 0.0008 
        019s 11 0.0007 0.9798 0.0003 0.0192 
        020s 11 0.0013 0.9960 0.0015 0.0012 
        021s 11 0.0005 0.9980 0.0005 0.0010 
        022s 11 0.0156 0.9830 0.0010 0.0003 
        023s 11 0.0038 0.9645 0.0004 0.0313 
        025s 11 0.0004 0.9985 0.0002 0.0009 
        026s 11 0.0047 0.9389 0.0009 0.0555 
        027s 11 0.0018 0.9971 0.0004 0.0007 
        028s 11 0.0030 0.9956 0.0003 0.0011 
        029s 11 0.0081 0.9903 0.0012 0.0004 
        030s 11 0.0222 0.9754 0.0011 0.0014 
        031s 11 0.0004 0.9985 0.0008 0.0003 
        032s 11 0.0006 0.9965 0.0005 0.0024 
        033s 11 0.0016 0.9962 0.0013 0.0009 
        034s 11 0.0017 0.9976 0.0003 0.0005 
        035s 11 0.0032 0.9953 0.0012 0.0003 
        036s 11 0.0112 0.9870 0.0013 0.0004 
        037s 11 0.0009 0.9970 0.0009 0.0012 
        038s 11 0.0012 0.9975 0.0007 0.0006 
        039s 11 0.0005 0.9982 0.0005 0.0008 
        040s 11 0.0751 0.9235 0.0006 0.0008 
        041s 11 0.0010 0.9746 0.0213 0.0031 
        042s 11 0.0008 0.9913 0.0007 0.0072 
        043s 11 0.0100 0.9617 0.0004 0.0279 
        044s 11 0.0009 0.9942 0.0009 0.0040 
        045s 11 0.0008 0.9922 0.0004 0.0067 
        046s 11 0.0136 0.9561 0.0005 0.0298 
        047s 11 0.0008 0.9979 0.0005 0.0009 
        048s 11 0.0051 0.9598 0.0016 0.0336 
        049s 11 0.0006 0.9971 0.0010 0.0012 
        050s 11 0.0007 0.9979 0.0004 0.0011 
        051s 11 0.0016 0.9439 0.0004 0.0542 
        052s 11 0.0041 0.9928 0.0011 0.0019 
        053s 11 0.0003 0.9974 0.0015 0.0008 
        054s 11 0.0031 0.9958 0.0004 0.0006 
        055s 11 0.0466 0.9528 0.0003 0.0004 
        001s 12 0.0035 0.9947 0.0008 0.0010 
        002s 12 0.0007 0.9965 0.0021 0.0007 
        003s 12 0.0005 0.9985 0.0007 0.0003 
        004s 12 0.0066 0.9770 0.0030 0.0134 
        005s 12 0.0005 0.9980 0.0007 0.0008 
        006s 12 0.0297 0.9683 0.0009 0.0012 
        007s 12 0.0012 0.9929 0.0043 0.0016 
        008s 12 0.0074 0.9916 0.0005 0.0005 
        009s 12 0.0103 0.9618 0.0229 0.0050 
        010s 12 0.0511 0.9475 0.0010 0.0003 
        011s 12 0.0025 0.9957 0.0009 0.0009 
        012s 12 0.0031 0.9932 0.0004 0.0033 
        013s 12 0.0003 0.9596 0.0006 0.0395 
        014s 12 0.0434 0.9136 0.0027 0.0403 
        015s 12 0.0019 0.9955 0.0017 0.0010 
        016s 12 0.0005 0.9947 0.0005 0.0044 
        017s 12 0.0024 0.9962 0.0003 0.0011 
        018s 12 0.0007 0.9963 0.0016 0.0015 
        019s 12 0.0013 0.9951 0.0031 0.0004 
        020s 12 0.0436 0.9553 0.0003 0.0008 
        021s 12 0.0012 0.9964 0.0005 0.0019 
        022s 12 0.0233 0.9687 0.0033 0.0047 
        023s 12 0.0004 0.9977 0.0009 0.0010 
        024s 12 0.0005 0.9986 0.0004 0.0005 
        025s 12 0.0062 0.9886 0.0042 0.0011 
        026s 12 0.0051 0.9755 0.0183 0.0011 
        027s 12 0.0019 0.9973 0.0005 0.0004 
        028s 12 0.0009 0.9860 0.0105 0.0027 
        029s 12 0.0005 0.9984 0.0003 0.0008 
        030s 12 0.0012 0.9978 0.0005 0.0006 
        031s 12 0.0024 0.9946 0.0009 0.0021 
        032s 12 0.0005 0.9905 0.0082 0.0008 
        033s 12 0.0047 0.9943 0.0005 0.0005 
        034s 12 0.0004 0.9986 0.0005 0.0004 
        035s 12 0.0059 0.9932 0.0004 0.0005 
        036s 12 0.0119 0.9846 0.0029 0.0006 
        037s 12 0.0005 0.9977 0.0010 0.0008 
        001s 13 0.0025 0.9942 0.0009 0.0023 
        002s 13 0.0619 0.9368 0.0003 0.0010 
        003s 13 0.0005 0.9978 0.0009 0.0009 
        004s 13 0.0004 0.9870 0.0095 0.0031 
        005s 13 0.0077 0.9882 0.0023 0.0019 
        006s 13 0.0011 0.9972 0.0011 0.0005 
        007s 13 0.0130 0.9854 0.0005 0.0010 
        008s 13 0.0395 0.9577 0.0021 0.0006 
        009s 13 0.1153 0.8732 0.0099 0.0015 
        010s 13 0.0417 0.9560 0.0011 0.0012 
        011s 13 0.0433 0.9486 0.0055 0.0026 
        012s 13 0.0436 0.9289 0.0030 0.0245 
        013s 13 0.0447 0.9490 0.0012 0.0051 
        014s 13 0.0117 0.9840 0.0010 0.0033 
        015s 13 0.0019 0.9789 0.0113 0.0079 
        016s 13 0.0002 0.9982 0.0005 0.0011 
        017s 13 0.0440 0.9518 0.0038 0.0004 
        018s 13 0.0004 0.9981 0.0007 0.0007 
        019s 13 0.0008 0.9983 0.0003 0.0007 
        020s 13 0.0044 0.9934 0.0018 0.0004 
        021s 13 0.0005 0.9975 0.0007 0.0013 
        022s 13 0.0011 0.9977 0.0004 0.0008 
        023s 13 0.0005 0.9986 0.0005 0.0003 
        024s 13 0.0198 0.9363 0.0009 0.0430 
        025s 13 0.0006 0.9964 0.0009 0.0022 
        026s 13 0.1016 0.8916 0.0004 0.0064 
        027s 13 0.0332 0.9597 0.0053 0.0018 
        028s 13 0.0310 0.9580 0.0084 0.0027 
        029s 13 0.0081 0.9898 0.0006 0.0015 
        030s 13 0.0139 0.9443 0.0005 0.0413 
        031s 13 0.0035 0.8958 0.0005 0.1002 
        032s 13 0.0011 0.9981 0.0005 0.0003 
        033s 13 0.0426 0.9560 0.0006 0.0008 
        034s 13 0.0499 0.9477 0.0016 0.0008 
        035s 13 0.0006 0.9944 0.0016 0.0034 
        036s 13 0.0014 0.9977 0.0006 0.0003 
        037s 13 0.0004 0.9976 0.0006 0.0015 
        038s 13 0.0018 0.9966 0.0010 0.0006 
        039s 13 0.0818 0.8324 0.0012 0.0845 
        040s 13 0.0012 0.9969 0.0005 0.0014 
        041s 13 0.0659 0.9324 0.0004 0.0012 
        042s 13 0.0006 0.9979 0.0008 0.0008 
        001s 14 0.0082 0.9896 0.0014 0.0008 
        002s 14 0.0605 0.9361 0.0023 0.0011 
        003s 14 0.0006 0.9983 0.0005 0.0006 
        004s 14 0.0197 0.9764 0.0008 0.0031 
        005s 14 0.0002 0.9989 0.0004 0.0005 
        006s 14 0.0004 0.9990 0.0003 0.0003 
        007s 14 0.0007 0.9977 0.0003 0.0013 
        008s 14 0.0873 0.8931 0.0166 0.0030 
        009s 14 0.0010 0.9920 0.0059 0.0010 
        010s 14 0.0074 0.9735 0.0172 0.0019 
        011s 14 0.0599 0.9387 0.0005 0.0009 
        012s 14 0.0010 0.9961 0.0018 0.0011 
        013s 14 0.0019 0.9925 0.0007 0.0050 
        014s 14 0.0080 0.9825 0.0087 0.0008 
        015s 14 0.0007 0.9888 0.0082 0.0023 
        016s 14 0.0004 0.9868 0.0006 0.0122 
        017s 14 0.0761 0.9230 0.0004 0.0005 
        018s 14 0.0006 0.9971 0.0010 0.0013 
        019s 14 0.0019 0.9968 0.0004 0.0009 
        020s 14 0.0005 0.9909 0.0076 0.0010 
        021s 14 0.0009 0.9881 0.0106 0.0004 
        022s 14 0.0069 0.9899 0.0019 0.0013 
        023s 14 0.0019 0.9929 0.0024 0.0028 
        024s 14 0.0483 0.9478 0.0028 0.0010 
        025s 14 0.0036 0.9956 0.0004 0.0004 
        026s 14 0.0003 0.9969 0.0020 0.0009 
        027s 14 0.0009 0.9954 0.0007 0.0031 
        028s 14 0.0010 0.9961 0.0022 0.0007 
        029s 14 0.0002 0.9982 0.0005 0.0010 
        030s 14 0.0037 0.9953 0.0005 0.0005 
        031s 14 0.0020 0.9960 0.0007 0.0013 
        032s 14 0.0009 0.9967 0.0004 0.0020 
        033s 14 0.0218 0.9765 0.0011 0.0007 
        034s 14 0.0004 0.9984 0.0006 0.0006 
        035s 14 0.1580 0.8405 0.0003 0.0012 
        036s 14 0.1073 0.8836 0.0019 0.0073 
        037s 14 0.0006 0.9960 0.0008 0.0026 
        038s 14 0.0008 0.9980 0.0007 0.0005 
        039s 14 0.0031 0.9884 0.0025 0.0059 
        040s 14 0.0028 0.9959 0.0003 0.0010 
        041s 14 0.0012 0.9979 0.0004 0.0005 
        042s 14 0.0225 0.9745 0.0010 0.0019 
        001s 15 0.0006 0.9973 0.0009 0.0012 
        002s 15 0.0875 0.8858 0.0082 0.0185 
        003s 15 0.0030 0.9876 0.0010 0.0084 
        004s 15 0.0005 0.9903 0.0090 0.0002 
        005s 15 0.0119 0.9813 0.0012 0.0057 
        006s 15 0.0084 0.9901 0.0005 0.0009 
        007s 15 0.0004 0.9980 0.0011 0.0006 
        008s 15 0.0005 0.9984 0.0006 0.0005 
        009s 15 0.0383 0.9220 0.0005 0.0392 
        010s 15 0.0006 0.9977 0.0003 0.0013 
        011s 15 0.0544 0.9445 0.0003 0.0008 
        012s 15 0.0031 0.9932 0.0014 0.0023 
        013s 15 0.0006 0.9950 0.0031 0.0013 
        014s 15 0.0015 0.9891 0.0044 0.0050 
        015s 15 0.0785 0.9125 0.0011 0.0078 
        016s 15 0.0895 0.8837 0.0266 0.0003 
        017s 15 0.0009 0.9793 0.0178 0.0021 
        018s 15 0.0006 0.9973 0.0016 0.0005 
        019s 15 0.0018 0.9929 0.0006 0.0048 
        020s 15 0.0008 0.9981 0.0005 0.0006 
        021s 15 0.0592 0.9356 0.0015 0.0037 
        022s 15 0.0016 0.9974 0.0006 0.0005 
        023s 15 0.0239 0.9745 0.0005 0.0010 
        024s 15 0.0019 0.9969 0.0005 0.0007 
        025s 15 0.0048 0.9641 0.0013 0.0299 
        026s 15 0.0011 0.9735 0.0039 0.0215 
        027s 15 0.0096 0.9770 0.0127 0.0007 
        028s 15 0.0008 0.9958 0.0022 0.0012 
        029s 15 0.0007 0.9966 0.0015 0.0012 
        030s 15 0.0003 0.9978 0.0013 0.0005 
        031s 15 0.0518 0.9391 0.0014 0.0077 
        032s 15 0.0004 0.9967 0.0008 0.0022 
        033s 15 0.0360 0.9629 0.0007 0.0004 
        035s 15 0.0043 0.9929 0.0022 0.0005 
        036s 15 0.0010 0.9937 0.0003 0.0050 
        037s 15 0.0029 0.9956 0.0005 0.0010 
        038s 15 0.0026 0.9963 0.0008 0.0004 
        039s 15 0.0259 0.9732 0.0004 0.0004 
        040s 15 0.0044 0.9916 0.0032 0.0007 
        041s 15 0.0769 0.9196 0.0003 0.0032 
        042s 15 0.0012 0.9952 0.0028 0.0007 
        043s 15 0.0059 0.9926 0.0002 0.0013 
        044s 15 0.0029 0.9954 0.0010 0.0007 
        045s 15 0.0343 0.8863 0.0024 0.0770 
        046s 15 0.0270 0.9712 0.0006 0.0012 
        047s 15 0.0245 0.9747 0.0004 0.0004 
        048s 15 0.0006 0.9842 0.0007 0.0145 
        049s 15 0.0105 0.9885 0.0005 0.0006 
        050s 15 0.1046 0.8726 0.0174 0.0053 
         001 16 0.1849 0.8116 0.0026 0.0009 
         002 16 0.0229 0.9761 0.0003 0.0007 
         003 16 0.0113 0.9831 0.0039 0.0016 
         004 16 0.0009 0.9971 0.0005 0.0015 
         005 16 0.0577 0.9118 0.0015 0.0291 
         006 16 0.0117 0.9762 0.0009 0.0113 
         007 16 0.0018 0.9957 0.0009 0.0015 
         008 16 0.1346 0.8636 0.0011 0.0008 
         009 16 0.0008 0.9977 0.0011 0.0005 
         010 16 0.0044 0.9936 0.0005 0.0014 
         011 16 0.0037 0.9940 0.0005 0.0018 
         012 16 0.0012 0.9969 0.0010 0.0010 
         013 16 0.0006 0.9984 0.0005 0.0006 
         014 16 0.0188 0.9797 0.0012 0.0003 
         015 16 0.0006 0.6305 0.0008 0.3681 
         016 16 0.0005 0.9816 0.0044 0.0135 
         017 16 0.0174 0.9813 0.0007 0.0006 
         018 16 0.0321 0.9238 0.0071 0.0370 
         019 16 0.0692 0.9295 0.0009 0.0003 
         020 16 0.0003 0.9982 0.0009 0.0006 
         021 16 0.1261 0.8701 0.0033 0.0005 
         022 16 0.0018 0.9941 0.0012 0.0029 
         023 16 0.0056 0.9847 0.0004 0.0093 
         024 16 0.0014 0.9722 0.0013 0.0250 
         025 16 0.0707 0.9246 0.0007 0.0039 
         026 16 0.1036 0.8931 0.0005 0.0028 
         027 16 0.0021 0.9869 0.0094 0.0016 
         028 16 0.1629 0.8194 0.0173 0.0003 
         029 16 0.0306 0.9671 0.0016 0.0007 
         030 16 0.0019 0.9972 0.0005 0.0004 
         031 16 0.0012 0.9842 0.0140 0.0006 
         032 16 0.0692 0.9257 0.0005 0.0047 
         033 16 0.0006 0.9987 0.0004 0.0003 
         034 16 0.0049 0.9936 0.0003 0.0012 
         035 16 0.0004 0.9987 0.0007 0.0002 
         036 16 0.0004 0.9963 0.0018 0.0016 
         037 16 0.0486 0.9470 0.0011 0.0033 
         038 16 0.0018 0.9914 0.0010 0.0058 
         039 16 0.0006 0.9979 0.0011 0.0005 
         040 16 0.0013 0.9967 0.0004 0.0016 
         041 16 0.0009 0.9974 0.0003 0.0014 
         042 16 0.0008 0.9966 0.0020 0.0006 
         043 16 0.0009 0.9970 0.0010 0.0011 
         044 16 0.0022 0.9951 0.0016 0.0011 
         045 16 0.0108 0.9868 0.0023 0.0002 
         047 16 0.0348 0.9592 0.0049 0.0011 
         048 16 0.0041 0.9945 0.0007 0.0007 
         049 16 0.0009 0.9957 0.0008 0.0026 
         050 16 0.0006 0.9986 0.0005 0.0003 
         051 16 0.0018 0.9961 0.0015 0.0006 
         052 16 0.0003 0.9986 0.0005 0.0006 
         053 16 0.0004 0.9982 0.0007 0.0007 
         054 16 0.0420 0.9561 0.0012 0.0006 
         055 16 0.0813 0.9180 0.0004 0.0003 
         056 16 0.0006 0.9907 0.0007 0.0080 
         057 16 0.0549 0.9445 0.0003 0.0003 
         058 16 0.1057 0.8813 0.0002 0.0128 
         059 16 0.0971 0.8044 0.0045 0.0940 
         060 16 0.0014 0.9875 0.0012 0.0098 
         061 16 0.0017 0.9960 0.0007 0.0016 
         062 16 0.0025 0.9956 0.0015 0.0004 
         063 16 0.0017 0.9971 0.0007 0.0006 
         064 16 0.0004 0.9972 0.0004 0.0020 
         065 16 0.0027 0.9937 0.0013 0.0022 
         066 16 0.0005 0.9981 0.0009 0.0005 
         067 16 0.0024 0.9207 0.0010 0.0758 
         068 16 0.0033 0.9686 0.0007 0.0274 
         069 16 0.0007 0.9937 0.0052 0.0004 
         070 16 0.0023 0.9949 0.0023 0.0005 
         071 16 0.0966 0.9026 0.0004 0.0004 
         072 16 0.0027 0.9954 0.0008 0.0010 
         073 16 0.0016 0.9974 0.0007 0.0003 
         074 16 0.0004 0.9988 0.0004 0.0003 
         075 16 0.0381 0.9602 0.0006 0.0011 
         076 16 0.0009 0.9979 0.0007 0.0005 
         077 16 0.0241 0.8892 0.0315 0.0551 
         078 16 0.0035 0.9934 0.0007 0.0024 
         079 16 0.0889 0.9073 0.0020 0.0019 
         080 16 0.0006 0.9977 0.0004 0.0012 
         081 16 0.0625 0.9353 0.0015 0.0007 
         082 16 0.0361 0.9632 0.0003 0.0004 
         083 16 0.0007 0.9974 0.0006 0.0014 
         084 16 0.0028 0.9922 0.0037 0.0013 
         085 16 0.0007 0.9883 0.0017 0.0093 
         086 16 0.1179 0.8804 0.0005 0.0012 
         087 16 0.0136 0.9846 0.0015 0.0003 
         088 16 0.0004 0.9962 0.0005 0.0029 
         089 16 0.0040 0.9944 0.0009 0.0008 
         090 16 0.0028 0.9952 0.0016 0.0005 
         091 16 0.0012 0.9976 0.0007 0.0005 
         092 16 0.0099 0.9886 0.0007 0.0009 
         093 16 0.0009 0.9967 0.0020 0.0004 
         094 16 0.0020 0.9504 0.0073 0.0403 
         095 16 0.0003 0.9977 0.0015 0.0005 
         096 16 0.0120 0.9848 0.0005 0.0026 
         097 16 0.1113 0.8802 0.0031 0.0055 
         098 16 0.0007 0.9867 0.0079 0.0046 
         099 16 0.0004 0.9926 0.0008 0.0062 
         100 16 0.0005 0.9966 0.0007 0.0022 
         101 16 0.0063 0.9875 0.0005 0.0057 
         102 16 0.0022 0.9958 0.0005 0.0015 
         103 16 0.0023 0.9918 0.0037 0.0021 
         104 16 0.0015 0.9945 0.0003 0.0038 
         105 16 0.1038 0.8862 0.0053 0.0047 
         106 16 0.0008 0.9965 0.0004 0.0024 
         107 16 0.0019 0.9451 0.0485 0.0044 
         108 16 0.1035 0.6534 0.0703 0.1727 
         109 16 0.0244 0.9745 0.0005 0.0006 
         110 16 0.0004 0.9982 0.0003 0.0012 
         111 16 0.0177 0.9795 0.0010 0.0017 
         112 16 0.0093 0.9881 0.0010 0.0016 
         113 16 0.0586 0.9394 0.0008 0.0012 
         114 16 0.0030 0.9908 0.0047 0.0015 
         115 16 0.0006 0.9982 0.0005 0.0007 
         116 16 0.0043 0.9943 0.0004 0.0009 
         117 16 0.0172 0.9780 0.0041 0.0007 
         118 16 0.0012 0.9833 0.0009 0.0146 
         119 16 0.0015 0.9956 0.0017 0.0012 
         120 16 0.0015 0.9967 0.0014 0.0004 
         121 16 0.0023 0.9673 0.0004 0.0300 
         122 16 0.0004 0.9988 0.0003 0.0004 
         123 16 0.0027 0.9943 0.0026 0.0004 
         124 16 0.0040 0.9941 0.0004 0.0015 
         126 16 0.1346 0.8554 0.0042 0.0059 
         001 17 0.0015 0.9888 0.0092 0.0006 
         002 17 0.0011 0.9978 0.0006 0.0005 
         003 17 0.0005 0.9981 0.0009 0.0004 
         005 17 0.0004 0.9749 0.0244 0.0003 
         006 17 0.0403 0.9577 0.0015 0.0005 
         007 17 0.1314 0.8260 0.0045 0.0381 
         008 17 0.1233 0.8749 0.0006 0.0013 
         009 17 0.0003 0.9988 0.0005 0.0003 
         010 17 0.0010 0.9973 0.0005 0.0012 
         011 17 0.1132 0.4944 0.0021 0.3903 
         012 17 0.0016 0.9958 0.0007 0.0019 
         013 17 0.0003 0.9986 0.0008 0.0003 
         014 17 0.0004 0.9982 0.0010 0.0004 
         015 17 0.0028 0.9963 0.0006 0.0003 
         016 17 0.0008 0.9981 0.0006 0.0005 
         017 17 0.0016 0.9962 0.0011 0.0011 
         018 17 0.0173 0.9595 0.0227 0.0004 
         019 17 0.0003 0.9984 0.0007 0.0006 
         020 17 0.0012 0.9977 0.0003 0.0008 
         021 17 0.0005 0.9979 0.0006 0.0011 
         022 17 0.0486 0.9353 0.0149 0.0012 
         023 17 0.0012 0.9958 0.0025 0.0006 
         024 17 0.0787 0.9169 0.0009 0.0035 
         025 17 0.0005 0.9986 0.0005 0.0004 
         002 18 0.0004 0.9934 0.0049 0.0013 
         003 18 0.0003 0.9983 0.0003 0.0011 
         004 18 0.0145 0.9811 0.0034 0.0010 
         005 18 0.0022 0.9670 0.0010 0.0298 
         006 18 0.0004 0.9983 0.0004 0.0009 
         007 18 0.0032 0.9939 0.0025 0.0004 
         008 18 0.0004 0.9974 0.0003 0.0018 
         009 18 0.0157 0.9809 0.0012 0.0023 
         010 18 0.0008 0.9894 0.0026 0.0072 
         011 18 0.0006 0.9957 0.0020 0.0018 
         012 18 0.0038 0.9925 0.0006 0.0030 
         015 18 0.0012 0.9968 0.0003 0.0017 
         016 18 0.0054 0.9938 0.0005 0.0003 
         018 18 0.0003 0.9878 0.0059 0.0061 
         026 18 0.0020 0.9952 0.0022 0.0007 
         027 18 0.0003 0.9965 0.0021 0.0011 
         028 18 0.0014 0.9681 0.0303 0.0002 
         029 18 0.0009 0.9980 0.0006 0.0005 
         031 18 0.0698 0.8142 0.0334 0.0826 
         032 18 0.0004 0.9979 0.0014 0.0003 
         033 18 0.0007 0.9972 0.0012 0.0009 
         035 18 0.0008 0.9983 0.0004 0.0005 
         036 18 0.0006 0.9899 0.0008 0.0087 
         037 18 0.0063 0.9711 0.0142 0.0084 
         038 18 0.0138 0.9338 0.0495 0.0030 
         039 18 0.0004 0.9980 0.0004 0.0012 
         044 18 0.1294 0.8688 0.0013 0.0005 
         046 18 0.0007 0.9568 0.0070 0.0354 
         049 18 0.0005 0.9983 0.0009 0.0003 
         053 18 0.0013 0.9970 0.0011 0.0006 
         054 18 0.0059 0.9924 0.0008 0.0010 
         056 18 0.0061 0.9864 0.0036 0.0040 
         057 18 0.0006 0.9952 0.0007 0.0035 
         058 18 0.0008 0.9902 0.0056 0.0034 
        001s 19 0.0527 0.9454 0.0008 0.0011 
        002s 19 0.0019 0.9962 0.0008 0.0011 
        003s 19 0.0026 0.9962 0.0007 0.0006 
        004s 19 0.0011 0.9646 0.0046 0.0297 
        005s 19 0.0368 0.8861 0.0042 0.0730 
        006s 19 0.0020 0.9950 0.0015 0.0015 
        007s 19 0.0189 0.9639 0.0004 0.0168 
        008s 19 0.0347 0.9481 0.0012 0.0160 
        009s 19 0.0012 0.9960 0.0007 0.0020 
        010s 19 0.0063 0.9807 0.0125 0.0005 
        011s 19 0.0013 0.9933 0.0043 0.0012 
        012s 19 0.0033 0.9945 0.0017 0.0005 
        013s 19 0.0121 0.9865 0.0008 0.0005 
        014s 19 0.0752 0.9058 0.0007 0.0183 
        015s 19 0.0017 0.9975 0.0004 0.0004 
        016s 19 0.0019 0.9351 0.0238 0.0392 
        017s 19 0.0200 0.9717 0.0018 0.0064 
        018s 19 0.0013 0.9950 0.0013 0.0024 
        019s 19 0.0862 0.9101 0.0006 0.0032 
        020s 19 0.0770 0.9217 0.0006 0.0007 
        021s 19 0.0039 0.9943 0.0015 0.0004 
        022s 19 0.0078 0.9904 0.0011 0.0007 
        023s 19 0.0020 0.9936 0.0025 0.0020 
        024s 19 0.0003 0.9955 0.0022 0.0020 
        025s 19 0.0866 0.9052 0.0012 0.0070 
        026s 19 0.0077 0.9852 0.0035 0.0037 
        027s 19 0.0017 0.9966 0.0008 0.0010 
        028s 19 0.0048 0.9942 0.0006 0.0003 
        029s 19 0.0005 0.9973 0.0017 0.0006 
        030s 19 0.0026 0.9928 0.0040 0.0006 
        031s 19 0.0023 0.9966 0.0005 0.0007 
        032s 19 0.0011 0.9982 0.0004 0.0003 
        033s 19 0.0005 0.9942 0.0014 0.0039 
        034s 19 0.0008 0.9975 0.0005 0.0011 
        035s 19 0.0104 0.9824 0.0037 0.0035 
        036s 19 0.0007 0.9974 0.0003 0.0015 
        037s 19 0.0004 0.9983 0.0010 0.0003 
        038s 19 0.0022 0.9947 0.0015 0.0016 
        039s 19 0.0006 0.9985 0.0005 0.0004 
        040s 19 0.0058 0.9934 0.0005 0.0004 
        041s 19 0.0005 0.9986 0.0004 0.0006 
        042s 19 0.0023 0.9746 0.0095 0.0135 
        043s 19 0.0384 0.9590 0.0022 0.0004 
        044s 19 0.0004 0.9971 0.0009 0.0016 
        045s 19 0.0003 0.9977 0.0009 0.0012 
        046s 19 0.0020 0.9918 0.0015 0.0047 
        047s 19 0.0031 0.9961 0.0006 0.0003 
        048s 19 0.0986 0.8996 0.0013 0.0005 
        049s 19 0.0218 0.9721 0.0006 0.0055 
        050s 19 0.0005 0.9984 0.0005 0.0006 
        051s 19 0.0604 0.9283 0.0009 0.0104 
        052s 19 0.0010 0.9971 0.0012 0.0008 
      LIW2-4 20 0.0012 0.9944 0.0023 0.0021 
     LIW2-12 21 0.0009 0.9129 0.0092 0.0770 
     LIW2-20 22 0.0010 0.9941 0.0037 0.0011 
     LIW2-28 23 0.0236 0.8995 0.0030 0.0739 
      LIW1-5 24 0.0008 0.9938 0.0021 0.0033 
     LIW1-13 25 0.0724 0.9064 0.0005 0.0208 
     LIW1-21 26 0.0019 0.9545 0.0089 0.0347 
     LIW1-29 27 0.0190 0.9599 0.0029 0.0182 
      LIW2-5 28 0.0009 0.9884 0.0082 0.0025 
     LIW2-34 29 0.0004 0.9869 0.0099 0.0028 
     LIW2-21 30 0.0833 0.8877 0.0015 0.0275 
     LIW2-29 31 0.1788 0.8127 0.0057 0.0028 
      LIW1-6 32 0.0006 0.9954 0.0010 0.0029 
     LIW1-14 33 0.0447 0.9166 0.0378 0.0009 
     LIW1-22 34 0.0004 0.9673 0.0265 0.0058 
     LIW1-30 35 0.0008 0.9943 0.0011 0.0038 
      LIW2-6 36 0.0081 0.9631 0.0030 0.0258 
     LIW2-14 37 0.0011 0.9935 0.0003 0.0050 
     LIW2-22 38 0.0163 0.8870 0.0014 0.0953 
     LIW2-30 39 0.0004 0.9526 0.0398 0.0072 
      LIW1-7 40 0.0078 0.9166 0.0163 0.0593 
     LIW1-15 41 0.0004 0.9826 0.0058 0.0112 
     LIW1-23 42 0.0038 0.9877 0.0026 0.0058 
     LIW1-31 43 0.0023 0.9875 0.0035 0.0067 
      LIW2-7 44 0.0807 0.9136 0.0049 0.0008 
     LIW2-15 45 0.0003 0.9410 0.0553 0.0033 
     LIW2-23 46 0.0023 0.9103 0.0010 0.0864 
      LIW1-8 47 0.0006 0.9961 0.0008 0.0025 
     LIW1-16 48 0.0006 0.9967 0.0011 0.0016 
      LIW2-8 49 0.0006 0.9923 0.0039 0.0031 
     LIW2-16 50 0.3134 0.6440 0.0043 0.0382 
     LIW2-24 51 0.1868 0.7991 0.0026 0.0115 
     LIW2-32 52 0.0062 0.9356 0.0074 0.0508 
     LIW1-47 53 0.0074 0.9774 0.0020 0.0133 
      UMFS-1 54 0.0003 0.0004 0.9992 0.0001 
     UMFS-19 55 0.0003 0.0002 0.9994 0.0001 
     UMFS-31 56 0.0003 0.1909 0.8080 0.0009 
      UMFS-2 57 0.0002 0.0615 0.9382 0.0002 
     UMFS-10 58 0.0004 0.1062 0.8930 0.0004 
     UMFS-20 59 0.0023 0.1541 0.8431 0.0004 
     UMFS-32 60 0.0004 0.0003 0.9991 0.0002 
      UMFS-3 61 0.0001 0.0001 0.9998 0.0001 
     UMFS-11 62 0.4052 0.5865 0.0004 0.0079 
     UMFS-21 63 0.0089 0.0475 0.9344 0.0091 
     UMFS-33 64 0.0000 0.0000 0.9999 0.0000 
      UMFS-4 65 0.0000 0.0001 0.9999 0.0000 
     UMFS-22 66 0.0012 0.0484 0.9494 0.0010 
     UMFS-34 67 0.0063 0.3264 0.5863 0.0810 
      UMFS-5 68 0.0022 0.0796 0.9177 0.0004 
     UMFS-13 69 0.0008 0.0011 0.9960 0.0021 
     UMFS-23 70 0.0012 0.2301 0.7684 0.0003 
     UMFS-35 71 0.0001 0.0001 0.9997 0.0001 
      UMFS-6 72 0.0001 0.0001 0.9998 0.0001 
     UMFS-14 73 0.0000 0.0000 0.9999 0.0000 
     UMFS-24 74 0.0023 0.2472 0.7501 0.0003 
     UMFS-36 75 0.0000 0.0000 0.9999 0.0000 
      UMFS-7 76 0.5612 0.3234 0.0003 0.1151 
     UMFS-15 77 0.0001 0.0001 0.9998 0.0001 
     UMFS-25 78 0.0089 0.1993 0.7915 0.0003 
     UMFS-37 79 0.0001 0.0001 0.9998 0.0001 
      UMFS-8 80 0.0015 0.0124 0.9851 0.0010 
     UMFS-16 81 0.0001 0.0001 0.9997 0.0001 
     UMFS-26 82 0.0075 0.3741 0.4818 0.1366 
     UMFS-38 83 0.0001 0.0002 0.9997 0.0001 
      NEH1-2 84 0.0144 0.0012 0.0011 0.9832 
     NEH1-11 85 0.0309 0.0026 0.0004 0.9662 
     NEH1-20 86 0.0013 0.1146 0.0037 0.8805 
     NEH1-29 87 0.0003 0.0007 0.0002 0.9989 
      NEH2-2 88 0.0002 0.0002 0.0002 0.9994 
     NEH2-10 89 0.0005 0.0059 0.0003 0.9933 
     NEH2-18 90 0.0005 0.0001 0.0002 0.9992 
     NEH2-26 91 0.0005 0.0010 0.0003 0.9982 
      NEH1-3 92 0.0003 0.1537 0.0002 0.8457 
     NEH1-12 93 0.0510 0.0003 0.0002 0.9485 
     NEH1-21 94 0.0022 0.0628 0.0002 0.9348 
     NEH1-30 95 0.0079 0.0731 0.0003 0.9187 
      NEH2-3 96 0.0001 0.0001 0.0001 0.9996 
     NEH2-11 97 0.0029 0.0006 0.0037 0.9928 
     NEH2-19 98 0.0007 0.0029 0.0026 0.9937 
     NEH2-27 99 0.0001 0.0001 0.0001 0.9997 
      NEH1-4 100 0.0003 0.0001 0.0002 0.9995 
     NEH1-13 101 0.0012 0.2274 0.0003 0.7712 
     NEH1-22 102 0.0004 0.1971 0.0006 0.8019 
     NEH1-31 103 0.0003 0.0004 0.0002 0.9991 
      NEH2-4 104 0.0009 0.0027 0.0020 0.9945 
     NEH2-12 105 0.0384 0.0006 0.0110 0.9500 
     NEH2-20 106 0.0003 0.1917 0.0005 0.8075 
     NEH2-28 107 0.0027 0.0010 0.0004 0.9958 
      NEH1-5 108 0.0021 0.1351 0.0003 0.8625 
     NEH1-14 109 0.0696 0.1616 0.0005 0.7684 
     NEH1-23 110 0.0003 0.2232 0.0050 0.7716 
     NEH1-32 111 0.0015 0.0010 0.0003 0.9973 
      NEH2-5 112 0.0001 0.0001 0.0002 0.9996 
     NEH2-13 113 0.0066 0.0015 0.0004 0.9916 
     NEH2-22 114 0.0004 0.0005 0.0006 0.9986 
     NEH2-29 115 0.0005 0.0334 0.0006 0.9655 
      NEH1-6 116 0.0002 0.0001 0.0001 0.9996 
     NEH1-15 117 0.0418 0.0010 0.0002 0.9571 
     NEH1-24 118 0.0024 0.0006 0.0015 0.9955 
     NEH1-33 119 0.0004 0.1211 0.0004 0.8781 
      NEH2-6 120 0.0005 0.0098 0.0068 0.9829 
     NEH2-14 121 0.0014 0.0031 0.0010 0.9946 
     NEH2-21 122 0.0003 0.0445 0.0012 0.9541 
     NEH2-30 123 0.0001 0.0002 0.0002 0.9995 
      NEH1-7 124 0.0841 0.0650 0.0011 0.8498 
     NEH1-16 125 0.0002 0.0003 0.0001 0.9994 
     NEH1-25 126 0.0008 0.1200 0.0028 0.8764 
     NEH1-34 127 0.0050 0.0620 0.0008 0.9322 
      NEH2-7 128 0.0009 0.0015 0.0019 0.9958 
     NEH2-15 129 0.0001 0.0001 0.0001 0.9998 
     NEH2-23 130 0.0397 0.0113 0.0017 0.9473 
     NEH2-31 131 0.0001 0.0002 0.0002 0.9995 
      NEH1-8 132 0.0603 0.1035 0.0003 0.8359 
     NEH1-17 133 0.0950 0.0018 0.0007 0.9025 
     NEH1-26 134 0.0006 0.1477 0.0009 0.8509 
     NEH1-35 135 0.0019 0.1836 0.0004 0.8142 
      NEH2-8 136 0.0001 0.0001 0.0001 0.9997 
     NEH2-16 137 0.0003 0.0006 0.0008 0.9982 
     NEH2-24 138 0.0001 0.0001 0.0004 0.9994 
     NEH2-32 139 0.0597 0.0003 0.0007 0.9394 
      NEH1-1 140 0.0774 0.0013 0.0018 0.9196 
     NEH1-10 141 0.0002 0.0002 0.0001 0.9995 
     NEH1-19 142 0.0011 0.1192 0.0003 0.8793 
     NEH1-28 143 0.0410 0.0007 0.0003 0.9580 
      NEH2-1 144 0.0013 0.0015 0.0005 0.9967 
      NEH2-9 145 0.0002 0.0004 0.0002 0.9992 
     NEH2-17 146 0.0279 0.0050 0.0006 0.9666 
     NEH2-25 147 0.0010 0.0004 0.0002 0.9984 
      LIW1-1 148 0.0847 0.7932 0.0108 0.1113 
      LIW1-9 149 0.1505 0.7763 0.0012 0.0720 
     LIW1-17 150 0.0008 0.9481 0.0016 0.0495 
     LIW1-25 151 0.0004 0.9899 0.0076 0.0021 
      LIW2-9 152 0.0599 0.9363 0.0017 0.0021 
     LIW2-17 153 0.0015 0.9936 0.0015 0.0034 
     LIW2-25 154 0.0008 0.9937 0.0029 0.0026 
      LIW1-2 155 0.0007 0.9839 0.0017 0.0137 
     LIW1-10 156 0.0029 0.9873 0.0056 0.0042 
     LIW1-18 157 0.0021 0.9884 0.0027 0.0068 
     LIW1-26 158 0.0007 0.9786 0.0015 0.0192 
      LIW2-2 159 0.0004 0.9914 0.0042 0.0040 
     LIW2-10 160 0.0012 0.9965 0.0011 0.0012 
     LIW2-18 161 0.0240 0.9077 0.0043 0.0640 
     LIW2-26 162 0.0009 0.9488 0.0492 0.0010 
      LIW1-3 163 0.0024 0.9412 0.0418 0.0145 
     LIW1-11 164 0.0073 0.9794 0.0065 0.0068 
     LIW1-19 165 0.0376 0.8875 0.0072 0.0677 
     LIW1-27 166 0.0034 0.9946 0.0014 0.0006 
      LIW2-3 167 0.0090 0.9804 0.0084 0.0023 
     LIW2-11 168 0.0003 0.9976 0.0013 0.0008 
     LIW2-19 169 0.0011 0.9730 0.0012 0.0247 
     LIW2-27 170 0.0003 0.9770 0.0109 0.0117 
      LIW1-4 171 0.0008 0.9914 0.0021 0.0056 
     LIW1-12 172 0.0164 0.9406 0.0379 0.0051 
     LIW1-20 173 0.0025 0.9952 0.0010 0.0014 
     LIW1-28 174 0.0021 0.9819 0.0035 0.0125 
        001s 175 0.0021 0.9958 0.0004 0.0017 
        002s 175 0.0660 0.9315 0.0006 0.0019 
        003s 175 0.0005 0.9982 0.0008 0.0005 
        004s 175 0.0284 0.9659 0.0045 0.0011 
        005s 175 0.0014 0.9941 0.0031 0.0014 
        006s 175 0.1534 0.8402 0.0050 0.0014 
        007s 175 0.0005 0.9983 0.0005 0.0007 
        008s 175 0.0016 0.9951 0.0027 0.0006 
        009s 175 0.1073 0.8890 0.0030 0.0007 
        010s 175 0.0008 0.9980 0.0003 0.0010 
        011s 175 0.0028 0.9954 0.0008 0.0010 
        012s 175 0.0006 0.9984 0.0007 0.0003 
        013s 175 0.0024 0.9969 0.0005 0.0002 
        014s 175 0.0778 0.9215 0.0004 0.0003 
        015s 175 0.0013 0.9968 0.0005 0.0013 
        016s 175 0.0083 0.9908 0.0006 0.0003 
        017s 175 0.0079 0.9863 0.0010 0.0048 
        018s 175 0.0037 0.9879 0.0074 0.0010 
        019s 175 0.0009 0.9719 0.0215 0.0056 
        020s 175 0.0012 0.9973 0.0005 0.0010 
        021s 175 0.0010 0.9962 0.0009 0.0019 
        022s 175 0.0065 0.9898 0.0005 0.0032 
        023s 175 0.0039 0.9869 0.0059 0.0033 
        024s 175 0.0269 0.9714 0.0009 0.0007 
        025s 175 0.0469 0.9503 0.0023 0.0005 
        026s 175 0.0025 0.9961 0.0004 0.0010 
        027s 175 0.0020 0.9951 0.0008 0.0020 
        028s 175 0.0005 0.9398 0.0004 0.0592 
        029s 175 0.0007 0.9972 0.0016 0.0005 
        030s 175 0.0933 0.9047 0.0007 0.0013 
        031s 175 0.0015 0.9894 0.0087 0.0003 
        032s 175 0.0012 0.9755 0.0022 0.0211 
        033s 175 0.0123 0.9842 0.0026 0.0009 
        034s 175 0.0035 0.9959 0.0003 0.0003 
        035s 175 0.0054 0.9935 0.0006 0.0005 
        036s 175 0.0009 0.9939 0.0048 0.0005 
        037s 175 0.0007 0.9870 0.0003 0.0120 
        038s 175 0.0076 0.9912 0.0003 0.0009 
        039s 175 0.0014 0.9953 0.0012 0.0021 
        040s 175 0.0007 0.9968 0.0006 0.0019 
        041s 175 0.0024 0.9961 0.0007 0.0007 
        042s 175 0.0014 0.9787 0.0190 0.0009 
        043s 175 0.0035 0.9925 0.0008 0.0032 
        044s 175 0.0007 0.9971 0.0006 0.0016 
        045s 175 0.0623 0.9362 0.0008 0.0007 
        046s 175 0.0016 0.9955 0.0012 0.0018 
        047s 175 0.0007 0.9870 0.0044 0.0080 
        048s 175 0.0053 0.9932 0.0011 0.0004 
        049s 175 0.0158 0.9811 0.0025 0.0006 
        050s 175 0.0355 0.8656 0.0016 0.0973 
        001s 176 0.0798 0.9178 0.0018 0.0006 
        002s 176 0.0107 0.9865 0.0003 0.0024 
        003s 176 0.0011 0.9971 0.0007 0.0012 
        004s 176 0.0017 0.9940 0.0027 0.0017 
        005s 176 0.0004 0.9834 0.0004 0.0158 
        006s 176 0.0007 0.9960 0.0027 0.0007 
        007s 176 0.0693 0.9285 0.0015 0.0008 
        008s 176 0.0005 0.9982 0.0010 0.0003 
        009s 176 0.0007 0.9897 0.0010 0.0086 
        010s 176 0.0009 0.9976 0.0010 0.0005 
        011s 176 0.0006 0.9958 0.0006 0.0030 
        012s 176 0.0591 0.9389 0.0009 0.0011 
        013s 176 0.0111 0.9858 0.0010 0.0020 
        014s 176 0.0026 0.9956 0.0014 0.0005 
        015s 176 0.0007 0.9898 0.0084 0.0012 
        016s 176 0.0006 0.9934 0.0052 0.0008 
        017s 176 0.0003 0.9986 0.0007 0.0004 
        018s 176 0.0004 0.9880 0.0013 0.0103 
        019s 176 0.0493 0.9495 0.0009 0.0004 
        020s 176 0.0014 0.9966 0.0008 0.0012 
        021s 176 0.0036 0.9946 0.0006 0.0012 
        022s 176 0.0012 0.9968 0.0014 0.0006 
        023s 176 0.0005 0.9218 0.0774 0.0002 
        024s 176 0.0421 0.9559 0.0014 0.0007 
        025s 176 0.0078 0.9882 0.0015 0.0025 
        026s 176 0.0049 0.9919 0.0011 0.0021 
        027s 176 0.0004 0.9984 0.0004 0.0008 
        028s 176 0.0016 0.9967 0.0010 0.0008 
        029s 176 0.0010 0.9963 0.0007 0.0020 
        030s 176 0.0486 0.9500 0.0007 0.0006 
        031s 176 0.0041 0.9945 0.0004 0.0009 
        032s 176 0.0083 0.9593 0.0006 0.0318 
        033s 176 0.1170 0.8596 0.0041 0.0193 
        034s 176 0.0008 0.9983 0.0002 0.0006 
        035s 176 0.0044 0.9267 0.0006 0.0684 
        036s 176 0.0009 0.9983 0.0003 0.0005 
        037s 176 0.0613 0.9193 0.0016 0.0178 
        038s 176 0.0007 0.9974 0.0011 0.0008 
        039s 176 0.0005 0.9989 0.0004 0.0002 
        040s 176 0.0003 0.9986 0.0003 0.0007 
        041s 176 0.0008 0.9942 0.0043 0.0007 
        042s 176 0.0006 0.9978 0.0011 0.0005 
        043s 176 0.0140 0.9771 0.0029 0.0060 
        044s 176 0.0024 0.9971 0.0003 0.0003 
        045s 176 0.0102 0.9878 0.0009 0.0010 
        046s 176 0.0013 0.9976 0.0008 0.0003 
        047s 176 0.0006 0.9938 0.0043 0.0013 
        048s 176 0.0059 0.9847 0.0088 0.0005 
        050s 176 0.0010 0.9902 0.0005 0.0083 
        001s 177 0.0344 0.9369 0.0112 0.0174 
        002s 177 0.0004 0.9977 0.0006 0.0013 
        003s 177 0.0268 0.9191 0.0450 0.0091 
        004s 177 0.0007 0.9978 0.0003 0.0012 
        005s 177 0.0015 0.9977 0.0005 0.0004 
        006s 177 0.0017 0.9938 0.0020 0.0025 
        007s 177 0.0030 0.9959 0.0004 0.0007 
        008s 177 0.1439 0.8427 0.0118 0.0016 
        009s 177 0.0004 0.9984 0.0005 0.0007 
        010s 177 0.0230 0.9749 0.0010 0.0011 
        011s 177 0.0010 0.9982 0.0002 0.0006 
        012s 177 0.0019 0.9969 0.0004 0.0008 
        013s 177 0.0009 0.9907 0.0064 0.0020 
        014s 177 0.0290 0.9669 0.0016 0.0024 
        015s 177 0.0019 0.9952 0.0008 0.0022 
        016s 177 0.0004 0.9982 0.0008 0.0006 
        017s 177 0.0276 0.9707 0.0010 0.0008 
        018s 177 0.0074 0.9903 0.0020 0.0003 
        019s 177 0.0009 0.9947 0.0005 0.0039 
        020s 177 0.0020 0.9943 0.0008 0.0028 
        021s 177 0.0005 0.9978 0.0005 0.0012 
        022s 177 0.0030 0.9813 0.0005 0.0151 
        023s 177 0.0093 0.9867 0.0023 0.0017 
        024s 177 0.0005 0.9970 0.0006 0.0019 
        025s 177 0.0023 0.9964 0.0005 0.0008 
        026s 177 0.0007 0.9964 0.0005 0.0025 
        027s 177 0.0005 0.9978 0.0010 0.0007 
        028s 177 0.0004 0.9973 0.0015 0.0008 
        029s 177 0.0866 0.9121 0.0003 0.0010 
        030s 177 0.0079 0.9881 0.0018 0.0022 
        031s 177 0.0009 0.9887 0.0010 0.0094 
        032s 177 0.0177 0.9812 0.0005 0.0006 
        033s 177 0.0006 0.9965 0.0005 0.0024 
        034s 177 0.0010 0.9979 0.0005 0.0007 
        035s 177 0.0004 0.9984 0.0008 0.0004 
        036s 177 0.0073 0.9346 0.0006 0.0574 
        037s 177 0.0237 0.9729 0.0007 0.0027 
        038s 177 0.0068 0.9890 0.0030 0.0012 
        039s 177 0.0009 0.9934 0.0044 0.0013 
        040s 177 0.0206 0.9778 0.0003 0.0012 
        041s 177 0.1049 0.8940 0.0004 0.0006 
        042s 177 0.0243 0.9742 0.0008 0.0007 
        043s 177 0.0004 0.9984 0.0007 0.0006 
        044s 177 0.0006 0.9981 0.0004 0.0008 
        045s 177 0.0102 0.9769 0.0107 0.0022 
        046s 177 0.0007 0.9982 0.0004 0.0006 
        047s 177 0.0015 0.9939 0.0015 0.0032 
        048s 177 0.0046 0.9945 0.0005 0.0004 
        049s 177 0.0491 0.9496 0.0003 0.0011 
        050s 177 0.0003 0.9948 0.0043 0.0005 
        001s 178 0.0250 0.9711 0.0028 0.0011 
        002s 178 0.0031 0.9932 0.0005 0.0032 
        003s 178 0.0029 0.9951 0.0013 0.0008 
        004s 178 0.0025 0.9859 0.0112 0.0005 
        005s 178 0.0017 0.9962 0.0017 0.0004 
        006s 178 0.0491 0.8800 0.0148 0.0560 
        007s 178 0.0008 0.9983 0.0004 0.0005 
        008s 178 0.0840 0.9119 0.0032 0.0009 
        009s 178 0.0028 0.9939 0.0017 0.0016 
        010s 178 0.0004 0.9979 0.0004 0.0014 
        011s 178 0.0009 0.9976 0.0008 0.0007 
        012s 178 0.0019 0.9971 0.0004 0.0006 
        013s 178 0.0003 0.9917 0.0060 0.0021 
        014s 178 0.0209 0.9544 0.0003 0.0244 
        015s 178 0.0030 0.9955 0.0010 0.0005 
        016s 178 0.0113 0.9841 0.0033 0.0013 
        017s 178 0.0260 0.9686 0.0016 0.0037 
        018s 178 0.0012 0.9963 0.0010 0.0015 
        019s 178 0.0014 0.9978 0.0005 0.0003 
        020s 178 0.0005 0.9980 0.0013 0.0002 
        021s 178 0.0232 0.9750 0.0007 0.0012 
        022s 178 0.0013 0.9979 0.0004 0.0003 
        023s 178 0.0966 0.8615 0.0004 0.0415 
        024s 178 0.0005 0.9980 0.0007 0.0007 
        025s 178 0.0215 0.9773 0.0003 0.0009 
        026s 178 0.0005 0.9966 0.0023 0.0006 
        027s 178 0.0341 0.9637 0.0013 0.0008 
        028s 178 0.0317 0.9567 0.0053 0.0063 
        029s 178 0.0025 0.9963 0.0004 0.0008 
        030s 178 0.0068 0.9876 0.0005 0.0051 
        031s 178 0.0004 0.9804 0.0190 0.0002 
        032s 178 0.0006 0.9968 0.0020 0.0006 
        033s 178 0.0370 0.9605 0.0020 0.0004 
        034s 178 0.0004 0.9982 0.0009 0.0004 
        035s 178 0.0010 0.9951 0.0013 0.0026 
        036s 178 0.0004 0.9986 0.0004 0.0006 
        037s 178 0.0004 0.9942 0.0004 0.0050 
        039s 178 0.0109 0.9805 0.0023 0.0063 
        040s 178 0.0705 0.9258 0.0019 0.0018 
        041s 178 0.0007 0.9983 0.0005 0.0005 
        042s 178 0.0228 0.9525 0.0189 0.0058 
        043s 178 0.0294 0.9128 0.0462 0.0116 
        044s 178 0.1150 0.8840 0.0002 0.0008 
        045s 178 0.0008 0.9973 0.0006 0.0013 
        046s 178 0.0012 0.9978 0.0007 0.0003 
        047s 178 0.0146 0.9833 0.0010 0.0010 
        048s 178 0.0124 0.9589 0.0015 0.0272 
        049s 178 0.0034 0.9917 0.0004 0.0046 
        050s 178 0.0905 0.8943 0.0102 0.0049 
          01 179 0.0747 0.9117 0.0006 0.0131 
          02 179 0.0010 0.9955 0.0013 0.0022 
          03 179 0.1370 0.8614 0.0002 0.0014 
          04 179 0.0014 0.9920 0.0004 0.0062 
          05 179 0.0557 0.9410 0.0026 0.0007 
          06 179 0.0010 0.9876 0.0111 0.0003 
          07 179 0.0021 0.9918 0.0002 0.0060 
          08 179 0.0006 0.9934 0.0019 0.0042 
          09 179 0.0005 0.9981 0.0007 0.0006 
          10 179 0.0053 0.9876 0.0003 0.0068 
          11 179 0.0863 0.9127 0.0004 0.0005 
          12 179 0.0007 0.9943 0.0020 0.0030 
          13 179 0.0008 0.9968 0.0020 0.0004 
          14 179 0.0788 0.9173 0.0009 0.0030 
          15 179 0.0100 0.9884 0.0009 0.0008 
          16 179 0.0094 0.9863 0.0034 0.0009 
          17 179 0.0009 0.9786 0.0009 0.0196 
          18 179 0.0006 0.9956 0.0016 0.0023 
          19 179 0.0233 0.9747 0.0014 0.0006 
          20 179 0.0268 0.8768 0.0037 0.0927 
          21 179 0.0002 0.9989 0.0003 0.0006 
          22 179 0.0111 0.9711 0.0164 0.0014 
          23 179 0.0015 0.9974 0.0005 0.0006 
        001s 180 0.0286 0.9388 0.0006 0.0320 
        002s 180 0.0012 0.9961 0.0004 0.0023 
        003s 180 0.0008 0.9948 0.0033 0.0011 
        004s 180 0.0007 0.9984 0.0004 0.0005 
        005s 180 0.0050 0.9695 0.0003 0.0252 
        006s 180 0.0844 0.9146 0.0005 0.0005 
        007s 180 0.0006 0.9980 0.0009 0.0005 
        008s 180 0.0021 0.9968 0.0005 0.0006 
        009s 180 0.0006 0.9973 0.0008 0.0014 
        010s 180 0.0007 0.9896 0.0089 0.0008 
        011s 180 0.0012 0.9978 0.0005 0.0005 
        012s 180 0.0064 0.9922 0.0006 0.0008 
        013s 180 0.0012 0.9913 0.0019 0.0056 
        014s 180 0.0044 0.9936 0.0004 0.0016 
        015s 180 0.0010 0.9969 0.0004 0.0016 
        016s 180 0.0103 0.9673 0.0033 0.0191 
        017s 180 0.0013 0.9970 0.0007 0.0010 
        018s 180 0.0670 0.9310 0.0012 0.0007 
        019s 180 0.0016 0.9966 0.0007 0.0011 
        020s 180 0.0020 0.9891 0.0026 0.0064 
        021s 180 0.0018 0.9946 0.0010 0.0026 
        022s 180 0.0047 0.9939 0.0004 0.0010 
        023s 180 0.0004 0.9947 0.0003 0.0046 
        024s 180 0.0021 0.9913 0.0008 0.0058 
        025s 180 0.0070 0.9917 0.0009 0.0004 
        026s 180 0.0022 0.9934 0.0038 0.0005 
        027s 180 0.0033 0.9952 0.0008 0.0007 
        028s 180 0.0019 0.9960 0.0011 0.0010 
        029s 180 0.0102 0.9140 0.0128 0.0630 
        030s 180 0.0013 0.9908 0.0075 0.0005 
        031s 180 0.0006 0.9973 0.0003 0.0018 
        032s 180 0.0020 0.9845 0.0128 0.0007 
        033s 180 0.0019 0.9936 0.0043 0.0002 
        034s 180 0.0051 0.9929 0.0013 0.0007 
        035s 180 0.0053 0.9752 0.0011 0.0184 
        036s 180 0.0004 0.9942 0.0047 0.0007 
        037s 180 0.0011 0.9921 0.0056 0.0012 
        038s 180 0.0019 0.9967 0.0011 0.0003 
        039s 180 0.0014 0.9966 0.0009 0.0011 
        041s 180 0.0010 0.9982 0.0004 0.0004 
        042s 180 0.0014 0.9930 0.0007 0.0048 
        043s 180 0.0026 0.9848 0.0111 0.0014 
        044s 180 0.0008 0.9979 0.0008 0.0005 
        045s 180 0.0028 0.9918 0.0020 0.0034 
        046s 180 0.0072 0.9894 0.0016 0.0017 
        047s 180 0.0063 0.9910 0.0012 0.0016 
        048s 180 0.0012 0.9976 0.0004 0.0008 
        049s 180 0.0009 0.9979 0.0008 0.0004 
        050s 180 0.0007 0.9969 0.0020 0.0004 
         001 181 0.9994 0.0002 0.0003 0.0001 
         002 181 0.9997 0.0001 0.0001 0.0001 
         003 181 0.9996 0.0001 0.0002 0.0001 
         004 181 0.9918 0.0053 0.0028 0.0002 
         005 181 0.9972 0.0018 0.0001 0.0009 
         006 181 0.9997 0.0001 0.0001 0.0001 
         007 181 0.9996 0.0001 0.0001 0.0001 
         008 181 0.9995 0.0002 0.0002 0.0001 
         009 181 0.9998 0.0001 0.0000 0.0001 
         010 181 0.9601 0.0001 0.0397 0.0001 
         011 181 0.9997 0.0001 0.0001 0.0001 
         012 181 0.9984 0.0003 0.0002 0.0010 
         013 181 0.9990 0.0005 0.0003 0.0002 
         014 181 0.9996 0.0002 0.0001 0.0001 
         015 181 0.9997 0.0001 0.0001 0.0001 
         016 181 0.9994 0.0003 0.0001 0.0002 
         017 181 0.9998 0.0001 0.0001 0.0001 
         018 181 0.9992 0.0003 0.0004 0.0002 
         019 181 0.9983 0.0013 0.0001 0.0003 
         020 181 0.9996 0.0001 0.0001 0.0001 
         021 181 0.9997 0.0001 0.0001 0.0001 
         022 181 0.9998 0.0001 0.0001 0.0001 
         023 181 0.9997 0.0001 0.0001 0.0001 
         024 181 0.9966 0.0018 0.0011 0.0004 
         025 181 0.9997 0.0001 0.0001 0.0001 
         026 181 0.9997 0.0001 0.0001 0.0001 
         027 181 0.9998 0.0001 0.0001 0.0001 
         028 181 0.9998 0.0001 0.0001 0.0001 
         029 181 0.9996 0.0002 0.0002 0.0001 
         030 181 0.9996 0.0002 0.0002 0.0001 
         001 182 0.9998 0.0001 0.0001 0.0001 
         002 182 0.9992 0.0004 0.0002 0.0002 
         003 182 0.9418 0.0004 0.0577 0.0002 
         004 182 0.9995 0.0002 0.0001 0.0003 
         005 182 0.9976 0.0007 0.0015 0.0001 
         006 182 0.8805 0.1164 0.0003 0.0028 
         007 182 0.9780 0.0012 0.0207 0.0002 
         008 182 0.9988 0.0006 0.0005 0.0001 
         009 182 0.9992 0.0002 0.0005 0.0001 
         010 182 0.8993 0.0995 0.0006 0.0006 
         011 182 0.9994 0.0003 0.0002 0.0001 
         012 182 0.9260 0.0727 0.0005 0.0008 
         013 182 0.9961 0.0016 0.0005 0.0018 
         014 182 0.8964 0.0976 0.0006 0.0054 
         015 182 0.9997 0.0001 0.0001 0.0001 
         016 182 0.9993 0.0002 0.0004 0.0001 
         017 182 0.9402 0.0590 0.0005 0.0003 
         018 182 0.9995 0.0003 0.0001 0.0001 
         019 182 0.9996 0.0002 0.0001 0.0001 
         020 182 0.9998 0.0001 0.0001 0.0001 
         021 182 0.9264 0.0034 0.0697 0.0005 
         022 182 0.9995 0.0002 0.0002 0.0002 
         023 182 0.9995 0.0002 0.0001 0.0001 
         024 182 0.9995 0.0002 0.0002 0.0001 
         025 182 0.9993 0.0002 0.0005 0.0001 
         026 182 0.9997 0.0001 0.0001 0.0001 
         027 182 0.9978 0.0006 0.0001 0.0014 
         028 182 0.9991 0.0003 0.0003 0.0002 
         029 182 0.9911 0.0005 0.0075 0.0010 
         030 182 0.9997 0.0001 0.0001 0.0001 
          10 183 0.0004 0.9957 0.0016 0.0023 
          11 183 0.0003 0.9276 0.0004 0.0717 
          12 183 0.0003 0.9918 0.0015 0.0064 
          13 183 0.0483 0.9504 0.0009 0.0005 
          14 183 0.0003 0.9641 0.0256 0.0101 
          15 183 0.0040 0.9510 0.0004 0.0445 
          16 183 0.0689 0.9264 0.0036 0.0011 
          17 183 0.0006 0.9970 0.0005 0.0019 
          18 183 0.0004 0.9975 0.0008 0.0013 
          19 183 0.0003 0.9986 0.0002 0.0009 
          20 183 0.0138 0.9849 0.0008 0.0005 
          21 183 0.0009 0.9860 0.0001 0.0129 
          22 183 0.0041 0.9661 0.0030 0.0268 
          23 183 0.0043 0.9886 0.0066 0.0004 
          24 183 0.0003 0.9790 0.0006 0.0201 
          25 183 0.0014 0.9871 0.0008 0.0107 
          26 183 0.0036 0.9947 0.0007 0.0010 
          27 183 0.0104 0.9765 0.0002 0.0129 
          28 183 0.0014 0.9760 0.0005 0.0221 
          29 183 0.6909 0.2829 0.0003 0.0259 
          30 183 0.8132 0.1119 0.0003 0.0746 
          31 183 0.0007 0.9943 0.0004 0.0047 
          32 183 0.0002 0.9983 0.0012 0.0003 
          33 183 0.0024 0.9948 0.0014 0.0014 
          34 183 0.0003 0.9719 0.0023 0.0255 
          35 183 0.0078 0.9803 0.0006 0.0112 
          36 183 0.0004 0.9929 0.0014 0.0053 
          37 183 0.7879 0.1773 0.0004 0.0344 
          54 183 0.0591 0.9387 0.0003 0.0019 
          55 183 0.0929 0.8263 0.0031 0.0777 
           6 183 0.0046 0.9929 0.0014 0.0011 
           7 183 0.1085 0.8857 0.0004 0.0054 
           8 183 0.0271 0.9682 0.0021 0.0026 
           9 183 0.0026 0.9821 0.0019 0.0135 
           4 184 0.0021 0.9968 0.0005 0.0006 
           9 184 0.0008 0.9950 0.0037 0.0005 
          12 184 0.0100 0.9893 0.0004 0.0002 
          14 184 0.0008 0.9936 0.0010 0.0046 
          15 184 0.0004 0.9966 0.0006 0.0024 
          16 184 0.0008 0.9946 0.0031 0.0015 
          17 184 0.0024 0.9941 0.0026 0.0009 
          18 184 0.0882 0.9096 0.0006 0.0016 
          22 184 0.0004 0.9983 0.0008 0.0005 
          25 184 0.0040 0.9944 0.0009 0.0007 
          26 184 0.0010 0.9749 0.0228 0.0014 
          27 184 0.0008 0.9985 0.0004 0.0003 
          28 184 0.0005 0.9985 0.0004 0.0006 
          29 184 0.0003 0.9988 0.0002 0.0007 
          31 184 0.0022 0.9967 0.0006 0.0005 
          32 184 0.0031 0.9941 0.0006 0.0022 
          33 184 0.0007 0.9957 0.0016 0.0020 
          34 184 0.0004 0.9984 0.0005 0.0006 
          36 184 0.3767 0.6225 0.0005 0.0003 
          37 184 0.0029 0.9955 0.0012 0.0004 
          39 184 0.0148 0.9726 0.0008 0.0118 
          40 184 0.0025 0.9942 0.0007 0.0026 
          41 184 0.0035 0.9939 0.0006 0.0019 
          42 184 0.0013 0.9939 0.0044 0.0004 
          43 184 0.0007 0.9980 0.0005 0.0009 
          44 184 0.0687 0.9271 0.0003 0.0039 
          45 184 0.0003 0.9969 0.0022 0.0006 
          46 184 0.0012 0.9978 0.0006 0.0003 
          47 184 0.0003 0.9990 0.0003 0.0005 
          48 184 0.0004 0.9980 0.0003 0.0013 
          52 184 0.0824 0.9164 0.0007 0.0005 
          54 184 0.0008 0.9974 0.0016 0.0002 
          57 184 0.0009 0.9979 0.0006 0.0005 
          58 184 0.0014 0.9968 0.0006 0.0012 
          59 184 0.0690 0.9301 0.0002 0.0007 
          60 184 0.0006 0.9887 0.0019 0.0088 
           3 185 0.0186 0.9658 0.0010 0.0146 
           4 185 0.0009 0.9961 0.0011 0.0019 
           5 185 0.0011 0.9935 0.0049 0.0004 
           6 185 0.0008 0.9980 0.0007 0.0005 
           7 185 0.0845 0.9125 0.0027 0.0003 
           8 185 0.0739 0.9246 0.0004 0.0010 
           9 185 0.0014 0.9964 0.0005 0.0017 
          10 185 0.0011 0.9934 0.0014 0.0042 
          11 185 0.0566 0.9407 0.0012 0.0015 
          12 185 0.1013 0.8956 0.0009 0.0023 
          13 185 0.0007 0.9983 0.0006 0.0004 
          14 185 0.0010 0.9978 0.0007 0.0005 
          15 185 0.0019 0.7163 0.0433 0.2386 
          16 185 0.0013 0.9966 0.0006 0.0015 
          17 185 0.0010 0.9477 0.0013 0.0499 
          18 185 0.0004 0.9958 0.0030 0.0008 
          19 185 0.0002 0.9785 0.0008 0.0205 
          20 185 0.1305 0.8682 0.0004 0.0009 
          21 185 0.0034 0.9869 0.0014 0.0083 
          22 185 0.0025 0.9450 0.0006 0.0519 
          23 185 0.0172 0.9805 0.0003 0.0020 
          24 185 0.0006 0.9987 0.0004 0.0004 
          25 185 0.0719 0.9205 0.0002 0.0074 
          26 185 0.0018 0.9961 0.0007 0.0014 
          27 185 0.0006 0.9960 0.0022 0.0012 
          28 185 0.0008 0.9986 0.0004 0.0002 
          29 185 0.1234 0.7988 0.0130 0.0648 
          30 185 0.0060 0.9925 0.0004 0.0011 
          31 185 0.0064 0.9926 0.0003 0.0006 
          32 185 0.0038 0.9948 0.0010 0.0003 
          33 185 0.0157 0.9833 0.0005 0.0004 
          34 185 0.0006 0.9977 0.0003 0.0014 
          35 185 0.0015 0.9517 0.0462 0.0006 
          36 185 0.0010 0.9965 0.0016 0.0010 
          37 185 0.0217 0.9774 0.0004 0.0005 
          38 185 0.1043 0.8951 0.0003 0.0003 
          39 185 0.0445 0.9496 0.0004 0.0054 
          40 185 0.0007 0.9971 0.0012 0.0011 
          41 185 0.0006 0.9969 0.0015 0.0010 
          42 185 0.0006 0.9982 0.0007 0.0006 
           5 186 0.0007 0.9920 0.0067 0.0006 
           6 186 0.0010 0.9952 0.0033 0.0004 
           7 186 0.0017 0.9974 0.0004 0.0005 
           9 186 0.0835 0.9131 0.0012 0.0022 
          10 186 0.0484 0.9499 0.0011 0.0006 
          11 186 0.0026 0.9963 0.0005 0.0006 
          12 186 0.0013 0.9975 0.0009 0.0004 
          29 186 0.0013 0.9880 0.0005 0.0102 
          30 186 0.0002 0.9961 0.0026 0.0010 
          31 186 0.0617 0.7644 0.0132 0.1607 
          32 186 0.0460 0.9089 0.0005 0.0446 
          33 186 0.0004 0.9948 0.0006 0.0042 
          34 186 0.0177 0.9591 0.0200 0.0033 
          35 186 0.0003 0.9983 0.0005 0.0009 
          36 186 0.0012 0.9973 0.0004 0.0011 
          37 186 0.0265 0.9724 0.0003 0.0007 
          38 186 0.0139 0.9717 0.0009 0.0135 
          39 186 0.0005 0.9974 0.0017 0.0004 
          40 186 0.0005 0.9983 0.0004 0.0008 
          41 186 0.0041 0.9938 0.0017 0.0005 
          42 186 0.0006 0.9985 0.0004 0.0005 
          43 186 0.0067 0.9899 0.0026 0.0008 
          44 186 0.0003 0.9955 0.0027 0.0014 
          45 186 0.0004 0.9983 0.0007 0.0005 
          46 186 0.0006 0.9905 0.0085 0.0005 
          47 186 0.0027 0.9958 0.0003 0.0011 
          48 186 0.0006 0.9974 0.0011 0.0009 
          49 186 0.0003 0.9989 0.0006 0.0002 
          50 186 0.0114 0.9862 0.0005 0.0019 
          51 186 0.0003 0.9983 0.0009 0.0005 
          52 186 0.0008 0.9951 0.0031 0.0009 
          53 186 0.0006 0.9969 0.0005 0.0020 
          54 186 0.0004 0.9940 0.0048 0.0007 
          55 186 0.0018 0.9928 0.0047 0.0007 
          56 186 0.0011 0.9980 0.0004 0.0005 
          57 186 0.0025 0.9135 0.0092 0.0747 
          58 186 0.0009 0.9980 0.0009 0.0003 
          59 186 0.0045 0.9945 0.0004 0.0006 
          60 186 0.0003 0.9963 0.0016 0.0019 
           1 187 0.0173 0.9760 0.0012 0.0054 
           2 187 0.0031 0.9951 0.0006 0.0012 
           3 187 0.0104 0.9737 0.0010 0.0149 
           4 187 0.1161 0.8694 0.0006 0.0139 
           5 187 0.0005 0.9960 0.0031 0.0005 
           6 187 0.0023 0.9928 0.0045 0.0005 
           7 187 0.1424 0.8490 0.0070 0.0016 
           8 187 0.0015 0.9958 0.0022 0.0005 
           9 187 0.0003 0.9984 0.0004 0.0009 
          10 187 0.0291 0.9691 0.0008 0.0010 
          11 187 0.0007 0.9987 0.0004 0.0002 
          12 187 0.0007 0.9986 0.0003 0.0004 
          13 187 0.0048 0.9932 0.0007 0.0013 
          14 187 0.0008 0.9957 0.0018 0.0017 
          15 187 0.0029 0.9901 0.0066 0.0005 
          16 187 0.0098 0.9861 0.0020 0.0022 
          17 187 0.0693 0.9258 0.0004 0.0045 
          18 187 0.0010 0.9975 0.0005 0.0010 
          19 187 0.0005 0.9977 0.0014 0.0004 
          20 187 0.0006 0.9901 0.0084 0.0009 
          21 187 0.0920 0.8997 0.0045 0.0038 
          22 187 0.0013 0.9947 0.0005 0.0035 
          23 187 0.0004 0.9988 0.0003 0.0005 
          24 187 0.0953 0.9020 0.0008 0.0020 
          25 187 0.0010 0.9930 0.0039 0.0022 
          26 187 0.0003 0.9959 0.0012 0.0026 
          27 187 0.0003 0.9987 0.0005 0.0005 
          28 187 0.0026 0.9906 0.0017 0.0050 
          29 187 0.0036 0.9948 0.0006 0.0010 
          30 187 0.0010 0.9601 0.0012 0.0378 
          32 187 0.0932 0.9061 0.0005 0.0003 
          33 187 0.0179 0.9806 0.0004 0.0011 
          34 187 0.0010 0.9964 0.0020 0.0006 
          35 187 0.0075 0.9841 0.0023 0.0061 
          36 187 0.0005 0.9971 0.0012 0.0012 
          37 187 0.0028 0.9882 0.0008 0.0083 
          38 187 0.0980 0.8104 0.0231 0.0685 
           1 188 0.0046 0.9939 0.0006 0.0008 
           2 188 0.0175 0.9802 0.0018 0.0005 
           3 188 0.0386 0.9562 0.0038 0.0014 
           4 188 0.0648 0.9239 0.0108 0.0005 
           5 188 0.0017 0.9948 0.0011 0.0023 
           6 188 0.0004 0.9983 0.0004 0.0009 
           7 188 0.0004 0.9983 0.0009 0.0004 
           8 188 0.0496 0.9494 0.0007 0.0003 
           9 188 0.0006 0.9792 0.0198 0.0004 
          10 188 0.0031 0.9949 0.0005 0.0016 
          11 188 0.0004 0.9975 0.0018 0.0003 
          12 188 0.0010 0.9524 0.0008 0.0458 
          13 188 0.1053 0.8851 0.0006 0.0090 
          14 188 0.0850 0.9110 0.0003 0.0038 
          15 188 0.0006 0.9970 0.0020 0.0004 
          16 188 0.0182 0.9805 0.0005 0.0009 
          17 188 0.0019 0.9967 0.0004 0.0009 
          18 188 0.0010 0.9506 0.0005 0.0479 
          19 188 0.0011 0.9950 0.0010 0.0029 
          20 188 0.1162 0.8742 0.0012 0.0084 
          21 188 0.0031 0.9875 0.0028 0.0066 
          22 188 0.0018 0.9821 0.0072 0.0089 
          23 188 0.0026 0.9517 0.0002 0.0455 
          24 188 0.0002 0.9658 0.0004 0.0336 
          25 188 0.0007 0.9527 0.0025 0.0441 
          26 188 0.0846 0.9137 0.0007 0.0010 
          27 188 0.0565 0.9419 0.0005 0.0011 
          28 188 0.0014 0.9979 0.0005 0.0003 
          29 188 0.0313 0.9566 0.0017 0.0104 
          30 188 0.1009 0.8975 0.0004 0.0012 
          31 188 0.0030 0.9917 0.0008 0.0046 
          32 188 0.0008 0.9982 0.0005 0.0005 
          33 188 0.0006 0.9933 0.0003 0.0059 
          34 188 0.0004 0.9930 0.0006 0.0059 
          35 188 0.0068 0.9363 0.0049 0.0519 
          36 188 0.1110 0.8855 0.0017 0.0018 
          37 188 0.0009 0.9973 0.0013 0.0005 
          38 188 0.0878 0.9109 0.0008 0.0005 
          39 188 0.0268 0.9658 0.0064 0.0011 
          40 188 0.0011 0.9980 0.0004 0.0005 
           7 189 0.0030 0.9961 0.0004 0.0005 
           8 189 0.0019 0.9968 0.0005 0.0007 
           9 189 0.0023 0.9952 0.0008 0.0017 
          10 189 0.0041 0.9953 0.0003 0.0003 
          11 189 0.0009 0.9772 0.0167 0.0052 
          12 189 0.0674 0.9303 0.0016 0.0007 
          13 189 0.0006 0.9965 0.0009 0.0021 
          14 189 0.0311 0.9627 0.0002 0.0060 
          16 189 0.1417 0.8438 0.0067 0.0077 
          17 189 0.0003 0.9975 0.0011 0.0011 
          18 189 0.0476 0.9502 0.0006 0.0016 
          19 189 0.0011 0.9915 0.0021 0.0052 
          20 189 0.0627 0.9360 0.0005 0.0008 
          21 189 0.0084 0.9902 0.0006 0.0009 
          23 189 0.0007 0.9961 0.0011 0.0021 
          24 189 0.0372 0.9608 0.0012 0.0008 
          25 189 0.0040 0.9935 0.0009 0.0016 
          26 189 0.0150 0.9808 0.0027 0.0015 
          27 189 0.0010 0.9928 0.0037 0.0025 
          28 189 0.0002 0.9980 0.0014 0.0004 
          29 189 0.0018 0.9965 0.0008 0.0009 
          30 189 0.0016 0.9833 0.0013 0.0138 
          31 189 0.0005 0.9962 0.0003 0.0030 
          32 189 0.0784 0.9200 0.0012 0.0003 
          33 189 0.0008 0.9904 0.0017 0.0070 
          34 189 0.0002 0.9963 0.0032 0.0003 
          35 189 0.0005 0.9985 0.0003 0.0006 
          36 189 0.0344 0.9639 0.0003 0.0013 
          37 189 0.0005 0.9932 0.0013 0.0050 
          38 189 0.0024 0.9895 0.0047 0.0033 
          39 189 0.0078 0.9905 0.0008 0.0010 
          40 189 0.1420 0.8559 0.0010 0.0010 
          41 189 0.0127 0.9823 0.0004 0.0046 
          42 189 0.1660 0.7859 0.0321 0.0160 
          43 189 0.0013 0.9968 0.0013 0.0006 
           1 190 0.1158 0.8814 0.0019 0.0010 
           3 190 0.0006 0.9835 0.0013 0.0146 
           4 190 0.0006 0.9971 0.0017 0.0006 
           5 190 0.0084 0.9902 0.0004 0.0010 
           6 190 0.0006 0.9977 0.0008 0.0009 
           7 190 0.0007 0.9976 0.0002 0.0015 
           8 190 0.0100 0.9571 0.0017 0.0313 
           9 190 0.3516 0.5363 0.0102 0.1018 
          10 190 0.0010 0.9979 0.0007 0.0004 
          11 190 0.0249 0.9624 0.0122 0.0005 
          12 190 0.0006 0.9967 0.0014 0.0013 
          13 190 0.0010 0.9976 0.0011 0.0004 
          14 190 0.0014 0.9944 0.0037 0.0005 
          15 190 0.0032 0.9622 0.0326 0.0020 
          16 190 0.0037 0.9956 0.0002 0.0005 
          17 190 0.0029 0.9918 0.0046 0.0007 
          18 190 0.0133 0.9815 0.0005 0.0047 
          19 190 0.0006 0.9974 0.0007 0.0012 
          20 190 0.0005 0.9906 0.0007 0.0082 
          22 190 0.1261 0.8721 0.0005 0.0013 
          23 190 0.0050 0.9931 0.0009 0.0010 
          24 190 0.0483 0.9496 0.0010 0.0011 
          25 190 0.0033 0.9954 0.0009 0.0004 
          26 190 0.0003 0.9964 0.0018 0.0015 
          27 190 0.0011 0.9813 0.0168 0.0008 
          28 190 0.0035 0.9902 0.0059 0.0005 
          29 190 0.0127 0.9867 0.0004 0.0003 
          31 190 0.0540 0.9449 0.0008 0.0003 
           7 191 0.0004 0.9986 0.0003 0.0006 
           8 191 0.0020 0.9970 0.0004 0.0006 
           9 191 0.0005 0.9985 0.0004 0.0006 
          10 191 0.0006 0.9948 0.0005 0.0041 
          11 191 0.0028 0.9961 0.0004 0.0007 
          12 191 0.0109 0.9143 0.0739 0.0008 
          13 191 0.0016 0.9966 0.0008 0.0009 
          14 191 0.0059 0.9923 0.0014 0.0004 
          15 191 0.0562 0.9410 0.0010 0.0018 
          16 191 0.0011 0.9952 0.0007 0.0031 
          17 191 0.0740 0.8779 0.0014 0.0468 
          18 191 0.0007 0.9980 0.0007 0.0006 
          19 191 0.0204 0.9736 0.0012 0.0048 
          20 191 0.0159 0.9821 0.0003 0.0017 
          21 191 0.0186 0.9452 0.0046 0.0316 
          22 191 0.0014 0.9976 0.0003 0.0006 
          23 191 0.0016 0.9967 0.0009 0.0008 
          24 191 0.0011 0.9982 0.0004 0.0003 
          25 191 0.0212 0.9776 0.0008 0.0005 
          26 191 0.1011 0.8931 0.0007 0.0051 
          27 191 0.0010 0.9975 0.0010 0.0005 
          28 191 0.0010 0.9950 0.0006 0.0033 
          29 191 0.0010 0.9855 0.0005 0.0130 
          30 191 0.0005 0.9984 0.0008 0.0003 
          39 191 0.0012 0.9809 0.0173 0.0006 
          40 191 0.0008 0.9981 0.0006 0.0004 
          41 191 0.0420 0.9543 0.0005 0.0031 
          42 191 0.0003 0.9987 0.0007 0.0003 
          43 191 0.0071 0.9910 0.0010 0.0010 
          44 191 0.0087 0.9876 0.0002 0.0036 
          45 191 0.0007 0.9918 0.0048 0.0027 
          46 191 0.1169 0.8579 0.0005 0.0248 
          47 191 0.0046 0.9922 0.0011 0.0022 
          48 191 0.0006 0.9950 0.0031 0.0013 
          49 191 0.0032 0.9809 0.0039 0.0119 
          50 191 0.0010 0.9977 0.0006 0.0007 
           9 192 0.0004 0.9989 0.0004 0.0002 
          10 192 0.0024 0.9955 0.0019 0.0002 
          11 192 0.0013 0.9896 0.0011 0.0081 
          12 192 0.0016 0.9973 0.0006 0.0005 
          13 192 0.0914 0.9064 0.0015 0.0007 
          14 192 0.0030 0.9297 0.0003 0.0669 
          15 192 0.0004 0.9961 0.0023 0.0012 
          16 192 0.0027 0.9964 0.0004 0.0005 
          17 192 0.0326 0.9587 0.0078 0.0009 
          18 192 0.0022 0.9963 0.0006 0.0009 
          19 192 0.0032 0.9940 0.0023 0.0004 
          20 192 0.0037 0.9739 0.0212 0.0011 
          21 192 0.0003 0.9920 0.0071 0.0006 
          22 192 0.0143 0.9742 0.0015 0.0100 
          23 192 0.0814 0.9127 0.0007 0.0052 
          24 192 0.0017 0.9948 0.0030 0.0005 
          33 192 0.0382 0.9456 0.0149 0.0013 
          35 192 0.0007 0.9911 0.0068 0.0014 
          36 192 0.0005 0.9983 0.0008 0.0004 
          37 192 0.0006 0.9978 0.0008 0.0009 
          38 192 0.0435 0.9554 0.0003 0.0008 
          39 192 0.0018 0.9970 0.0006 0.0006 
          40 192 0.0789 0.9205 0.0002 0.0005 
          41 192 0.0634 0.9351 0.0002 0.0012 
          42 192 0.0426 0.9517 0.0004 0.0053 
          43 192 0.0006 0.9941 0.0032 0.0020 
          45 192 0.0006 0.9952 0.0030 0.0012 
          46 192 0.0023 0.9715 0.0246 0.0015 
          47 192 0.0010 0.9978 0.0004 0.0009 
          48 192 0.0008 0.9983 0.0002 0.0007 
          49 192 0.0577 0.9379 0.0032 0.0011 
          50 192 0.0008 0.9980 0.0007 0.0006 
