        001s  1 0.9752 0.0004 0.0230 0.0004 0.0011 
        002s  1 0.9410 0.0017 0.0560 0.0008 0.0005 
        003s  1 0.9039 0.0006 0.0813 0.0022 0.0120 
        004s  1 0.9146 0.0303 0.0489 0.0059 0.0003 
        005s  1 0.5213 0.2229 0.2545 0.0009 0.0003 
        006s  1 0.9976 0.0009 0.0006 0.0005 0.0004 
        007s  1 0.9875 0.0006 0.0075 0.0037 0.0008 
        008s  1 0.9457 0.0010 0.0518 0.0006 0.0009 
        009s  1 0.8919 0.0091 0.0900 0.0065 0.0026 
        010s  1 0.9912 0.0012 0.0067 0.0003 0.0006 
        011s  1 0.9885 0.0023 0.0020 0.0027 0.0045 
        012s  1 0.8418 0.0178 0.1327 0.0009 0.0067 
        013s  1 0.9629 0.0270 0.0023 0.0065 0.0013 
        014s  1 0.9436 0.0030 0.0258 0.0079 0.0196 
        015s  1 0.9959 0.0005 0.0024 0.0006 0.0006 
        016s  1 0.9807 0.0006 0.0105 0.0072 0.0010 
        018s  1 0.8231 0.0123 0.1621 0.0013 0.0012 
        019s  1 0.9592 0.0008 0.0334 0.0011 0.0055 
        020s  1 0.9820 0.0003 0.0009 0.0083 0.0085 
        021s  1 0.9843 0.0090 0.0008 0.0052 0.0008 
        022s  1 0.9263 0.0003 0.0723 0.0005 0.0005 
        023s  1 0.9788 0.0004 0.0093 0.0104 0.0011 
        024s  1 0.9960 0.0008 0.0021 0.0006 0.0004 
        025s  1 0.9813 0.0028 0.0141 0.0013 0.0003 
        026s  1 0.9845 0.0008 0.0015 0.0090 0.0043 
        027s  1 0.9718 0.0086 0.0163 0.0029 0.0004 
        028s  1 0.8921 0.0603 0.0456 0.0004 0.0016 
        029s  1 0.9926 0.0006 0.0010 0.0007 0.0052 
        030s  1 0.9870 0.0024 0.0013 0.0008 0.0085 
        031s  1 0.9963 0.0002 0.0018 0.0013 0.0003 
        032s  1 0.9967 0.0005 0.0009 0.0007 0.0013 
        033s  1 0.9923 0.0015 0.0046 0.0007 0.0008 
        034s  1 0.9002 0.0007 0.0438 0.0520 0.0033 
        035s  1 0.9938 0.0017 0.0016 0.0009 0.0021 
        036s  1 0.8625 0.0046 0.1315 0.0012 0.0003 
        037s  1 0.8373 0.0177 0.1009 0.0420 0.0022 
        038s  1 0.9938 0.0008 0.0037 0.0009 0.0008 
        039s  1 0.9786 0.0197 0.0006 0.0003 0.0007 
        040s  1 0.9882 0.0027 0.0052 0.0034 0.0005 
        041s  1 0.9918 0.0004 0.0043 0.0028 0.0007 
        042s  1 0.8311 0.0035 0.0819 0.0830 0.0006 
        043s  1 0.9119 0.0015 0.0851 0.0004 0.0011 
        044s  1 0.8687 0.0204 0.1002 0.0075 0.0033 
        045s  1 0.9918 0.0015 0.0046 0.0009 0.0011 
        046s  1 0.9946 0.0006 0.0022 0.0006 0.0021 
        047s  1 0.9916 0.0003 0.0011 0.0059 0.0011 
        048s  1 0.8890 0.0004 0.1094 0.0007 0.0005 
        049s  1 0.9274 0.0007 0.0710 0.0003 0.0005 
        050s  1 0.8797 0.0083 0.1107 0.0007 0.0005 
        051s  1 0.9677 0.0004 0.0011 0.0009 0.0298 
        052s  1 0.9630 0.0078 0.0098 0.0018 0.0176 
        053s  1 0.9967 0.0005 0.0019 0.0005 0.0004 
        054s  1 0.9934 0.0021 0.0004 0.0010 0.0031 
        055s  1 0.8329 0.0085 0.0809 0.0757 0.0021 
          01  2 0.8447 0.0103 0.1153 0.0026 0.0271 
          02  2 0.9781 0.0037 0.0159 0.0007 0.0016 
          03  2 0.9952 0.0007 0.0021 0.0015 0.0005 
          04  2 0.9519 0.0217 0.0157 0.0096 0.0011 
          05  2 0.8026 0.0055 0.1913 0.0003 0.0003 
          06  2 0.9575 0.0046 0.0367 0.0007 0.0006 
          07  2 0.9753 0.0045 0.0187 0.0006 0.0008 
          08  2 0.8507 0.0020 0.1456 0.0006 0.0010 
          09  2 0.9874 0.0003 0.0031 0.0004 0.0087 
          10  2 0.9962 0.0006 0.0022 0.0004 0.0006 
          11  2 0.9745 0.0011 0.0134 0.0026 0.0085 
          12  2 0.9940 0.0007 0.0034 0.0006 0.0013 
          13  2 0.9875 0.0004 0.0107 0.0007 0.0007 
          14  2 0.9482 0.0052 0.0178 0.0252 0.0035 
          15  2 0.9734 0.0005 0.0236 0.0013 0.0011 
          16  2 0.9338 0.0572 0.0013 0.0040 0.0038 
          17  2 0.9764 0.0008 0.0207 0.0012 0.0008 
          18  2 0.9777 0.0058 0.0143 0.0008 0.0014 
          19  2 0.9914 0.0004 0.0013 0.0047 0.0023 
          20  2 0.9276 0.0133 0.0519 0.0055 0.0017 
          21  2 0.9787 0.0004 0.0023 0.0005 0.0180 
          22  2 0.9840 0.0035 0.0014 0.0065 0.0046 
          23  2 0.9937 0.0020 0.0012 0.0022 0.0009 
          24  2 0.9978 0.0005 0.0004 0.0005 0.0007 
          25  2 0.9669 0.0246 0.0057 0.0012 0.0016 
          26  2 0.9190 0.0004 0.0799 0.0002 0.0005 
          27  2 0.9670 0.0254 0.0035 0.0030 0.0012 
          28  2 0.9798 0.0002 0.0154 0.0036 0.0010 
          29  2 0.9971 0.0006 0.0013 0.0003 0.0007 
          30  2 0.7309 0.0101 0.1634 0.0849 0.0107 
          01  3 0.3384 0.2574 0.3945 0.0094 0.0003 
          02  3 0.1305 0.4934 0.2988 0.0031 0.0742 
          03  3 0.3702 0.3394 0.2889 0.0010 0.0005 
          04  3 0.1827 0.3910 0.4246 0.0011 0.0006 
          05  3 0.0006 0.4353 0.3258 0.1220 0.1164 
          06  3 0.0770 0.5371 0.3844 0.0013 0.0002 
          07  3 0.3748 0.2784 0.3458 0.0003 0.0007 
          08  3 0.2823 0.3532 0.3542 0.0047 0.0055 
          09  3 0.3018 0.3006 0.3943 0.0029 0.0005 
          10  3 0.0216 0.4406 0.1819 0.1348 0.2211 
          11  3 0.2573 0.3368 0.4054 0.0002 0.0003 
          12  3 0.2421 0.3453 0.4114 0.0006 0.0005 
          13  3 0.0050 0.5638 0.4149 0.0002 0.0162 
          14  3 0.0023 0.4914 0.2992 0.1594 0.0476 
          15  3 0.3179 0.3064 0.3744 0.0010 0.0002 
          16  3 0.0849 0.6358 0.2748 0.0019 0.0026 
          17  3 0.4050 0.2088 0.3852 0.0003 0.0007 
          18  3 0.0106 0.3556 0.1874 0.2811 0.1653 
          19  3 0.1626 0.4994 0.3347 0.0029 0.0004 
          20  3 0.1654 0.3489 0.4330 0.0523 0.0004 
          21  3 0.2512 0.4119 0.3317 0.0041 0.0011 
          22  3 0.2509 0.2658 0.4789 0.0039 0.0006 
          23  3 0.2228 0.3937 0.3821 0.0011 0.0004 
          24  3 0.0474 0.3235 0.4589 0.0018 0.1683 
          25  3 0.0002 0.3370 0.2784 0.1328 0.2516 
          26  3 0.2206 0.3763 0.4013 0.0006 0.0012 
          27  3 0.0545 0.3966 0.2384 0.1776 0.1328 
          28  3 0.0841 0.5047 0.4095 0.0002 0.0014 
          29  3 0.1804 0.4563 0.3565 0.0050 0.0019 
          30  3 0.2735 0.2851 0.4402 0.0002 0.0010 
         001  4 0.0001 0.0593 0.9373 0.0032 0.0001 
         002  4 0.0002 0.0574 0.9412 0.0011 0.0002 
         003  4 0.0003 0.0577 0.9401 0.0017 0.0002 
         004  4 0.0001 0.0643 0.9344 0.0011 0.0001 
         005  4 0.0001 0.0576 0.9359 0.0041 0.0023 
         006  4 0.0003 0.1282 0.8703 0.0009 0.0003 
         007  4 0.0018 0.1030 0.8929 0.0021 0.0002 
         008  4 0.0005 0.0550 0.9338 0.0078 0.0028 
         009  4 0.0003 0.0608 0.9356 0.0023 0.0010 
         010  4 0.0002 0.0738 0.9258 0.0002 0.0001 
         011  4 0.0010 0.0731 0.8904 0.0352 0.0003 
         012  4 0.0001 0.0564 0.9405 0.0030 0.0001 
         013  4 0.0001 0.0650 0.9346 0.0003 0.0001 
         014  4 0.0002 0.0581 0.9400 0.0016 0.0001 
         015  4 0.0001 0.0688 0.9310 0.0001 0.0001 
         016  4 0.0001 0.0635 0.9346 0.0009 0.0009 
         017  4 0.0001 0.0614 0.9383 0.0001 0.0001 
         019  4 0.0020 0.1400 0.8512 0.0050 0.0018 
         020  4 0.0002 0.0540 0.9441 0.0013 0.0004 
         021  4 0.0004 0.0675 0.9272 0.0038 0.0011 
         001  5 0.0058 0.0610 0.8979 0.0340 0.0013 
         002  5 0.0391 0.0543 0.9004 0.0048 0.0013 
         003  5 0.1647 0.1194 0.7058 0.0098 0.0002 
         004  5 0.0584 0.0545 0.8786 0.0083 0.0002 
         005  5 0.0047 0.0625 0.9279 0.0047 0.0002 
         006  5 0.0044 0.1574 0.8373 0.0005 0.0004 
         007  5 0.0023 0.1449 0.8486 0.0036 0.0007 
         008  5 0.0029 0.0702 0.9253 0.0014 0.0003 
         009  5 0.0655 0.0584 0.8709 0.0049 0.0002 
         010  5 0.0016 0.1239 0.8690 0.0051 0.0004 
         011  5 0.0014 0.0611 0.9268 0.0104 0.0002 
         012  5 0.0433 0.1315 0.8176 0.0068 0.0008 
         013  5 0.1749 0.0964 0.7271 0.0006 0.0009 
         014  5 0.1530 0.1342 0.6748 0.0257 0.0123 
         015  5 0.0004 0.0888 0.9083 0.0020 0.0005 
         016  5 0.0078 0.1160 0.8731 0.0020 0.0011 
         017  5 0.0324 0.1342 0.8292 0.0003 0.0039 
         018  5 0.0266 0.0862 0.8289 0.0328 0.0255 
         019  5 0.0004 0.0590 0.9309 0.0040 0.0057 
         020  5 0.0003 0.0587 0.9373 0.0036 0.0001 
         021  5 0.1364 0.0481 0.8071 0.0081 0.0003 
         022  5 0.0166 0.0570 0.8749 0.0498 0.0018 
         023  5 0.0016 0.0915 0.9001 0.0052 0.0016 
         024  5 0.0441 0.1148 0.8381 0.0027 0.0004 
         025  5 0.0297 0.1224 0.8471 0.0005 0.0002 
         026  5 0.1451 0.0576 0.7954 0.0016 0.0003 
         027  5 0.0066 0.0623 0.9291 0.0017 0.0003 
         028  5 0.0161 0.1013 0.8688 0.0129 0.0009 
         029  5 0.0007 0.0639 0.9348 0.0002 0.0004 
         030  5 0.0073 0.0584 0.9237 0.0048 0.0058 
        001s  6 0.9495 0.0236 0.0101 0.0162 0.0006 
        002s  6 0.9344 0.0026 0.0396 0.0008 0.0227 
        003s  6 0.9608 0.0009 0.0358 0.0021 0.0004 
        004s  6 0.9973 0.0002 0.0012 0.0007 0.0005 
        006s  6 0.9065 0.0230 0.0556 0.0129 0.0020 
        007s  6 0.9962 0.0018 0.0009 0.0003 0.0007 
        008s  6 0.9874 0.0005 0.0038 0.0057 0.0027 
        009s  6 0.9971 0.0005 0.0008 0.0009 0.0007 
        010s  6 0.9524 0.0098 0.0097 0.0146 0.0134 
        011s  6 0.9945 0.0028 0.0010 0.0015 0.0003 
        012s  6 0.9926 0.0036 0.0007 0.0011 0.0020 
        013s  6 0.9972 0.0006 0.0013 0.0003 0.0006 
        014s  6 0.8912 0.0037 0.1046 0.0003 0.0002 
        015s  6 0.9736 0.0091 0.0098 0.0065 0.0011 
        016s  6 0.9941 0.0007 0.0037 0.0010 0.0004 
        018s  6 0.7322 0.0204 0.2454 0.0016 0.0003 
        019s  6 0.9748 0.0031 0.0191 0.0023 0.0007 
        020s  6 0.9862 0.0006 0.0118 0.0006 0.0008 
        021s  6 0.9805 0.0119 0.0018 0.0046 0.0011 
        022s  6 0.9899 0.0003 0.0058 0.0035 0.0005 
        023s  6 0.9156 0.0005 0.0831 0.0006 0.0002 
        024s  6 0.9557 0.0039 0.0371 0.0012 0.0021 
        025s  6 0.9239 0.0007 0.0029 0.0720 0.0005 
        026s  6 0.9940 0.0006 0.0032 0.0004 0.0018 
        027s  6 0.9905 0.0004 0.0074 0.0004 0.0013 
        028s  6 0.9266 0.0082 0.0086 0.0094 0.0472 
        029s  6 0.9961 0.0003 0.0007 0.0013 0.0016 
        030s  6 0.9169 0.0045 0.0671 0.0100 0.0015 
        031s  6 0.9425 0.0032 0.0536 0.0004 0.0003 
        032s  6 0.9896 0.0023 0.0071 0.0005 0.0005 
        033s  6 0.9108 0.0029 0.0852 0.0008 0.0003 
        034s  6 0.9824 0.0012 0.0015 0.0146 0.0003 
        035s  6 0.7815 0.0061 0.2108 0.0009 0.0007 
        036s  6 0.9929 0.0051 0.0008 0.0010 0.0002 
        037s  6 0.9941 0.0009 0.0012 0.0015 0.0024 
        038s  6 0.9905 0.0016 0.0059 0.0007 0.0013 
        039s  6 0.9976 0.0003 0.0008 0.0007 0.0007 
        040s  6 0.9817 0.0023 0.0151 0.0004 0.0005 
        041s  6 0.8707 0.0003 0.1218 0.0034 0.0039 
        042s  6 0.9252 0.0009 0.0146 0.0570 0.0023 
        043s  6 0.9914 0.0008 0.0010 0.0065 0.0003 
        044s  6 0.9912 0.0004 0.0056 0.0007 0.0021 
        045s  6 0.9918 0.0007 0.0047 0.0022 0.0006 
        001s  7 0.9239 0.0005 0.0743 0.0010 0.0004 
        002s  7 0.9314 0.0010 0.0649 0.0017 0.0011 
        003s  7 0.9182 0.0014 0.0784 0.0010 0.0010 
        004s  7 0.9938 0.0027 0.0021 0.0004 0.0009 
        005s  7 0.9813 0.0038 0.0124 0.0018 0.0007 
        006s  7 0.9384 0.0050 0.0509 0.0052 0.0006 
        007s  7 0.9678 0.0065 0.0052 0.0020 0.0186 
        008s  7 0.8946 0.0004 0.1017 0.0010 0.0022 
        009s  7 0.9839 0.0024 0.0028 0.0103 0.0006 
        010s  7 0.9173 0.0003 0.0803 0.0012 0.0010 
        011s  7 0.9967 0.0004 0.0010 0.0011 0.0008 
        012s  7 0.9977 0.0005 0.0006 0.0008 0.0004 
        013s  7 0.9883 0.0051 0.0009 0.0049 0.0008 
        014s  7 0.9197 0.0018 0.0775 0.0003 0.0006 
        015s  7 0.9825 0.0024 0.0126 0.0011 0.0013 
        016s  7 0.8101 0.0006 0.1875 0.0015 0.0002 
        017s  7 0.9961 0.0006 0.0024 0.0006 0.0003 
        018s  7 0.9894 0.0006 0.0056 0.0006 0.0037 
        019s  7 0.9800 0.0019 0.0031 0.0122 0.0028 
        020s  7 0.9963 0.0014 0.0016 0.0004 0.0003 
        021s  7 0.9952 0.0007 0.0024 0.0009 0.0008 
        022s  7 0.9941 0.0022 0.0024 0.0010 0.0003 
        023s  7 0.9640 0.0013 0.0154 0.0180 0.0013 
        024s  7 0.9949 0.0005 0.0023 0.0006 0.0017 
        025s  7 0.9919 0.0054 0.0009 0.0007 0.0011 
        026s  7 0.9186 0.0003 0.0791 0.0009 0.0010 
        027s  7 0.9615 0.0008 0.0360 0.0004 0.0012 
        028s  7 0.9941 0.0012 0.0040 0.0005 0.0002 
        029s  7 0.9689 0.0010 0.0273 0.0020 0.0009 
        030s  7 0.9743 0.0005 0.0177 0.0031 0.0044 
        031s  7 0.9775 0.0013 0.0085 0.0123 0.0004 
        032s  7 0.8969 0.0046 0.0933 0.0005 0.0046 
        033s  7 0.9567 0.0021 0.0360 0.0018 0.0033 
        034s  7 0.9528 0.0429 0.0013 0.0007 0.0023 
        035s  7 0.9977 0.0003 0.0005 0.0011 0.0004 
        036s  7 0.9825 0.0037 0.0045 0.0086 0.0006 
        037s  7 0.9219 0.0100 0.0641 0.0033 0.0008 
        038s  7 0.9846 0.0010 0.0117 0.0018 0.0009 
        039s  7 0.9700 0.0003 0.0290 0.0003 0.0003 
        040s  7 0.8811 0.0245 0.0934 0.0005 0.0004 
        041s  7 0.9402 0.0009 0.0556 0.0012 0.0020 
        042s  7 0.9181 0.0006 0.0808 0.0003 0.0003 
        043s  7 0.9928 0.0002 0.0036 0.0028 0.0006 
        044s  7 0.8991 0.0220 0.0482 0.0296 0.0011 
         003  8 0.9817 0.0017 0.0041 0.0008 0.0117 
         009  8 0.9958 0.0006 0.0019 0.0013 0.0005 
         010  8 0.9952 0.0003 0.0022 0.0020 0.0004 
         017  8 0.9925 0.0006 0.0017 0.0038 0.0014 
         002  9 0.9974 0.0006 0.0004 0.0010 0.0006 
         003  9 0.9985 0.0003 0.0004 0.0005 0.0003 
         004  9 0.9977 0.0002 0.0007 0.0011 0.0004 
         005  9 0.9927 0.0009 0.0007 0.0044 0.0012 
         006  9 0.9964 0.0010 0.0010 0.0012 0.0005 
         007  9 0.9938 0.0003 0.0036 0.0013 0.0010 
         009  9 0.9951 0.0003 0.0012 0.0020 0.0014 
         010  9 0.9960 0.0004 0.0004 0.0013 0.0019 
         013  9 0.9955 0.0007 0.0025 0.0011 0.0002 
         014  9 0.9921 0.0002 0.0010 0.0017 0.0049 
         016  9 0.9975 0.0002 0.0003 0.0005 0.0015 
         018  9 0.9925 0.0008 0.0005 0.0011 0.0051 
         019  9 0.9929 0.0007 0.0009 0.0006 0.0049 
         020  9 0.9985 0.0003 0.0005 0.0004 0.0004 
         021  9 0.9980 0.0003 0.0006 0.0008 0.0004 
         022  9 0.9972 0.0004 0.0005 0.0006 0.0013 
         024  9 0.9920 0.0005 0.0008 0.0037 0.0030 
         028  9 0.9967 0.0004 0.0008 0.0016 0.0005 
         029  9 0.9971 0.0002 0.0008 0.0006 0.0012 
         030  9 0.9970 0.0003 0.0006 0.0011 0.0010 
         031  9 0.9956 0.0003 0.0027 0.0004 0.0010 
         033  9 0.9928 0.0004 0.0053 0.0010 0.0004 
         001 10 0.9976 0.0004 0.0009 0.0003 0.0008 
         002 10 0.9964 0.0002 0.0013 0.0006 0.0015 
         003 10 0.9846 0.0005 0.0004 0.0140 0.0005 
         004 10 0.9900 0.0004 0.0064 0.0027 0.0005 
         005 10 0.9966 0.0004 0.0006 0.0006 0.0017 
         006 10 0.9972 0.0004 0.0012 0.0006 0.0006 
         007 10 0.9969 0.0003 0.0005 0.0018 0.0005 
         008 10 0.9940 0.0006 0.0008 0.0038 0.0009 
         009 10 0.9924 0.0010 0.0011 0.0005 0.0050 
         010 10 0.9944 0.0003 0.0018 0.0008 0.0026 
         011 10 0.9625 0.0008 0.0011 0.0353 0.0003 
         012 10 0.9948 0.0011 0.0007 0.0031 0.0004 
         013 10 0.9960 0.0018 0.0008 0.0008 0.0006 
         014 10 0.9966 0.0006 0.0013 0.0009 0.0006 
         016 10 0.9957 0.0009 0.0011 0.0008 0.0016 
         017 10 0.9962 0.0008 0.0010 0.0008 0.0012 
         018 10 0.9912 0.0008 0.0051 0.0006 0.0024 
         019 10 0.9926 0.0004 0.0008 0.0012 0.0050 
         020 10 0.9885 0.0009 0.0017 0.0017 0.0072 
         021 10 0.9934 0.0003 0.0037 0.0004 0.0022 
         022 10 0.9966 0.0006 0.0017 0.0009 0.0003 
         023 10 0.9977 0.0006 0.0003 0.0010 0.0004 
         024 10 0.9963 0.0002 0.0004 0.0018 0.0013 
         026 10 0.9979 0.0005 0.0005 0.0005 0.0006 
        001s 11 0.8600 0.0020 0.1275 0.0092 0.0013 
        002s 11 0.9857 0.0064 0.0018 0.0016 0.0045 
        003s 11 0.9895 0.0006 0.0083 0.0004 0.0011 
        004s 11 0.9958 0.0016 0.0006 0.0017 0.0003 
        005s 11 0.9751 0.0006 0.0192 0.0005 0.0046 
        006s 11 0.9846 0.0095 0.0022 0.0020 0.0016 
        007s 11 0.9449 0.0389 0.0142 0.0006 0.0014 
        008s 11 0.9961 0.0003 0.0025 0.0005 0.0007 
        009s 11 0.9840 0.0004 0.0003 0.0004 0.0148 
        010s 11 0.9920 0.0004 0.0064 0.0007 0.0005 
        011s 11 0.8145 0.0099 0.1666 0.0088 0.0002 
        012s 11 0.8647 0.0059 0.1282 0.0004 0.0008 
        013s 11 0.9776 0.0005 0.0204 0.0013 0.0002 
        014s 11 0.9175 0.0056 0.0747 0.0007 0.0015 
        015s 11 0.9812 0.0015 0.0116 0.0044 0.0013 
        016s 11 0.8674 0.0008 0.0699 0.0579 0.0040 
        017s 11 0.8802 0.0017 0.1158 0.0018 0.0005 
        018s 11 0.9209 0.0013 0.0759 0.0006 0.0012 
        019s 11 0.9772 0.0008 0.0008 0.0210 0.0002 
        020s 11 0.9532 0.0012 0.0421 0.0015 0.0021 
        021s 11 0.9972 0.0007 0.0006 0.0011 0.0005 
        022s 11 0.9659 0.0309 0.0021 0.0005 0.0006 
        023s 11 0.8700 0.0004 0.1154 0.0139 0.0003 
        025s 11 0.9976 0.0005 0.0009 0.0007 0.0003 
        026s 11 0.9171 0.0008 0.0292 0.0523 0.0006 
        027s 11 0.9964 0.0019 0.0008 0.0005 0.0004 
        028s 11 0.9919 0.0013 0.0057 0.0008 0.0003 
        029s 11 0.9543 0.0012 0.0430 0.0004 0.0011 
        030s 11 0.9388 0.0027 0.0565 0.0014 0.0006 
        031s 11 0.9976 0.0008 0.0006 0.0003 0.0007 
        032s 11 0.9821 0.0004 0.0140 0.0028 0.0008 
        033s 11 0.9881 0.0008 0.0092 0.0009 0.0010 
        034s 11 0.9282 0.0017 0.0693 0.0004 0.0003 
        035s 11 0.9472 0.0016 0.0497 0.0004 0.0011 
        036s 11 0.9729 0.0038 0.0215 0.0003 0.0015 
        037s 11 0.9230 0.0003 0.0741 0.0015 0.0011 
        038s 11 0.9707 0.0006 0.0275 0.0006 0.0006 
        039s 11 0.9963 0.0003 0.0018 0.0011 0.0006 
        040s 11 0.9199 0.0089 0.0695 0.0007 0.0010 
        041s 11 0.9696 0.0012 0.0054 0.0032 0.0204 
        042s 11 0.9506 0.0011 0.0387 0.0086 0.0009 
        043s 11 0.9400 0.0012 0.0356 0.0229 0.0005 
        044s 11 0.9842 0.0051 0.0056 0.0043 0.0008 
        045s 11 0.9847 0.0019 0.0020 0.0110 0.0004 
        046s 11 0.8717 0.0021 0.0942 0.0315 0.0005 
        047s 11 0.9965 0.0012 0.0007 0.0011 0.0005 
        048s 11 0.9570 0.0020 0.0033 0.0361 0.0016 
        049s 11 0.9953 0.0004 0.0021 0.0012 0.0010 
        050s 11 0.9964 0.0009 0.0013 0.0010 0.0003 
        051s 11 0.9189 0.0201 0.0090 0.0515 0.0004 
        052s 11 0.9261 0.0029 0.0683 0.0018 0.0010 
        053s 11 0.9966 0.0004 0.0007 0.0008 0.0015 
        054s 11 0.9921 0.0056 0.0013 0.0005 0.0004 
        055s 11 0.8626 0.0033 0.1334 0.0005 0.0002 
        001s 12 0.9915 0.0034 0.0029 0.0012 0.0010 
        002s 12 0.9948 0.0006 0.0015 0.0009 0.0021 
        003s 12 0.9974 0.0006 0.0011 0.0004 0.0006 
        004s 12 0.9217 0.0007 0.0687 0.0063 0.0026 
        005s 12 0.9634 0.0006 0.0344 0.0006 0.0010 
        006s 12 0.9594 0.0047 0.0338 0.0013 0.0007 
        007s 12 0.9924 0.0013 0.0012 0.0013 0.0038 
        008s 12 0.9899 0.0030 0.0061 0.0005 0.0004 
        009s 12 0.9506 0.0019 0.0236 0.0043 0.0197 
        010s 12 0.9539 0.0378 0.0070 0.0005 0.0008 
        011s 12 0.9949 0.0021 0.0016 0.0005 0.0009 
        012s 12 0.9884 0.0064 0.0013 0.0036 0.0004 
        013s 12 0.9593 0.0003 0.0009 0.0387 0.0008 
        014s 12 0.8757 0.0376 0.0475 0.0361 0.0030 
        015s 12 0.9931 0.0006 0.0038 0.0009 0.0017 
        016s 12 0.9940 0.0005 0.0009 0.0042 0.0004 
        017s 12 0.9919 0.0014 0.0055 0.0009 0.0003 
        018s 12 0.9903 0.0003 0.0058 0.0013 0.0023 
        019s 12 0.9910 0.0007 0.0047 0.0004 0.0033 
        020s 12 0.9203 0.0035 0.0749 0.0010 0.0003 
        021s 12 0.9923 0.0005 0.0048 0.0020 0.0004 
        022s 12 0.9419 0.0025 0.0482 0.0043 0.0031 
        023s 12 0.9971 0.0003 0.0010 0.0009 0.0007 
        024s 12 0.9656 0.0004 0.0330 0.0006 0.0004 
        025s 12 0.9867 0.0033 0.0027 0.0012 0.0061 
        026s 12 0.9582 0.0007 0.0277 0.0005 0.0128 
        027s 12 0.9957 0.0008 0.0027 0.0005 0.0004 
        028s 12 0.9093 0.0005 0.0777 0.0032 0.0092 
        029s 12 0.9869 0.0005 0.0112 0.0010 0.0003 
        030s 12 0.9966 0.0010 0.0016 0.0005 0.0004 
        031s 12 0.9924 0.0009 0.0034 0.0024 0.0009 
        032s 12 0.9265 0.0003 0.0644 0.0008 0.0080 
        033s 12 0.9925 0.0053 0.0014 0.0004 0.0005 
        034s 12 0.9408 0.0003 0.0579 0.0003 0.0007 
        035s 12 0.9815 0.0013 0.0162 0.0005 0.0005 
        036s 12 0.9754 0.0083 0.0128 0.0007 0.0028 
        037s 12 0.9964 0.0003 0.0011 0.0011 0.0010 
        001s 13 0.9832 0.0009 0.0120 0.0030 0.0009 
        002s 13 0.8416 0.0034 0.1539 0.0008 0.0003 
        003s 13 0.9957 0.0002 0.0021 0.0011 0.0009 
        004s 13 0.9839 0.0003 0.0009 0.0025 0.0123 
        005s 13 0.9868 0.0060 0.0023 0.0020 0.0029 
        006s 13 0.9952 0.0014 0.0017 0.0005 0.0012 
        007s 13 0.9669 0.0302 0.0017 0.0007 0.0005 
        008s 13 0.9393 0.0045 0.0544 0.0005 0.0014 
        009s 13 0.8505 0.0104 0.1246 0.0010 0.0135 
        010s 13 0.9279 0.0036 0.0663 0.0008 0.0014 
        011s 13 0.9457 0.0239 0.0235 0.0019 0.0050 
        012s 13 0.9015 0.0057 0.0753 0.0140 0.0035 
        013s 13 0.8980 0.0119 0.0817 0.0074 0.0009 
        014s 13 0.9586 0.0358 0.0009 0.0038 0.0008 
        015s 13 0.9684 0.0005 0.0107 0.0087 0.0116 
        016s 13 0.9976 0.0003 0.0005 0.0009 0.0007 
        017s 13 0.9682 0.0147 0.0116 0.0006 0.0050 
        018s 13 0.9964 0.0004 0.0019 0.0007 0.0006 
        019s 13 0.9901 0.0010 0.0076 0.0008 0.0005 
        020s 13 0.9306 0.0033 0.0640 0.0005 0.0016 
        021s 13 0.9969 0.0003 0.0012 0.0011 0.0005 
        022s 13 0.9966 0.0006 0.0013 0.0011 0.0005 
        023s 13 0.9975 0.0004 0.0013 0.0004 0.0005 
        024s 13 0.9207 0.0062 0.0311 0.0411 0.0008 
        025s 13 0.9954 0.0006 0.0012 0.0020 0.0007 
        026s 13 0.8812 0.0128 0.1008 0.0048 0.0004 
        027s 13 0.9481 0.0050 0.0406 0.0010 0.0052 
        028s 13 0.9385 0.0109 0.0405 0.0024 0.0077 
        029s 13 0.9056 0.0008 0.0917 0.0013 0.0005 
        030s 13 0.8409 0.0008 0.1363 0.0214 0.0006 
        031s 13 0.8926 0.0026 0.0038 0.1002 0.0007 
        032s 13 0.9962 0.0019 0.0009 0.0004 0.0006 
        033s 13 0.9588 0.0368 0.0031 0.0007 0.0006 
        034s 13 0.8710 0.0047 0.1225 0.0005 0.0013 
        035s 13 0.9911 0.0006 0.0031 0.0037 0.0016 
        036s 13 0.9815 0.0004 0.0173 0.0003 0.0004 
        037s 13 0.9966 0.0005 0.0006 0.0015 0.0008 
        038s 13 0.9532 0.0020 0.0424 0.0012 0.0012 
        039s 13 0.8230 0.0072 0.0941 0.0753 0.0004 
        040s 13 0.9961 0.0008 0.0014 0.0012 0.0005 
        041s 13 0.9375 0.0076 0.0526 0.0019 0.0004 
        042s 13 0.9221 0.0008 0.0758 0.0007 0.0006 
        001s 14 0.9010 0.0008 0.0956 0.0008 0.0017 
        002s 14 0.9290 0.0077 0.0596 0.0012 0.0025 
        003s 14 0.9205 0.0004 0.0779 0.0007 0.0004 
        004s 14 0.9785 0.0090 0.0075 0.0040 0.0010 
        005s 14 0.9763 0.0002 0.0221 0.0008 0.0006 
        006s 14 0.9968 0.0006 0.0020 0.0003 0.0003 
        007s 14 0.9963 0.0008 0.0015 0.0011 0.0003 
        008s 14 0.8135 0.0052 0.1661 0.0016 0.0137 
        009s 14 0.9871 0.0008 0.0049 0.0009 0.0064 
        010s 14 0.8802 0.0004 0.1082 0.0012 0.0100 
        011s 14 0.9351 0.0362 0.0274 0.0006 0.0007 
        012s 14 0.9291 0.0014 0.0664 0.0014 0.0017 
        013s 14 0.9760 0.0026 0.0153 0.0055 0.0006 
        014s 14 0.9414 0.0018 0.0471 0.0008 0.0089 
        015s 14 0.9869 0.0006 0.0018 0.0027 0.0080 
        016s 14 0.9866 0.0003 0.0016 0.0110 0.0005 
        017s 14 0.9311 0.0154 0.0525 0.0005 0.0005 
        018s 14 0.9966 0.0004 0.0012 0.0011 0.0007 
        019s 14 0.9954 0.0020 0.0014 0.0007 0.0005 
        020s 14 0.9417 0.0003 0.0481 0.0012 0.0088 
        021s 14 0.9837 0.0002 0.0062 0.0004 0.0095 
        022s 14 0.9832 0.0036 0.0104 0.0013 0.0016 
        023s 14 0.9852 0.0009 0.0090 0.0028 0.0021 
        024s 14 0.8952 0.0045 0.0974 0.0007 0.0021 
        025s 14 0.9213 0.0003 0.0778 0.0003 0.0002 
        026s 14 0.9946 0.0002 0.0031 0.0008 0.0012 
        027s 14 0.9831 0.0006 0.0133 0.0025 0.0005 
        028s 14 0.9902 0.0015 0.0055 0.0008 0.0020 
        029s 14 0.9976 0.0003 0.0004 0.0013 0.0004 
        030s 14 0.9788 0.0101 0.0104 0.0004 0.0004 
        031s 14 0.9697 0.0113 0.0170 0.0015 0.0004 
        032s 14 0.9719 0.0008 0.0248 0.0022 0.0003 
        033s 14 0.9195 0.0470 0.0319 0.0005 0.0011 
        034s 14 0.9978 0.0003 0.0008 0.0005 0.0006 
        035s 14 0.8258 0.0883 0.0851 0.0005 0.0003 
        036s 14 0.8176 0.0370 0.1383 0.0057 0.0014 
        037s 14 0.9922 0.0003 0.0040 0.0025 0.0010 
        038s 14 0.9964 0.0006 0.0021 0.0004 0.0005 
        039s 14 0.9868 0.0020 0.0031 0.0045 0.0036 
        040s 14 0.9835 0.0009 0.0140 0.0010 0.0005 
        041s 14 0.9673 0.0010 0.0305 0.0007 0.0006 
        042s 14 0.9133 0.0024 0.0818 0.0016 0.0009 
        001s 15 0.9663 0.0004 0.0315 0.0010 0.0009 
        002s 15 0.8388 0.0083 0.1349 0.0097 0.0083 
        003s 15 0.9790 0.0010 0.0123 0.0066 0.0012 
        004s 15 0.9893 0.0004 0.0010 0.0002 0.0092 
        005s 15 0.9798 0.0032 0.0095 0.0063 0.0012 
        006s 15 0.9776 0.0020 0.0194 0.0006 0.0004 
        007s 15 0.9974 0.0004 0.0007 0.0004 0.0012 
        008s 15 0.9944 0.0004 0.0041 0.0005 0.0006 
        009s 15 0.9192 0.0076 0.0362 0.0365 0.0005 
        010s 15 0.9273 0.0005 0.0706 0.0013 0.0003 
        011s 15 0.9333 0.0644 0.0010 0.0011 0.0003 
        012s 15 0.9918 0.0023 0.0028 0.0020 0.0010 
        013s 15 0.9186 0.0003 0.0762 0.0012 0.0036 
        014s 15 0.9869 0.0010 0.0025 0.0049 0.0047 
        015s 15 0.9097 0.0112 0.0700 0.0087 0.0004 
        016s 15 0.8441 0.0659 0.0579 0.0004 0.0317 
        017s 15 0.9810 0.0007 0.0017 0.0017 0.0148 
        018s 15 0.9488 0.0002 0.0491 0.0004 0.0015 
        019s 15 0.9288 0.0006 0.0666 0.0035 0.0005 
        020s 15 0.9625 0.0006 0.0360 0.0005 0.0004 
        021s 15 0.9000 0.0050 0.0898 0.0027 0.0025 
        022s 15 0.9846 0.0017 0.0125 0.0005 0.0007 
        023s 15 0.9701 0.0038 0.0245 0.0010 0.0005 
        024s 15 0.9961 0.0017 0.0011 0.0007 0.0004 
        025s 15 0.9603 0.0020 0.0100 0.0257 0.0020 
        026s 15 0.9659 0.0008 0.0072 0.0235 0.0026 
        027s 15 0.9749 0.0077 0.0056 0.0008 0.0109 
        028s 15 0.9944 0.0013 0.0009 0.0014 0.0020 
        029s 15 0.9955 0.0012 0.0011 0.0009 0.0013 
        030s 15 0.9964 0.0003 0.0012 0.0007 0.0014 
        031s 15 0.9078 0.0059 0.0778 0.0070 0.0015 
        032s 15 0.9968 0.0002 0.0006 0.0016 0.0008 
        033s 15 0.8629 0.0018 0.1345 0.0003 0.0006 
        035s 15 0.9914 0.0032 0.0022 0.0008 0.0023 
        036s 15 0.9645 0.0010 0.0301 0.0041 0.0003 
        037s 15 0.9883 0.0072 0.0027 0.0012 0.0005 
        038s 15 0.9948 0.0008 0.0033 0.0003 0.0008 
        039s 15 0.8661 0.0013 0.1316 0.0003 0.0006 
        040s 15 0.9866 0.0022 0.0079 0.0008 0.0025 
        041s 15 0.9043 0.0111 0.0813 0.0026 0.0007 
        042s 15 0.9912 0.0004 0.0046 0.0007 0.0030 
        043s 15 0.9579 0.0010 0.0390 0.0018 0.0003 
        044s 15 0.9931 0.0010 0.0042 0.0009 0.0008 
        045s 15 0.8807 0.0312 0.0083 0.0781 0.0017 
        046s 15 0.9704 0.0078 0.0204 0.0010 0.0004 
        047s 15 0.9638 0.0055 0.0299 0.0006 0.0003 
        048s 15 0.9482 0.0008 0.0349 0.0152 0.0009 
        049s 15 0.9743 0.0028 0.0217 0.0008 0.0004 
        050s 15 0.8553 0.0087 0.1236 0.0028 0.0097 
         001 16 0.7497 0.0272 0.2197 0.0007 0.0027 
         002 16 0.9555 0.0033 0.0404 0.0005 0.0003 
         003 16 0.9855 0.0062 0.0035 0.0015 0.0033 
         004 16 0.9965 0.0008 0.0008 0.0015 0.0004 
         005 16 0.9151 0.0093 0.0512 0.0227 0.0016 
         006 16 0.9714 0.0040 0.0107 0.0133 0.0008 
         007 16 0.9899 0.0009 0.0070 0.0015 0.0008 
         008 16 0.8104 0.0111 0.1774 0.0003 0.0009 
         009 16 0.9481 0.0004 0.0500 0.0004 0.0011 
         010 16 0.9424 0.0006 0.0555 0.0009 0.0006 
         011 16 0.9226 0.0011 0.0742 0.0016 0.0006 
         012 16 0.9864 0.0024 0.0085 0.0016 0.0010 
         013 16 0.9976 0.0007 0.0005 0.0006 0.0006 
         014 16 0.9600 0.0023 0.0361 0.0003 0.0013 
         015 16 0.6253 0.0028 0.0010 0.3695 0.0015 
         016 16 0.9806 0.0003 0.0020 0.0134 0.0037 
         017 16 0.9396 0.0066 0.0521 0.0011 0.0007 
         018 16 0.9252 0.0055 0.0272 0.0322 0.0100 
         019 16 0.8616 0.0063 0.1309 0.0005 0.0007 
         020 16 0.9974 0.0006 0.0004 0.0007 0.0009 
         021 16 0.8536 0.0459 0.0968 0.0009 0.0028 
         022 16 0.9633 0.0004 0.0329 0.0026 0.0008 
         023 16 0.8882 0.0005 0.1042 0.0066 0.0005 
         024 16 0.9243 0.0004 0.0477 0.0266 0.0010 
         025 16 0.8676 0.0144 0.1147 0.0024 0.0009 
         026 16 0.8886 0.0085 0.0986 0.0041 0.0003 
         027 16 0.9718 0.0006 0.0164 0.0013 0.0099 
         028 16 0.8097 0.0387 0.1363 0.0006 0.0148 
         029 16 0.9567 0.0390 0.0022 0.0009 0.0013 
         030 16 0.9541 0.0042 0.0410 0.0004 0.0004 
         031 16 0.9823 0.0009 0.0014 0.0007 0.0147 
         032 16 0.8935 0.0067 0.0946 0.0045 0.0007 
         033 16 0.9980 0.0008 0.0006 0.0003 0.0003 
         034 16 0.9528 0.0022 0.0434 0.0014 0.0003 
         035 16 0.9980 0.0007 0.0005 0.0002 0.0005 
         036 16 0.9782 0.0004 0.0180 0.0018 0.0016 
         037 16 0.9250 0.0165 0.0539 0.0042 0.0005 
         038 16 0.9803 0.0010 0.0113 0.0061 0.0014 
         039 16 0.9773 0.0003 0.0207 0.0006 0.0011 
         040 16 0.9955 0.0013 0.0011 0.0017 0.0004 
         041 16 0.9964 0.0008 0.0012 0.0013 0.0004 
         042 16 0.9816 0.0009 0.0151 0.0006 0.0019 
         043 16 0.9965 0.0007 0.0010 0.0011 0.0008 
         044 16 0.9420 0.0009 0.0540 0.0011 0.0019 
         045 16 0.9867 0.0093 0.0019 0.0002 0.0019 
         047 16 0.9572 0.0356 0.0029 0.0009 0.0034 
         048 16 0.9930 0.0042 0.0016 0.0005 0.0007 
         049 16 0.9819 0.0023 0.0111 0.0040 0.0007 
         050 16 0.9976 0.0009 0.0008 0.0003 0.0004 
         051 16 0.9930 0.0014 0.0032 0.0007 0.0018 
         052 16 0.9969 0.0003 0.0014 0.0007 0.0007 
         053 16 0.9966 0.0007 0.0013 0.0006 0.0008 
         054 16 0.8995 0.0037 0.0946 0.0008 0.0014 
         055 16 0.9309 0.0567 0.0116 0.0005 0.0003 
         056 16 0.9860 0.0003 0.0061 0.0070 0.0007 
         057 16 0.8361 0.0030 0.1603 0.0002 0.0004 
         058 16 0.8637 0.0132 0.1087 0.0142 0.0002 
         059 16 0.8098 0.0203 0.0770 0.0892 0.0037 
         060 16 0.9715 0.0009 0.0151 0.0110 0.0014 
         061 16 0.9516 0.0011 0.0451 0.0016 0.0007 
         062 16 0.9901 0.0066 0.0015 0.0005 0.0013 
         063 16 0.9934 0.0010 0.0042 0.0008 0.0008 
         064 16 0.9958 0.0004 0.0010 0.0022 0.0005 
         065 16 0.9656 0.0022 0.0279 0.0030 0.0014 
         066 16 0.9974 0.0004 0.0006 0.0007 0.0009 
         067 16 0.9157 0.0026 0.0022 0.0789 0.0007 
         068 16 0.9594 0.0017 0.0041 0.0341 0.0007 
         069 16 0.9925 0.0006 0.0024 0.0005 0.0040 
         070 16 0.9860 0.0012 0.0101 0.0006 0.0021 
         071 16 0.9099 0.0211 0.0684 0.0003 0.0003 
         072 16 0.9902 0.0012 0.0066 0.0010 0.0010 
         073 16 0.9759 0.0020 0.0211 0.0003 0.0007 
         074 16 0.9982 0.0006 0.0005 0.0002 0.0004 
         075 16 0.9540 0.0073 0.0376 0.0007 0.0004 
         076 16 0.9973 0.0008 0.0009 0.0003 0.0007 
         077 16 0.8895 0.0068 0.0089 0.0578 0.0370 
         078 16 0.8851 0.0005 0.1120 0.0018 0.0006 
         079 16 0.9052 0.0101 0.0817 0.0010 0.0020 
         080 16 0.9476 0.0002 0.0505 0.0013 0.0004 
         081 16 0.8794 0.0406 0.0787 0.0003 0.0010 
         082 16 0.9665 0.0132 0.0193 0.0004 0.0006 
         083 16 0.9958 0.0009 0.0007 0.0020 0.0006 
         084 16 0.9790 0.0017 0.0144 0.0017 0.0031 
         085 16 0.9882 0.0007 0.0013 0.0080 0.0017 
         086 16 0.8863 0.0118 0.1009 0.0007 0.0003 
         087 16 0.9282 0.0026 0.0674 0.0003 0.0016 
         088 16 0.9418 0.0003 0.0551 0.0024 0.0006 
         089 16 0.9817 0.0079 0.0089 0.0007 0.0008 
         090 16 0.9906 0.0012 0.0062 0.0005 0.0015 
         091 16 0.9933 0.0014 0.0038 0.0007 0.0008 
         092 16 0.8916 0.0012 0.1059 0.0008 0.0006 
         093 16 0.9913 0.0005 0.0060 0.0004 0.0018 
         094 16 0.9494 0.0009 0.0034 0.0412 0.0052 
         095 16 0.9943 0.0002 0.0038 0.0004 0.0013 
         096 16 0.9726 0.0222 0.0023 0.0024 0.0006 
         097 16 0.8967 0.0880 0.0088 0.0049 0.0016 
         098 16 0.9853 0.0006 0.0015 0.0046 0.0079 
         099 16 0.9912 0.0004 0.0010 0.0064 0.0010 
         100 16 0.9963 0.0004 0.0012 0.0015 0.0006 
         101 16 0.8815 0.0006 0.1131 0.0042 0.0006 
         102 16 0.9272 0.0018 0.0693 0.0011 0.0005 
         103 16 0.9900 0.0026 0.0014 0.0025 0.0035 
         104 16 0.9916 0.0007 0.0038 0.0035 0.0004 
         105 16 0.8904 0.0255 0.0722 0.0070 0.0049 
         106 16 0.9561 0.0004 0.0403 0.0028 0.0005 
         107 16 0.9041 0.0005 0.0441 0.0053 0.0461 
         108 16 0.6492 0.0100 0.1078 0.1651 0.0679 
         109 16 0.9694 0.0049 0.0246 0.0006 0.0004 
         110 16 0.9947 0.0005 0.0032 0.0013 0.0004 
         111 16 0.9167 0.0018 0.0799 0.0009 0.0008 
         112 16 0.9515 0.0017 0.0453 0.0008 0.0007 
         113 16 0.9395 0.0095 0.0492 0.0009 0.0010 
         114 16 0.9714 0.0008 0.0204 0.0014 0.0061 
         115 16 0.9974 0.0008 0.0006 0.0007 0.0005 
         116 16 0.9178 0.0008 0.0797 0.0012 0.0004 
         117 16 0.9822 0.0047 0.0089 0.0008 0.0033 
         118 16 0.9815 0.0004 0.0072 0.0101 0.0008 
         119 16 0.9651 0.0010 0.0303 0.0014 0.0023 
         120 16 0.9811 0.0164 0.0011 0.0003 0.0011 
         121 16 0.9410 0.0063 0.0214 0.0310 0.0003 
         122 16 0.9939 0.0004 0.0050 0.0004 0.0003 
         123 16 0.9564 0.0013 0.0394 0.0004 0.0026 
         124 16 0.9890 0.0010 0.0083 0.0013 0.0004 
         126 16 0.8325 0.0104 0.1519 0.0030 0.0022 
         001 17 0.9877 0.0025 0.0015 0.0007 0.0077 
         002 17 0.9877 0.0005 0.0109 0.0004 0.0005 
         003 17 0.9973 0.0006 0.0007 0.0004 0.0010 
         005 17 0.9730 0.0006 0.0007 0.0004 0.0252 
         006 17 0.9468 0.0504 0.0008 0.0003 0.0017 
         007 17 0.7757 0.0185 0.1759 0.0269 0.0029 
         008 17 0.8729 0.0278 0.0975 0.0012 0.0006 
         009 17 0.9983 0.0003 0.0004 0.0004 0.0006 
         010 17 0.9940 0.0010 0.0033 0.0010 0.0007 
         011 17 0.4850 0.0108 0.1238 0.3786 0.0018 
         012 17 0.9937 0.0006 0.0037 0.0012 0.0007 
         013 17 0.9982 0.0003 0.0004 0.0004 0.0007 
         014 17 0.9448 0.0004 0.0532 0.0003 0.0013 
         015 17 0.9497 0.0032 0.0463 0.0004 0.0004 
         016 17 0.9970 0.0007 0.0013 0.0006 0.0004 
         017 17 0.9951 0.0021 0.0009 0.0012 0.0008 
         018 17 0.9359 0.0026 0.0400 0.0003 0.0213 
         019 17 0.9650 0.0003 0.0333 0.0008 0.0006 
         020 17 0.9971 0.0009 0.0009 0.0007 0.0003 
         021 17 0.9976 0.0008 0.0003 0.0008 0.0005 
         022 17 0.9404 0.0108 0.0360 0.0014 0.0114 
         023 17 0.9788 0.0003 0.0179 0.0007 0.0023 
         024 17 0.9319 0.0428 0.0199 0.0036 0.0018 
         025 17 0.9974 0.0006 0.0015 0.0003 0.0003 
         002 18 0.9903 0.0007 0.0014 0.0023 0.0053 
         003 18 0.9976 0.0003 0.0004 0.0013 0.0004 
         004 18 0.9379 0.0021 0.0566 0.0008 0.0026 
         005 18 0.9189 0.0006 0.0463 0.0334 0.0009 
         006 18 0.9976 0.0003 0.0009 0.0008 0.0004 
         007 18 0.9907 0.0037 0.0028 0.0004 0.0025 
         008 18 0.9453 0.0009 0.0517 0.0017 0.0004 
         009 18 0.9808 0.0061 0.0100 0.0018 0.0012 
         010 18 0.9853 0.0019 0.0023 0.0082 0.0022 
         011 18 0.9947 0.0005 0.0011 0.0020 0.0016 
         012 18 0.9007 0.0007 0.0953 0.0024 0.0008 
         015 18 0.9829 0.0006 0.0145 0.0017 0.0003 
         016 18 0.9577 0.0033 0.0381 0.0003 0.0005 
         018 18 0.9869 0.0003 0.0007 0.0064 0.0056 
         026 18 0.9367 0.0090 0.0512 0.0006 0.0024 
         027 18 0.9957 0.0006 0.0006 0.0011 0.0020 
         028 18 0.8944 0.0004 0.0746 0.0003 0.0302 
         029 18 0.9961 0.0006 0.0022 0.0004 0.0006 
         031 18 0.7699 0.0078 0.1074 0.0765 0.0384 
         032 18 0.9963 0.0005 0.0018 0.0003 0.0011 
         033 18 0.9940 0.0005 0.0035 0.0010 0.0010 
         035 18 0.9189 0.0005 0.0796 0.0006 0.0005 
         036 18 0.9898 0.0005 0.0008 0.0082 0.0007 
         037 18 0.9615 0.0112 0.0014 0.0104 0.0155 
         038 18 0.9191 0.0218 0.0028 0.0038 0.0526 
         039 18 0.9970 0.0003 0.0010 0.0013 0.0004 
         044 18 0.8375 0.0176 0.1432 0.0004 0.0013 
         046 18 0.9587 0.0003 0.0028 0.0322 0.0060 
         049 18 0.9542 0.0006 0.0440 0.0003 0.0009 
         053 18 0.9484 0.0007 0.0489 0.0006 0.0014 
         054 18 0.9871 0.0095 0.0013 0.0011 0.0010 
         056 18 0.9056 0.0004 0.0879 0.0028 0.0033 
         057 18 0.9487 0.0033 0.0447 0.0028 0.0005 
         058 18 0.9890 0.0006 0.0018 0.0031 0.0055 
        001s 19 0.9236 0.0045 0.0703 0.0009 0.0006 
        002s 19 0.9429 0.0005 0.0551 0.0006 0.0008 
        003s 19 0.9557 0.0007 0.0428 0.0003 0.0004 
        004s 19 0.9632 0.0012 0.0012 0.0282 0.0061 
        005s 19 0.8831 0.0282 0.0087 0.0758 0.0042 
        006s 19 0.9940 0.0016 0.0014 0.0015 0.0015 
        007s 19 0.9238 0.0174 0.0413 0.0172 0.0004 
        008s 19 0.9439 0.0044 0.0364 0.0140 0.0013 
        009s 19 0.9241 0.0006 0.0728 0.0020 0.0005 
        010s 19 0.9789 0.0048 0.0032 0.0006 0.0125 
        011s 19 0.9893 0.0034 0.0014 0.0009 0.0049 
        012s 19 0.9735 0.0018 0.0224 0.0005 0.0017 
        013s 19 0.9366 0.0076 0.0546 0.0006 0.0006 
        014s 19 0.8433 0.0097 0.1300 0.0163 0.0006 
        015s 19 0.9953 0.0026 0.0010 0.0005 0.0005 
        016s 19 0.9030 0.0015 0.0259 0.0463 0.0232 
        017s 19 0.9114 0.0014 0.0801 0.0047 0.0024 
        018s 19 0.9932 0.0009 0.0018 0.0030 0.0011 
        019s 19 0.9098 0.0113 0.0762 0.0019 0.0009 
        020s 19 0.9202 0.0099 0.0682 0.0011 0.0007 
        021s 19 0.9625 0.0013 0.0348 0.0005 0.0010 
        022s 19 0.9704 0.0017 0.0262 0.0005 0.0012 
        023s 19 0.9912 0.0033 0.0012 0.0018 0.0024 
        024s 19 0.9941 0.0004 0.0006 0.0023 0.0026 
        025s 19 0.8385 0.0059 0.1523 0.0024 0.0009 
        026s 19 0.9841 0.0055 0.0037 0.0033 0.0034 
        027s 19 0.9634 0.0008 0.0346 0.0007 0.0006 
        028s 19 0.9916 0.0021 0.0053 0.0003 0.0007 
        029s 19 0.9864 0.0010 0.0106 0.0005 0.0016 
        030s 19 0.9181 0.0011 0.0763 0.0007 0.0038 
        031s 19 0.9934 0.0015 0.0040 0.0007 0.0004 
        032s 19 0.9294 0.0013 0.0687 0.0003 0.0004 
        033s 19 0.9927 0.0012 0.0006 0.0044 0.0011 
        034s 19 0.9713 0.0007 0.0261 0.0014 0.0005 
        035s 19 0.9736 0.0032 0.0153 0.0048 0.0031 
        036s 19 0.9750 0.0010 0.0222 0.0015 0.0003 
        037s 19 0.9558 0.0002 0.0426 0.0003 0.0010 
        038s 19 0.9918 0.0016 0.0032 0.0018 0.0016 
        039s 19 0.9859 0.0006 0.0124 0.0006 0.0005 
        040s 19 0.9719 0.0260 0.0013 0.0004 0.0005 
        041s 19 0.9960 0.0006 0.0025 0.0006 0.0003 
        042s 19 0.9695 0.0013 0.0030 0.0165 0.0096 
        043s 19 0.9450 0.0053 0.0476 0.0006 0.0015 
        044s 19 0.9884 0.0007 0.0082 0.0016 0.0010 
        045s 19 0.9943 0.0002 0.0030 0.0013 0.0011 
        046s 19 0.9882 0.0014 0.0028 0.0057 0.0018 
        047s 19 0.9729 0.0076 0.0186 0.0004 0.0005 
        048s 19 0.9027 0.0121 0.0836 0.0008 0.0008 
        049s 19 0.9745 0.0095 0.0085 0.0069 0.0006 
        050s 19 0.9896 0.0002 0.0090 0.0007 0.0005 
        051s 19 0.9269 0.0408 0.0225 0.0092 0.0005 
        052s 19 0.9933 0.0009 0.0039 0.0008 0.0011 
      LIW2-4 20 0.9934 0.0013 0.0007 0.0024 0.0022 
     LIW2-12 21 0.9014 0.0003 0.0137 0.0773 0.0074 
     LIW2-20 22 0.9907 0.0007 0.0035 0.0009 0.0042 
     LIW2-28 23 0.8856 0.0037 0.0441 0.0646 0.0021 
      LIW1-5 24 0.9938 0.0007 0.0010 0.0029 0.0016 
     LIW1-13 25 0.9083 0.0136 0.0615 0.0161 0.0006 
     LIW1-21 26 0.9203 0.0004 0.0408 0.0326 0.0059 
     LIW1-29 27 0.9610 0.0047 0.0122 0.0192 0.0029 
      LIW2-5 28 0.9882 0.0008 0.0017 0.0027 0.0065 
     LIW2-34 29 0.9862 0.0007 0.0010 0.0025 0.0097 
     LIW2-21 30 0.8445 0.0063 0.1359 0.0120 0.0013 
     LIW2-29 31 0.8063 0.0180 0.1707 0.0019 0.0031 
      LIW1-6 32 0.9885 0.0004 0.0063 0.0037 0.0011 
     LIW1-14 33 0.8371 0.0032 0.1235 0.0006 0.0355 
     LIW1-22 34 0.9633 0.0005 0.0006 0.0054 0.0302 
     LIW1-30 35 0.9938 0.0003 0.0018 0.0029 0.0011 
      LIW2-6 36 0.9572 0.0132 0.0019 0.0253 0.0023 
     LIW2-14 37 0.9868 0.0004 0.0076 0.0048 0.0004 
     LIW2-22 38 0.8306 0.0035 0.0859 0.0788 0.0011 
     LIW2-30 39 0.9468 0.0003 0.0079 0.0037 0.0412 
      LIW1-7 40 0.8817 0.0024 0.0480 0.0577 0.0101 
     LIW1-15 41 0.9807 0.0004 0.0039 0.0117 0.0032 
     LIW1-23 42 0.9760 0.0014 0.0145 0.0053 0.0029 
     LIW1-31 43 0.9091 0.0011 0.0809 0.0057 0.0032 
      LIW2-7 44 0.9035 0.0079 0.0826 0.0009 0.0051 
     LIW2-15 45 0.9357 0.0004 0.0064 0.0021 0.0555 
     LIW2-23 46 0.9045 0.0059 0.0011 0.0876 0.0009 
      LIW1-8 47 0.9922 0.0011 0.0033 0.0025 0.0010 
     LIW1-16 48 0.9934 0.0011 0.0022 0.0022 0.0011 
      LIW2-8 49 0.9934 0.0005 0.0005 0.0026 0.0031 
     LIW2-16 50 0.5920 0.0471 0.3433 0.0139 0.0036 
     LIW2-24 51 0.7724 0.0255 0.1910 0.0094 0.0018 
     LIW2-32 52 0.9307 0.0039 0.0067 0.0550 0.0036 
     LIW1-47 53 0.9318 0.0042 0.0495 0.0124 0.0021 
      UMFS-1 54 0.0003 0.0002 0.0002 0.0001 0.9991 
     UMFS-19 55 0.0001 0.0002 0.0002 0.0001 0.9993 
     UMFS-31 56 0.1875 0.0002 0.0024 0.0009 0.8090 
      UMFS-2 57 0.0622 0.0003 0.0005 0.0002 0.9369 
     UMFS-10 58 0.1040 0.0004 0.0014 0.0006 0.8937 
     UMFS-20 59 0.1436 0.0010 0.0107 0.0004 0.8442 
     UMFS-32 60 0.0003 0.0004 0.0005 0.0002 0.9987 
      UMFS-3 61 0.0001 0.0001 0.0001 0.0001 0.9997 
     UMFS-11 62 0.5160 0.1749 0.3057 0.0031 0.0003 
     UMFS-21 63 0.0276 0.0008 0.0300 0.0054 0.9363 
     UMFS-33 64 0.0000 0.0000 0.0000 0.0000 0.9998 
      UMFS-4 65 0.0000 0.0000 0.0000 0.0000 0.9998 
     UMFS-22 66 0.0429 0.0010 0.0036 0.0030 0.9495 
     UMFS-34 67 0.3132 0.0033 0.0170 0.0799 0.5866 
      UMFS-5 68 0.0752 0.0044 0.0006 0.0015 0.9184 
     UMFS-13 69 0.0011 0.0009 0.0004 0.0016 0.9961 
     UMFS-23 70 0.2207 0.0021 0.0078 0.0005 0.7689 
     UMFS-35 71 0.0001 0.0001 0.0001 0.0001 0.9996 
      UMFS-6 72 0.0001 0.0001 0.0001 0.0001 0.9998 
     UMFS-14 73 0.0000 0.0000 0.0000 0.0000 0.9998 
     UMFS-24 74 0.2285 0.0017 0.0172 0.0005 0.7521 
     UMFS-36 75 0.0000 0.0000 0.0000 0.0000 0.9998 
      UMFS-7 76 0.2859 0.3002 0.3198 0.0939 0.0002 
     UMFS-15 77 0.0001 0.0001 0.0001 0.0001 0.9997 
     UMFS-25 78 0.1828 0.0055 0.0187 0.0003 0.7927 
     UMFS-37 79 0.0000 0.0000 0.0001 0.0000 0.9998 
      UMFS-8 80 0.0090 0.0008 0.0029 0.0010 0.9863 
     UMFS-16 81 0.0001 0.0001 0.0001 0.0001 0.9996 
     UMFS-26 82 0.3340 0.0062 0.0369 0.1378 0.4851 
     UMFS-38 83 0.0001 0.0001 0.0001 0.0001 0.9996 
      NEH1-2 84 0.0015 0.0047 0.0188 0.9743 0.0007 
     NEH1-11 85 0.0005 0.0049 0.0390 0.9550 0.0005 
     NEH1-20 86 0.1159 0.0009 0.0009 0.8787 0.0037 
     NEH1-29 87 0.0007 0.0002 0.0005 0.9983 0.0003 
      NEH2-2 88 0.0002 0.0001 0.0003 0.9991 0.0002 
     NEH2-10 89 0.0070 0.0003 0.0007 0.9917 0.0003 
     NEH2-18 90 0.0001 0.0003 0.0019 0.9974 0.0003 
     NEH2-26 91 0.0013 0.0003 0.0022 0.9959 0.0003 
      NEH1-3 92 0.1554 0.0007 0.0003 0.8433 0.0003 
     NEH1-12 93 0.0004 0.0482 0.0026 0.9484 0.0003 
     NEH1-21 94 0.0322 0.0267 0.0006 0.9403 0.0003 
     NEH1-30 95 0.0144 0.0015 0.0656 0.9183 0.0003 
      NEH2-3 96 0.0001 0.0002 0.0001 0.9995 0.0001 
     NEH2-11 97 0.0003 0.0009 0.0165 0.9798 0.0025 
     NEH2-19 98 0.0027 0.0007 0.0015 0.9921 0.0030 
     NEH2-27 99 0.0001 0.0001 0.0001 0.9996 0.0001 
      NEH1-4 100 0.0001 0.0001 0.0011 0.9985 0.0002 
     NEH1-13 101 0.2083 0.0019 0.0211 0.7683 0.0004 
     NEH1-22 102 0.1839 0.0005 0.0151 0.7998 0.0006 
     NEH1-31 103 0.0005 0.0001 0.0013 0.9979 0.0001 
      NEH2-4 104 0.0025 0.0006 0.0018 0.9931 0.0021 
     NEH2-12 105 0.0005 0.0045 0.0497 0.9369 0.0085 
     NEH2-20 106 0.1947 0.0002 0.0010 0.8037 0.0005 
     NEH2-28 107 0.0019 0.0052 0.0010 0.9915 0.0005 
      NEH1-5 108 0.1171 0.0004 0.0235 0.8587 0.0002 
     NEH1-14 109 0.1565 0.0182 0.0587 0.7661 0.0004 
     NEH1-23 110 0.2057 0.0003 0.0174 0.7713 0.0053 
     NEH1-32 111 0.0009 0.0016 0.0012 0.9961 0.0004 
      NEH2-5 112 0.0002 0.0001 0.0002 0.9994 0.0001 
     NEH2-13 113 0.0015 0.0020 0.0115 0.9846 0.0003 
     NEH2-22 114 0.0005 0.0005 0.0004 0.9978 0.0007 
     NEH2-29 115 0.0364 0.0005 0.0019 0.9608 0.0005 
      NEH1-6 116 0.0002 0.0002 0.0001 0.9993 0.0001 
     NEH1-15 117 0.0024 0.0368 0.0019 0.9588 0.0002 
     NEH1-24 118 0.0008 0.0123 0.0005 0.9852 0.0012 
     NEH1-33 119 0.1251 0.0002 0.0008 0.8735 0.0004 
      NEH2-6 120 0.0090 0.0005 0.0006 0.9818 0.0082 
     NEH2-14 121 0.0044 0.0015 0.0013 0.9918 0.0010 
     NEH2-21 122 0.0468 0.0002 0.0007 0.9512 0.0010 
     NEH2-30 123 0.0002 0.0001 0.0002 0.9993 0.0002 
      NEH1-7 124 0.0694 0.0085 0.0844 0.8367 0.0009 
     NEH1-16 125 0.0002 0.0002 0.0003 0.9991 0.0001 
     NEH1-25 126 0.1125 0.0010 0.0099 0.8740 0.0026 
     NEH1-34 127 0.0517 0.0019 0.0150 0.9306 0.0008 
      NEH2-7 128 0.0018 0.0007 0.0012 0.9936 0.0027 
     NEH2-15 129 0.0001 0.0001 0.0001 0.9996 0.0001 
     NEH2-23 130 0.0087 0.0076 0.0427 0.9392 0.0019 
     NEH2-31 131 0.0002 0.0002 0.0001 0.9993 0.0002 
      NEH1-8 132 0.0909 0.0068 0.0735 0.8285 0.0002 
     NEH1-17 133 0.0021 0.0094 0.1000 0.8880 0.0005 
     NEH1-26 134 0.1463 0.0026 0.0012 0.8487 0.0012 
     NEH1-35 135 0.1838 0.0020 0.0033 0.8106 0.0003 
      NEH2-8 136 0.0002 0.0001 0.0001 0.9995 0.0001 
     NEH2-16 137 0.0006 0.0008 0.0003 0.9972 0.0010 
     NEH2-24 138 0.0002 0.0001 0.0001 0.9991 0.0005 
     NEH2-32 139 0.0004 0.0064 0.0625 0.9304 0.0003 
      NEH1-1 140 0.0008 0.0061 0.1056 0.8865 0.0008 
     NEH1-10 141 0.0002 0.0004 0.0002 0.9991 0.0001 
     NEH1-19 142 0.1128 0.0008 0.0086 0.8775 0.0003 
     NEH1-28 143 0.0011 0.0083 0.0341 0.9562 0.0002 
      NEH2-1 144 0.0025 0.0003 0.0100 0.9869 0.0003 
      NEH2-9 145 0.0005 0.0003 0.0002 0.9987 0.0003 
     NEH2-17 146 0.0039 0.0331 0.0015 0.9609 0.0005 
     NEH2-25 147 0.0003 0.0003 0.0187 0.9806 0.0002 
      LIW1-1 148 0.8000 0.0120 0.0785 0.1039 0.0057 
      LIW1-9 149 0.7735 0.0780 0.0797 0.0682 0.0007 
     LIW1-17 150 0.8725 0.0003 0.0768 0.0495 0.0010 
     LIW1-25 151 0.9882 0.0010 0.0004 0.0025 0.0079 
      LIW2-9 152 0.9393 0.0098 0.0470 0.0017 0.0022 
     LIW2-17 153 0.9923 0.0015 0.0011 0.0035 0.0017 
     LIW2-25 154 0.9137 0.0003 0.0795 0.0035 0.0030 
      LIW1-2 155 0.9808 0.0003 0.0034 0.0139 0.0016 
     LIW1-10 156 0.9833 0.0015 0.0059 0.0039 0.0053 
     LIW1-18 157 0.9059 0.0006 0.0840 0.0072 0.0023 
     LIW1-26 158 0.9690 0.0024 0.0005 0.0270 0.0011 
      LIW2-2 159 0.9910 0.0006 0.0007 0.0046 0.0032 
     LIW2-10 160 0.9597 0.0004 0.0373 0.0017 0.0009 
     LIW2-18 161 0.8996 0.0232 0.0071 0.0643 0.0058 
     LIW2-26 162 0.9381 0.0022 0.0087 0.0011 0.0499 
      LIW1-3 163 0.8957 0.0010 0.0575 0.0098 0.0360 
     LIW1-11 164 0.9603 0.0023 0.0232 0.0065 0.0077 
     LIW1-19 165 0.8781 0.0044 0.0461 0.0668 0.0046 
     LIW1-27 166 0.8870 0.0006 0.1108 0.0005 0.0011 
      LIW2-3 167 0.9745 0.0067 0.0081 0.0024 0.0082 
     LIW2-11 168 0.9973 0.0003 0.0006 0.0007 0.0011 
     LIW2-19 169 0.9629 0.0007 0.0101 0.0253 0.0011 
     LIW2-27 170 0.9732 0.0004 0.0013 0.0152 0.0098 
      LIW1-4 171 0.9859 0.0010 0.0038 0.0075 0.0019 
     LIW1-12 172 0.9061 0.0032 0.0481 0.0037 0.0390 
     LIW1-20 173 0.9275 0.0019 0.0682 0.0014 0.0011 
     LIW1-28 174 0.9806 0.0008 0.0038 0.0119 0.0029 
        001s 175 0.9826 0.0111 0.0042 0.0016 0.0005 
        002s 175 0.9159 0.0065 0.0759 0.0011 0.0006 
        003s 175 0.9319 0.0006 0.0660 0.0007 0.0007 
        004s 175 0.9628 0.0074 0.0244 0.0011 0.0043 
        005s 175 0.9895 0.0008 0.0043 0.0017 0.0037 
        006s 175 0.7579 0.0114 0.2257 0.0005 0.0045 
        007s 175 0.9923 0.0003 0.0060 0.0008 0.0005 
        008s 175 0.9937 0.0013 0.0017 0.0006 0.0027 
        009s 175 0.8541 0.0090 0.1339 0.0012 0.0017 
        010s 175 0.9308 0.0008 0.0672 0.0009 0.0003 
        011s 175 0.9910 0.0012 0.0060 0.0011 0.0006 
        012s 175 0.9949 0.0036 0.0007 0.0004 0.0004 
        013s 175 0.9870 0.0009 0.0115 0.0003 0.0004 
        014s 175 0.9082 0.0071 0.0840 0.0002 0.0006 
        015s 175 0.9947 0.0011 0.0020 0.0019 0.0005 
        016s 175 0.9548 0.0018 0.0426 0.0002 0.0006 
        017s 175 0.9205 0.0090 0.0643 0.0054 0.0008 
        018s 175 0.9670 0.0010 0.0244 0.0008 0.0067 
        019s 175 0.9719 0.0008 0.0009 0.0045 0.0218 
        020s 175 0.9638 0.0015 0.0331 0.0011 0.0005 
        021s 175 0.9950 0.0014 0.0009 0.0019 0.0007 
        022s 175 0.9516 0.0420 0.0031 0.0027 0.0006 
        023s 175 0.9844 0.0053 0.0017 0.0028 0.0058 
        024s 175 0.9658 0.0068 0.0259 0.0007 0.0009 
        025s 175 0.9615 0.0209 0.0138 0.0007 0.0031 
        026s 175 0.9922 0.0010 0.0050 0.0013 0.0005 
        027s 175 0.9936 0.0021 0.0022 0.0014 0.0007 
        028s 175 0.9357 0.0004 0.0018 0.0615 0.0007 
        029s 175 0.9945 0.0005 0.0030 0.0004 0.0015 
        030s 175 0.8893 0.0080 0.0997 0.0022 0.0007 
        031s 175 0.9832 0.0011 0.0049 0.0004 0.0103 
        032s 175 0.9075 0.0008 0.0733 0.0160 0.0023 
        033s 175 0.9812 0.0050 0.0108 0.0008 0.0021 
        034s 175 0.9218 0.0013 0.0763 0.0004 0.0003 
        035s 175 0.9118 0.0010 0.0863 0.0004 0.0006 
        036s 175 0.9925 0.0006 0.0025 0.0005 0.0039 
        037s 175 0.9686 0.0081 0.0144 0.0087 0.0002 
        038s 175 0.9887 0.0031 0.0070 0.0009 0.0003 
        039s 175 0.9791 0.0007 0.0168 0.0023 0.0011 
        040s 175 0.9959 0.0008 0.0008 0.0018 0.0007 
        041s 175 0.9204 0.0009 0.0771 0.0008 0.0008 
        042s 175 0.9735 0.0025 0.0016 0.0011 0.0213 
        043s 175 0.9885 0.0022 0.0040 0.0045 0.0008 
        044s 175 0.9582 0.0004 0.0391 0.0016 0.0007 
        045s 175 0.8872 0.0053 0.1064 0.0006 0.0005 
        046s 175 0.9727 0.0011 0.0236 0.0016 0.0010 
        047s 175 0.9814 0.0005 0.0074 0.0074 0.0033 
        048s 175 0.9928 0.0030 0.0025 0.0005 0.0012 
        049s 175 0.9469 0.0018 0.0495 0.0005 0.0013 
        050s 175 0.8398 0.0045 0.0682 0.0854 0.0021 
        001s 176 0.8563 0.0198 0.1215 0.0004 0.0020 
        002s 176 0.9867 0.0078 0.0023 0.0028 0.0003 
        003s 176 0.9938 0.0007 0.0033 0.0014 0.0008 
        004s 176 0.9918 0.0008 0.0033 0.0017 0.0024 
        005s 176 0.9766 0.0004 0.0026 0.0201 0.0004 
        006s 176 0.9912 0.0037 0.0018 0.0007 0.0027 
        007s 176 0.9101 0.0063 0.0816 0.0006 0.0014 
        008s 176 0.9943 0.0006 0.0035 0.0003 0.0013 
        009s 176 0.9874 0.0005 0.0047 0.0067 0.0007 
        010s 176 0.9534 0.0006 0.0447 0.0004 0.0009 
        011s 176 0.9931 0.0020 0.0007 0.0037 0.0005 
        012s 176 0.8975 0.0043 0.0956 0.0014 0.0012 
        013s 176 0.9458 0.0059 0.0451 0.0025 0.0007 
        014s 176 0.9901 0.0077 0.0006 0.0005 0.0011 
        015s 176 0.9858 0.0003 0.0042 0.0024 0.0073 
        016s 176 0.9910 0.0003 0.0025 0.0008 0.0054 
        017s 176 0.9982 0.0003 0.0003 0.0005 0.0007 
        018s 176 0.9867 0.0005 0.0009 0.0103 0.0016 
        019s 176 0.9567 0.0215 0.0201 0.0004 0.0013 
        020s 176 0.9897 0.0007 0.0075 0.0013 0.0009 
        021s 176 0.9904 0.0050 0.0027 0.0012 0.0007 
        022s 176 0.9851 0.0116 0.0014 0.0007 0.0012 
        023s 176 0.9170 0.0018 0.0021 0.0003 0.0787 
        024s 176 0.8915 0.0280 0.0787 0.0007 0.0011 
        025s 176 0.9890 0.0034 0.0038 0.0024 0.0014 
        026s 176 0.9850 0.0103 0.0011 0.0027 0.0010 
        027s 176 0.9976 0.0003 0.0007 0.0009 0.0005 
        028s 176 0.9947 0.0020 0.0016 0.0008 0.0009 
        029s 176 0.9904 0.0057 0.0011 0.0023 0.0005 
        030s 176 0.8643 0.0035 0.1315 0.0004 0.0003 
        031s 176 0.9901 0.0031 0.0051 0.0013 0.0004 
        032s 176 0.8923 0.0009 0.0894 0.0171 0.0003 
        033s 176 0.8197 0.0421 0.1222 0.0133 0.0028 
        034s 176 0.9957 0.0007 0.0030 0.0005 0.0002 
        035s 176 0.9183 0.0005 0.0162 0.0644 0.0006 
        036s 176 0.9965 0.0017 0.0007 0.0007 0.0004 
        037s 176 0.9160 0.0091 0.0547 0.0179 0.0023 
        038s 176 0.9962 0.0007 0.0009 0.0007 0.0014 
        039s 176 0.9798 0.0004 0.0192 0.0003 0.0003 
        040s 176 0.9978 0.0003 0.0008 0.0008 0.0003 
        041s 176 0.9903 0.0006 0.0035 0.0008 0.0048 
        042s 176 0.9964 0.0006 0.0013 0.0004 0.0012 
        043s 176 0.9653 0.0224 0.0014 0.0087 0.0022 
        044s 176 0.9280 0.0010 0.0702 0.0004 0.0004 
        045s 176 0.9880 0.0033 0.0066 0.0010 0.0010 
        046s 176 0.9966 0.0007 0.0018 0.0002 0.0006 
        047s 176 0.9897 0.0017 0.0029 0.0015 0.0041 
        048s 176 0.9097 0.0020 0.0783 0.0005 0.0096 
        050s 176 0.9880 0.0006 0.0024 0.0086 0.0004 
        001s 177 0.9072 0.0050 0.0675 0.0106 0.0097 
        002s 177 0.9716 0.0003 0.0264 0.0013 0.0005 
        003s 177 0.8918 0.0064 0.0515 0.0060 0.0443 
        004s 177 0.9960 0.0019 0.0004 0.0014 0.0003 
        005s 177 0.9589 0.0004 0.0397 0.0004 0.0006 
        006s 177 0.9442 0.0004 0.0517 0.0021 0.0015 
        007s 177 0.9479 0.0007 0.0504 0.0007 0.0003 
        008s 177 0.7711 0.0516 0.1681 0.0009 0.0083 
        009s 177 0.9970 0.0007 0.0012 0.0008 0.0004 
        010s 177 0.9660 0.0036 0.0284 0.0008 0.0012 
        011s 177 0.9950 0.0008 0.0035 0.0006 0.0002 
        012s 177 0.9949 0.0008 0.0029 0.0009 0.0005 
        013s 177 0.9873 0.0008 0.0019 0.0015 0.0085 
        014s 177 0.9347 0.0027 0.0605 0.0012 0.0008 
        015s 177 0.9906 0.0042 0.0020 0.0024 0.0007 
        016s 177 0.9200 0.0002 0.0787 0.0005 0.0006 
        017s 177 0.9589 0.0382 0.0010 0.0008 0.0011 
        018s 177 0.8960 0.0009 0.1008 0.0004 0.0019 
        019s 177 0.9906 0.0007 0.0037 0.0043 0.0006 
        020s 177 0.9931 0.0011 0.0019 0.0031 0.0008 
        021s 177 0.9360 0.0008 0.0614 0.0012 0.0006 
        022s 177 0.9665 0.0040 0.0147 0.0144 0.0004 
        023s 177 0.9466 0.0480 0.0007 0.0021 0.0025 
        024s 177 0.9956 0.0006 0.0011 0.0024 0.0004 
        025s 177 0.9953 0.0022 0.0013 0.0007 0.0005 
        026s 177 0.9948 0.0003 0.0019 0.0024 0.0006 
        027s 177 0.9967 0.0004 0.0012 0.0008 0.0010 
        028s 177 0.9821 0.0004 0.0149 0.0008 0.0018 
        029s 177 0.9093 0.0490 0.0403 0.0013 0.0002 
        030s 177 0.9804 0.0027 0.0124 0.0025 0.0020 
        031s 177 0.9635 0.0018 0.0210 0.0126 0.0011 
        032s 177 0.9178 0.0026 0.0786 0.0006 0.0004 
        033s 177 0.9924 0.0003 0.0037 0.0031 0.0005 
        034s 177 0.9949 0.0007 0.0033 0.0007 0.0004 
        035s 177 0.9978 0.0003 0.0009 0.0003 0.0007 
        036s 177 0.9284 0.0054 0.0016 0.0636 0.0010 
        037s 177 0.9755 0.0119 0.0093 0.0028 0.0006 
        038s 177 0.9493 0.0011 0.0467 0.0005 0.0024 
        039s 177 0.9454 0.0008 0.0479 0.0013 0.0046 
        040s 177 0.9582 0.0381 0.0017 0.0016 0.0004 
        041s 177 0.8423 0.0273 0.1296 0.0004 0.0004 
        042s 177 0.8627 0.0015 0.1345 0.0005 0.0008 
        043s 177 0.9755 0.0002 0.0233 0.0006 0.0004 
        044s 177 0.9896 0.0007 0.0087 0.0006 0.0003 
        045s 177 0.9706 0.0020 0.0182 0.0014 0.0078 
        046s 177 0.9947 0.0023 0.0019 0.0006 0.0006 
        047s 177 0.9673 0.0018 0.0268 0.0030 0.0010 
        048s 177 0.9702 0.0168 0.0121 0.0003 0.0006 
        049s 177 0.9051 0.0180 0.0756 0.0010 0.0003 
        050s 177 0.9917 0.0007 0.0030 0.0006 0.0041 
        001s 178 0.8674 0.0013 0.1284 0.0012 0.0017 
        002s 178 0.9895 0.0023 0.0048 0.0031 0.0005 
        003s 178 0.9922 0.0015 0.0042 0.0008 0.0013 
        004s 178 0.9740 0.0014 0.0104 0.0004 0.0139 
        005s 178 0.9960 0.0011 0.0009 0.0005 0.0014 
        006s 178 0.8913 0.0111 0.0264 0.0532 0.0179 
        007s 178 0.9934 0.0039 0.0017 0.0007 0.0004 
        008s 178 0.8125 0.0031 0.1821 0.0004 0.0020 
        009s 178 0.9881 0.0080 0.0008 0.0015 0.0016 
        010s 178 0.9974 0.0003 0.0011 0.0008 0.0004 
        011s 178 0.9436 0.0006 0.0544 0.0006 0.0009 
        012s 178 0.9935 0.0012 0.0045 0.0004 0.0005 
        013s 178 0.9425 0.0003 0.0510 0.0025 0.0037 
        014s 178 0.9319 0.0024 0.0449 0.0203 0.0004 
        015s 178 0.9927 0.0016 0.0046 0.0005 0.0006 
        016s 178 0.9148 0.0032 0.0773 0.0013 0.0034 
        017s 178 0.9456 0.0041 0.0478 0.0015 0.0011 
        018s 178 0.9756 0.0011 0.0201 0.0022 0.0010 
        019s 178 0.9935 0.0010 0.0048 0.0003 0.0004 
        020s 178 0.9916 0.0002 0.0064 0.0003 0.0014 
        021s 178 0.9804 0.0125 0.0055 0.0009 0.0006 
        022s 178 0.9965 0.0010 0.0017 0.0004 0.0005 
        023s 178 0.8794 0.0143 0.0818 0.0236 0.0008 
        024s 178 0.9891 0.0003 0.0090 0.0009 0.0007 
        025s 178 0.8584 0.0008 0.1397 0.0007 0.0004 
        026s 178 0.9960 0.0008 0.0006 0.0004 0.0022 
        027s 178 0.9071 0.0034 0.0879 0.0007 0.0009 
        028s 178 0.9367 0.0455 0.0052 0.0055 0.0071 
        029s 178 0.9197 0.0242 0.0550 0.0006 0.0006 
        030s 178 0.9836 0.0077 0.0027 0.0056 0.0004 
        031s 178 0.9786 0.0004 0.0034 0.0003 0.0173 
        032s 178 0.9956 0.0008 0.0009 0.0006 0.0021 
        033s 178 0.9534 0.0082 0.0356 0.0004 0.0024 
        034s 178 0.9543 0.0003 0.0440 0.0005 0.0008 
        035s 178 0.9945 0.0006 0.0015 0.0020 0.0014 
        036s 178 0.9953 0.0007 0.0030 0.0006 0.0005 
        037s 178 0.9938 0.0003 0.0014 0.0042 0.0003 
        039s 178 0.9735 0.0166 0.0014 0.0061 0.0024 
        040s 178 0.8755 0.0049 0.1174 0.0013 0.0010 
        041s 178 0.9962 0.0022 0.0005 0.0004 0.0006 
        042s 178 0.9361 0.0046 0.0377 0.0032 0.0184 
        043s 178 0.9132 0.0270 0.0020 0.0099 0.0479 
        044s 178 0.8654 0.0904 0.0431 0.0009 0.0003 
        045s 178 0.9945 0.0011 0.0025 0.0011 0.0008 
        046s 178 0.9959 0.0011 0.0019 0.0003 0.0007 
        047s 178 0.9774 0.0146 0.0063 0.0007 0.0010 
        048s 178 0.8977 0.0030 0.0813 0.0170 0.0010 
        049s 178 0.9699 0.0023 0.0232 0.0042 0.0004 
        050s 178 0.8857 0.0227 0.0797 0.0032 0.0087 
          01 179 0.8921 0.0209 0.0647 0.0216 0.0008 
          02 179 0.9864 0.0012 0.0092 0.0021 0.0012 
          03 179 0.8500 0.0181 0.1308 0.0008 0.0003 
          04 179 0.9872 0.0014 0.0044 0.0067 0.0004 
          05 179 0.8619 0.0040 0.1319 0.0006 0.0016 
          06 179 0.9823 0.0005 0.0040 0.0003 0.0128 
          07 179 0.9797 0.0018 0.0138 0.0044 0.0003 
          08 179 0.9919 0.0007 0.0009 0.0046 0.0020 
          09 179 0.9971 0.0003 0.0010 0.0008 0.0008 
          10 179 0.9135 0.0006 0.0812 0.0042 0.0005 
          11 179 0.8366 0.0045 0.1581 0.0004 0.0003 
          12 179 0.9187 0.0003 0.0762 0.0025 0.0022 
          13 179 0.9959 0.0013 0.0004 0.0005 0.0019 
          14 179 0.8857 0.0063 0.1043 0.0032 0.0006 
          15 179 0.9082 0.0103 0.0800 0.0008 0.0007 
          16 179 0.9703 0.0021 0.0240 0.0008 0.0027 
          17 179 0.9759 0.0008 0.0011 0.0213 0.0009 
          18 179 0.9939 0.0005 0.0019 0.0025 0.0012 
          19 179 0.9031 0.0045 0.0901 0.0008 0.0016 
          20 179 0.8703 0.0057 0.0275 0.0932 0.0033 
          21 179 0.9983 0.0002 0.0006 0.0005 0.0003 
          22 179 0.9008 0.0006 0.0823 0.0005 0.0158 
          23 179 0.9935 0.0010 0.0045 0.0006 0.0004 
        001s 180 0.9236 0.0040 0.0399 0.0319 0.0006 
        002s 180 0.9474 0.0010 0.0489 0.0024 0.0004 
        003s 180 0.9307 0.0005 0.0647 0.0014 0.0026 
        004s 180 0.9361 0.0014 0.0617 0.0005 0.0003 
        005s 180 0.9633 0.0027 0.0034 0.0304 0.0002 
        006s 180 0.8857 0.0080 0.1051 0.0005 0.0008 
        007s 180 0.9956 0.0009 0.0025 0.0004 0.0006 
        008s 180 0.9906 0.0012 0.0072 0.0007 0.0004 
        009s 180 0.9708 0.0003 0.0267 0.0012 0.0010 
        010s 180 0.9866 0.0004 0.0025 0.0006 0.0099 
        011s 180 0.9767 0.0008 0.0215 0.0005 0.0005 
        012s 180 0.9858 0.0022 0.0105 0.0007 0.0009 
        013s 180 0.9893 0.0013 0.0021 0.0053 0.0019 
        014s 180 0.9590 0.0010 0.0385 0.0011 0.0004 
        015s 180 0.9508 0.0004 0.0474 0.0009 0.0004 
        016s 180 0.9214 0.0012 0.0636 0.0128 0.0010 
        017s 180 0.9919 0.0010 0.0054 0.0008 0.0009 
        018s 180 0.8680 0.0048 0.1257 0.0008 0.0008 
        019s 180 0.9804 0.0011 0.0165 0.0012 0.0007 
        020s 180 0.9868 0.0017 0.0017 0.0074 0.0023 
        021s 180 0.9882 0.0009 0.0076 0.0022 0.0010 
        022s 180 0.9143 0.0011 0.0835 0.0008 0.0004 
        023s 180 0.9173 0.0002 0.0780 0.0043 0.0002 
        024s 180 0.9732 0.0008 0.0191 0.0061 0.0009 
        025s 180 0.9219 0.0035 0.0734 0.0004 0.0008 
        026s 180 0.9914 0.0031 0.0011 0.0006 0.0038 
        027s 180 0.9904 0.0011 0.0070 0.0008 0.0007 
        028s 180 0.9936 0.0020 0.0023 0.0010 0.0010 
        029s 180 0.9129 0.0049 0.0044 0.0651 0.0127 
        030s 180 0.9894 0.0040 0.0007 0.0004 0.0054 
        031s 180 0.9585 0.0004 0.0387 0.0020 0.0004 
        032s 180 0.9747 0.0019 0.0039 0.0009 0.0187 
        033s 180 0.9863 0.0006 0.0094 0.0002 0.0036 
        034s 180 0.9922 0.0042 0.0014 0.0007 0.0016 
        035s 180 0.9414 0.0010 0.0397 0.0170 0.0010 
        036s 180 0.9939 0.0004 0.0016 0.0007 0.0035 
        037s 180 0.9913 0.0006 0.0022 0.0013 0.0045 
        038s 180 0.9954 0.0011 0.0023 0.0003 0.0009 
        039s 180 0.9944 0.0023 0.0013 0.0011 0.0009 
        041s 180 0.9973 0.0009 0.0011 0.0004 0.0003 
        042s 180 0.9895 0.0018 0.0026 0.0052 0.0009 
        043s 180 0.9831 0.0018 0.0033 0.0017 0.0100 
        044s 180 0.9938 0.0005 0.0044 0.0006 0.0008 
        045s 180 0.9581 0.0247 0.0110 0.0042 0.0019 
        046s 180 0.9798 0.0039 0.0127 0.0018 0.0019 
        047s 180 0.9121 0.0008 0.0843 0.0016 0.0012 
        048s 180 0.9256 0.0009 0.0722 0.0007 0.0006 
        049s 180 0.9965 0.0011 0.0006 0.0003 0.0014 
        050s 180 0.9935 0.0024 0.0007 0.0004 0.0029 
         001 181 0.0003 0.8197 0.1795 0.0001 0.0004 
         002 181 0.0001 0.9997 0.0001 0.0001 0.0001 
         003 181 0.0001 0.9997 0.0001 0.0001 0.0001 
         004 181 0.0109 0.7865 0.1993 0.0004 0.0028 
         005 181 0.0082 0.8723 0.1164 0.0028 0.0003 
         006 181 0.0001 0.9997 0.0001 0.0001 0.0001 
         007 181 0.0001 0.9998 0.0001 0.0001 0.0001 
         008 181 0.0002 0.9994 0.0002 0.0001 0.0001 
         009 181 0.0000 0.9998 0.0000 0.0000 0.0000 
         010 181 0.0001 0.8337 0.1152 0.0002 0.0507 
         011 181 0.0001 0.9997 0.0001 0.0001 0.0001 
         012 181 0.0004 0.8714 0.1225 0.0054 0.0003 
         013 181 0.0033 0.9028 0.0931 0.0004 0.0005 
         014 181 0.0004 0.8741 0.1250 0.0003 0.0001 
         015 181 0.0001 0.9998 0.0001 0.0001 0.0000 
         016 181 0.0007 0.8760 0.1224 0.0006 0.0002 
         017 181 0.0001 0.9998 0.0001 0.0000 0.0001 
         018 181 0.0002 0.8253 0.1737 0.0002 0.0005 
         019 181 0.0049 0.8631 0.1310 0.0008 0.0002 
         020 181 0.0001 0.9998 0.0000 0.0001 0.0001 
         021 181 0.0001 0.9997 0.0001 0.0001 0.0001 
         022 181 0.0000 0.9998 0.0001 0.0000 0.0000 
         023 181 0.0001 0.9997 0.0001 0.0001 0.0001 
         024 181 0.0212 0.9752 0.0005 0.0017 0.0013 
         025 181 0.0001 0.9718 0.0279 0.0001 0.0001 
         026 181 0.0001 0.9997 0.0001 0.0001 0.0001 
         027 181 0.0000 0.9998 0.0001 0.0000 0.0000 
         028 181 0.0000 0.9998 0.0001 0.0000 0.0000 
         029 181 0.0001 0.9996 0.0001 0.0001 0.0001 
         030 181 0.0001 0.9996 0.0001 0.0001 0.0001 
         001 182 0.0001 0.6156 0.3841 0.0001 0.0001 
         002 182 0.0002 0.5679 0.4313 0.0002 0.0004 
         003 182 0.0007 0.5100 0.4284 0.0002 0.0606 
         004 182 0.0001 0.5184 0.4809 0.0003 0.0002 
         005 182 0.0013 0.5663 0.4302 0.0001 0.0021 
         006 182 0.0960 0.4517 0.4506 0.0012 0.0004 
         007 182 0.0014 0.5157 0.4645 0.0004 0.0181 
         008 182 0.0010 0.5751 0.4230 0.0001 0.0008 
         009 182 0.0002 0.5831 0.4160 0.0001 0.0005 
         010 182 0.0762 0.4771 0.4459 0.0004 0.0004 
         011 182 0.0003 0.4876 0.5118 0.0001 0.0002 
         012 182 0.0640 0.5272 0.4078 0.0007 0.0003 
         013 182 0.0025 0.4186 0.5776 0.0008 0.0005 
         014 182 0.0863 0.4461 0.4622 0.0049 0.0005 
         015 182 0.0001 0.6168 0.3830 0.0001 0.0001 
         016 182 0.0003 0.5538 0.4450 0.0002 0.0007 
         017 182 0.0555 0.5623 0.3813 0.0003 0.0005 
         018 182 0.0003 0.6081 0.3913 0.0001 0.0002 
         019 182 0.0002 0.5947 0.4049 0.0001 0.0001 
         020 182 0.0001 0.6463 0.3534 0.0001 0.0002 
         021 182 0.0023 0.4985 0.4266 0.0007 0.0719 
         022 182 0.0003 0.6154 0.3839 0.0002 0.0002 
         023 182 0.0002 0.4944 0.5051 0.0002 0.0001 
         024 182 0.0002 0.4653 0.5342 0.0001 0.0002 
         025 182 0.0001 0.5948 0.4043 0.0001 0.0007 
         026 182 0.0001 0.5484 0.4513 0.0001 0.0001 
         027 182 0.0010 0.5544 0.4435 0.0010 0.0002 
         028 182 0.0007 0.5196 0.4790 0.0003 0.0004 
         029 182 0.0004 0.5124 0.4783 0.0008 0.0082 
         030 182 0.0001 0.5974 0.4022 0.0001 0.0001 
          10 183 0.9812 0.0004 0.0142 0.0026 0.0016 
          11 183 0.8881 0.0001 0.0396 0.0718 0.0003 
          12 183 0.9745 0.0003 0.0177 0.0065 0.0011 
          13 183 0.9463 0.0090 0.0435 0.0006 0.0007 
          14 183 0.9541 0.0004 0.0128 0.0108 0.0219 
          15 183 0.9118 0.0014 0.0421 0.0440 0.0007 
          16 183 0.9064 0.0454 0.0434 0.0011 0.0037 
          17 183 0.9854 0.0015 0.0105 0.0021 0.0005 
          18 183 0.9643 0.0004 0.0334 0.0011 0.0008 
          19 183 0.9685 0.0002 0.0301 0.0010 0.0003 
          20 183 0.9451 0.0021 0.0518 0.0006 0.0004 
          21 183 0.9687 0.0007 0.0196 0.0109 0.0001 
          22 183 0.8931 0.0015 0.0714 0.0317 0.0024 
          23 183 0.9638 0.0146 0.0154 0.0005 0.0057 
          24 183 0.9090 0.0002 0.0741 0.0161 0.0007 
          25 183 0.9646 0.0007 0.0218 0.0119 0.0009 
          26 183 0.9179 0.0013 0.0793 0.0008 0.0006 
          27 183 0.9202 0.0025 0.0674 0.0097 0.0002 
          28 183 0.9406 0.0005 0.0408 0.0177 0.0005 
          29 183 0.2638 0.4183 0.2972 0.0200 0.0008 
          30 183 0.0955 0.4271 0.4148 0.0625 0.0002 
          31 183 0.9753 0.0011 0.0168 0.0063 0.0004 
          32 183 0.9816 0.0002 0.0168 0.0003 0.0010 
          33 183 0.9078 0.0003 0.0897 0.0011 0.0011 
          34 183 0.9638 0.0002 0.0064 0.0264 0.0032 
          35 183 0.9129 0.0019 0.0718 0.0127 0.0007 
          36 183 0.9754 0.0004 0.0189 0.0041 0.0012 
          37 183 0.1574 0.4150 0.4024 0.0243 0.0008 
          54 183 0.9335 0.0095 0.0545 0.0022 0.0003 
          55 183 0.7962 0.0085 0.1220 0.0695 0.0038 
           6 183 0.9029 0.0008 0.0941 0.0010 0.0012 
           7 183 0.8264 0.0183 0.1497 0.0052 0.0005 
           8 183 0.8946 0.0062 0.0936 0.0027 0.0028 
           9 183 0.9689 0.0029 0.0089 0.0171 0.0022 
           4 184 0.9902 0.0022 0.0066 0.0006 0.0004 
           9 184 0.9891 0.0005 0.0072 0.0005 0.0028 
          12 184 0.9652 0.0275 0.0069 0.0002 0.0003 
          14 184 0.9884 0.0008 0.0031 0.0065 0.0012 
          15 184 0.9954 0.0005 0.0011 0.0024 0.0007 
          16 184 0.9729 0.0028 0.0202 0.0012 0.0029 
          17 184 0.9915 0.0040 0.0011 0.0012 0.0023 
          18 184 0.8277 0.0062 0.1650 0.0007 0.0003 
          22 184 0.9757 0.0004 0.0225 0.0005 0.0009 
          25 184 0.9667 0.0009 0.0308 0.0008 0.0008 
          26 184 0.9580 0.0016 0.0188 0.0023 0.0193 
          27 184 0.9667 0.0028 0.0300 0.0002 0.0002 
          28 184 0.9952 0.0004 0.0034 0.0006 0.0004 
          29 184 0.9968 0.0004 0.0019 0.0007 0.0002 
          31 184 0.9594 0.0016 0.0381 0.0005 0.0004 
          32 184 0.9847 0.0030 0.0093 0.0022 0.0008 
          33 184 0.9929 0.0004 0.0028 0.0022 0.0016 
          34 184 0.9973 0.0004 0.0012 0.0006 0.0005 
          36 184 0.5357 0.0880 0.3757 0.0002 0.0004 
          37 184 0.9130 0.0009 0.0844 0.0004 0.0013 
          39 184 0.9672 0.0078 0.0149 0.0094 0.0007 
          40 184 0.9666 0.0019 0.0278 0.0030 0.0007 
          41 184 0.9432 0.0005 0.0539 0.0018 0.0007 
          42 184 0.9837 0.0011 0.0111 0.0004 0.0036 
          43 184 0.9951 0.0006 0.0030 0.0008 0.0006 
          44 184 0.8932 0.0077 0.0973 0.0016 0.0003 
          45 184 0.9953 0.0004 0.0012 0.0008 0.0023 
          46 184 0.9361 0.0061 0.0567 0.0004 0.0007 
          47 184 0.9827 0.0003 0.0162 0.0006 0.0002 
          48 184 0.9842 0.0007 0.0132 0.0015 0.0004 
          52 184 0.8735 0.0069 0.1184 0.0004 0.0007 
          54 184 0.9931 0.0004 0.0041 0.0002 0.0022 
          57 184 0.9903 0.0009 0.0078 0.0004 0.0006 
          58 184 0.9772 0.0008 0.0203 0.0012 0.0005 
          59 184 0.9463 0.0438 0.0088 0.0010 0.0002 
          60 184 0.9861 0.0004 0.0012 0.0096 0.0027 
           3 185 0.9525 0.0041 0.0314 0.0112 0.0008 
           4 185 0.9910 0.0011 0.0048 0.0022 0.0009 
           5 185 0.9846 0.0017 0.0072 0.0004 0.0061 
           6 185 0.9973 0.0004 0.0011 0.0005 0.0007 
           7 185 0.8413 0.0066 0.1484 0.0003 0.0034 
           8 185 0.9296 0.0260 0.0428 0.0013 0.0003 
           9 185 0.9643 0.0009 0.0321 0.0021 0.0006 
          10 185 0.9923 0.0006 0.0014 0.0042 0.0016 
          11 185 0.9465 0.0198 0.0302 0.0026 0.0008 
          12 185 0.8749 0.0110 0.1111 0.0024 0.0007 
          13 185 0.9927 0.0005 0.0058 0.0005 0.0005 
          14 185 0.9931 0.0022 0.0033 0.0007 0.0008 
          15 185 0.6930 0.0003 0.0280 0.2356 0.0431 
          16 185 0.9868 0.0009 0.0097 0.0019 0.0007 
          17 185 0.9371 0.0013 0.0066 0.0532 0.0018 
          18 185 0.9369 0.0002 0.0595 0.0005 0.0029 
          19 185 0.9611 0.0003 0.0215 0.0165 0.0006 
          20 185 0.8515 0.0456 0.1016 0.0007 0.0007 
          21 185 0.9842 0.0013 0.0049 0.0081 0.0015 
          22 185 0.9266 0.0018 0.0210 0.0502 0.0004 
          23 185 0.8898 0.0014 0.1060 0.0024 0.0004 
          24 185 0.9917 0.0029 0.0047 0.0004 0.0003 
          25 185 0.9189 0.0069 0.0713 0.0027 0.0002 
          26 185 0.9650 0.0024 0.0303 0.0014 0.0009 
          27 185 0.9938 0.0003 0.0024 0.0011 0.0024 
          28 185 0.9953 0.0003 0.0038 0.0003 0.0003 
          29 185 0.7454 0.0115 0.1790 0.0571 0.0069 
          30 185 0.9191 0.0056 0.0739 0.0010 0.0005 
          31 185 0.9533 0.0007 0.0452 0.0006 0.0003 
          32 185 0.9910 0.0036 0.0042 0.0003 0.0009 
          33 185 0.9750 0.0042 0.0198 0.0005 0.0005 
          34 185 0.9936 0.0015 0.0025 0.0021 0.0003 
          35 185 0.9508 0.0010 0.0056 0.0012 0.0413 
          36 185 0.9961 0.0006 0.0009 0.0008 0.0015 
          37 185 0.9804 0.0091 0.0096 0.0006 0.0003 
          38 185 0.9088 0.0395 0.0513 0.0002 0.0002 
          39 185 0.8811 0.0028 0.1129 0.0028 0.0003 
          40 185 0.9927 0.0009 0.0040 0.0011 0.0012 
          41 185 0.9826 0.0004 0.0144 0.0008 0.0018 
          42 185 0.9917 0.0006 0.0066 0.0004 0.0006 
           5 186 0.9891 0.0005 0.0032 0.0006 0.0067 
           6 186 0.9469 0.0003 0.0480 0.0004 0.0044 
           7 186 0.9816 0.0087 0.0088 0.0005 0.0005 
           9 186 0.8288 0.0054 0.1641 0.0012 0.0006 
          10 186 0.9253 0.0218 0.0503 0.0010 0.0016 
          11 186 0.9196 0.0018 0.0775 0.0007 0.0004 
          12 186 0.9756 0.0010 0.0220 0.0003 0.0011 
          29 186 0.9824 0.0013 0.0037 0.0121 0.0004 
          30 186 0.9597 0.0003 0.0357 0.0012 0.0031 
          31 186 0.7522 0.0135 0.0616 0.1591 0.0136 
          32 186 0.8353 0.0021 0.1458 0.0164 0.0004 
          33 186 0.9932 0.0003 0.0010 0.0049 0.0006 
          34 186 0.9517 0.0143 0.0114 0.0036 0.0191 
          35 186 0.9965 0.0006 0.0017 0.0007 0.0005 
          36 186 0.9496 0.0003 0.0486 0.0011 0.0004 
          37 186 0.9703 0.0111 0.0175 0.0008 0.0004 
          38 186 0.9665 0.0090 0.0118 0.0119 0.0008 
          39 186 0.9945 0.0005 0.0025 0.0004 0.0020 
          40 186 0.9959 0.0003 0.0024 0.0010 0.0003 
          41 186 0.9893 0.0068 0.0017 0.0005 0.0016 
          42 186 0.9966 0.0006 0.0016 0.0005 0.0007 
          43 186 0.9789 0.0034 0.0137 0.0011 0.0030 
          44 186 0.9927 0.0003 0.0023 0.0024 0.0024 
          45 186 0.9627 0.0003 0.0359 0.0004 0.0007 
          46 186 0.9874 0.0007 0.0028 0.0006 0.0084 
          47 186 0.9878 0.0008 0.0099 0.0009 0.0005 
          48 186 0.9904 0.0004 0.0075 0.0008 0.0010 
          49 186 0.9767 0.0003 0.0223 0.0002 0.0005 
          50 186 0.9711 0.0030 0.0239 0.0014 0.0006 
          51 186 0.9784 0.0005 0.0196 0.0004 0.0011 
          52 186 0.9825 0.0006 0.0137 0.0008 0.0023 
          53 186 0.9693 0.0007 0.0271 0.0024 0.0005 
          54 186 0.9913 0.0005 0.0038 0.0008 0.0036 
          55 186 0.9833 0.0007 0.0109 0.0007 0.0044 
          56 186 0.9181 0.0026 0.0783 0.0006 0.0003 
          57 186 0.9030 0.0008 0.0159 0.0739 0.0063 
          58 186 0.9963 0.0007 0.0016 0.0003 0.0010 
          59 186 0.9922 0.0054 0.0014 0.0006 0.0003 
          60 186 0.9935 0.0003 0.0026 0.0023 0.0012 
           1 187 0.9551 0.0041 0.0365 0.0032 0.0011 
           2 187 0.9574 0.0016 0.0393 0.0010 0.0007 
           3 187 0.8886 0.0019 0.0957 0.0124 0.0014 
           4 187 0.8545 0.0139 0.1222 0.0088 0.0006 
           5 187 0.9873 0.0003 0.0088 0.0006 0.0029 
           6 187 0.9854 0.0014 0.0078 0.0007 0.0047 
           7 187 0.8343 0.0175 0.1421 0.0008 0.0054 
           8 187 0.9904 0.0010 0.0050 0.0005 0.0030 
           9 187 0.9240 0.0002 0.0744 0.0010 0.0003 
          10 187 0.9645 0.0172 0.0163 0.0012 0.0007 
          11 187 0.9908 0.0050 0.0036 0.0002 0.0004 
          12 187 0.9565 0.0007 0.0419 0.0006 0.0003 
          13 187 0.9616 0.0012 0.0354 0.0012 0.0007 
          14 187 0.9708 0.0009 0.0245 0.0018 0.0020 
          15 187 0.9591 0.0033 0.0321 0.0004 0.0051 
          16 187 0.9005 0.0023 0.0936 0.0017 0.0019 
          17 187 0.8887 0.0062 0.0998 0.0049 0.0004 
          18 187 0.9837 0.0006 0.0142 0.0009 0.0005 
          19 187 0.9939 0.0005 0.0038 0.0005 0.0012 
          20 187 0.9892 0.0006 0.0012 0.0008 0.0082 
          21 187 0.9051 0.0313 0.0581 0.0036 0.0020 
          22 187 0.9601 0.0016 0.0346 0.0032 0.0004 
          23 187 0.9956 0.0002 0.0033 0.0005 0.0004 
          24 187 0.8383 0.0338 0.1256 0.0017 0.0006 
          25 187 0.9920 0.0012 0.0008 0.0019 0.0042 
          26 187 0.9853 0.0003 0.0107 0.0027 0.0010 
          27 187 0.9549 0.0002 0.0435 0.0008 0.0004 
          28 187 0.9663 0.0240 0.0051 0.0034 0.0012 
          29 187 0.9836 0.0033 0.0116 0.0011 0.0005 
          30 187 0.9457 0.0021 0.0083 0.0428 0.0012 
          32 187 0.8952 0.0589 0.0451 0.0002 0.0004 
          33 187 0.9582 0.0066 0.0343 0.0006 0.0004 
          34 187 0.9913 0.0004 0.0059 0.0005 0.0018 
          35 187 0.9615 0.0014 0.0299 0.0055 0.0018 
          36 187 0.9954 0.0004 0.0022 0.0011 0.0010 
          37 187 0.9600 0.0018 0.0278 0.0096 0.0008 
          38 187 0.8055 0.0116 0.1003 0.0579 0.0248 
           1 188 0.9813 0.0036 0.0138 0.0008 0.0006 
           2 188 0.9861 0.0073 0.0045 0.0006 0.0015 
           3 188 0.8870 0.0049 0.1025 0.0010 0.0045 
           4 188 0.9334 0.0123 0.0464 0.0006 0.0073 
           5 188 0.9881 0.0019 0.0056 0.0028 0.0015 
           6 188 0.9265 0.0003 0.0721 0.0008 0.0003 
           7 188 0.9963 0.0003 0.0022 0.0004 0.0008 
           8 188 0.9598 0.0254 0.0137 0.0003 0.0007 
           9 188 0.9702 0.0004 0.0110 0.0006 0.0177 
          10 188 0.9624 0.0010 0.0348 0.0016 0.0003 
          11 188 0.9969 0.0005 0.0006 0.0003 0.0017 
          12 188 0.9468 0.0017 0.0010 0.0497 0.0008 
          13 188 0.8901 0.0172 0.0879 0.0043 0.0005 
          14 188 0.9102 0.0125 0.0730 0.0040 0.0003 
          15 188 0.9955 0.0004 0.0021 0.0004 0.0017 
          16 188 0.9295 0.0020 0.0672 0.0008 0.0006 
          17 188 0.9207 0.0009 0.0771 0.0008 0.0004 
          18 188 0.9223 0.0004 0.0301 0.0467 0.0005 
          19 188 0.9906 0.0006 0.0052 0.0028 0.0008 
          20 188 0.8587 0.0112 0.1236 0.0056 0.0009 
          21 188 0.9490 0.0004 0.0420 0.0061 0.0025 
          22 188 0.9806 0.0026 0.0008 0.0094 0.0066 
          23 188 0.9422 0.0018 0.0058 0.0500 0.0002 
          24 188 0.9581 0.0001 0.0056 0.0356 0.0005 
          25 188 0.9211 0.0004 0.0331 0.0433 0.0021 
          26 188 0.8594 0.0075 0.1312 0.0014 0.0005 
          27 188 0.9352 0.0512 0.0120 0.0012 0.0004 
          28 188 0.9460 0.0012 0.0518 0.0003 0.0006 
          29 188 0.8288 0.0007 0.1657 0.0033 0.0014 
          30 188 0.9063 0.0158 0.0765 0.0008 0.0006 
          31 188 0.9898 0.0016 0.0037 0.0040 0.0009 
          32 188 0.9898 0.0004 0.0088 0.0005 0.0005 
          33 188 0.9894 0.0003 0.0059 0.0042 0.0002 
          34 188 0.9866 0.0010 0.0072 0.0047 0.0005 
          35 188 0.9217 0.0017 0.0197 0.0516 0.0052 
          36 188 0.8182 0.0602 0.1181 0.0011 0.0024 
          37 188 0.9927 0.0008 0.0049 0.0005 0.0011 
          38 188 0.9121 0.0576 0.0285 0.0010 0.0007 
          39 188 0.9211 0.0028 0.0670 0.0012 0.0078 
          40 188 0.9945 0.0020 0.0024 0.0006 0.0005 
           7 189 0.9867 0.0023 0.0098 0.0005 0.0005 
           8 189 0.9836 0.0087 0.0066 0.0007 0.0004 
           9 189 0.9808 0.0021 0.0142 0.0020 0.0008 
          10 189 0.9455 0.0052 0.0485 0.0003 0.0004 
          11 189 0.9604 0.0017 0.0122 0.0063 0.0193 
          12 189 0.9387 0.0174 0.0416 0.0008 0.0015 
          13 189 0.9958 0.0004 0.0006 0.0022 0.0010 
          14 189 0.8947 0.0056 0.0947 0.0048 0.0002 
          16 189 0.8077 0.0114 0.1723 0.0035 0.0051 
          17 189 0.9930 0.0002 0.0045 0.0011 0.0012 
          18 189 0.9513 0.0102 0.0363 0.0017 0.0005 
          19 189 0.9758 0.0025 0.0103 0.0092 0.0022 
          20 189 0.8737 0.0114 0.1139 0.0007 0.0004 
          21 189 0.9893 0.0036 0.0057 0.0009 0.0005 
          23 189 0.9898 0.0004 0.0062 0.0024 0.0011 
          24 189 0.9498 0.0466 0.0017 0.0006 0.0013 
          25 189 0.9844 0.0016 0.0114 0.0019 0.0008 
          26 189 0.9799 0.0072 0.0084 0.0017 0.0029 
          27 189 0.9851 0.0010 0.0075 0.0029 0.0036 
          28 189 0.9598 0.0003 0.0384 0.0003 0.0013 
          29 189 0.9624 0.0107 0.0249 0.0011 0.0010 
          30 189 0.9749 0.0034 0.0057 0.0147 0.0014 
          31 189 0.9930 0.0007 0.0031 0.0028 0.0004 
          32 189 0.9220 0.0416 0.0347 0.0004 0.0014 
          33 189 0.9870 0.0009 0.0029 0.0068 0.0023 
          34 189 0.9902 0.0002 0.0059 0.0003 0.0033 
          35 189 0.9967 0.0006 0.0015 0.0006 0.0006 
          36 189 0.9586 0.0120 0.0278 0.0011 0.0004 
          37 189 0.9909 0.0005 0.0026 0.0043 0.0017 
          38 189 0.9696 0.0005 0.0227 0.0033 0.0040 
          39 189 0.9717 0.0241 0.0027 0.0009 0.0005 
          40 189 0.8351 0.0120 0.1506 0.0014 0.0009 
          41 189 0.9793 0.0046 0.0113 0.0046 0.0002 
          42 189 0.7358 0.0144 0.2286 0.0046 0.0167 
          43 189 0.9169 0.0004 0.0809 0.0006 0.0011 
           1 190 0.8634 0.0094 0.1248 0.0010 0.0015 
           3 190 0.9642 0.0004 0.0206 0.0136 0.0013 
           4 190 0.9744 0.0004 0.0231 0.0006 0.0016 
           5 190 0.9572 0.0018 0.0401 0.0005 0.0004 
           6 190 0.9950 0.0007 0.0026 0.0008 0.0009 
           7 190 0.9948 0.0011 0.0024 0.0015 0.0002 
           8 190 0.9529 0.0049 0.0066 0.0346 0.0010 
           9 190 0.4835 0.1318 0.2870 0.0847 0.0130 
          10 190 0.9941 0.0009 0.0036 0.0006 0.0008 
          11 190 0.9450 0.0127 0.0232 0.0004 0.0187 
          12 190 0.9720 0.0007 0.0246 0.0012 0.0015 
          13 190 0.9201 0.0005 0.0780 0.0004 0.0011 
          14 190 0.9936 0.0011 0.0012 0.0005 0.0036 
          15 190 0.8832 0.0015 0.0782 0.0023 0.0348 
          16 190 0.9913 0.0020 0.0059 0.0005 0.0003 
          17 190 0.9822 0.0035 0.0089 0.0008 0.0046 
          18 190 0.8996 0.0024 0.0941 0.0035 0.0004 
          19 190 0.9849 0.0007 0.0127 0.0011 0.0007 
          20 190 0.9786 0.0003 0.0109 0.0094 0.0007 
          22 190 0.8316 0.0480 0.1186 0.0013 0.0004 
          23 190 0.9895 0.0067 0.0021 0.0010 0.0007 
          24 190 0.8633 0.0024 0.1325 0.0011 0.0007 
          25 190 0.9900 0.0024 0.0063 0.0004 0.0009 
          26 190 0.9955 0.0003 0.0010 0.0013 0.0019 
          27 190 0.9054 0.0003 0.0799 0.0009 0.0135 
          28 190 0.9736 0.0015 0.0184 0.0006 0.0060 
          29 190 0.9080 0.0057 0.0856 0.0003 0.0003 
          31 190 0.8852 0.0298 0.0834 0.0004 0.0012 
           7 191 0.9937 0.0003 0.0053 0.0005 0.0003 
           8 191 0.9876 0.0038 0.0075 0.0007 0.0004 
           9 191 0.9972 0.0004 0.0015 0.0005 0.0004 
          10 191 0.9912 0.0005 0.0025 0.0054 0.0004 
          11 191 0.9892 0.0044 0.0054 0.0006 0.0004 
          12 191 0.8876 0.0006 0.0391 0.0006 0.0721 
          13 191 0.9284 0.0010 0.0691 0.0008 0.0007 
          14 191 0.9852 0.0029 0.0103 0.0004 0.0012 
          15 191 0.9034 0.0058 0.0879 0.0023 0.0006 
          16 191 0.9915 0.0011 0.0037 0.0031 0.0006 
          17 191 0.8668 0.0253 0.0654 0.0415 0.0010 
          18 191 0.9729 0.0037 0.0220 0.0007 0.0008 
          19 191 0.9771 0.0107 0.0053 0.0053 0.0016 
          20 191 0.9776 0.0035 0.0164 0.0023 0.0004 
          21 191 0.9131 0.0020 0.0523 0.0273 0.0052 
          22 191 0.9802 0.0015 0.0175 0.0004 0.0003 
          23 191 0.9817 0.0005 0.0161 0.0009 0.0008 
          24 191 0.9865 0.0007 0.0122 0.0003 0.0004 
          25 191 0.9488 0.0041 0.0460 0.0005 0.0006 
          26 191 0.8346 0.0163 0.1459 0.0027 0.0006 
          27 191 0.9523 0.0006 0.0458 0.0004 0.0009 
          28 191 0.9264 0.0030 0.0667 0.0035 0.0005 
          29 191 0.9531 0.0007 0.0262 0.0194 0.0006 
          30 191 0.9896 0.0003 0.0091 0.0003 0.0007 
          39 191 0.9721 0.0029 0.0094 0.0005 0.0152 
          40 191 0.9956 0.0012 0.0023 0.0003 0.0006 
          41 191 0.9178 0.0048 0.0731 0.0034 0.0009 
          42 191 0.9980 0.0003 0.0008 0.0003 0.0005 
          43 191 0.9274 0.0017 0.0692 0.0009 0.0008 
          44 191 0.9799 0.0066 0.0088 0.0046 0.0001 
          45 191 0.9763 0.0010 0.0151 0.0026 0.0049 
          46 191 0.8402 0.0108 0.1362 0.0126 0.0003 
          47 191 0.9902 0.0024 0.0043 0.0022 0.0009 
          48 191 0.9906 0.0011 0.0034 0.0012 0.0038 
          49 191 0.9760 0.0072 0.0014 0.0103 0.0050 
          50 191 0.9738 0.0011 0.0234 0.0009 0.0007 
           9 192 0.9962 0.0004 0.0027 0.0003 0.0004 
          10 192 0.9911 0.0020 0.0051 0.0002 0.0016 
          11 192 0.9011 0.0003 0.0922 0.0055 0.0009 
          12 192 0.9593 0.0014 0.0381 0.0005 0.0007 
          13 192 0.9021 0.0419 0.0544 0.0006 0.0011 
          14 192 0.9074 0.0006 0.0222 0.0695 0.0003 
          15 192 0.9925 0.0011 0.0019 0.0016 0.0029 
          16 192 0.9881 0.0085 0.0024 0.0006 0.0004 
          17 192 0.9641 0.0131 0.0125 0.0015 0.0089 
          18 192 0.9288 0.0007 0.0688 0.0010 0.0006 
          19 192 0.9903 0.0059 0.0013 0.0003 0.0022 
          20 192 0.9127 0.0009 0.0642 0.0008 0.0214 
          21 192 0.9856 0.0004 0.0042 0.0004 0.0093 
          22 192 0.9581 0.0118 0.0163 0.0121 0.0016 
          23 192 0.8269 0.0048 0.1649 0.0029 0.0005 
          24 192 0.9926 0.0028 0.0013 0.0005 0.0028 
          33 192 0.8478 0.0011 0.1400 0.0010 0.0102 
          35 192 0.9889 0.0008 0.0013 0.0018 0.0073 
          36 192 0.9925 0.0004 0.0057 0.0005 0.0008 
          37 192 0.9694 0.0006 0.0282 0.0010 0.0007 
          38 192 0.8957 0.0046 0.0988 0.0005 0.0005 
          39 192 0.9931 0.0012 0.0043 0.0006 0.0007 
          40 192 0.9147 0.0084 0.0763 0.0003 0.0002 
          41 192 0.9349 0.0135 0.0501 0.0013 0.0002 
          42 192 0.8961 0.0035 0.0957 0.0044 0.0003 
          43 192 0.9908 0.0013 0.0029 0.0025 0.0025 
          45 192 0.9951 0.0005 0.0006 0.0010 0.0028 
          46 192 0.9646 0.0038 0.0093 0.0011 0.0211 
          47 192 0.9848 0.0006 0.0136 0.0006 0.0004 
          48 192 0.9931 0.0006 0.0051 0.0009 0.0003 
          49 192 0.9437 0.0472 0.0043 0.0007 0.0040 
          50 192 0.9904 0.0004 0.0080 0.0005 0.0007 
