        001s  1 0.0003 0.0017 0.0012 0.9964 0.0004 
        002s  1 0.0022 0.0019 0.0005 0.9947 0.0008 
        003s  1 0.0007 0.0060 0.0161 0.9759 0.0013 
        004s  1 0.0341 0.0068 0.0002 0.9542 0.0046 
        005s  1 0.2109 0.2275 0.0003 0.5606 0.0008 
        006s  1 0.0009 0.0011 0.0005 0.9971 0.0003 
        007s  1 0.0004 0.0040 0.0008 0.9909 0.0038 
        008s  1 0.0011 0.0055 0.0009 0.9915 0.0009 
        009s  1 0.0029 0.0597 0.0016 0.9313 0.0044 
        010s  1 0.0007 0.0086 0.0009 0.9895 0.0003 
        011s  1 0.0020 0.0025 0.0047 0.9884 0.0025 
        012s  1 0.0058 0.1231 0.0073 0.8625 0.0013 
        013s  1 0.0293 0.0029 0.0012 0.9547 0.0119 
        014s  1 0.0016 0.0249 0.0190 0.9508 0.0037 
        015s  1 0.0003 0.0013 0.0007 0.9973 0.0004 
        016s  1 0.0004 0.0043 0.0012 0.9858 0.0083 
        018s  1 0.0021 0.1497 0.0005 0.8466 0.0012 
        019s  1 0.0004 0.0164 0.0047 0.9777 0.0008 
        020s  1 0.0003 0.0014 0.0081 0.9820 0.0082 
        021s  1 0.0070 0.0008 0.0009 0.9867 0.0045 
        022s  1 0.0003 0.0009 0.0006 0.9975 0.0007 
        023s  1 0.0004 0.0011 0.0009 0.9881 0.0095 
        024s  1 0.0009 0.0024 0.0006 0.9953 0.0009 
        025s  1 0.0012 0.0069 0.0004 0.9906 0.0008 
        026s  1 0.0008 0.0018 0.0045 0.9836 0.0094 
        027s  1 0.0072 0.0033 0.0005 0.9862 0.0028 
        028s  1 0.0543 0.0568 0.0017 0.8869 0.0004 
        029s  1 0.0004 0.0022 0.0056 0.9909 0.0009 
        030s  1 0.0038 0.0020 0.0087 0.9848 0.0007 
        031s  1 0.0002 0.0010 0.0003 0.9974 0.0010 
        032s  1 0.0007 0.0019 0.0012 0.9957 0.0005 
        033s  1 0.0007 0.0071 0.0012 0.9898 0.0012 
        034s  1 0.0012 0.0021 0.0043 0.9393 0.0530 
        035s  1 0.0014 0.0027 0.0022 0.9930 0.0007 
        036s  1 0.0008 0.0954 0.0004 0.9029 0.0005 
        037s  1 0.0170 0.1081 0.0009 0.8257 0.0483 
        038s  1 0.0007 0.0029 0.0005 0.9951 0.0007 
        039s  1 0.0228 0.0009 0.0007 0.9753 0.0003 
        040s  1 0.0035 0.0020 0.0006 0.9912 0.0028 
        041s  1 0.0004 0.0049 0.0007 0.9914 0.0026 
        042s  1 0.0003 0.0772 0.0007 0.8402 0.0817 
        043s  1 0.0011 0.0188 0.0012 0.9783 0.0006 
        044s  1 0.0099 0.0944 0.0027 0.8841 0.0089 
        045s  1 0.0010 0.0071 0.0010 0.9903 0.0007 
        046s  1 0.0004 0.0023 0.0020 0.9946 0.0007 
        047s  1 0.0003 0.0017 0.0014 0.9913 0.0053 
        048s  1 0.0002 0.0661 0.0003 0.9327 0.0006 
        049s  1 0.0008 0.0017 0.0004 0.9965 0.0006 
        050s  1 0.0028 0.1034 0.0003 0.8931 0.0004 
        051s  1 0.0004 0.0010 0.0279 0.9699 0.0007 
        052s  1 0.0050 0.0080 0.0198 0.9656 0.0016 
        053s  1 0.0003 0.0028 0.0004 0.9960 0.0005 
        054s  1 0.0039 0.0005 0.0022 0.9925 0.0010 
        055s  1 0.0008 0.0915 0.0013 0.8334 0.0731 
          01  2 0.0020 0.1233 0.0310 0.8422 0.0015 
          02  2 0.0020 0.0198 0.0015 0.9758 0.0009 
          03  2 0.0006 0.0025 0.0004 0.9955 0.0010 
          04  2 0.0218 0.0038 0.0007 0.9614 0.0123 
          05  2 0.0004 0.1297 0.0005 0.8691 0.0003 
          06  2 0.0017 0.0314 0.0006 0.9656 0.0007 
          07  2 0.0020 0.0088 0.0010 0.9876 0.0006 
          08  2 0.0002 0.0870 0.0006 0.9117 0.0005 
          09  2 0.0002 0.0013 0.0071 0.9910 0.0003 
          10  2 0.0005 0.0030 0.0005 0.9954 0.0006 
          11  2 0.0008 0.0096 0.0085 0.9788 0.0023 
          12  2 0.0008 0.0016 0.0016 0.9956 0.0004 
          13  2 0.0006 0.0012 0.0007 0.9971 0.0004 
          14  2 0.0063 0.0009 0.0024 0.9688 0.0215 
          15  2 0.0006 0.0013 0.0013 0.9956 0.0012 
          16  2 0.0579 0.0016 0.0054 0.9278 0.0073 
          17  2 0.0007 0.0040 0.0009 0.9933 0.0011 
          18  2 0.0036 0.0176 0.0015 0.9761 0.0012 
          19  2 0.0003 0.0024 0.0017 0.9917 0.0040 
          20  2 0.0062 0.0585 0.0022 0.9271 0.0061 
          21  2 0.0004 0.0023 0.0171 0.9796 0.0006 
          22  2 0.0041 0.0028 0.0057 0.9801 0.0073 
          23  2 0.0018 0.0024 0.0008 0.9927 0.0022 
          24  2 0.0005 0.0015 0.0010 0.9961 0.0009 
          25  2 0.0279 0.0056 0.0016 0.9642 0.0006 
          26  2 0.0004 0.0020 0.0009 0.9964 0.0002 
          27  2 0.0284 0.0019 0.0016 0.9646 0.0034 
          28  2 0.0002 0.0028 0.0012 0.9918 0.0040 
          29  2 0.0006 0.0021 0.0008 0.9962 0.0002 
          30  2 0.0004 0.1601 0.0056 0.7502 0.0837 
          01  3 0.2235 0.4276 0.0005 0.3417 0.0067 
          02  3 0.4664 0.3295 0.0731 0.1278 0.0032 
          03  3 0.3152 0.3178 0.0005 0.3656 0.0009 
          04  3 0.3560 0.4632 0.0005 0.1791 0.0012 
          05  3 0.4049 0.3596 0.1144 0.0009 0.1202 
          06  3 0.5030 0.4194 0.0002 0.0764 0.0010 
          07  3 0.2508 0.3788 0.0006 0.3695 0.0003 
          08  3 0.3250 0.3729 0.0028 0.2952 0.0041 
          09  3 0.2691 0.4296 0.0002 0.2973 0.0038 
          10  3 0.4190 0.1928 0.2161 0.0457 0.1264 
          11  3 0.3072 0.4142 0.0002 0.2782 0.0002 
          12  3 0.3159 0.4199 0.0003 0.2635 0.0003 
          13  3 0.5271 0.4537 0.0175 0.0014 0.0002 
          14  3 0.4624 0.3320 0.0459 0.0038 0.1559 
          15  3 0.2778 0.3801 0.0003 0.3413 0.0006 
          16  3 0.6085 0.3044 0.0020 0.0819 0.0033 
          17  3 0.1796 0.4222 0.0005 0.3967 0.0010 
          18  3 0.3405 0.2053 0.1667 0.0062 0.2812 
          19  3 0.4690 0.3662 0.0005 0.1599 0.0044 
          20  3 0.3133 0.4553 0.0002 0.1815 0.0496 
          21  3 0.3807 0.3683 0.0011 0.2464 0.0035 
          22  3 0.2311 0.4909 0.0004 0.2763 0.0013 
          23  3 0.3623 0.4095 0.0002 0.2274 0.0006 
          24  3 0.2871 0.4889 0.1673 0.0558 0.0009 
          25  3 0.3104 0.3092 0.2501 0.0004 0.1300 
          26  3 0.3426 0.4371 0.0004 0.2191 0.0007 
          27  3 0.3730 0.2537 0.1297 0.0701 0.1735 
          28  3 0.4694 0.4449 0.0015 0.0841 0.0002 
          29  3 0.4247 0.3914 0.0032 0.1765 0.0042 
          30  3 0.2519 0.4477 0.0006 0.2995 0.0002 
         001  4 0.0001 0.9997 0.0001 0.0001 0.0001 
         002  4 0.0002 0.9993 0.0002 0.0002 0.0001 
         003  4 0.0001 0.9996 0.0001 0.0001 0.0001 
         004  4 0.0001 0.9996 0.0001 0.0001 0.0001 
         005  4 0.0001 0.9994 0.0002 0.0001 0.0001 
         006  4 0.0693 0.9297 0.0002 0.0004 0.0003 
         007  4 0.0512 0.9465 0.0002 0.0014 0.0007 
         008  4 0.0002 0.9928 0.0024 0.0008 0.0038 
         009  4 0.0002 0.9995 0.0001 0.0001 0.0001 
         010  4 0.0015 0.9983 0.0001 0.0001 0.0001 
         011  4 0.0182 0.9495 0.0002 0.0010 0.0311 
         012  4 0.0000 0.9997 0.0001 0.0001 0.0001 
         013  4 0.0001 0.9998 0.0000 0.0001 0.0001 
         014  4 0.0001 0.9995 0.0001 0.0001 0.0001 
         015  4 0.0001 0.9998 0.0000 0.0001 0.0001 
         016  4 0.0001 0.9996 0.0001 0.0001 0.0001 
         017  4 0.0001 0.9996 0.0001 0.0001 0.0001 
         019  4 0.0812 0.9175 0.0004 0.0004 0.0006 
         020  4 0.0001 0.9995 0.0002 0.0001 0.0001 
         021  4 0.0045 0.9945 0.0004 0.0004 0.0003 
         001  5 0.0003 0.9648 0.0009 0.0005 0.0334 
         002  5 0.0004 0.9645 0.0016 0.0276 0.0059 
         003  5 0.0731 0.7580 0.0002 0.1645 0.0041 
         004  5 0.0005 0.9430 0.0002 0.0493 0.0070 
         005  5 0.0007 0.9983 0.0002 0.0003 0.0004 
         006  5 0.0984 0.9004 0.0005 0.0005 0.0001 
         007  5 0.0847 0.9147 0.0002 0.0002 0.0003 
         008  5 0.0025 0.9970 0.0002 0.0001 0.0001 
         009  5 0.0034 0.9331 0.0002 0.0624 0.0009 
         010  5 0.0662 0.9295 0.0005 0.0020 0.0018 
         011  5 0.0006 0.9951 0.0002 0.0012 0.0029 
         012  5 0.0765 0.8711 0.0005 0.0495 0.0024 
         013  5 0.0485 0.7555 0.0004 0.1949 0.0007 
         014  5 0.0939 0.7086 0.0148 0.1709 0.0118 
         015  5 0.0224 0.9771 0.0002 0.0002 0.0002 
         016  5 0.0547 0.9413 0.0007 0.0030 0.0003 
         017  5 0.0766 0.8822 0.0029 0.0380 0.0002 
         018  5 0.0329 0.8823 0.0226 0.0348 0.0275 
         019  5 0.0002 0.9944 0.0039 0.0004 0.0012 
         020  5 0.0001 0.9995 0.0001 0.0001 0.0001 
         021  5 0.0003 0.8638 0.0003 0.1327 0.0029 
         022  5 0.0041 0.9335 0.0027 0.0146 0.0452 
         023  5 0.0271 0.9687 0.0003 0.0013 0.0026 
         024  5 0.0664 0.9010 0.0003 0.0316 0.0007 
         025  5 0.0691 0.8961 0.0011 0.0333 0.0005 
         026  5 0.0075 0.8460 0.0006 0.1455 0.0004 
         027  5 0.0002 0.9995 0.0001 0.0002 0.0001 
         028  5 0.0504 0.9326 0.0012 0.0095 0.0063 
         029  5 0.0013 0.9979 0.0002 0.0004 0.0002 
         030  5 0.0007 0.9945 0.0029 0.0008 0.0011 
        001s  6 0.0278 0.0020 0.0007 0.9519 0.0175 
        002s  6 0.0005 0.0449 0.0196 0.9343 0.0008 
        003s  6 0.0004 0.0192 0.0004 0.9781 0.0019 
        004s  6 0.0003 0.0012 0.0004 0.9977 0.0005 
        006s  6 0.0162 0.0622 0.0011 0.9096 0.0109 
        007s  6 0.0020 0.0014 0.0006 0.9954 0.0005 
        008s  6 0.0005 0.0040 0.0034 0.9863 0.0058 
        009s  6 0.0006 0.0009 0.0009 0.9969 0.0006 
        010s  6 0.0073 0.0110 0.0107 0.9582 0.0129 
        011s  6 0.0035 0.0011 0.0002 0.9941 0.0010 
        012s  6 0.0045 0.0011 0.0021 0.9905 0.0018 
        013s  6 0.0007 0.0027 0.0006 0.9956 0.0004 
        014s  6 0.0003 0.0855 0.0002 0.9137 0.0003 
        015s  6 0.0063 0.0109 0.0010 0.9750 0.0069 
        016s  6 0.0009 0.0013 0.0005 0.9964 0.0009 
        018s  6 0.0013 0.2684 0.0008 0.7269 0.0025 
        019s  6 0.0017 0.0093 0.0006 0.9863 0.0021 
        020s  6 0.0007 0.0009 0.0011 0.9967 0.0006 
        021s  6 0.0145 0.0026 0.0017 0.9779 0.0034 
        022s  6 0.0002 0.0026 0.0005 0.9930 0.0037 
        023s  6 0.0005 0.0299 0.0002 0.9688 0.0007 
        024s  6 0.0023 0.0309 0.0026 0.9634 0.0008 
        025s  6 0.0008 0.0031 0.0006 0.9246 0.0709 
        026s  6 0.0006 0.0013 0.0017 0.9961 0.0004 
        027s  6 0.0004 0.0021 0.0013 0.9958 0.0005 
        028s  6 0.0105 0.0139 0.0470 0.9206 0.0080 
        029s  6 0.0003 0.0012 0.0018 0.9952 0.0015 
        030s  6 0.0006 0.0738 0.0024 0.9152 0.0080 
        031s  6 0.0037 0.0033 0.0004 0.9923 0.0003 
        032s  6 0.0021 0.0062 0.0005 0.9905 0.0007 
        033s  6 0.0002 0.0937 0.0005 0.9051 0.0006 
        034s  6 0.0018 0.0026 0.0005 0.9832 0.0119 
        035s  6 0.0004 0.1496 0.0011 0.8477 0.0012 
        036s  6 0.0056 0.0015 0.0002 0.9915 0.0011 
        037s  6 0.0008 0.0020 0.0018 0.9938 0.0017 
        038s  6 0.0015 0.0009 0.0012 0.9958 0.0006 
        039s  6 0.0003 0.0008 0.0005 0.9975 0.0009 
        040s  6 0.0030 0.0008 0.0004 0.9955 0.0003 
        041s  6 0.0002 0.0505 0.0036 0.9424 0.0033 
        042s  6 0.0007 0.0105 0.0044 0.9301 0.0544 
        043s  6 0.0008 0.0019 0.0002 0.9896 0.0074 
        044s  6 0.0004 0.0020 0.0029 0.9940 0.0006 
        045s  6 0.0005 0.0055 0.0007 0.9911 0.0022 
        001s  7 0.0004 0.0029 0.0004 0.9954 0.0009 
        002s  7 0.0009 0.0219 0.0009 0.9746 0.0018 
        003s  7 0.0017 0.0031 0.0009 0.9931 0.0011 
        004s  7 0.0028 0.0023 0.0013 0.9930 0.0006 
        005s  7 0.0025 0.0122 0.0007 0.9826 0.0021 
        006s  7 0.0010 0.0623 0.0004 0.9330 0.0034 
        007s  7 0.0048 0.0071 0.0170 0.9694 0.0017 
        008s  7 0.0004 0.0243 0.0026 0.9714 0.0014 
        009s  7 0.0018 0.0040 0.0007 0.9849 0.0085 
        010s  7 0.0002 0.0030 0.0007 0.9946 0.0015 
        011s  7 0.0006 0.0013 0.0009 0.9963 0.0009 
        012s  7 0.0006 0.0016 0.0004 0.9968 0.0006 
        013s  7 0.0063 0.0009 0.0008 0.9863 0.0057 
        014s  7 0.0007 0.0404 0.0006 0.9580 0.0003 
        015s  7 0.0016 0.0120 0.0014 0.9838 0.0013 
        016s  7 0.0001 0.1194 0.0003 0.8780 0.0022 
        017s  7 0.0008 0.0023 0.0003 0.9962 0.0004 
        018s  7 0.0005 0.0040 0.0035 0.9914 0.0006 
        019s  7 0.0014 0.0026 0.0026 0.9802 0.0132 
        020s  7 0.0012 0.0013 0.0003 0.9968 0.0004 
        021s  7 0.0004 0.0036 0.0014 0.9939 0.0008 
        022s  7 0.0028 0.0033 0.0003 0.9925 0.0010 
        023s  7 0.0010 0.0088 0.0014 0.9737 0.0150 
        024s  7 0.0005 0.0023 0.0014 0.9949 0.0008 
        025s  7 0.0059 0.0018 0.0012 0.9900 0.0012 
        026s  7 0.0002 0.0035 0.0013 0.9942 0.0008 
        027s  7 0.0008 0.0028 0.0016 0.9944 0.0004 
        028s  7 0.0012 0.0079 0.0002 0.9902 0.0004 
        029s  7 0.0008 0.0107 0.0006 0.9851 0.0028 
        030s  7 0.0007 0.0010 0.0040 0.9902 0.0041 
        031s  7 0.0010 0.0034 0.0006 0.9816 0.0134 
        032s  7 0.0004 0.1013 0.0052 0.8928 0.0003 
        033s  7 0.0008 0.0431 0.0039 0.9503 0.0020 
        034s  7 0.0440 0.0020 0.0017 0.9518 0.0005 
        035s  7 0.0003 0.0012 0.0005 0.9972 0.0008 
        036s  7 0.0036 0.0015 0.0006 0.9857 0.0086 
        037s  7 0.0052 0.0638 0.0006 0.9270 0.0034 
        038s  7 0.0007 0.0127 0.0008 0.9843 0.0014 
        039s  7 0.0002 0.0010 0.0003 0.9981 0.0003 
        040s  7 0.0263 0.0208 0.0004 0.9520 0.0005 
        041s  7 0.0005 0.0303 0.0029 0.9650 0.0012 
        042s  7 0.0006 0.0080 0.0003 0.9907 0.0004 
        043s  7 0.0002 0.0022 0.0005 0.9944 0.0027 
        044s  7 0.0169 0.0536 0.0015 0.9017 0.0263 
         003  8 0.0013 0.0059 0.0139 0.9780 0.0010 
         009  8 0.0005 0.0021 0.0005 0.9957 0.0012 
         010  8 0.0002 0.0012 0.0004 0.9964 0.0018 
         017  8 0.0006 0.0017 0.0017 0.9920 0.0041 
         002  9 0.0007 0.0010 0.0007 0.9963 0.0014 
         003  9 0.0004 0.0004 0.0004 0.9985 0.0004 
         004  9 0.0002 0.0013 0.0004 0.9971 0.0010 
         005  9 0.0011 0.0009 0.0012 0.9913 0.0054 
         006  9 0.0007 0.0020 0.0005 0.9949 0.0019 
         007  9 0.0003 0.0050 0.0010 0.9929 0.0009 
         009  9 0.0002 0.0026 0.0014 0.9937 0.0021 
         010  9 0.0003 0.0008 0.0020 0.9955 0.0014 
         013  9 0.0008 0.0019 0.0002 0.9955 0.0015 
         014  9 0.0002 0.0013 0.0058 0.9911 0.0015 
         016  9 0.0002 0.0006 0.0014 0.9971 0.0007 
         018  9 0.0009 0.0019 0.0056 0.9904 0.0013 
         019  9 0.0007 0.0017 0.0053 0.9919 0.0004 
         020  9 0.0003 0.0012 0.0004 0.9979 0.0002 
         021  9 0.0003 0.0014 0.0003 0.9975 0.0006 
         022  9 0.0004 0.0009 0.0013 0.9967 0.0007 
         024  9 0.0004 0.0011 0.0024 0.9930 0.0032 
         028  9 0.0007 0.0014 0.0007 0.9959 0.0012 
         029  9 0.0003 0.0008 0.0011 0.9973 0.0005 
         030  9 0.0004 0.0010 0.0007 0.9969 0.0010 
         031  9 0.0003 0.0029 0.0011 0.9954 0.0003 
         033  9 0.0004 0.0066 0.0006 0.9914 0.0010 
         001 10 0.0004 0.0012 0.0011 0.9970 0.0003 
         002 10 0.0002 0.0010 0.0015 0.9968 0.0005 
         003 10 0.0009 0.0009 0.0006 0.9829 0.0148 
         004 10 0.0003 0.0007 0.0005 0.9956 0.0029 
         005 10 0.0003 0.0010 0.0014 0.9964 0.0009 
         006 10 0.0003 0.0024 0.0004 0.9961 0.0008 
         007 10 0.0003 0.0013 0.0003 0.9957 0.0024 
         008 10 0.0006 0.0016 0.0009 0.9927 0.0043 
         009 10 0.0012 0.0014 0.0053 0.9916 0.0004 
         010 10 0.0004 0.0018 0.0029 0.9941 0.0007 
         011 10 0.0009 0.0013 0.0004 0.9613 0.0361 
         012 10 0.0013 0.0012 0.0005 0.9944 0.0027 
         013 10 0.0020 0.0008 0.0007 0.9960 0.0005 
         014 10 0.0007 0.0016 0.0010 0.9959 0.0009 
         016 10 0.0010 0.0013 0.0016 0.9954 0.0007 
         017 10 0.0009 0.0015 0.0009 0.9961 0.0007 
         018 10 0.0005 0.0082 0.0021 0.9885 0.0007 
         019 10 0.0004 0.0011 0.0045 0.9931 0.0009 
         020 10 0.0008 0.0026 0.0051 0.9897 0.0017 
         021 10 0.0003 0.0018 0.0026 0.9949 0.0004 
         022 10 0.0006 0.0009 0.0003 0.9972 0.0011 
         023 10 0.0009 0.0007 0.0004 0.9969 0.0010 
         024 10 0.0002 0.0010 0.0012 0.9957 0.0019 
         026 10 0.0004 0.0012 0.0007 0.9970 0.0007 
        001s 11 0.0005 0.0913 0.0009 0.8968 0.0105 
        002s 11 0.0061 0.0016 0.0039 0.9869 0.0015 
        003s 11 0.0006 0.0083 0.0014 0.9894 0.0004 
        004s 11 0.0016 0.0010 0.0003 0.9955 0.0016 
        005s 11 0.0004 0.0027 0.0046 0.9917 0.0005 
        006s 11 0.0114 0.0019 0.0015 0.9835 0.0017 
        007s 11 0.0383 0.0120 0.0015 0.9475 0.0007 
        008s 11 0.0003 0.0012 0.0006 0.9974 0.0005 
        009s 11 0.0002 0.0010 0.0156 0.9827 0.0004 
        010s 11 0.0004 0.0025 0.0006 0.9957 0.0008 
        011s 11 0.0042 0.1100 0.0003 0.8750 0.0105 
        012s 11 0.0003 0.1122 0.0007 0.8865 0.0003 
        013s 11 0.0005 0.0023 0.0003 0.9959 0.0010 
        014s 11 0.0059 0.0063 0.0011 0.9858 0.0009 
        015s 11 0.0022 0.0035 0.0018 0.9882 0.0043 
        016s 11 0.0003 0.0455 0.0042 0.8924 0.0576 
        017s 11 0.0004 0.0952 0.0009 0.9022 0.0013 
        018s 11 0.0009 0.0073 0.0009 0.9901 0.0007 
        019s 11 0.0007 0.0016 0.0002 0.9756 0.0219 
        020s 11 0.0011 0.0029 0.0018 0.9929 0.0014 
        021s 11 0.0005 0.0015 0.0005 0.9964 0.0012 
        022s 11 0.0318 0.0029 0.0011 0.9639 0.0003 
        023s 11 0.0003 0.0553 0.0003 0.9341 0.0100 
        025s 11 0.0004 0.0011 0.0002 0.9975 0.0008 
        026s 11 0.0005 0.0309 0.0006 0.9169 0.0511 
        027s 11 0.0018 0.0019 0.0005 0.9952 0.0006 
        028s 11 0.0010 0.0079 0.0003 0.9900 0.0009 
        029s 11 0.0003 0.0561 0.0008 0.9425 0.0003 
        030s 11 0.0008 0.0491 0.0008 0.9483 0.0010 
        031s 11 0.0007 0.0010 0.0005 0.9975 0.0003 
        032s 11 0.0003 0.0024 0.0007 0.9941 0.0025 
        033s 11 0.0006 0.0063 0.0014 0.9909 0.0008 
        034s 11 0.0019 0.0023 0.0003 0.9951 0.0004 
        035s 11 0.0012 0.0038 0.0014 0.9932 0.0004 
        036s 11 0.0020 0.0184 0.0012 0.9780 0.0004 
        037s 11 0.0003 0.0038 0.0009 0.9934 0.0016 
        038s 11 0.0006 0.0038 0.0006 0.9945 0.0006 
        039s 11 0.0003 0.0030 0.0006 0.9953 0.0009 
        040s 11 0.0033 0.0712 0.0008 0.9238 0.0009 
        041s 11 0.0015 0.0018 0.0210 0.9719 0.0038 
        042s 11 0.0008 0.0021 0.0007 0.9869 0.0095 
        043s 11 0.0006 0.0325 0.0005 0.9404 0.0259 
        044s 11 0.0050 0.0011 0.0007 0.9887 0.0045 
        045s 11 0.0023 0.0013 0.0004 0.9857 0.0104 
        046s 11 0.0013 0.0258 0.0007 0.9386 0.0336 
        047s 11 0.0014 0.0016 0.0004 0.9952 0.0013 
        048s 11 0.0022 0.0050 0.0021 0.9559 0.0347 
        049s 11 0.0004 0.0026 0.0011 0.9947 0.0013 
        050s 11 0.0015 0.0012 0.0002 0.9961 0.0010 
        051s 11 0.0184 0.0009 0.0004 0.9326 0.0477 
        052s 11 0.0026 0.0039 0.0013 0.9907 0.0015 
        053s 11 0.0003 0.0010 0.0014 0.9965 0.0007 
        054s 11 0.0066 0.0019 0.0003 0.9905 0.0006 
        055s 11 0.0008 0.0702 0.0002 0.9285 0.0003 
        001s 12 0.0042 0.0028 0.0008 0.9912 0.0009 
        002s 12 0.0005 0.0019 0.0023 0.9944 0.0008 
        003s 12 0.0007 0.0012 0.0005 0.9973 0.0003 
        004s 12 0.0004 0.0550 0.0033 0.9341 0.0072 
        005s 12 0.0006 0.0011 0.0010 0.9963 0.0009 
        006s 12 0.0028 0.0309 0.0008 0.9640 0.0014 
        007s 12 0.0012 0.0025 0.0037 0.9912 0.0015 
        008s 12 0.0009 0.0116 0.0006 0.9861 0.0007 
        009s 12 0.0014 0.0203 0.0174 0.9550 0.0058 
        010s 12 0.0326 0.0083 0.0015 0.9570 0.0007 
        011s 12 0.0020 0.0027 0.0009 0.9937 0.0007 
        012s 12 0.0070 0.0021 0.0005 0.9871 0.0032 
        013s 12 0.0004 0.0019 0.0007 0.9599 0.0372 
        014s 12 0.0388 0.0034 0.0033 0.9175 0.0369 
        015s 12 0.0006 0.0064 0.0015 0.9905 0.0010 
        016s 12 0.0005 0.0015 0.0004 0.9929 0.0047 
        017s 12 0.0008 0.0043 0.0003 0.9934 0.0012 
        018s 12 0.0002 0.0033 0.0028 0.9917 0.0019 
        019s 12 0.0004 0.0053 0.0022 0.9917 0.0004 
        020s 12 0.0004 0.0854 0.0003 0.9132 0.0007 
        021s 12 0.0006 0.0045 0.0004 0.9927 0.0018 
        022s 12 0.0011 0.0467 0.0035 0.9454 0.0033 
        023s 12 0.0003 0.0014 0.0008 0.9963 0.0012 
        024s 12 0.0003 0.0019 0.0003 0.9972 0.0004 
        025s 12 0.0033 0.0037 0.0049 0.9869 0.0012 
        026s 12 0.0005 0.0309 0.0149 0.9530 0.0008 
        027s 12 0.0007 0.0040 0.0003 0.9945 0.0006 
        028s 12 0.0003 0.0034 0.0120 0.9814 0.0029 
        029s 12 0.0005 0.0015 0.0003 0.9968 0.0009 
        030s 12 0.0009 0.0020 0.0004 0.9964 0.0004 
        031s 12 0.0011 0.0051 0.0008 0.9906 0.0024 
        032s 12 0.0004 0.0013 0.0069 0.9906 0.0008 
        033s 12 0.0066 0.0021 0.0006 0.9902 0.0004 
        034s 12 0.0003 0.0010 0.0005 0.9978 0.0004 
        035s 12 0.0007 0.0129 0.0004 0.9855 0.0004 
        036s 12 0.0080 0.0040 0.0026 0.9847 0.0007 
        037s 12 0.0004 0.0021 0.0012 0.9954 0.0010 
        001s 13 0.0006 0.0124 0.0008 0.9843 0.0020 
        002s 13 0.0004 0.0921 0.0004 0.9063 0.0009 
        003s 13 0.0003 0.0017 0.0006 0.9962 0.0011 
        004s 13 0.0003 0.0018 0.0101 0.9844 0.0033 
        005s 13 0.0052 0.0043 0.0030 0.9855 0.0021 
        006s 13 0.0015 0.0019 0.0010 0.9950 0.0006 
        007s 13 0.0327 0.0020 0.0004 0.9638 0.0010 
        008s 13 0.0009 0.0586 0.0011 0.9389 0.0005 
        009s 13 0.0023 0.1314 0.0102 0.8551 0.0010 
        010s 13 0.0006 0.0703 0.0009 0.9275 0.0008 
        011s 13 0.0252 0.0075 0.0066 0.9577 0.0031 
        012s 13 0.0017 0.0553 0.0019 0.9235 0.0177 
        013s 13 0.0118 0.0257 0.0007 0.9565 0.0054 
        014s 13 0.0366 0.0016 0.0009 0.9588 0.0021 
        015s 13 0.0006 0.0055 0.0099 0.9766 0.0074 
        016s 13 0.0003 0.0009 0.0005 0.9975 0.0007 
        017s 13 0.0117 0.0157 0.0036 0.9686 0.0005 
        018s 13 0.0003 0.0013 0.0007 0.9970 0.0007 
        019s 13 0.0015 0.0013 0.0004 0.9960 0.0009 
        020s 13 0.0032 0.0035 0.0018 0.9911 0.0004 
        021s 13 0.0004 0.0017 0.0005 0.9960 0.0014 
        022s 13 0.0006 0.0030 0.0004 0.9950 0.0009 
        023s 13 0.0003 0.0027 0.0005 0.9963 0.0002 
        024s 13 0.0038 0.0217 0.0009 0.9348 0.0389 
        025s 13 0.0006 0.0020 0.0010 0.9945 0.0019 
        026s 13 0.0083 0.0912 0.0005 0.8952 0.0048 
        027s 13 0.0016 0.0463 0.0049 0.9463 0.0009 
        028s 13 0.0095 0.0134 0.0087 0.9660 0.0025 
        029s 13 0.0007 0.0267 0.0005 0.9714 0.0007 
        030s 13 0.0003 0.0749 0.0005 0.9010 0.0234 
        031s 13 0.0020 0.0054 0.0019 0.8891 0.1016 
        032s 13 0.0022 0.0015 0.0006 0.9953 0.0003 
        033s 13 0.0331 0.0054 0.0008 0.9601 0.0007 
        034s 13 0.0028 0.0521 0.0017 0.9426 0.0007 
        035s 13 0.0006 0.0016 0.0017 0.9921 0.0039 
        036s 13 0.0004 0.0032 0.0005 0.9954 0.0005 
        037s 13 0.0006 0.0011 0.0007 0.9960 0.0016 
        038s 13 0.0015 0.0021 0.0012 0.9944 0.0008 
        039s 13 0.0012 0.1023 0.0005 0.8215 0.0745 
        040s 13 0.0007 0.0025 0.0004 0.9951 0.0013 
        041s 13 0.0060 0.0573 0.0005 0.9347 0.0014 
        042s 13 0.0008 0.0014 0.0006 0.9962 0.0009 
        001s 14 0.0006 0.0283 0.0016 0.9689 0.0006 
        002s 14 0.0018 0.0651 0.0033 0.9289 0.0010 
        003s 14 0.0007 0.0015 0.0004 0.9967 0.0007 
        004s 14 0.0059 0.0102 0.0007 0.9794 0.0038 
        005s 14 0.0002 0.0012 0.0007 0.9973 0.0006 
        006s 14 0.0004 0.0012 0.0003 0.9977 0.0004 
        007s 14 0.0007 0.0016 0.0004 0.9958 0.0015 
        008s 14 0.0027 0.1003 0.0169 0.8788 0.0013 
        009s 14 0.0007 0.0033 0.0054 0.9895 0.0011 
        010s 14 0.0005 0.0557 0.0185 0.9244 0.0009 
        011s 14 0.0334 0.0065 0.0007 0.9586 0.0008 
        012s 14 0.0021 0.0016 0.0020 0.9932 0.0011 
        013s 14 0.0033 0.0022 0.0005 0.9882 0.0058 
        014s 14 0.0006 0.0409 0.0091 0.9488 0.0006 
        015s 14 0.0007 0.0017 0.0080 0.9870 0.0025 
        016s 14 0.0003 0.0027 0.0006 0.9855 0.0109 
        017s 14 0.0131 0.0581 0.0006 0.9277 0.0005 
        018s 14 0.0005 0.0017 0.0011 0.9956 0.0011 
        019s 14 0.0021 0.0026 0.0004 0.9942 0.0007 
        020s 14 0.0002 0.0020 0.0079 0.9889 0.0010 
        021s 14 0.0002 0.0074 0.0088 0.9832 0.0004 
        022s 14 0.0025 0.0067 0.0018 0.9879 0.0011 
        023s 14 0.0007 0.0052 0.0019 0.9889 0.0032 
        024s 14 0.0014 0.0606 0.0030 0.9338 0.0012 
        025s 14 0.0002 0.0617 0.0003 0.9373 0.0005 
        026s 14 0.0003 0.0014 0.0021 0.9952 0.0010 
        027s 14 0.0006 0.0036 0.0006 0.9918 0.0035 
        028s 14 0.0015 0.0015 0.0020 0.9943 0.0006 
        029s 14 0.0002 0.0009 0.0005 0.9976 0.0008 
        030s 14 0.0092 0.0018 0.0005 0.9880 0.0005 
        031s 14 0.0159 0.0014 0.0005 0.9813 0.0009 
        032s 14 0.0007 0.0020 0.0003 0.9946 0.0023 
        033s 14 0.0523 0.0015 0.0011 0.9446 0.0005 
        034s 14 0.0003 0.0007 0.0006 0.9978 0.0005 
        035s 14 0.0820 0.0791 0.0002 0.8383 0.0004 
        036s 14 0.0362 0.0767 0.0016 0.8804 0.0051 
        037s 14 0.0003 0.0020 0.0009 0.9935 0.0034 
        038s 14 0.0006 0.0017 0.0007 0.9968 0.0003 
        039s 14 0.0018 0.0034 0.0035 0.9870 0.0043 
        040s 14 0.0007 0.0119 0.0004 0.9858 0.0012 
        041s 14 0.0012 0.0021 0.0005 0.9954 0.0008 
        042s 14 0.0006 0.0769 0.0008 0.9207 0.0011 
        001s 15 0.0003 0.0024 0.0007 0.9953 0.0012 
        002s 15 0.0014 0.0960 0.0063 0.8831 0.0133 
        003s 15 0.0007 0.0140 0.0013 0.9774 0.0066 
        004s 15 0.0005 0.0017 0.0088 0.9887 0.0004 
        005s 15 0.0020 0.0157 0.0010 0.9761 0.0052 
        006s 15 0.0010 0.0152 0.0007 0.9823 0.0008 
        007s 15 0.0005 0.0011 0.0011 0.9966 0.0007 
        008s 15 0.0006 0.0013 0.0006 0.9970 0.0005 
        009s 15 0.0022 0.0340 0.0005 0.9267 0.0366 
        010s 15 0.0005 0.0018 0.0003 0.9963 0.0011 
        011s 15 0.0630 0.0014 0.0004 0.9338 0.0014 
        012s 15 0.0017 0.0042 0.0011 0.9914 0.0017 
        013s 15 0.0004 0.0026 0.0029 0.9931 0.0010 
        014s 15 0.0007 0.0034 0.0050 0.9859 0.0049 
        015s 15 0.0048 0.0784 0.0008 0.9101 0.0059 
        016s 15 0.0651 0.0063 0.0269 0.9012 0.0005 
        017s 15 0.0006 0.0024 0.0179 0.9766 0.0024 
        018s 15 0.0002 0.0049 0.0012 0.9934 0.0004 
        019s 15 0.0004 0.0104 0.0005 0.9852 0.0035 
        020s 15 0.0004 0.0017 0.0004 0.9969 0.0004 
        021s 15 0.0010 0.0797 0.0021 0.9130 0.0041 
        022s 15 0.0022 0.0018 0.0008 0.9947 0.0005 
        023s 15 0.0024 0.0258 0.0004 0.9707 0.0007 
        024s 15 0.0014 0.0031 0.0004 0.9941 0.0011 
        025s 15 0.0012 0.0064 0.0012 0.9604 0.0307 
        026s 15 0.0009 0.0023 0.0034 0.9692 0.0242 
        027s 15 0.0081 0.0047 0.0126 0.9741 0.0005 
        028s 15 0.0011 0.0012 0.0022 0.9939 0.0016 
        029s 15 0.0010 0.0015 0.0016 0.9950 0.0009 
        030s 15 0.0004 0.0011 0.0013 0.9965 0.0007 
        031s 15 0.0007 0.0705 0.0012 0.9193 0.0084 
        032s 15 0.0002 0.0014 0.0008 0.9957 0.0019 
        033s 15 0.0007 0.0620 0.0006 0.9363 0.0003 
        035s 15 0.0021 0.0031 0.0023 0.9919 0.0006 
        036s 15 0.0008 0.0018 0.0003 0.9929 0.0042 
        037s 15 0.0083 0.0018 0.0006 0.9879 0.0014 
        038s 15 0.0008 0.0045 0.0007 0.9936 0.0003 
        039s 15 0.0003 0.0793 0.0007 0.9194 0.0003 
        040s 15 0.0018 0.0049 0.0024 0.9901 0.0008 
        041s 15 0.0060 0.0695 0.0007 0.9218 0.0020 
        042s 15 0.0004 0.0060 0.0027 0.9901 0.0008 
        043s 15 0.0010 0.0131 0.0003 0.9840 0.0017 
        044s 15 0.0006 0.0061 0.0010 0.9915 0.0007 
        045s 15 0.0358 0.0037 0.0015 0.8813 0.0777 
        046s 15 0.0060 0.0183 0.0004 0.9742 0.0011 
        047s 15 0.0020 0.0280 0.0003 0.9692 0.0004 
        048s 15 0.0005 0.0013 0.0009 0.9811 0.0162 
        049s 15 0.0015 0.0127 0.0005 0.9848 0.0005 
        050s 15 0.0004 0.1355 0.0067 0.8558 0.0016 
         001 16 0.0137 0.1716 0.0029 0.8115 0.0003 
         002 16 0.0011 0.0496 0.0002 0.9484 0.0007 
         003 16 0.0054 0.0051 0.0035 0.9850 0.0010 
         004 16 0.0010 0.0021 0.0005 0.9948 0.0015 
         005 16 0.0053 0.0523 0.0016 0.9165 0.0243 
         006 16 0.0017 0.0149 0.0011 0.9693 0.0131 
         007 16 0.0007 0.0063 0.0008 0.9907 0.0015 
         008 16 0.0044 0.1451 0.0009 0.8489 0.0007 
         009 16 0.0004 0.0038 0.0009 0.9945 0.0004 
         010 16 0.0005 0.0319 0.0005 0.9667 0.0005 
         011 16 0.0011 0.0074 0.0005 0.9897 0.0014 
         012 16 0.0020 0.0016 0.0010 0.9943 0.0011 
         013 16 0.0011 0.0014 0.0004 0.9967 0.0004 
         014 16 0.0011 0.0407 0.0014 0.9566 0.0003 
         015 16 0.0028 0.0004 0.0024 0.6259 0.3684 
         016 16 0.0003 0.0025 0.0045 0.9801 0.0126 
         017 16 0.0056 0.0078 0.0007 0.9851 0.0008 
         018 16 0.0036 0.0395 0.0091 0.9127 0.0351 
         019 16 0.0053 0.0643 0.0008 0.9291 0.0004 
         020 16 0.0007 0.0006 0.0008 0.9972 0.0008 
         021 16 0.0358 0.0955 0.0025 0.8654 0.0009 
         022 16 0.0003 0.0359 0.0008 0.9617 0.0013 
         023 16 0.0006 0.0320 0.0006 0.9574 0.0093 
         024 16 0.0004 0.0066 0.0011 0.9631 0.0287 
         025 16 0.0168 0.0479 0.0008 0.9315 0.0030 
         026 16 0.0009 0.1089 0.0003 0.8870 0.0028 
         027 16 0.0003 0.0139 0.0100 0.9743 0.0015 
         028 16 0.0246 0.1463 0.0193 0.8095 0.0002 
         029 16 0.0364 0.0037 0.0008 0.9583 0.0009 
         030 16 0.0047 0.0017 0.0005 0.9927 0.0005 
         031 16 0.0006 0.0024 0.0137 0.9827 0.0006 
         032 16 0.0006 0.0905 0.0006 0.9015 0.0067 
         033 16 0.0010 0.0015 0.0003 0.9970 0.0002 
         034 16 0.0022 0.0049 0.0003 0.9914 0.0012 
         035 16 0.0010 0.0006 0.0004 0.9977 0.0003 
         036 16 0.0004 0.0016 0.0017 0.9946 0.0017 
         037 16 0.0160 0.0251 0.0008 0.9548 0.0033 
         038 16 0.0006 0.0041 0.0012 0.9876 0.0065 
         039 16 0.0004 0.0031 0.0009 0.9949 0.0007 
         040 16 0.0018 0.0020 0.0005 0.9938 0.0019 
         041 16 0.0007 0.0021 0.0003 0.9954 0.0014 
         042 16 0.0007 0.0028 0.0018 0.9940 0.0008 
         043 16 0.0005 0.0024 0.0008 0.9954 0.0009 
         044 16 0.0008 0.0071 0.0018 0.9893 0.0010 
         045 16 0.0072 0.0033 0.0023 0.9868 0.0003 
         047 16 0.0345 0.0037 0.0064 0.9546 0.0007 
         048 16 0.0044 0.0028 0.0007 0.9916 0.0006 
         049 16 0.0023 0.0013 0.0007 0.9923 0.0034 
         050 16 0.0007 0.0014 0.0004 0.9972 0.0003 
         051 16 0.0015 0.0019 0.0018 0.9942 0.0006 
         052 16 0.0004 0.0007 0.0003 0.9980 0.0006 
         053 16 0.0007 0.0009 0.0007 0.9971 0.0005 
         054 16 0.0005 0.0696 0.0014 0.9280 0.0004 
         055 16 0.0558 0.0080 0.0005 0.9352 0.0005 
         056 16 0.0004 0.0030 0.0006 0.9887 0.0073 
         057 16 0.0004 0.0939 0.0005 0.9050 0.0002 
         058 16 0.0075 0.0946 0.0001 0.8822 0.0156 
         059 16 0.0097 0.0879 0.0037 0.8113 0.0875 
         060 16 0.0006 0.0041 0.0011 0.9844 0.0098 
         061 16 0.0007 0.0026 0.0006 0.9947 0.0014 
         062 16 0.0076 0.0015 0.0013 0.9892 0.0004 
         063 16 0.0006 0.0050 0.0005 0.9932 0.0008 
         064 16 0.0006 0.0012 0.0004 0.9961 0.0017 
         065 16 0.0018 0.0026 0.0014 0.9918 0.0024 
         066 16 0.0004 0.0013 0.0009 0.9969 0.0005 
         067 16 0.0050 0.0019 0.0007 0.9155 0.0770 
         068 16 0.0011 0.0056 0.0008 0.9637 0.0288 
         069 16 0.0007 0.0017 0.0044 0.9928 0.0005 
         070 16 0.0010 0.0062 0.0019 0.9905 0.0005 
         071 16 0.0126 0.0780 0.0005 0.9086 0.0002 
         072 16 0.0011 0.0065 0.0009 0.9904 0.0012 
         073 16 0.0024 0.0024 0.0005 0.9943 0.0004 
         074 16 0.0008 0.0008 0.0005 0.9977 0.0003 
         075 16 0.0040 0.0214 0.0005 0.9733 0.0007 
         076 16 0.0006 0.0019 0.0007 0.9963 0.0005 
         077 16 0.0064 0.0179 0.0252 0.8901 0.0605 
         078 16 0.0004 0.0330 0.0008 0.9639 0.0020 
         079 16 0.0013 0.0908 0.0028 0.9036 0.0016 
         080 16 0.0002 0.0057 0.0003 0.9925 0.0012 
         081 16 0.0391 0.0093 0.0010 0.9502 0.0005 
         082 16 0.0097 0.0153 0.0005 0.9742 0.0003 
         083 16 0.0012 0.0014 0.0005 0.9951 0.0017 
         084 16 0.0015 0.0031 0.0037 0.9905 0.0012 
         085 16 0.0005 0.0020 0.0022 0.9843 0.0109 
         086 16 0.0058 0.1089 0.0007 0.8837 0.0009 
         087 16 0.0013 0.0200 0.0016 0.9767 0.0004 
         088 16 0.0003 0.0017 0.0005 0.9954 0.0021 
         089 16 0.0058 0.0022 0.0010 0.9899 0.0011 
         090 16 0.0008 0.0086 0.0017 0.9885 0.0004 
         091 16 0.0013 0.0016 0.0009 0.9956 0.0006 
         092 16 0.0003 0.0440 0.0007 0.9543 0.0007 
         093 16 0.0005 0.0023 0.0014 0.9954 0.0004 
         094 16 0.0009 0.0074 0.0081 0.9440 0.0396 
         095 16 0.0003 0.0014 0.0010 0.9969 0.0004 
         096 16 0.0285 0.0025 0.0005 0.9659 0.0026 
         097 16 0.0876 0.0053 0.0023 0.8989 0.0060 
         098 16 0.0006 0.0025 0.0090 0.9842 0.0037 
         099 16 0.0004 0.0011 0.0009 0.9907 0.0069 
         100 16 0.0004 0.0018 0.0006 0.9953 0.0019 
         101 16 0.0005 0.0430 0.0006 0.9519 0.0038 
         102 16 0.0019 0.0031 0.0004 0.9931 0.0015 
         103 16 0.0018 0.0024 0.0034 0.9899 0.0025 
         104 16 0.0006 0.0051 0.0003 0.9902 0.0038 
         105 16 0.0245 0.0802 0.0039 0.8879 0.0035 
         106 16 0.0003 0.0029 0.0005 0.9940 0.0023 
         107 16 0.0003 0.0134 0.0483 0.9316 0.0064 
         108 16 0.0009 0.1219 0.0687 0.6441 0.1644 
         109 16 0.0039 0.0158 0.0006 0.9791 0.0006 
         110 16 0.0004 0.0009 0.0002 0.9973 0.0012 
         111 16 0.0003 0.0648 0.0006 0.9332 0.0011 
         112 16 0.0004 0.0466 0.0009 0.9505 0.0015 
         113 16 0.0058 0.0520 0.0009 0.9407 0.0007 
         114 16 0.0005 0.0149 0.0060 0.9775 0.0011 
         115 16 0.0010 0.0011 0.0004 0.9969 0.0007 
         116 16 0.0009 0.0159 0.0005 0.9815 0.0013 
         117 16 0.0043 0.0083 0.0038 0.9829 0.0007 
         118 16 0.0003 0.0085 0.0008 0.9775 0.0129 
         119 16 0.0007 0.0035 0.0018 0.9929 0.0011 
         120 16 0.0177 0.0011 0.0012 0.9794 0.0006 
         121 16 0.0101 0.0013 0.0002 0.9541 0.0343 
         122 16 0.0004 0.0010 0.0003 0.9978 0.0005 
         123 16 0.0009 0.0040 0.0024 0.9922 0.0005 
         124 16 0.0007 0.0105 0.0004 0.9874 0.0011 
         126 16 0.0006 0.1642 0.0038 0.8306 0.0008 
         001 17 0.0027 0.0018 0.0093 0.9857 0.0004 
         002 17 0.0004 0.0043 0.0006 0.9943 0.0005 
         003 17 0.0006 0.0015 0.0010 0.9965 0.0004 
         005 17 0.0004 0.0010 0.0217 0.9764 0.0005 
         006 17 0.0532 0.0025 0.0016 0.9421 0.0006 
         007 17 0.0145 0.1200 0.0024 0.8400 0.0231 
         008 17 0.0061 0.1109 0.0006 0.8821 0.0004 
         009 17 0.0003 0.0005 0.0005 0.9982 0.0004 
         010 17 0.0009 0.0019 0.0005 0.9955 0.0012 
         011 17 0.0020 0.1379 0.0012 0.4803 0.3786 
         012 17 0.0004 0.0055 0.0007 0.9918 0.0015 
         013 17 0.0004 0.0008 0.0007 0.9979 0.0003 
         014 17 0.0004 0.0014 0.0012 0.9966 0.0004 
         015 17 0.0039 0.0026 0.0007 0.9925 0.0003 
         016 17 0.0008 0.0015 0.0006 0.9965 0.0007 
         017 17 0.0022 0.0026 0.0009 0.9936 0.0008 
         018 17 0.0014 0.0255 0.0258 0.9468 0.0006 
         019 17 0.0002 0.0016 0.0007 0.9966 0.0008 
         020 17 0.0008 0.0023 0.0003 0.9960 0.0006 
         021 17 0.0007 0.0008 0.0005 0.9972 0.0008 
         022 17 0.0079 0.0359 0.0122 0.9428 0.0012 
         023 17 0.0004 0.0099 0.0028 0.9861 0.0007 
         024 17 0.0451 0.0171 0.0014 0.9327 0.0038 
         025 17 0.0007 0.0012 0.0004 0.9975 0.0003 
         002 18 0.0009 0.0007 0.0050 0.9914 0.0019 
         003 18 0.0003 0.0009 0.0004 0.9970 0.0014 
         004 18 0.0005 0.0620 0.0040 0.9322 0.0012 
         005 18 0.0005 0.0066 0.0009 0.9613 0.0306 
         006 18 0.0003 0.0016 0.0004 0.9970 0.0008 
         007 18 0.0044 0.0022 0.0022 0.9908 0.0004 
         008 18 0.0011 0.0008 0.0004 0.9954 0.0022 
         009 18 0.0031 0.0125 0.0012 0.9816 0.0016 
         010 18 0.0023 0.0009 0.0023 0.9867 0.0078 
         011 18 0.0007 0.0017 0.0019 0.9937 0.0020 
         012 18 0.0007 0.0183 0.0005 0.9780 0.0024 
         015 18 0.0005 0.0030 0.0004 0.9947 0.0015 
         016 18 0.0035 0.0035 0.0005 0.9922 0.0004 
         018 18 0.0004 0.0011 0.0057 0.9864 0.0064 
         026 18 0.0120 0.0014 0.0023 0.9835 0.0007 
         027 18 0.0004 0.0006 0.0016 0.9960 0.0015 
         028 18 0.0008 0.0021 0.0314 0.9654 0.0002 
         029 18 0.0007 0.0028 0.0006 0.9955 0.0003 
         031 18 0.0059 0.0663 0.0333 0.8161 0.0784 
         032 18 0.0005 0.0010 0.0014 0.9967 0.0003 
         033 18 0.0004 0.0023 0.0013 0.9951 0.0009 
         035 18 0.0004 0.0029 0.0005 0.9957 0.0005 
         036 18 0.0005 0.0015 0.0009 0.9891 0.0079 
         037 18 0.0137 0.0020 0.0137 0.9617 0.0090 
         038 18 0.0255 0.0029 0.0533 0.9151 0.0031 
         039 18 0.0005 0.0011 0.0003 0.9968 0.0012 
         044 18 0.0112 0.1183 0.0011 0.8686 0.0007 
         046 18 0.0003 0.0043 0.0065 0.9593 0.0296 
         049 18 0.0005 0.0021 0.0010 0.9959 0.0004 
         053 18 0.0005 0.0040 0.0010 0.9940 0.0005 
         054 18 0.0132 0.0023 0.0008 0.9830 0.0008 
         056 18 0.0002 0.0683 0.0023 0.9274 0.0019 
         057 18 0.0033 0.0010 0.0006 0.9915 0.0036 
         058 18 0.0006 0.0026 0.0052 0.9876 0.0040 
        001s 19 0.0011 0.0717 0.0007 0.9258 0.0007 
        002s 19 0.0005 0.0081 0.0011 0.9895 0.0009 
        003s 19 0.0003 0.0350 0.0007 0.9634 0.0005 
        004s 19 0.0010 0.0030 0.0060 0.9658 0.0241 
        005s 19 0.0264 0.0048 0.0024 0.8898 0.0767 
        006s 19 0.0011 0.0024 0.0015 0.9933 0.0017 
        007s 19 0.0177 0.0035 0.0003 0.9657 0.0127 
        008s 19 0.0017 0.0451 0.0013 0.9389 0.0130 
        009s 19 0.0007 0.0027 0.0005 0.9941 0.0020 
        010s 19 0.0045 0.0034 0.0153 0.9765 0.0004 
        011s 19 0.0050 0.0013 0.0049 0.9878 0.0010 
        012s 19 0.0020 0.0039 0.0019 0.9918 0.0004 
        013s 19 0.0080 0.0049 0.0007 0.9859 0.0005 
        014s 19 0.0060 0.0665 0.0008 0.9097 0.0171 
        015s 19 0.0026 0.0019 0.0006 0.9944 0.0005 
        016s 19 0.0013 0.0021 0.0183 0.9296 0.0486 
        017s 19 0.0009 0.0618 0.0018 0.9308 0.0048 
        018s 19 0.0005 0.0027 0.0012 0.9925 0.0031 
        019s 19 0.0047 0.0866 0.0005 0.9056 0.0026 
        020s 19 0.0031 0.0718 0.0006 0.9239 0.0006 
        021s 19 0.0018 0.0060 0.0018 0.9900 0.0004 
        022s 19 0.0012 0.0194 0.0013 0.9776 0.0004 
        023s 19 0.0036 0.0017 0.0026 0.9893 0.0028 
        024s 19 0.0003 0.0016 0.0022 0.9941 0.0017 
        025s 19 0.0002 0.1335 0.0010 0.8636 0.0017 
        026s 19 0.0030 0.0060 0.0031 0.9843 0.0037 
        027s 19 0.0007 0.0051 0.0008 0.9924 0.0010 
        028s 19 0.0011 0.0067 0.0006 0.9911 0.0005 
        029s 19 0.0011 0.0008 0.0014 0.9960 0.0006 
        030s 19 0.0011 0.0038 0.0032 0.9913 0.0006 
        031s 19 0.0011 0.0036 0.0004 0.9942 0.0007 
        032s 19 0.0013 0.0016 0.0005 0.9963 0.0003 
        033s 19 0.0014 0.0007 0.0010 0.9926 0.0043 
        034s 19 0.0008 0.0018 0.0004 0.9957 0.0013 
        035s 19 0.0018 0.0170 0.0036 0.9729 0.0046 
        036s 19 0.0013 0.0015 0.0003 0.9953 0.0016 
        037s 19 0.0003 0.0014 0.0010 0.9969 0.0003 
        038s 19 0.0015 0.0028 0.0018 0.9926 0.0012 
        039s 19 0.0004 0.0019 0.0005 0.9968 0.0003 
        040s 19 0.0307 0.0014 0.0004 0.9671 0.0004 
        041s 19 0.0005 0.0009 0.0002 0.9978 0.0005 
        042s 19 0.0010 0.0042 0.0122 0.9675 0.0151 
        043s 19 0.0022 0.0385 0.0014 0.9577 0.0003 
        044s 19 0.0006 0.0010 0.0008 0.9963 0.0013 
        045s 19 0.0002 0.0016 0.0010 0.9959 0.0012 
        046s 19 0.0014 0.0032 0.0019 0.9873 0.0061 
        047s 19 0.0094 0.0016 0.0006 0.9881 0.0003 
        048s 19 0.0053 0.0905 0.0009 0.9031 0.0002 
        049s 19 0.0060 0.0073 0.0006 0.9796 0.0066 
        050s 19 0.0003 0.0035 0.0004 0.9955 0.0004 
        051s 19 0.0380 0.0129 0.0007 0.9339 0.0145 
        052s 19 0.0009 0.0023 0.0008 0.9954 0.0006 
      LIW2-4 20 0.0017 0.0014 0.0019 0.9931 0.0019 
     LIW2-12 21 0.0004 0.0023 0.0085 0.9107 0.0782 
     LIW2-20 22 0.0004 0.0034 0.0049 0.9902 0.0011 
     LIW2-28 23 0.0011 0.0476 0.0024 0.8835 0.0654 
      LIW1-5 24 0.0007 0.0022 0.0018 0.9919 0.0034 
     LIW1-13 25 0.0073 0.0597 0.0005 0.9165 0.0159 
     LIW1-21 26 0.0004 0.0128 0.0068 0.9453 0.0347 
     LIW1-29 27 0.0033 0.0234 0.0026 0.9563 0.0143 
      LIW2-5 28 0.0008 0.0013 0.0067 0.9893 0.0019 
     LIW2-34 29 0.0012 0.0006 0.0101 0.9835 0.0045 
     LIW2-21 30 0.0007 0.1047 0.0018 0.8800 0.0128 
     LIW2-29 31 0.0034 0.1884 0.0043 0.8028 0.0010 
      LIW1-6 32 0.0005 0.0019 0.0009 0.9934 0.0033 
     LIW1-14 33 0.0013 0.0645 0.0333 0.8999 0.0009 
     LIW1-22 34 0.0006 0.0015 0.0280 0.9638 0.0061 
     LIW1-30 35 0.0004 0.0026 0.0016 0.9912 0.0042 
      LIW2-6 36 0.0121 0.0028 0.0033 0.9609 0.0208 
     LIW2-14 37 0.0003 0.0036 0.0004 0.9904 0.0052 
     LIW2-22 38 0.0003 0.0751 0.0008 0.8460 0.0777 
     LIW2-30 39 0.0004 0.0017 0.0433 0.9517 0.0029 
      LIW1-7 40 0.0016 0.0274 0.0115 0.9043 0.0552 
     LIW1-15 41 0.0005 0.0011 0.0055 0.9795 0.0134 
     LIW1-23 42 0.0017 0.0055 0.0030 0.9833 0.0064 
     LIW1-31 43 0.0011 0.0049 0.0040 0.9835 0.0066 
      LIW2-7 44 0.0019 0.0910 0.0034 0.9029 0.0008 
     LIW2-15 45 0.0003 0.0023 0.0547 0.9387 0.0039 
     LIW2-23 46 0.0070 0.0013 0.0008 0.9031 0.0877 
      LIW1-8 47 0.0010 0.0014 0.0005 0.9940 0.0030 
     LIW1-16 48 0.0007 0.0012 0.0012 0.9947 0.0022 
      LIW2-8 49 0.0005 0.0012 0.0035 0.9926 0.0023 
     LIW2-16 50 0.0232 0.3155 0.0043 0.6430 0.0140 
     LIW2-24 51 0.0209 0.1793 0.0021 0.7889 0.0088 
     LIW2-32 52 0.0033 0.0063 0.0093 0.9313 0.0497 
     LIW1-47 53 0.0035 0.0058 0.0020 0.9727 0.0159 
      UMFS-1 54 0.0004 0.0002 0.9988 0.0005 0.0001 
     UMFS-19 55 0.0002 0.0002 0.9993 0.0001 0.0001 
     UMFS-31 56 0.0003 0.0003 0.8087 0.1899 0.0008 
      UMFS-2 57 0.0002 0.0001 0.9376 0.0618 0.0002 
     UMFS-10 58 0.0005 0.0002 0.8929 0.1060 0.0004 
     UMFS-20 59 0.0006 0.0035 0.8428 0.1529 0.0003 
     UMFS-32 60 0.0004 0.0004 0.9987 0.0004 0.0002 
      UMFS-3 61 0.0001 0.0001 0.9997 0.0001 0.0001 
     UMFS-11 62 0.1607 0.2757 0.0004 0.5597 0.0035 
     UMFS-21 63 0.0007 0.0225 0.9358 0.0357 0.0052 
     UMFS-33 64 0.0000 0.0000 0.9998 0.0000 0.0000 
      UMFS-4 65 0.0000 0.0000 0.9998 0.0001 0.0001 
     UMFS-22 66 0.0016 0.0012 0.9494 0.0460 0.0017 
     UMFS-34 67 0.0019 0.0045 0.5865 0.3265 0.0806 
      UMFS-5 68 0.0029 0.0007 0.9173 0.0783 0.0008 
     UMFS-13 69 0.0005 0.0005 0.9963 0.0011 0.0016 
     UMFS-23 70 0.0015 0.0011 0.7682 0.2289 0.0004 
     UMFS-35 71 0.0001 0.0001 0.9996 0.0001 0.0001 
      UMFS-6 72 0.0001 0.0001 0.9997 0.0001 0.0001 
     UMFS-14 73 0.0000 0.0000 0.9999 0.0000 0.0000 
     UMFS-24 74 0.0009 0.0032 0.7502 0.2454 0.0003 
     UMFS-36 75 0.0000 0.0000 0.9998 0.0000 0.0000 
      UMFS-7 76 0.2831 0.3095 0.0003 0.3111 0.0960 
     UMFS-15 77 0.0001 0.0001 0.9997 0.0001 0.0001 
     UMFS-25 78 0.0028 0.0015 0.7913 0.2040 0.0004 
     UMFS-37 79 0.0001 0.0001 0.9998 0.0001 0.0000 
      UMFS-8 80 0.0008 0.0024 0.9864 0.0094 0.0010 
     UMFS-16 81 0.0001 0.0002 0.9996 0.0001 0.0001 
     UMFS-26 82 0.0030 0.0057 0.4825 0.3734 0.1354 
     UMFS-38 83 0.0001 0.0001 0.9996 0.0001 0.0001 
      NEH1-2 84 0.0028 0.0204 0.0010 0.0006 0.9752 
     NEH1-11 85 0.0008 0.0444 0.0004 0.0008 0.9535 
     NEH1-20 86 0.0012 0.0005 0.0034 0.1173 0.8775 
     NEH1-29 87 0.0002 0.0006 0.0002 0.0008 0.9983 
      NEH2-2 88 0.0001 0.0002 0.0003 0.0003 0.9991 
     NEH2-10 89 0.0003 0.0004 0.0003 0.0060 0.9929 
     NEH2-18 90 0.0002 0.0018 0.0002 0.0001 0.9976 
     NEH2-26 91 0.0004 0.0018 0.0003 0.0013 0.9963 
      NEH1-3 92 0.0005 0.0003 0.0002 0.1545 0.8445 
     NEH1-12 93 0.0470 0.0019 0.0005 0.0004 0.9503 
     NEH1-21 94 0.0207 0.0003 0.0002 0.0406 0.9381 
     NEH1-30 95 0.0003 0.0689 0.0002 0.0117 0.9190 
      NEH2-3 96 0.0002 0.0001 0.0001 0.0001 0.9995 
     NEH2-11 97 0.0003 0.0199 0.0026 0.0003 0.9769 
     NEH2-19 98 0.0005 0.0012 0.0027 0.0029 0.9927 
     NEH2-27 99 0.0001 0.0001 0.0001 0.0001 0.9996 
      NEH1-4 100 0.0001 0.0013 0.0002 0.0001 0.9983 
     NEH1-13 101 0.0008 0.0015 0.0006 0.2295 0.7676 
     NEH1-22 102 0.0005 0.0003 0.0009 0.1987 0.7996 
     NEH1-31 103 0.0002 0.0016 0.0001 0.0008 0.9973 
      NEH2-4 104 0.0004 0.0016 0.0015 0.0024 0.9942 
     NEH2-12 105 0.0004 0.0555 0.0088 0.0004 0.9349 
     NEH2-20 106 0.0002 0.0002 0.0009 0.1961 0.8026 
     NEH2-28 107 0.0065 0.0007 0.0004 0.0009 0.9914 
      NEH1-5 108 0.0004 0.0168 0.0003 0.1258 0.8567 
     NEH1-14 109 0.0085 0.0587 0.0006 0.1673 0.7649 
     NEH1-23 110 0.0003 0.0004 0.0065 0.2226 0.7702 
     NEH1-32 111 0.0015 0.0010 0.0003 0.0010 0.9961 
      NEH2-5 112 0.0001 0.0002 0.0001 0.0002 0.9994 
     NEH2-13 113 0.0009 0.0172 0.0004 0.0013 0.9802 
     NEH2-22 114 0.0004 0.0003 0.0006 0.0006 0.9982 
     NEH2-29 115 0.0003 0.0003 0.0003 0.0405 0.9585 
      NEH1-6 116 0.0002 0.0002 0.0001 0.0001 0.9994 
     NEH1-15 117 0.0377 0.0023 0.0002 0.0016 0.9582 
     NEH1-24 118 0.0117 0.0004 0.0013 0.0006 0.9860 
     NEH1-33 119 0.0004 0.0007 0.0004 0.1246 0.8739 
      NEH2-6 120 0.0004 0.0004 0.0076 0.0094 0.9822 
     NEH2-14 121 0.0012 0.0013 0.0008 0.0045 0.9921 
     NEH2-21 122 0.0002 0.0004 0.0011 0.0489 0.9495 
     NEH2-30 123 0.0001 0.0002 0.0002 0.0002 0.9992 
      NEH1-7 124 0.0011 0.0924 0.0008 0.0677 0.8380 
     NEH1-16 125 0.0002 0.0004 0.0001 0.0002 0.9991 
     NEH1-25 126 0.0009 0.0006 0.0028 0.1218 0.8739 
     NEH1-34 127 0.0008 0.0066 0.0007 0.0652 0.9267 
      NEH2-7 128 0.0005 0.0013 0.0023 0.0015 0.9944 
     NEH2-15 129 0.0001 0.0001 0.0001 0.0001 0.9996 
     NEH2-23 130 0.0020 0.0446 0.0014 0.0117 0.9403 
     NEH2-31 131 0.0002 0.0001 0.0002 0.0002 0.9993 
      NEH1-8 132 0.0013 0.0731 0.0003 0.0968 0.8286 
     NEH1-17 133 0.0016 0.1107 0.0003 0.0009 0.8864 
     NEH1-26 134 0.0028 0.0002 0.0023 0.1452 0.8494 
     NEH1-35 135 0.0009 0.0012 0.0004 0.1856 0.8119 
      NEH2-8 136 0.0001 0.0001 0.0001 0.0001 0.9996 
     NEH2-16 137 0.0010 0.0002 0.0008 0.0007 0.9973 
     NEH2-24 138 0.0001 0.0001 0.0004 0.0001 0.9992 
     NEH2-32 139 0.0007 0.0682 0.0005 0.0004 0.9303 
      NEH1-1 140 0.0003 0.1147 0.0009 0.0004 0.8838 
     NEH1-10 141 0.0005 0.0002 0.0001 0.0002 0.9990 
     NEH1-19 142 0.0008 0.0009 0.0003 0.1209 0.8771 
     NEH1-28 143 0.0050 0.0369 0.0003 0.0007 0.9571 
      NEH2-1 144 0.0002 0.0123 0.0004 0.0023 0.9848 
      NEH2-9 145 0.0002 0.0002 0.0003 0.0003 0.9989 
     NEH2-17 146 0.0336 0.0012 0.0004 0.0029 0.9619 
     NEH2-25 147 0.0002 0.0213 0.0001 0.0002 0.9782 
      LIW1-1 148 0.0064 0.0873 0.0091 0.7937 0.1035 
      LIW1-9 149 0.0707 0.0883 0.0007 0.7698 0.0705 
     LIW1-17 150 0.0003 0.0028 0.0014 0.9479 0.0476 
     LIW1-25 151 0.0011 0.0008 0.0093 0.9862 0.0025 
      LIW2-9 152 0.0045 0.0525 0.0011 0.9411 0.0009 
     LIW2-17 153 0.0017 0.0020 0.0016 0.9920 0.0027 
     LIW2-25 154 0.0004 0.0037 0.0032 0.9898 0.0029 
      LIW1-2 155 0.0003 0.0054 0.0018 0.9793 0.0132 
     LIW1-10 156 0.0010 0.0072 0.0057 0.9827 0.0034 
     LIW1-18 157 0.0004 0.0145 0.0023 0.9765 0.0062 
     LIW1-26 158 0.0024 0.0010 0.0011 0.9717 0.0239 
      LIW2-2 159 0.0007 0.0012 0.0033 0.9915 0.0032 
     LIW2-10 160 0.0005 0.0051 0.0010 0.9919 0.0016 
     LIW2-18 161 0.0120 0.0125 0.0073 0.9059 0.0623 
     LIW2-26 162 0.0011 0.0016 0.0484 0.9471 0.0018 
      LIW1-3 163 0.0005 0.0228 0.0384 0.9226 0.0157 
     LIW1-11 164 0.0014 0.0129 0.0080 0.9701 0.0077 
     LIW1-19 165 0.0012 0.0513 0.0056 0.8763 0.0656 
     LIW1-27 166 0.0005 0.0360 0.0014 0.9619 0.0003 
      LIW2-3 167 0.0091 0.0042 0.0083 0.9756 0.0028 
     LIW2-11 168 0.0004 0.0011 0.0010 0.9965 0.0010 
     LIW2-19 169 0.0007 0.0028 0.0006 0.9668 0.0290 
     LIW2-27 170 0.0004 0.0011 0.0113 0.9715 0.0157 
      LIW1-4 171 0.0013 0.0009 0.0024 0.9901 0.0053 
     LIW1-12 172 0.0015 0.0227 0.0348 0.9381 0.0028 
     LIW1-20 173 0.0021 0.0024 0.0010 0.9934 0.0012 
     LIW1-28 174 0.0005 0.0052 0.0033 0.9795 0.0115 
        001s 175 0.0098 0.0014 0.0004 0.9866 0.0017 
        002s 175 0.0008 0.0847 0.0005 0.9123 0.0018 
        003s 175 0.0007 0.0010 0.0008 0.9967 0.0007 
        004s 175 0.0054 0.0203 0.0036 0.9697 0.0010 
        005s 175 0.0008 0.0040 0.0038 0.9902 0.0013 
        006s 175 0.0013 0.1733 0.0072 0.8175 0.0006 
        007s 175 0.0003 0.0019 0.0005 0.9967 0.0006 
        008s 175 0.0017 0.0034 0.0029 0.9916 0.0004 
        009s 175 0.0016 0.1167 0.0033 0.8778 0.0006 
        010s 175 0.0009 0.0017 0.0004 0.9956 0.0014 
        011s 175 0.0012 0.0051 0.0007 0.9922 0.0009 
        012s 175 0.0053 0.0004 0.0005 0.9934 0.0004 
        013s 175 0.0008 0.0058 0.0004 0.9928 0.0002 
        014s 175 0.0008 0.0917 0.0004 0.9070 0.0002 
        015s 175 0.0013 0.0022 0.0004 0.9946 0.0015 
        016s 175 0.0005 0.0410 0.0006 0.9577 0.0002 
        017s 175 0.0102 0.0027 0.0009 0.9805 0.0057 
        018s 175 0.0010 0.0054 0.0074 0.9851 0.0011 
        019s 175 0.0010 0.0017 0.0206 0.9717 0.0049 
        020s 175 0.0017 0.0017 0.0006 0.9948 0.0011 
        021s 175 0.0016 0.0013 0.0006 0.9943 0.0022 
        022s 175 0.0482 0.0013 0.0007 0.9457 0.0041 
        023s 175 0.0057 0.0026 0.0058 0.9829 0.0030 
        024s 175 0.0040 0.0230 0.0008 0.9714 0.0008 
        025s 175 0.0135 0.0214 0.0036 0.9607 0.0008 
        026s 175 0.0007 0.0084 0.0004 0.9894 0.0010 
        027s 175 0.0020 0.0023 0.0009 0.9935 0.0013 
        028s 175 0.0006 0.0027 0.0004 0.9351 0.0612 
        029s 175 0.0008 0.0015 0.0018 0.9954 0.0005 
        030s 175 0.0015 0.1093 0.0005 0.8872 0.0015 
        031s 175 0.0013 0.0025 0.0087 0.9872 0.0003 
        032s 175 0.0005 0.0043 0.0022 0.9724 0.0205 
        033s 175 0.0029 0.0126 0.0028 0.9809 0.0009 
        034s 175 0.0008 0.0087 0.0003 0.9899 0.0003 
        035s 175 0.0011 0.0116 0.0008 0.9862 0.0004 
        036s 175 0.0006 0.0014 0.0036 0.9939 0.0005 
        037s 175 0.0107 0.0010 0.0002 0.9733 0.0148 
        038s 175 0.0020 0.0069 0.0003 0.9899 0.0009 
        039s 175 0.0007 0.0035 0.0009 0.9921 0.0027 
        040s 175 0.0008 0.0017 0.0005 0.9947 0.0024 
        041s 175 0.0009 0.0036 0.0006 0.9942 0.0007 
        042s 175 0.0024 0.0022 0.0202 0.9740 0.0013 
        043s 175 0.0014 0.0054 0.0008 0.9885 0.0039 
        044s 175 0.0005 0.0025 0.0006 0.9950 0.0014 
        045s 175 0.0006 0.0842 0.0006 0.9140 0.0006 
        046s 175 0.0012 0.0023 0.0010 0.9936 0.0019 
        047s 175 0.0004 0.0013 0.0035 0.9844 0.0104 
        048s 175 0.0023 0.0032 0.0012 0.9929 0.0004 
        049s 175 0.0008 0.0502 0.0016 0.9467 0.0007 
        050s 175 0.0004 0.0756 0.0029 0.8368 0.0843 
        001s 176 0.0227 0.0537 0.0022 0.9207 0.0007 
        002s 176 0.0070 0.0037 0.0004 0.9861 0.0028 
        003s 176 0.0005 0.0045 0.0008 0.9932 0.0010 
        004s 176 0.0009 0.0034 0.0023 0.9913 0.0022 
        005s 176 0.0003 0.0026 0.0006 0.9784 0.0181 
        006s 176 0.0034 0.0012 0.0025 0.9921 0.0008 
        007s 176 0.0008 0.0841 0.0016 0.9127 0.0008 
        008s 176 0.0008 0.0012 0.0010 0.9967 0.0003 
        009s 176 0.0003 0.0012 0.0007 0.9899 0.0078 
        010s 176 0.0004 0.0024 0.0011 0.9958 0.0004 
        011s 176 0.0026 0.0006 0.0004 0.9933 0.0031 
        012s 176 0.0014 0.0768 0.0006 0.9204 0.0009 
        013s 176 0.0039 0.0050 0.0007 0.9878 0.0025 
        014s 176 0.0105 0.0017 0.0015 0.9859 0.0005 
        015s 176 0.0003 0.0040 0.0086 0.9854 0.0017 
        016s 176 0.0003 0.0022 0.0059 0.9907 0.0009 
        017s 176 0.0003 0.0008 0.0007 0.9978 0.0004 
        018s 176 0.0005 0.0013 0.0014 0.9841 0.0127 
        019s 176 0.0189 0.0135 0.0014 0.9658 0.0005 
        020s 176 0.0006 0.0042 0.0008 0.9931 0.0012 
        021s 176 0.0037 0.0029 0.0005 0.9914 0.0015 
        022s 176 0.0129 0.0011 0.0012 0.9841 0.0007 
        023s 176 0.0030 0.0009 0.0791 0.9168 0.0002 
        024s 176 0.0310 0.0043 0.0011 0.9629 0.0006 
        025s 176 0.0028 0.0054 0.0015 0.9869 0.0033 
        026s 176 0.0096 0.0022 0.0013 0.9843 0.0025 
        027s 176 0.0003 0.0020 0.0006 0.9964 0.0008 
        028s 176 0.0016 0.0016 0.0010 0.9948 0.0009 
        029s 176 0.0087 0.0010 0.0004 0.9878 0.0021 
        030s 176 0.0009 0.0703 0.0003 0.9281 0.0003 
        031s 176 0.0022 0.0059 0.0004 0.9906 0.0009 
        032s 176 0.0004 0.0583 0.0006 0.9222 0.0186 
        033s 176 0.0403 0.0829 0.0033 0.8578 0.0157 
        034s 176 0.0005 0.0021 0.0002 0.9966 0.0006 
        035s 176 0.0006 0.0200 0.0005 0.9147 0.0641 
        036s 176 0.0015 0.0010 0.0003 0.9965 0.0007 
        037s 176 0.0025 0.0612 0.0024 0.9177 0.0163 
        038s 176 0.0007 0.0013 0.0014 0.9960 0.0005 
        039s 176 0.0004 0.0016 0.0006 0.9971 0.0002 
        040s 176 0.0003 0.0015 0.0004 0.9972 0.0006 
        041s 176 0.0006 0.0021 0.0035 0.9931 0.0008 
        042s 176 0.0006 0.0012 0.0012 0.9966 0.0004 
        043s 176 0.0216 0.0026 0.0027 0.9636 0.0095 
        044s 176 0.0012 0.0031 0.0002 0.9951 0.0004 
        045s 176 0.0028 0.0080 0.0012 0.9873 0.0008 
        046s 176 0.0006 0.0029 0.0007 0.9955 0.0003 
        047s 176 0.0012 0.0006 0.0054 0.9909 0.0019 
        048s 176 0.0027 0.0051 0.0081 0.9835 0.0005 
        050s 176 0.0006 0.0036 0.0004 0.9861 0.0093 
        001s 177 0.0020 0.0486 0.0078 0.9316 0.0100 
        002s 177 0.0005 0.0014 0.0006 0.9959 0.0016 
        003s 177 0.0034 0.0309 0.0427 0.9193 0.0037 
        004s 177 0.0019 0.0010 0.0003 0.9953 0.0016 
        005s 177 0.0003 0.0076 0.0005 0.9913 0.0003 
        006s 177 0.0004 0.0233 0.0020 0.9725 0.0018 
        007s 177 0.0007 0.0108 0.0003 0.9875 0.0006 
        008s 177 0.0472 0.1129 0.0078 0.8314 0.0007 
        009s 177 0.0008 0.0008 0.0005 0.9973 0.0006 
        010s 177 0.0023 0.0280 0.0009 0.9677 0.0010 
        011s 177 0.0012 0.0022 0.0002 0.9959 0.0005 
        012s 177 0.0006 0.0058 0.0003 0.9926 0.0007 
        013s 177 0.0009 0.0019 0.0078 0.9878 0.0015 
        014s 177 0.0004 0.0615 0.0013 0.9358 0.0010 
        015s 177 0.0032 0.0021 0.0008 0.9914 0.0025 
        016s 177 0.0002 0.0014 0.0008 0.9971 0.0004 
        017s 177 0.0336 0.0033 0.0015 0.9605 0.0011 
        018s 177 0.0007 0.0267 0.0028 0.9695 0.0003 
        019s 177 0.0007 0.0023 0.0006 0.9919 0.0046 
        020s 177 0.0014 0.0029 0.0007 0.9923 0.0027 
        021s 177 0.0008 0.0012 0.0004 0.9960 0.0015 
        022s 177 0.0034 0.0044 0.0004 0.9769 0.0149 
        023s 177 0.0543 0.0010 0.0023 0.9399 0.0025 
        024s 177 0.0005 0.0020 0.0004 0.9952 0.0019 
        025s 177 0.0024 0.0020 0.0005 0.9942 0.0009 
        026s 177 0.0004 0.0027 0.0007 0.9934 0.0028 
        027s 177 0.0005 0.0014 0.0009 0.9964 0.0009 
        028s 177 0.0005 0.0010 0.0011 0.9966 0.0007 
        029s 177 0.0443 0.0406 0.0002 0.9133 0.0015 
        030s 177 0.0013 0.0148 0.0017 0.9802 0.0021 
        031s 177 0.0019 0.0013 0.0012 0.9827 0.0129 
        032s 177 0.0018 0.0281 0.0004 0.9693 0.0006 
        033s 177 0.0003 0.0022 0.0005 0.9946 0.0025 
        034s 177 0.0007 0.0025 0.0003 0.9959 0.0007 
        035s 177 0.0004 0.0010 0.0008 0.9974 0.0003 
        036s 177 0.0075 0.0033 0.0007 0.9278 0.0606 
        037s 177 0.0113 0.0088 0.0006 0.9757 0.0037 
        038s 177 0.0009 0.0242 0.0022 0.9719 0.0007 
        039s 177 0.0007 0.0022 0.0041 0.9912 0.0018 
        040s 177 0.0435 0.0024 0.0004 0.9523 0.0014 
        041s 177 0.0263 0.0834 0.0003 0.8893 0.0006 
        042s 177 0.0004 0.0673 0.0003 0.9316 0.0003 
        043s 177 0.0002 0.0016 0.0005 0.9969 0.0007 
        044s 177 0.0008 0.0021 0.0006 0.9958 0.0008 
        045s 177 0.0013 0.0171 0.0099 0.9698 0.0019 
        046s 177 0.0025 0.0011 0.0004 0.9953 0.0007 
        047s 177 0.0018 0.0019 0.0012 0.9918 0.0033 
        048s 177 0.0203 0.0019 0.0006 0.9769 0.0004 
        049s 177 0.0188 0.0128 0.0002 0.9668 0.0014 
        050s 177 0.0011 0.0008 0.0035 0.9941 0.0005 
        001s 178 0.0003 0.0696 0.0013 0.9271 0.0017 
        002s 178 0.0024 0.0033 0.0006 0.9910 0.0027 
        003s 178 0.0011 0.0063 0.0015 0.9903 0.0008 
        004s 178 0.0009 0.0046 0.0113 0.9826 0.0006 
        005s 178 0.0020 0.0016 0.0013 0.9947 0.0004 
        006s 178 0.0099 0.0338 0.0216 0.8786 0.0560 
        007s 178 0.0043 0.0011 0.0004 0.9935 0.0006 
        008s 178 0.0003 0.1149 0.0021 0.8819 0.0008 
        009s 178 0.0091 0.0016 0.0014 0.9861 0.0018 
        010s 178 0.0003 0.0023 0.0004 0.9958 0.0012 
        011s 178 0.0008 0.0022 0.0010 0.9955 0.0005 
        012s 178 0.0011 0.0034 0.0006 0.9945 0.0004 
        013s 178 0.0003 0.0011 0.0046 0.9905 0.0034 
        014s 178 0.0011 0.0406 0.0005 0.9416 0.0162 
        015s 178 0.0012 0.0045 0.0005 0.9933 0.0005 
        016s 178 0.0030 0.0078 0.0028 0.9851 0.0014 
        017s 178 0.0006 0.0525 0.0008 0.9440 0.0022 
        018s 178 0.0006 0.0031 0.0013 0.9929 0.0021 
        019s 178 0.0006 0.0030 0.0003 0.9957 0.0004 
        020s 178 0.0002 0.0020 0.0011 0.9965 0.0002 
        021s 178 0.0112 0.0095 0.0007 0.9773 0.0012 
        022s 178 0.0007 0.0032 0.0007 0.9951 0.0004 
        023s 178 0.0051 0.0899 0.0006 0.8777 0.0268 
        024s 178 0.0005 0.0019 0.0006 0.9962 0.0008 
        025s 178 0.0006 0.0672 0.0005 0.9309 0.0008 
        026s 178 0.0008 0.0010 0.0021 0.9954 0.0007 
        027s 178 0.0028 0.0393 0.0017 0.9551 0.0011 
        028s 178 0.0446 0.0037 0.0078 0.9373 0.0067 
        029s 178 0.0250 0.0013 0.0004 0.9723 0.0010 
        030s 178 0.0088 0.0029 0.0005 0.9830 0.0048 
        031s 178 0.0005 0.0010 0.0181 0.9802 0.0003 
        032s 178 0.0007 0.0012 0.0025 0.9951 0.0005 
        033s 178 0.0041 0.0236 0.0023 0.9694 0.0006 
        034s 178 0.0003 0.0013 0.0009 0.9968 0.0006 
        035s 178 0.0006 0.0025 0.0013 0.9931 0.0026 
        036s 178 0.0008 0.0008 0.0004 0.9972 0.0007 
        037s 178 0.0004 0.0015 0.0004 0.9920 0.0058 
        039s 178 0.0195 0.0032 0.0022 0.9679 0.0071 
        040s 178 0.0007 0.0912 0.0011 0.9055 0.0014 
        041s 178 0.0030 0.0007 0.0004 0.9952 0.0007 
        042s 178 0.0019 0.0318 0.0173 0.9441 0.0049 
        043s 178 0.0208 0.0043 0.0453 0.9192 0.0105 
        044s 178 0.0902 0.0078 0.0003 0.9004 0.0013 
        045s 178 0.0013 0.0016 0.0007 0.9951 0.0013 
        046s 178 0.0010 0.0020 0.0006 0.9962 0.0002 
        047s 178 0.0122 0.0033 0.0010 0.9825 0.0010 
        048s 178 0.0012 0.0239 0.0013 0.9542 0.0194 
        049s 178 0.0024 0.0037 0.0005 0.9898 0.0035 
        050s 178 0.0090 0.0749 0.0117 0.9016 0.0028 
          01 179 0.0154 0.0494 0.0005 0.9113 0.0234 
          02 179 0.0012 0.0017 0.0010 0.9944 0.0017 
          03 179 0.0037 0.1346 0.0003 0.8601 0.0014 
          04 179 0.0017 0.0028 0.0005 0.9879 0.0071 
          05 179 0.0016 0.0670 0.0019 0.9287 0.0008 
          06 179 0.0003 0.0052 0.0107 0.9834 0.0003 
          07 179 0.0016 0.0025 0.0003 0.9901 0.0056 
          08 179 0.0009 0.0009 0.0020 0.9905 0.0056 
          09 179 0.0003 0.0019 0.0006 0.9964 0.0008 
          10 179 0.0006 0.0314 0.0003 0.9642 0.0035 
          11 179 0.0022 0.0903 0.0003 0.9064 0.0008 
          12 179 0.0004 0.0036 0.0019 0.9916 0.0025 
          13 179 0.0015 0.0009 0.0021 0.9951 0.0004 
          14 179 0.0005 0.1164 0.0009 0.8784 0.0038 
          15 179 0.0130 0.0028 0.0005 0.9828 0.0009 
          16 179 0.0007 0.0316 0.0028 0.9640 0.0009 
          17 179 0.0005 0.0029 0.0005 0.9739 0.0222 
          18 179 0.0006 0.0021 0.0015 0.9932 0.0025 
          19 179 0.0039 0.0161 0.0018 0.9776 0.0006 
          20 179 0.0015 0.0365 0.0024 0.8679 0.0918 
          21 179 0.0003 0.0006 0.0003 0.9984 0.0004 
          22 179 0.0006 0.0387 0.0156 0.9444 0.0006 
          23 179 0.0006 0.0045 0.0004 0.9937 0.0007 
        001s 180 0.0013 0.0413 0.0004 0.9307 0.0262 
        002s 180 0.0008 0.0031 0.0004 0.9935 0.0021 
        003s 180 0.0008 0.0016 0.0031 0.9929 0.0016 
        004s 180 0.0013 0.0013 0.0003 0.9965 0.0005 
        005s 180 0.0023 0.0050 0.0003 0.9658 0.0266 
        006s 180 0.0011 0.1031 0.0007 0.8948 0.0003 
        007s 180 0.0011 0.0012 0.0009 0.9962 0.0006 
        008s 180 0.0014 0.0030 0.0005 0.9945 0.0006 
        009s 180 0.0003 0.0050 0.0007 0.9928 0.0013 
        010s 180 0.0003 0.0029 0.0104 0.9856 0.0008 
        011s 180 0.0009 0.0021 0.0005 0.9960 0.0005 
        012s 180 0.0010 0.0123 0.0008 0.9852 0.0007 
        013s 180 0.0012 0.0019 0.0019 0.9887 0.0062 
        014s 180 0.0009 0.0262 0.0005 0.9713 0.0012 
        015s 180 0.0007 0.0032 0.0004 0.9942 0.0016 
        016s 180 0.0009 0.0352 0.0022 0.9457 0.0160 
        017s 180 0.0013 0.0025 0.0007 0.9945 0.0010 
        018s 180 0.0004 0.0908 0.0009 0.9074 0.0004 
        019s 180 0.0010 0.0022 0.0009 0.9946 0.0012 
        020s 180 0.0024 0.0024 0.0021 0.9849 0.0082 
        021s 180 0.0008 0.0043 0.0010 0.9923 0.0017 
        022s 180 0.0012 0.0117 0.0003 0.9858 0.0011 
        023s 180 0.0002 0.0030 0.0003 0.9927 0.0038 
        024s 180 0.0003 0.0210 0.0005 0.9738 0.0044 
        025s 180 0.0031 0.0060 0.0008 0.9895 0.0005 
        026s 180 0.0042 0.0020 0.0038 0.9897 0.0004 
        027s 180 0.0007 0.0095 0.0007 0.9884 0.0007 
        028s 180 0.0012 0.0026 0.0012 0.9941 0.0009 
        029s 180 0.0036 0.0056 0.0108 0.9149 0.0651 
        030s 180 0.0032 0.0012 0.0067 0.9885 0.0005 
        031s 180 0.0003 0.0016 0.0004 0.9957 0.0021 
        032s 180 0.0016 0.0029 0.0152 0.9797 0.0006 
        033s 180 0.0005 0.0075 0.0038 0.9879 0.0002 
        034s 180 0.0046 0.0026 0.0019 0.9903 0.0007 
        035s 180 0.0007 0.0244 0.0009 0.9599 0.0141 
        036s 180 0.0003 0.0019 0.0051 0.9916 0.0011 
        037s 180 0.0004 0.0049 0.0055 0.9884 0.0008 
        038s 180 0.0014 0.0026 0.0008 0.9950 0.0003 
        039s 180 0.0018 0.0020 0.0010 0.9940 0.0012 
        041s 180 0.0009 0.0015 0.0002 0.9971 0.0003 
        042s 180 0.0020 0.0023 0.0009 0.9901 0.0048 
        043s 180 0.0022 0.0036 0.0080 0.9846 0.0016 
        044s 180 0.0007 0.0019 0.0011 0.9957 0.0005 
        045s 180 0.0287 0.0008 0.0028 0.9631 0.0046 
        046s 180 0.0028 0.0064 0.0020 0.9869 0.0018 
        047s 180 0.0005 0.0367 0.0013 0.9604 0.0011 
        048s 180 0.0010 0.0022 0.0004 0.9955 0.0009 
        049s 180 0.0012 0.0011 0.0011 0.9961 0.0004 
        050s 180 0.0021 0.0010 0.0025 0.9941 0.0004 
         001 181 0.8017 0.1975 0.0003 0.0003 0.0002 
         002 181 0.9998 0.0001 0.0001 0.0000 0.0001 
         003 181 0.9998 0.0001 0.0001 0.0001 0.0001 
         004 181 0.7691 0.2209 0.0025 0.0073 0.0003 
         005 181 0.8601 0.1284 0.0002 0.0084 0.0028 
         006 181 0.9998 0.0001 0.0001 0.0001 0.0000 
         007 181 0.9998 0.0001 0.0000 0.0001 0.0000 
         008 181 0.9993 0.0002 0.0002 0.0001 0.0001 
         009 181 0.9999 0.0000 0.0000 0.0000 0.0000 
         010 181 0.8226 0.1261 0.0510 0.0001 0.0001 
         011 181 0.9997 0.0001 0.0001 0.0001 0.0001 
         012 181 0.8585 0.1363 0.0002 0.0003 0.0047 
         013 181 0.8932 0.1029 0.0007 0.0030 0.0002 
         014 181 0.8616 0.1379 0.0001 0.0002 0.0002 
         015 181 0.9998 0.0001 0.0000 0.0000 0.0000 
         016 181 0.8642 0.1344 0.0001 0.0008 0.0005 
         017 181 0.9998 0.0001 0.0001 0.0000 0.0001 
         018 181 0.8078 0.1909 0.0005 0.0005 0.0003 
         019 181 0.8522 0.1436 0.0001 0.0038 0.0003 
         020 181 0.9998 0.0000 0.0000 0.0000 0.0000 
         021 181 0.9998 0.0001 0.0001 0.0000 0.0000 
         022 181 0.9998 0.0001 0.0000 0.0000 0.0000 
         023 181 0.9997 0.0001 0.0001 0.0001 0.0001 
         024 181 0.9752 0.0004 0.0020 0.0203 0.0022 
         025 181 0.9691 0.0304 0.0001 0.0002 0.0001 
         026 181 0.9997 0.0001 0.0001 0.0001 0.0001 
         027 181 0.9998 0.0001 0.0000 0.0000 0.0000 
         028 181 0.9999 0.0000 0.0000 0.0000 0.0000 
         029 181 0.9996 0.0001 0.0001 0.0001 0.0001 
         030 181 0.9996 0.0002 0.0001 0.0001 0.0001 
         001 182 0.5729 0.4267 0.0001 0.0001 0.0001 
         002 182 0.5208 0.4782 0.0002 0.0005 0.0002 
         003 182 0.4651 0.4741 0.0603 0.0003 0.0001 
         004 182 0.4700 0.5294 0.0002 0.0002 0.0002 
         005 182 0.5212 0.4748 0.0025 0.0014 0.0001 
         006 182 0.4108 0.4812 0.0004 0.1065 0.0012 
         007 182 0.4691 0.5124 0.0172 0.0011 0.0003 
         008 182 0.5297 0.4686 0.0006 0.0009 0.0001 
         009 182 0.5376 0.4617 0.0003 0.0003 0.0001 
         010 182 0.4370 0.4752 0.0003 0.0873 0.0003 
         011 182 0.4353 0.5641 0.0003 0.0002 0.0001 
         012 182 0.4892 0.4390 0.0008 0.0701 0.0009 
         013 182 0.3635 0.6353 0.0004 0.0004 0.0005 
         014 182 0.4030 0.5037 0.0005 0.0901 0.0028 
         015 182 0.5754 0.4243 0.0001 0.0002 0.0001 
         016 182 0.5057 0.4936 0.0005 0.0002 0.0001 
         017 182 0.5265 0.4176 0.0007 0.0550 0.0002 
         018 182 0.5657 0.4338 0.0002 0.0003 0.0001 
         019 182 0.5499 0.4497 0.0001 0.0002 0.0001 
         020 182 0.6066 0.3931 0.0001 0.0001 0.0001 
         021 182 0.4543 0.4724 0.0711 0.0019 0.0003 
         022 182 0.5727 0.4265 0.0003 0.0003 0.0002 
         023 182 0.4446 0.5550 0.0001 0.0001 0.0001 
         024 182 0.4116 0.5880 0.0002 0.0002 0.0001 
         025 182 0.5516 0.4477 0.0004 0.0002 0.0001 
         026 182 0.4997 0.4999 0.0002 0.0001 0.0001 
         027 182 0.5112 0.4876 0.0001 0.0005 0.0006 
         028 182 0.4707 0.5283 0.0004 0.0004 0.0002 
         029 182 0.4648 0.5287 0.0055 0.0006 0.0005 
         030 182 0.5532 0.4465 0.0001 0.0001 0.0001 
          10 183 0.0005 0.0009 0.0017 0.9942 0.0027 
          11 183 0.0001 0.0050 0.0002 0.9251 0.0695 
          12 183 0.0003 0.0013 0.0012 0.9905 0.0067 
          13 183 0.0088 0.0239 0.0007 0.9660 0.0006 
          14 183 0.0004 0.0007 0.0239 0.9637 0.0114 
          15 183 0.0013 0.0077 0.0005 0.9521 0.0384 
          16 183 0.0438 0.0123 0.0024 0.9403 0.0011 
          17 183 0.0018 0.0010 0.0004 0.9943 0.0026 
          18 183 0.0003 0.0014 0.0008 0.9962 0.0013 
          19 183 0.0003 0.0010 0.0003 0.9973 0.0011 
          20 183 0.0011 0.0314 0.0008 0.9660 0.0007 
          21 183 0.0007 0.0030 0.0002 0.9830 0.0131 
          22 183 0.0012 0.0058 0.0026 0.9612 0.0292 
          23 183 0.0148 0.0018 0.0066 0.9764 0.0005 
          24 183 0.0003 0.0008 0.0006 0.9821 0.0162 
          25 183 0.0006 0.0029 0.0008 0.9871 0.0086 
          26 183 0.0019 0.0043 0.0005 0.9924 0.0009 
          27 183 0.0004 0.0478 0.0002 0.9416 0.0101 
          28 183 0.0004 0.0084 0.0004 0.9700 0.0208 
          29 183 0.3942 0.2986 0.0005 0.2868 0.0199 
          30 183 0.3912 0.4410 0.0005 0.1080 0.0593 
          31 183 0.0011 0.0012 0.0003 0.9922 0.0052 
          32 183 0.0003 0.0006 0.0015 0.9973 0.0003 
          33 183 0.0003 0.0126 0.0012 0.9845 0.0015 
          34 183 0.0002 0.0016 0.0018 0.9723 0.0241 
          35 183 0.0016 0.0101 0.0007 0.9757 0.0119 
          36 183 0.0004 0.0012 0.0012 0.9927 0.0045 
          37 183 0.3825 0.4190 0.0007 0.1758 0.0220 
          54 183 0.0089 0.0451 0.0004 0.9440 0.0017 
          55 183 0.0022 0.1069 0.0041 0.8196 0.0672 
           6 183 0.0011 0.0136 0.0011 0.9832 0.0010 
           7 183 0.0097 0.0945 0.0004 0.8923 0.0031 
           8 183 0.0070 0.0196 0.0013 0.9675 0.0046 
           9 183 0.0030 0.0020 0.0019 0.9745 0.0187 
           4 184 0.0018 0.0027 0.0006 0.9943 0.0005 
           9 184 0.0005 0.0023 0.0027 0.9940 0.0004 
          12 184 0.0287 0.0018 0.0004 0.9689 0.0002 
          14 184 0.0007 0.0023 0.0011 0.9894 0.0065 
          15 184 0.0005 0.0011 0.0005 0.9955 0.0024 
          16 184 0.0034 0.0014 0.0033 0.9907 0.0011 
          17 184 0.0050 0.0016 0.0020 0.9901 0.0012 
          18 184 0.0013 0.0987 0.0003 0.8985 0.0012 
          22 184 0.0006 0.0013 0.0010 0.9967 0.0004 
          25 184 0.0008 0.0130 0.0008 0.9848 0.0006 
          26 184 0.0021 0.0013 0.0208 0.9736 0.0022 
          27 184 0.0031 0.0009 0.0003 0.9955 0.0002 
          28 184 0.0008 0.0012 0.0004 0.9967 0.0010 
          29 184 0.0003 0.0006 0.0002 0.9983 0.0005 
          31 184 0.0021 0.0026 0.0005 0.9941 0.0007 
          32 184 0.0029 0.0026 0.0009 0.9905 0.0031 
          33 184 0.0005 0.0028 0.0022 0.9924 0.0022 
          34 184 0.0004 0.0014 0.0006 0.9971 0.0005 
          36 184 0.0714 0.3487 0.0003 0.5793 0.0002 
          37 184 0.0006 0.0075 0.0017 0.9897 0.0005 
          39 184 0.0083 0.0040 0.0007 0.9753 0.0117 
          40 184 0.0018 0.0035 0.0009 0.9913 0.0025 
          41 184 0.0003 0.0239 0.0008 0.9732 0.0017 
          42 184 0.0015 0.0018 0.0032 0.9932 0.0004 
          43 184 0.0006 0.0016 0.0005 0.9964 0.0008 
          44 184 0.0018 0.0859 0.0006 0.9081 0.0036 
          45 184 0.0003 0.0009 0.0023 0.9959 0.0006 
          46 184 0.0083 0.0011 0.0008 0.9893 0.0005 
          47 184 0.0002 0.0005 0.0003 0.9984 0.0005 
          48 184 0.0008 0.0010 0.0002 0.9964 0.0016 
          52 184 0.0020 0.0829 0.0007 0.9137 0.0007 
          54 184 0.0003 0.0023 0.0022 0.9948 0.0003 
          57 184 0.0010 0.0018 0.0005 0.9963 0.0004 
          58 184 0.0006 0.0029 0.0005 0.9949 0.0010 
          59 184 0.0418 0.0071 0.0002 0.9501 0.0008 
          60 184 0.0003 0.0023 0.0022 0.9837 0.0115 
           3 185 0.0029 0.0187 0.0011 0.9664 0.0109 
           4 185 0.0014 0.0016 0.0010 0.9944 0.0017 
           5 185 0.0021 0.0017 0.0064 0.9893 0.0004 
           6 185 0.0004 0.0023 0.0007 0.9961 0.0006 
           7 185 0.0009 0.1013 0.0032 0.8943 0.0004 
           8 185 0.0222 0.0364 0.0003 0.9391 0.0019 
           9 185 0.0011 0.0027 0.0006 0.9934 0.0022 
          10 185 0.0004 0.0026 0.0017 0.9914 0.0039 
          11 185 0.0188 0.0225 0.0011 0.9552 0.0024 
          12 185 0.0058 0.0992 0.0017 0.8925 0.0009 
          13 185 0.0006 0.0012 0.0005 0.9972 0.0004 
          14 185 0.0016 0.0014 0.0007 0.9956 0.0007 
          15 185 0.0004 0.0275 0.0382 0.7005 0.2334 
          16 185 0.0007 0.0032 0.0006 0.9939 0.0015 
          17 185 0.0014 0.0017 0.0010 0.9442 0.0516 
          18 185 0.0001 0.0033 0.0037 0.9923 0.0006 
          19 185 0.0002 0.0013 0.0004 0.9803 0.0178 
          20 185 0.0441 0.0941 0.0005 0.8607 0.0007 
          21 185 0.0012 0.0047 0.0014 0.9842 0.0085 
          22 185 0.0007 0.0038 0.0006 0.9407 0.0541 
          23 185 0.0003 0.0861 0.0003 0.9115 0.0018 
          24 185 0.0036 0.0007 0.0003 0.9950 0.0003 
          25 185 0.0018 0.0740 0.0002 0.9169 0.0071 
          26 185 0.0025 0.0022 0.0010 0.9931 0.0012 
          27 185 0.0003 0.0018 0.0020 0.9948 0.0010 
          28 185 0.0003 0.0031 0.0003 0.9961 0.0002 
          29 185 0.0054 0.1255 0.0088 0.8118 0.0484 
          30 185 0.0074 0.0022 0.0005 0.9887 0.0011 
          31 185 0.0009 0.0159 0.0002 0.9824 0.0006 
          32 185 0.0049 0.0027 0.0007 0.9913 0.0003 
          33 185 0.0046 0.0060 0.0005 0.9883 0.0006 
          34 185 0.0014 0.0009 0.0002 0.9960 0.0015 
          35 185 0.0012 0.0022 0.0435 0.9519 0.0012 
          36 185 0.0010 0.0021 0.0017 0.9944 0.0009 
          37 185 0.0084 0.0084 0.0003 0.9826 0.0003 
          38 185 0.0410 0.0571 0.0003 0.9012 0.0004 
          39 185 0.0005 0.1043 0.0003 0.8924 0.0025 
          40 185 0.0010 0.0016 0.0010 0.9954 0.0010 
          41 185 0.0003 0.0027 0.0018 0.9943 0.0010 
          42 185 0.0011 0.0013 0.0005 0.9966 0.0005 
           5 186 0.0004 0.0020 0.0066 0.9905 0.0004 
           6 186 0.0005 0.0041 0.0030 0.9920 0.0005 
           7 186 0.0087 0.0012 0.0006 0.9891 0.0004 
           9 186 0.0008 0.1055 0.0005 0.8916 0.0016 
          10 186 0.0187 0.0155 0.0012 0.9632 0.0014 
          11 186 0.0022 0.0030 0.0005 0.9936 0.0006 
          12 186 0.0005 0.0026 0.0012 0.9954 0.0004 
          29 186 0.0015 0.0020 0.0005 0.9852 0.0108 
          30 186 0.0003 0.0012 0.0026 0.9949 0.0010 
          31 186 0.0086 0.0450 0.0119 0.7746 0.1598 
          32 186 0.0007 0.0782 0.0007 0.8953 0.0252 
          33 186 0.0003 0.0017 0.0006 0.9938 0.0036 
          34 186 0.0141 0.0044 0.0204 0.9592 0.0019 
          35 186 0.0007 0.0005 0.0006 0.9972 0.0010 
          36 186 0.0003 0.0054 0.0003 0.9926 0.0014 
          37 186 0.0125 0.0098 0.0003 0.9768 0.0006 
          38 186 0.0102 0.0054 0.0006 0.9663 0.0175 
          39 186 0.0004 0.0018 0.0018 0.9956 0.0004 
          40 186 0.0004 0.0017 0.0004 0.9966 0.0010 
          41 186 0.0075 0.0012 0.0017 0.9892 0.0005 
          42 186 0.0005 0.0018 0.0005 0.9966 0.0005 
          43 186 0.0019 0.0069 0.0029 0.9875 0.0007 
          44 186 0.0004 0.0011 0.0028 0.9938 0.0018 
          45 186 0.0004 0.0017 0.0008 0.9967 0.0005 
          46 186 0.0006 0.0014 0.0089 0.9887 0.0004 
          47 186 0.0004 0.0112 0.0003 0.9867 0.0014 
          48 186 0.0003 0.0033 0.0010 0.9947 0.0008 
          49 186 0.0004 0.0012 0.0006 0.9976 0.0002 
          50 186 0.0022 0.0113 0.0005 0.9844 0.0017 
          51 186 0.0004 0.0012 0.0010 0.9970 0.0004 
          52 186 0.0007 0.0022 0.0029 0.9932 0.0010 
          53 186 0.0009 0.0010 0.0006 0.9952 0.0023 
          54 186 0.0004 0.0017 0.0050 0.9921 0.0009 
          55 186 0.0006 0.0053 0.0043 0.9889 0.0008 
          56 186 0.0026 0.0016 0.0003 0.9947 0.0007 
          57 186 0.0002 0.0171 0.0163 0.8926 0.0737 
          58 186 0.0010 0.0017 0.0008 0.9962 0.0003 
          59 186 0.0048 0.0025 0.0004 0.9918 0.0005 
          60 186 0.0004 0.0009 0.0018 0.9943 0.0025 
           1 187 0.0014 0.0276 0.0009 0.9672 0.0029 
           2 187 0.0010 0.0060 0.0007 0.9910 0.0013 
           3 187 0.0018 0.0204 0.0018 0.9645 0.0115 
           4 187 0.0049 0.1113 0.0005 0.8772 0.0061 
           5 187 0.0003 0.0021 0.0030 0.9940 0.0006 
           6 187 0.0012 0.0027 0.0050 0.9906 0.0005 
           7 187 0.0096 0.1374 0.0074 0.8449 0.0006 
           8 187 0.0009 0.0028 0.0027 0.9929 0.0007 
           9 187 0.0002 0.0014 0.0003 0.9971 0.0010 
          10 187 0.0167 0.0053 0.0010 0.9761 0.0008 
          11 187 0.0057 0.0007 0.0005 0.9930 0.0001 
          12 187 0.0007 0.0016 0.0003 0.9970 0.0004 
          13 187 0.0006 0.0242 0.0006 0.9733 0.0014 
          14 187 0.0010 0.0017 0.0014 0.9944 0.0015 
          15 187 0.0040 0.0022 0.0055 0.9878 0.0006 
          16 187 0.0017 0.0167 0.0018 0.9779 0.0019 
          17 187 0.0003 0.0900 0.0004 0.9051 0.0043 
          18 187 0.0007 0.0031 0.0004 0.9951 0.0008 
          19 187 0.0006 0.0012 0.0014 0.9963 0.0004 
          20 187 0.0005 0.0025 0.0088 0.9874 0.0007 
          21 187 0.0365 0.0630 0.0032 0.8947 0.0027 
          22 187 0.0019 0.0019 0.0005 0.9927 0.0030 
          23 187 0.0003 0.0013 0.0004 0.9975 0.0005 
          24 187 0.0277 0.0597 0.0007 0.9099 0.0019 
          25 187 0.0009 0.0018 0.0040 0.9903 0.0029 
          26 187 0.0003 0.0007 0.0011 0.9946 0.0032 
          27 187 0.0002 0.0014 0.0004 0.9972 0.0007 
          28 187 0.0280 0.0008 0.0011 0.9676 0.0026 
          29 187 0.0029 0.0035 0.0007 0.9917 0.0012 
          30 187 0.0020 0.0015 0.0011 0.9557 0.0398 
          32 187 0.0547 0.0201 0.0004 0.9246 0.0003 
          33 187 0.0047 0.0106 0.0003 0.9837 0.0008 
          34 187 0.0004 0.0035 0.0022 0.9934 0.0005 
          35 187 0.0010 0.0173 0.0018 0.9745 0.0053 
          36 187 0.0004 0.0016 0.0013 0.9954 0.0013 
          37 187 0.0017 0.0030 0.0007 0.9864 0.0083 
          38 187 0.0051 0.0983 0.0256 0.8115 0.0595 
           1 188 0.0027 0.0037 0.0008 0.9918 0.0011 
           2 188 0.0063 0.0050 0.0016 0.9865 0.0006 
           3 188 0.0037 0.0417 0.0034 0.9504 0.0009 
           4 188 0.0096 0.0364 0.0113 0.9422 0.0005 
           5 188 0.0024 0.0019 0.0012 0.9912 0.0033 
           6 188 0.0003 0.0015 0.0004 0.9970 0.0009 
           7 188 0.0004 0.0010 0.0008 0.9972 0.0005 
           8 188 0.0248 0.0086 0.0008 0.9656 0.0002 
           9 188 0.0005 0.0025 0.0236 0.9730 0.0005 
          10 188 0.0003 0.0282 0.0004 0.9701 0.0010 
          11 188 0.0006 0.0008 0.0016 0.9963 0.0006 
          12 188 0.0017 0.0015 0.0009 0.9485 0.0474 
          13 188 0.0056 0.0929 0.0005 0.8933 0.0077 
          14 188 0.0070 0.0748 0.0004 0.9150 0.0029 
          15 188 0.0005 0.0012 0.0023 0.9957 0.0003 
          16 188 0.0004 0.0585 0.0004 0.9395 0.0012 
          17 188 0.0008 0.0023 0.0005 0.9953 0.0011 
          18 188 0.0002 0.0040 0.0003 0.9470 0.0485 
          19 188 0.0005 0.0034 0.0010 0.9924 0.0026 
          20 188 0.0020 0.1257 0.0015 0.8635 0.0072 
          21 188 0.0007 0.0133 0.0028 0.9772 0.0061 
          22 188 0.0041 0.0014 0.0061 0.9781 0.0104 
          23 188 0.0010 0.0032 0.0003 0.9487 0.0467 
          24 188 0.0003 0.0007 0.0006 0.9642 0.0342 
          25 188 0.0007 0.0018 0.0032 0.9496 0.0448 
          26 188 0.0036 0.0811 0.0006 0.9139 0.0009 
          27 188 0.0513 0.0026 0.0004 0.9446 0.0010 
          28 188 0.0011 0.0023 0.0005 0.9957 0.0004 
          29 188 0.0003 0.0967 0.0013 0.8995 0.0022 
          30 188 0.0058 0.0828 0.0006 0.9102 0.0006 
          31 188 0.0011 0.0050 0.0008 0.9888 0.0043 
          32 188 0.0006 0.0025 0.0006 0.9958 0.0006 
          33 188 0.0003 0.0051 0.0003 0.9905 0.0038 
          34 188 0.0011 0.0009 0.0005 0.9921 0.0055 
          35 188 0.0014 0.0155 0.0035 0.9287 0.0508 
          36 188 0.0555 0.0640 0.0023 0.8772 0.0011 
          37 188 0.0006 0.0020 0.0012 0.9957 0.0005 
          38 188 0.0548 0.0190 0.0010 0.9239 0.0014 
          39 188 0.0005 0.0670 0.0063 0.9253 0.0008 
          40 188 0.0017 0.0013 0.0005 0.9960 0.0005 
           7 189 0.0027 0.0026 0.0004 0.9937 0.0005 
           8 189 0.0093 0.0014 0.0004 0.9880 0.0009 
           9 189 0.0032 0.0018 0.0006 0.9924 0.0020 
          10 189 0.0055 0.0024 0.0004 0.9914 0.0002 
          11 189 0.0016 0.0015 0.0160 0.9756 0.0053 
          12 189 0.0100 0.0471 0.0019 0.9403 0.0007 
          13 189 0.0005 0.0013 0.0008 0.9957 0.0016 
          14 189 0.0059 0.0260 0.0002 0.9631 0.0048 
          16 189 0.0009 0.1627 0.0049 0.8295 0.0020 
          17 189 0.0003 0.0019 0.0009 0.9959 0.0010 
          18 189 0.0054 0.0357 0.0010 0.9564 0.0014 
          19 189 0.0027 0.0012 0.0022 0.9879 0.0060 
          20 189 0.0084 0.0398 0.0004 0.9507 0.0007 
          21 189 0.0030 0.0053 0.0005 0.9903 0.0009 
          23 189 0.0005 0.0015 0.0013 0.9945 0.0023 
          24 189 0.0455 0.0027 0.0009 0.9501 0.0008 
          25 189 0.0011 0.0056 0.0006 0.9908 0.0019 
          26 189 0.0058 0.0068 0.0022 0.9837 0.0015 
          27 189 0.0005 0.0021 0.0043 0.9903 0.0028 
          28 189 0.0003 0.0006 0.0011 0.9973 0.0007 
          29 189 0.0102 0.0012 0.0008 0.9864 0.0014 
          30 189 0.0038 0.0012 0.0017 0.9782 0.0151 
          31 189 0.0006 0.0011 0.0004 0.9947 0.0033 
          32 189 0.0331 0.0251 0.0012 0.9404 0.0003 
          33 189 0.0010 0.0013 0.0019 0.9886 0.0073 
          34 189 0.0002 0.0019 0.0044 0.9934 0.0002 
          35 189 0.0005 0.0012 0.0004 0.9972 0.0007 
          36 189 0.0110 0.0180 0.0005 0.9695 0.0011 
          37 189 0.0005 0.0013 0.0017 0.9912 0.0053 
          38 189 0.0004 0.0246 0.0042 0.9677 0.0031 
          39 189 0.0233 0.0019 0.0007 0.9730 0.0010 
          40 189 0.0021 0.1548 0.0014 0.8401 0.0015 
          41 189 0.0042 0.0069 0.0005 0.9829 0.0056 
          42 189 0.0032 0.1807 0.0245 0.7881 0.0035 
          43 189 0.0003 0.0060 0.0015 0.9916 0.0006 
           1 190 0.0007 0.1309 0.0016 0.8662 0.0007 
           3 190 0.0003 0.0047 0.0013 0.9813 0.0125 
           4 190 0.0006 0.0022 0.0011 0.9957 0.0004 
           5 190 0.0008 0.0351 0.0005 0.9628 0.0008 
           6 190 0.0007 0.0010 0.0012 0.9963 0.0008 
           7 190 0.0010 0.0014 0.0002 0.9954 0.0020 
           8 190 0.0065 0.0073 0.0012 0.9486 0.0364 
           9 190 0.1133 0.2623 0.0148 0.5219 0.0878 
          10 190 0.0006 0.0029 0.0007 0.9953 0.0006 
          11 190 0.0107 0.0056 0.0156 0.9677 0.0004 
          12 190 0.0008 0.0011 0.0017 0.9951 0.0013 
          13 190 0.0006 0.0023 0.0011 0.9958 0.0003 
          14 190 0.0010 0.0021 0.0042 0.9922 0.0005 
          15 190 0.0005 0.0130 0.0265 0.9577 0.0024 
          16 190 0.0028 0.0023 0.0003 0.9940 0.0006 
          17 190 0.0038 0.0017 0.0048 0.9889 0.0008 
          18 190 0.0014 0.0342 0.0005 0.9616 0.0024 
          19 190 0.0006 0.0017 0.0007 0.9958 0.0012 
          20 190 0.0004 0.0011 0.0006 0.9898 0.0081 
          22 190 0.0415 0.0908 0.0008 0.8661 0.0008 
          23 190 0.0070 0.0025 0.0007 0.9890 0.0008 
          24 190 0.0007 0.0785 0.0007 0.9194 0.0006 
          25 190 0.0018 0.0038 0.0008 0.9933 0.0004 
          26 190 0.0003 0.0009 0.0016 0.9957 0.0016 
          27 190 0.0003 0.0049 0.0169 0.9769 0.0009 
          28 190 0.0017 0.0045 0.0063 0.9868 0.0007 
          29 190 0.0059 0.0071 0.0003 0.9864 0.0002 
          31 190 0.0302 0.0077 0.0006 0.9612 0.0004 
           7 191 0.0003 0.0017 0.0002 0.9972 0.0005 
           8 191 0.0044 0.0018 0.0005 0.9926 0.0006 
           9 191 0.0006 0.0011 0.0004 0.9975 0.0004 
          10 191 0.0004 0.0018 0.0004 0.9922 0.0052 
          11 191 0.0049 0.0016 0.0005 0.9923 0.0008 
          12 191 0.0005 0.0304 0.0735 0.8953 0.0003 
          13 191 0.0009 0.0049 0.0006 0.9928 0.0008 
          14 191 0.0045 0.0052 0.0014 0.9885 0.0004 
          15 191 0.0008 0.0801 0.0013 0.9158 0.0021 
          16 191 0.0010 0.0021 0.0007 0.9935 0.0026 
          17 191 0.0170 0.0491 0.0010 0.8862 0.0466 
          18 191 0.0034 0.0013 0.0007 0.9937 0.0009 
          19 191 0.0124 0.0069 0.0016 0.9748 0.0043 
          20 191 0.0035 0.0119 0.0002 0.9831 0.0012 
          21 191 0.0015 0.0318 0.0038 0.9370 0.0259 
          22 191 0.0017 0.0020 0.0003 0.9954 0.0005 
          23 191 0.0004 0.0087 0.0008 0.9890 0.0011 
          24 191 0.0005 0.0030 0.0004 0.9958 0.0004 
          25 191 0.0017 0.0210 0.0009 0.9760 0.0004 
          26 191 0.0098 0.0987 0.0006 0.8887 0.0022 
          27 191 0.0007 0.0021 0.0008 0.9956 0.0006 
          28 191 0.0029 0.0011 0.0006 0.9912 0.0042 
          29 191 0.0006 0.0025 0.0004 0.9794 0.0171 
          30 191 0.0002 0.0020 0.0007 0.9968 0.0002 
          39 191 0.0030 0.0016 0.0187 0.9763 0.0005 
          40 191 0.0012 0.0016 0.0006 0.9962 0.0004 
          41 191 0.0006 0.0626 0.0007 0.9319 0.0042 
          42 191 0.0003 0.0014 0.0006 0.9975 0.0002 
          43 191 0.0004 0.0585 0.0006 0.9395 0.0009 
          44 191 0.0057 0.0045 0.0002 0.9842 0.0055 
          45 191 0.0013 0.0014 0.0050 0.9898 0.0025 
          46 191 0.0015 0.1285 0.0003 0.8537 0.0160 
          47 191 0.0019 0.0053 0.0012 0.9897 0.0019 
          48 191 0.0011 0.0012 0.0033 0.9932 0.0012 
          49 191 0.0078 0.0023 0.0045 0.9726 0.0127 
          50 191 0.0009 0.0024 0.0008 0.9950 0.0009 
           9 192 0.0004 0.0009 0.0004 0.9981 0.0002 
          10 192 0.0016 0.0026 0.0016 0.9940 0.0002 
          11 192 0.0002 0.0436 0.0010 0.9491 0.0061 
          12 192 0.0012 0.0030 0.0006 0.9947 0.0005 
          13 192 0.0303 0.0508 0.0013 0.9168 0.0009 
          14 192 0.0005 0.0106 0.0002 0.9228 0.0660 
          15 192 0.0012 0.0007 0.0025 0.9942 0.0014 
          16 192 0.0090 0.0011 0.0004 0.9889 0.0006 
          17 192 0.0107 0.0113 0.0096 0.9671 0.0013 
          18 192 0.0008 0.0069 0.0007 0.9909 0.0008 
          19 192 0.0044 0.0021 0.0019 0.9911 0.0004 
          20 192 0.0005 0.0239 0.0207 0.9540 0.0010 
          21 192 0.0004 0.0010 0.0070 0.9911 0.0006 
          22 192 0.0103 0.0040 0.0015 0.9675 0.0168 
          23 192 0.0005 0.1060 0.0010 0.8885 0.0039 
          24 192 0.0031 0.0019 0.0028 0.9917 0.0006 
          33 192 0.0004 0.0750 0.0076 0.9157 0.0012 
          35 192 0.0006 0.0015 0.0053 0.9907 0.0019 
          36 192 0.0004 0.0014 0.0011 0.9967 0.0004 
          37 192 0.0005 0.0014 0.0007 0.9965 0.0009 
          38 192 0.0026 0.0366 0.0004 0.9599 0.0005 
          39 192 0.0013 0.0022 0.0005 0.9952 0.0007 
          40 192 0.0038 0.0756 0.0003 0.9200 0.0003 
          41 192 0.0095 0.0457 0.0002 0.9436 0.0010 
          42 192 0.0026 0.0441 0.0003 0.9483 0.0047 
          43 192 0.0012 0.0011 0.0024 0.9927 0.0025 
          45 192 0.0005 0.0014 0.0032 0.9939 0.0010 
          46 192 0.0042 0.0020 0.0208 0.9719 0.0012 
          47 192 0.0008 0.0022 0.0004 0.9959 0.0008 
          48 192 0.0008 0.0014 0.0003 0.9965 0.0010 
          49 192 0.0463 0.0086 0.0041 0.9405 0.0005 
          50 192 0.0003 0.0020 0.0007 0.9965 0.0004 
