        001s  1 0.9402 0.0003 0.0008 0.0576 0.0006 0.0004 
        002s  1 0.0504 0.0027 0.0004 0.9447 0.0008 0.0010 
        003s  1 0.0060 0.0006 0.0103 0.9778 0.0033 0.0021 
        004s  1 0.5763 0.0338 0.0002 0.3814 0.0046 0.0036 
        005s  1 0.0065 0.2073 0.0003 0.5624 0.2226 0.0009 
        006s  1 0.9934 0.0016 0.0004 0.0039 0.0003 0.0004 
        007s  1 0.9761 0.0003 0.0007 0.0174 0.0029 0.0026 
        008s  1 0.0910 0.0011 0.0012 0.9024 0.0034 0.0010 
        009s  1 0.5092 0.0056 0.0019 0.4183 0.0580 0.0070 
        010s  1 0.9834 0.0007 0.0006 0.0071 0.0079 0.0004 
        011s  1 0.9846 0.0023 0.0043 0.0054 0.0015 0.0019 
        012s  1 0.8466 0.0046 0.0044 0.0211 0.1220 0.0012 
        013s  1 0.9567 0.0258 0.0008 0.0062 0.0020 0.0084 
        014s  1 0.9465 0.0014 0.0165 0.0046 0.0255 0.0055 
        015s  1 0.9914 0.0004 0.0006 0.0067 0.0006 0.0004 
        016s  1 0.8845 0.0004 0.0009 0.1050 0.0022 0.0071 
        018s  1 0.4994 0.0018 0.0007 0.3504 0.1464 0.0013 
        019s  1 0.9182 0.0004 0.0045 0.0594 0.0165 0.0010 
        020s  1 0.9708 0.0002 0.0066 0.0143 0.0005 0.0075 
        021s  1 0.9731 0.0094 0.0007 0.0108 0.0003 0.0057 
        022s  1 0.0065 0.0002 0.0005 0.9921 0.0002 0.0005 
        023s  1 0.4613 0.0003 0.0010 0.5270 0.0003 0.0100 
        024s  1 0.9889 0.0007 0.0005 0.0082 0.0009 0.0007 
        025s  1 0.8683 0.0014 0.0004 0.1236 0.0054 0.0010 
        026s  1 0.9663 0.0007 0.0044 0.0199 0.0009 0.0077 
        027s  1 0.8061 0.0091 0.0005 0.1795 0.0016 0.0031 
        028s  1 0.8742 0.0533 0.0008 0.0135 0.0576 0.0006 
        029s  1 0.9830 0.0005 0.0043 0.0107 0.0007 0.0008 
        030s  1 0.9644 0.0035 0.0079 0.0228 0.0008 0.0007 
        031s  1 0.9879 0.0002 0.0004 0.0100 0.0004 0.0010 
        032s  1 0.9916 0.0007 0.0013 0.0052 0.0006 0.0007 
        033s  1 0.9865 0.0010 0.0008 0.0067 0.0039 0.0011 
        034s  1 0.0389 0.0011 0.0030 0.9030 0.0011 0.0528 
        035s  1 0.9919 0.0012 0.0016 0.0032 0.0013 0.0008 
        036s  1 0.5330 0.0009 0.0003 0.3734 0.0917 0.0006 
        037s  1 0.8031 0.0077 0.0011 0.0367 0.1117 0.0398 
        038s  1 0.9814 0.0005 0.0006 0.0151 0.0014 0.0009 
        039s  1 0.9556 0.0205 0.0008 0.0224 0.0003 0.0004 
        040s  1 0.9737 0.0034 0.0006 0.0185 0.0010 0.0029 
        041s  1 0.9765 0.0004 0.0008 0.0160 0.0031 0.0031 
        042s  1 0.7878 0.0004 0.0007 0.0570 0.0761 0.0780 
        043s  1 0.0076 0.0009 0.0012 0.9783 0.0115 0.0005 
        044s  1 0.1790 0.0121 0.0025 0.7052 0.0914 0.0097 
        045s  1 0.9855 0.0014 0.0007 0.0068 0.0051 0.0006 
        046s  1 0.9886 0.0004 0.0020 0.0075 0.0010 0.0005 
        047s  1 0.9825 0.0003 0.0013 0.0106 0.0008 0.0046 
        048s  1 0.7524 0.0003 0.0002 0.1819 0.0644 0.0007 
        049s  1 0.0307 0.0009 0.0006 0.9670 0.0004 0.0004 
        050s  1 0.8735 0.0029 0.0004 0.0221 0.1006 0.0005 
        051s  1 0.9701 0.0004 0.0224 0.0060 0.0004 0.0007 
        052s  1 0.3906 0.0089 0.0193 0.5732 0.0061 0.0020 
        053s  1 0.9950 0.0004 0.0003 0.0019 0.0019 0.0005 
        054s  1 0.9889 0.0029 0.0018 0.0053 0.0003 0.0008 
        055s  1 0.8419 0.0015 0.0020 0.0008 0.0891 0.0647 
          01  2 0.8475 0.0012 0.0271 0.0024 0.1205 0.0012 
          02  2 0.9714 0.0021 0.0016 0.0099 0.0144 0.0007 
          03  2 0.9784 0.0007 0.0005 0.0178 0.0013 0.0013 
          04  2 0.6592 0.0153 0.0007 0.3097 0.0036 0.0114 
          05  2 0.0017 0.0003 0.0003 0.8742 0.1231 0.0005 
          06  2 0.9404 0.0014 0.0005 0.0247 0.0324 0.0006 
          07  2 0.9752 0.0025 0.0008 0.0117 0.0092 0.0007 
          08  2 0.0081 0.0005 0.0009 0.9083 0.0812 0.0009 
          09  2 0.9735 0.0003 0.0084 0.0169 0.0005 0.0004 
          10  2 0.9744 0.0007 0.0006 0.0225 0.0014 0.0004 
          11  2 0.9716 0.0011 0.0083 0.0090 0.0075 0.0025 
          12  2 0.8412 0.0007 0.0014 0.1558 0.0006 0.0003 
          13  2 0.9493 0.0004 0.0007 0.0485 0.0005 0.0006 
          14  2 0.6362 0.0061 0.0027 0.3282 0.0002 0.0266 
          15  2 0.7506 0.0008 0.0011 0.2461 0.0005 0.0009 
          16  2 0.9291 0.0591 0.0020 0.0055 0.0011 0.0033 
          17  2 0.6764 0.0009 0.0008 0.3185 0.0024 0.0009 
          18  2 0.9748 0.0033 0.0014 0.0044 0.0152 0.0009 
          19  2 0.9830 0.0003 0.0017 0.0099 0.0011 0.0041 
          20  2 0.9133 0.0059 0.0011 0.0196 0.0528 0.0073 
          21  2 0.9745 0.0004 0.0171 0.0063 0.0012 0.0006 
          22  2 0.9796 0.0032 0.0049 0.0067 0.0014 0.0042 
          23  2 0.9858 0.0020 0.0008 0.0086 0.0010 0.0017 
          24  2 0.9844 0.0005 0.0011 0.0130 0.0005 0.0006 
          25  2 0.9548 0.0251 0.0019 0.0124 0.0052 0.0007 
          26  2 0.0031 0.0004 0.0007 0.9951 0.0004 0.0003 
          27  2 0.9422 0.0282 0.0009 0.0246 0.0009 0.0032 
          28  2 0.9583 0.0002 0.0007 0.0362 0.0012 0.0034 
          29  2 0.9893 0.0009 0.0008 0.0081 0.0007 0.0002 
          30  2 0.6573 0.0005 0.0090 0.0923 0.1582 0.0827 
          01  3 0.1087 0.2191 0.0003 0.2330 0.4300 0.0090 
          02  3 0.1254 0.4625 0.0737 0.0016 0.3315 0.0053 
          03  3 0.3657 0.3137 0.0003 0.0035 0.3157 0.0011 
          04  3 0.1811 0.3521 0.0008 0.0007 0.4645 0.0008 
          05  3 0.0006 0.4015 0.1146 0.0005 0.3615 0.1213 
          06  3 0.0782 0.4977 0.0003 0.0007 0.4226 0.0006 
          07  3 0.3704 0.2498 0.0010 0.0024 0.3761 0.0002 
          08  3 0.0153 0.3239 0.0053 0.2767 0.3743 0.0046 
          09  3 0.2987 0.2679 0.0002 0.0021 0.4274 0.0036 
          10  3 0.0140 0.4186 0.2209 0.0101 0.2028 0.1336 
          11  3 0.2739 0.3064 0.0004 0.0044 0.4148 0.0002 
          12  3 0.2529 0.3141 0.0002 0.0120 0.4202 0.0005 
          13  3 0.0011 0.5209 0.0175 0.0034 0.4569 0.0002 
          14  3 0.0021 0.4585 0.0462 0.0020 0.3344 0.1570 
          15  3 0.3076 0.2767 0.0003 0.0338 0.3802 0.0015 
          16  3 0.0473 0.6026 0.0057 0.0281 0.3118 0.0045 
          17  3 0.3894 0.1787 0.0007 0.0098 0.4210 0.0003 
          18  3 0.0094 0.3366 0.1663 0.0014 0.2070 0.2794 
          19  3 0.0530 0.4643 0.0008 0.1075 0.3714 0.0032 
          20  3 0.1672 0.3116 0.0004 0.0043 0.4586 0.0579 
          21  3 0.2327 0.3759 0.0011 0.0150 0.3724 0.0030 
          22  3 0.0655 0.2291 0.0003 0.2143 0.4870 0.0038 
          23  3 0.1687 0.3582 0.0003 0.0596 0.4123 0.0009 
          24  3 0.0273 0.2875 0.1713 0.0148 0.4948 0.0042 
          25  3 0.0003 0.3064 0.2503 0.0004 0.3128 0.1298 
          26  3 0.2142 0.3416 0.0008 0.0063 0.4365 0.0004 
          27  3 0.0230 0.3704 0.1323 0.0392 0.2592 0.1759 
          28  3 0.0642 0.4648 0.0022 0.0195 0.4491 0.0003 
          29  3 0.0466 0.4214 0.0030 0.1255 0.3946 0.0089 
          30  3 0.0981 0.2493 0.0013 0.2027 0.4484 0.0002 
         001  4 0.0001 0.0001 0.0001 0.0001 0.9996 0.0001 
         002  4 0.0002 0.0002 0.0002 0.0002 0.9991 0.0001 
         003  4 0.0001 0.0001 0.0001 0.0001 0.9995 0.0001 
         004  4 0.0001 0.0001 0.0001 0.0001 0.9995 0.0001 
         005  4 0.0001 0.0002 0.0003 0.0001 0.9991 0.0001 
         006  4 0.0005 0.0727 0.0002 0.0004 0.9259 0.0003 
         007  4 0.0019 0.0529 0.0002 0.0036 0.9407 0.0007 
         008  4 0.0006 0.0003 0.0028 0.0006 0.9881 0.0077 
         009  4 0.0001 0.0001 0.0001 0.0001 0.9994 0.0001 
         010  4 0.0001 0.0041 0.0001 0.0001 0.9957 0.0001 
         011  4 0.0006 0.0163 0.0004 0.0004 0.9430 0.0392 
         012  4 0.0001 0.0000 0.0001 0.0001 0.9996 0.0001 
         013  4 0.0001 0.0001 0.0001 0.0001 0.9996 0.0001 
         014  4 0.0001 0.0001 0.0001 0.0001 0.9994 0.0002 
         015  4 0.0001 0.0001 0.0001 0.0001 0.9997 0.0001 
         016  4 0.0001 0.0001 0.0001 0.0001 0.9996 0.0001 
         017  4 0.0001 0.0002 0.0001 0.0001 0.9994 0.0001 
         019  4 0.0003 0.0845 0.0003 0.0003 0.9141 0.0005 
         020  4 0.0002 0.0001 0.0003 0.0001 0.9992 0.0001 
         021  4 0.0003 0.0096 0.0003 0.0004 0.9891 0.0003 
         001  5 0.0005 0.0003 0.0012 0.0004 0.9619 0.0357 
         002  5 0.0256 0.0005 0.0013 0.0112 0.9578 0.0037 
         003  5 0.0972 0.0753 0.0003 0.0674 0.7552 0.0046 
         004  5 0.0469 0.0006 0.0003 0.0116 0.9364 0.0041 
         005  5 0.0003 0.0012 0.0002 0.0003 0.9973 0.0006 
         006  5 0.0003 0.1017 0.0006 0.0002 0.8970 0.0002 
         007  5 0.0003 0.0884 0.0002 0.0003 0.9104 0.0003 
         008  5 0.0001 0.0033 0.0002 0.0001 0.9962 0.0001 
         009  5 0.0449 0.0033 0.0002 0.0217 0.9289 0.0009 
         010  5 0.0019 0.0686 0.0003 0.0011 0.9259 0.0022 
         011  5 0.0012 0.0007 0.0003 0.0013 0.9924 0.0042 
         012  5 0.0381 0.0784 0.0007 0.0140 0.8670 0.0018 
         013  5 0.1724 0.0517 0.0004 0.0224 0.7522 0.0009 
         014  5 0.0874 0.0950 0.0137 0.0677 0.7025 0.0337 
         015  5 0.0002 0.0306 0.0002 0.0001 0.9687 0.0002 
         016  5 0.0017 0.0592 0.0008 0.0011 0.9367 0.0004 
         017  5 0.0306 0.0800 0.0023 0.0076 0.8793 0.0002 
         018  5 0.0057 0.0407 0.0285 0.0138 0.8759 0.0353 
         019  5 0.0004 0.0001 0.0075 0.0003 0.9898 0.0018 
         020  5 0.0001 0.0001 0.0001 0.0001 0.9994 0.0001 
         021  5 0.1362 0.0002 0.0004 0.0038 0.8577 0.0017 
         022  5 0.0114 0.0047 0.0025 0.0036 0.9261 0.0517 
         023  5 0.0022 0.0296 0.0003 0.0006 0.9652 0.0021 
         024  5 0.0312 0.0657 0.0003 0.0142 0.8880 0.0005 
         025  5 0.0256 0.0724 0.0010 0.0092 0.8913 0.0005 
         026  5 0.1441 0.0141 0.0003 0.0025 0.8384 0.0005 
         027  5 0.0001 0.0002 0.0001 0.0001 0.9993 0.0002 
         028  5 0.0113 0.0498 0.0005 0.0033 0.9227 0.0125 
         029  5 0.0004 0.0020 0.0002 0.0003 0.9969 0.0002 
         030  5 0.0005 0.0010 0.0056 0.0007 0.9901 0.0022 
        001s  6 0.7793 0.0280 0.0006 0.1769 0.0007 0.0146 
        002s  6 0.9225 0.0005 0.0187 0.0118 0.0458 0.0006 
        003s  6 0.4960 0.0005 0.0004 0.4892 0.0104 0.0035 
        004s  6 0.9695 0.0002 0.0004 0.0288 0.0005 0.0007 
        006s  6 0.8979 0.0138 0.0012 0.0187 0.0585 0.0099 
        007s  6 0.9847 0.0022 0.0007 0.0114 0.0005 0.0005 
        008s  6 0.9491 0.0005 0.0025 0.0411 0.0023 0.0045 
        009s  6 0.9808 0.0005 0.0010 0.0167 0.0003 0.0007 
        010s  6 0.9615 0.0075 0.0084 0.0042 0.0074 0.0110 
        011s  6 0.9879 0.0020 0.0002 0.0080 0.0005 0.0013 
        012s  6 0.9862 0.0038 0.0025 0.0054 0.0006 0.0014 
        013s  6 0.9851 0.0006 0.0005 0.0121 0.0012 0.0005 
        014s  6 0.7983 0.0003 0.0003 0.1140 0.0868 0.0004 
        015s  6 0.9699 0.0065 0.0006 0.0089 0.0081 0.0060 
        016s  6 0.9921 0.0008 0.0005 0.0049 0.0005 0.0013 
        018s  6 0.7093 0.0014 0.0006 0.0201 0.2659 0.0028 
        019s  6 0.9012 0.0016 0.0007 0.0844 0.0095 0.0026 
        020s  6 0.9648 0.0006 0.0005 0.0332 0.0003 0.0005 
        021s  6 0.9763 0.0119 0.0013 0.0056 0.0014 0.0035 
        022s  6 0.9571 0.0003 0.0005 0.0378 0.0011 0.0033 
        023s  6 0.0181 0.0006 0.0004 0.9588 0.0213 0.0008 
        024s  6 0.9558 0.0022 0.0021 0.0077 0.0316 0.0006 
        025s  6 0.9147 0.0010 0.0006 0.0157 0.0017 0.0663 
        026s  6 0.9877 0.0006 0.0016 0.0091 0.0005 0.0005 
        027s  6 0.9524 0.0004 0.0011 0.0447 0.0010 0.0004 
        028s  6 0.9346 0.0071 0.0440 0.0029 0.0072 0.0041 
        029s  6 0.9892 0.0003 0.0014 0.0077 0.0004 0.0009 
        030s  6 0.9037 0.0010 0.0014 0.0156 0.0721 0.0063 
        031s  6 0.0251 0.0033 0.0004 0.9693 0.0015 0.0004 
        032s  6 0.9857 0.0014 0.0004 0.0046 0.0072 0.0006 
        033s  6 0.9057 0.0002 0.0004 0.0013 0.0919 0.0004 
        034s  6 0.9398 0.0020 0.0005 0.0436 0.0012 0.0129 
        035s  6 0.0033 0.0004 0.0010 0.8537 0.1399 0.0017 
        036s  6 0.9875 0.0055 0.0003 0.0051 0.0007 0.0009 
        037s  6 0.9877 0.0006 0.0022 0.0068 0.0008 0.0019 
        038s  6 0.9072 0.0020 0.0010 0.0888 0.0003 0.0008 
        039s  6 0.9495 0.0004 0.0007 0.0486 0.0003 0.0006 
        040s  6 0.5415 0.0029 0.0007 0.4542 0.0003 0.0004 
        041s  6 0.0985 0.0002 0.0057 0.8475 0.0430 0.0052 
        042s  6 0.9363 0.0005 0.0019 0.0058 0.0085 0.0471 
        043s  6 0.9836 0.0009 0.0002 0.0091 0.0007 0.0054 
        044s  6 0.9791 0.0004 0.0025 0.0164 0.0007 0.0008 
        045s  6 0.9722 0.0004 0.0008 0.0187 0.0059 0.0020 
        001s  7 0.0050 0.0003 0.0003 0.9925 0.0008 0.0011 
        002s  7 0.1339 0.0014 0.0013 0.8434 0.0186 0.0015 
        003s  7 0.0191 0.0013 0.0014 0.9760 0.0013 0.0010 
        004s  7 0.9877 0.0025 0.0012 0.0073 0.0008 0.0006 
        005s  7 0.9744 0.0017 0.0006 0.0119 0.0094 0.0020 
        006s  7 0.9348 0.0010 0.0003 0.0028 0.0548 0.0064 
        007s  7 0.9691 0.0066 0.0124 0.0047 0.0056 0.0017 
        008s  7 0.0040 0.0004 0.0026 0.9774 0.0146 0.0011 
        009s  7 0.9778 0.0017 0.0004 0.0086 0.0029 0.0087 
        010s  7 0.0075 0.0003 0.0010 0.9891 0.0010 0.0011 
        011s  7 0.9798 0.0005 0.0010 0.0171 0.0006 0.0009 
        012s  7 0.9898 0.0006 0.0004 0.0083 0.0005 0.0005 
        013s  7 0.9850 0.0059 0.0006 0.0043 0.0004 0.0039 
        014s  7 0.1961 0.0007 0.0007 0.7688 0.0334 0.0003 
        015s  7 0.9759 0.0010 0.0015 0.0087 0.0120 0.0009 
        016s  7 0.0017 0.0002 0.0002 0.8887 0.1072 0.0019 
        017s  7 0.9854 0.0007 0.0003 0.0121 0.0011 0.0005 
        018s  7 0.9741 0.0005 0.0033 0.0195 0.0023 0.0004 
        019s  7 0.9325 0.0012 0.0026 0.0538 0.0014 0.0085 
        020s  7 0.9939 0.0014 0.0002 0.0035 0.0006 0.0003 
        021s  7 0.9920 0.0005 0.0014 0.0039 0.0014 0.0008 
        022s  7 0.9890 0.0027 0.0003 0.0053 0.0019 0.0008 
        023s  7 0.9601 0.0012 0.0014 0.0146 0.0082 0.0146 
        024s  7 0.9709 0.0006 0.0015 0.0251 0.0013 0.0007 
        025s  7 0.9870 0.0047 0.0010 0.0057 0.0008 0.0009 
        026s  7 0.0066 0.0002 0.0010 0.9899 0.0015 0.0008 
        027s  7 0.6525 0.0008 0.0017 0.3437 0.0008 0.0005 
        028s  7 0.9451 0.0006 0.0002 0.0480 0.0056 0.0006 
        029s  7 0.9071 0.0009 0.0008 0.0811 0.0081 0.0020 
        030s  7 0.8440 0.0005 0.0039 0.1474 0.0002 0.0040 
        031s  7 0.7898 0.0010 0.0005 0.1952 0.0019 0.0116 
        032s  7 0.8946 0.0003 0.0036 0.0037 0.0976 0.0003 
        033s  7 0.9508 0.0009 0.0030 0.0074 0.0363 0.0016 
        034s  7 0.9544 0.0397 0.0013 0.0029 0.0012 0.0005 
        035s  7 0.9942 0.0003 0.0005 0.0033 0.0003 0.0014 
        036s  7 0.9784 0.0035 0.0007 0.0094 0.0006 0.0074 
        037s  7 0.7321 0.0048 0.0004 0.1958 0.0633 0.0036 
        038s  7 0.9431 0.0006 0.0008 0.0406 0.0132 0.0017 
        039s  7 0.0310 0.0003 0.0004 0.9674 0.0005 0.0003 
        040s  7 0.0018 0.0210 0.0003 0.9641 0.0121 0.0007 
        041s  7 0.9477 0.0007 0.0018 0.0188 0.0300 0.0010 
        042s  7 0.0071 0.0006 0.0003 0.9883 0.0033 0.0004 
        043s  7 0.9872 0.0002 0.0006 0.0073 0.0010 0.0037 
        044s  7 0.9099 0.0126 0.0010 0.0042 0.0500 0.0223 
         003  8 0.9825 0.0012 0.0092 0.0031 0.0034 0.0006 
         009  8 0.9913 0.0004 0.0005 0.0052 0.0012 0.0014 
         010  8 0.9722 0.0002 0.0004 0.0248 0.0004 0.0020 
         017  8 0.9885 0.0007 0.0012 0.0055 0.0007 0.0034 
         002  9 0.9906 0.0006 0.0006 0.0070 0.0003 0.0009 
         003  9 0.9956 0.0003 0.0003 0.0033 0.0002 0.0004 
         004  9 0.9926 0.0003 0.0005 0.0052 0.0004 0.0011 
         005  9 0.9852 0.0010 0.0009 0.0081 0.0003 0.0044 
         006  9 0.9934 0.0007 0.0006 0.0032 0.0006 0.0015 
         007  9 0.9897 0.0003 0.0012 0.0047 0.0030 0.0012 
         009  9 0.9897 0.0003 0.0013 0.0055 0.0017 0.0015 
         010  9 0.9906 0.0004 0.0017 0.0057 0.0003 0.0014 
         013  9 0.9824 0.0006 0.0004 0.0142 0.0010 0.0015 
         014  9 0.9807 0.0003 0.0042 0.0128 0.0004 0.0018 
         016  9 0.9945 0.0002 0.0010 0.0037 0.0002 0.0005 
         018  9 0.9678 0.0010 0.0036 0.0258 0.0006 0.0012 
         019  9 0.9922 0.0006 0.0038 0.0025 0.0005 0.0004 
         020  9 0.9955 0.0003 0.0005 0.0031 0.0004 0.0003 
         021  9 0.9775 0.0002 0.0004 0.0207 0.0004 0.0008 
         022  9 0.8848 0.0004 0.0013 0.1127 0.0003 0.0006 
         024  9 0.9870 0.0004 0.0020 0.0070 0.0005 0.0031 
         028  9 0.9911 0.0005 0.0005 0.0061 0.0004 0.0014 
         029  9 0.9908 0.0004 0.0011 0.0067 0.0003 0.0007 
         030  9 0.9903 0.0003 0.0009 0.0072 0.0004 0.0009 
         031  9 0.9898 0.0004 0.0010 0.0063 0.0022 0.0004 
         033  9 0.9855 0.0004 0.0006 0.0069 0.0055 0.0011 
         001 10 0.9854 0.0004 0.0009 0.0124 0.0006 0.0004 
         002 10 0.9941 0.0002 0.0011 0.0037 0.0003 0.0006 
         003 10 0.9818 0.0008 0.0005 0.0065 0.0002 0.0101 
         004 10 0.9616 0.0003 0.0005 0.0344 0.0003 0.0029 
         005 10 0.9919 0.0004 0.0012 0.0053 0.0004 0.0008 
         006 10 0.9941 0.0004 0.0005 0.0033 0.0012 0.0005 
         007 10 0.9937 0.0004 0.0005 0.0033 0.0005 0.0016 
         008 10 0.9906 0.0006 0.0007 0.0044 0.0006 0.0031 
         009 10 0.9907 0.0013 0.0028 0.0044 0.0005 0.0003 
         010 10 0.9897 0.0004 0.0024 0.0061 0.0006 0.0008 
         011 10 0.9572 0.0012 0.0004 0.0091 0.0005 0.0316 
         012 10 0.9907 0.0009 0.0004 0.0048 0.0006 0.0026 
         013 10 0.9881 0.0023 0.0008 0.0078 0.0003 0.0006 
         014 10 0.9862 0.0007 0.0005 0.0113 0.0004 0.0008 
         016 10 0.9845 0.0008 0.0015 0.0119 0.0006 0.0008 
         017 10 0.9894 0.0009 0.0013 0.0071 0.0006 0.0007 
         018 10 0.9869 0.0003 0.0021 0.0036 0.0064 0.0007 
         019 10 0.9906 0.0003 0.0042 0.0033 0.0004 0.0012 
         020 10 0.9853 0.0008 0.0057 0.0058 0.0007 0.0017 
         021 10 0.9843 0.0003 0.0014 0.0129 0.0007 0.0004 
         022 10 0.9802 0.0007 0.0004 0.0175 0.0002 0.0010 
         023 10 0.9928 0.0005 0.0005 0.0051 0.0002 0.0008 
         024 10 0.9945 0.0002 0.0011 0.0025 0.0003 0.0014 
         026 10 0.9953 0.0004 0.0005 0.0030 0.0004 0.0004 
        001s 11 0.3657 0.0004 0.0009 0.5361 0.0869 0.0101 
        002s 11 0.9790 0.0069 0.0031 0.0095 0.0005 0.0011 
        003s 11 0.7777 0.0004 0.0010 0.2153 0.0050 0.0007 
        004s 11 0.9312 0.0017 0.0003 0.0655 0.0004 0.0010 
        005s 11 0.9205 0.0005 0.0032 0.0736 0.0018 0.0005 
        006s 11 0.9782 0.0099 0.0016 0.0071 0.0014 0.0019 
        007s 11 0.9359 0.0361 0.0015 0.0177 0.0077 0.0010 
        008s 11 0.9597 0.0005 0.0006 0.0381 0.0006 0.0004 
        009s 11 0.9789 0.0004 0.0154 0.0045 0.0003 0.0004 
        010s 11 0.9864 0.0003 0.0003 0.0105 0.0018 0.0006 
        011s 11 0.0205 0.0046 0.0003 0.8646 0.1019 0.0082 
        012s 11 0.8428 0.0003 0.0005 0.0449 0.1112 0.0004 
        013s 11 0.8626 0.0007 0.0002 0.1344 0.0013 0.0009 
        014s 11 0.0061 0.0042 0.0014 0.9838 0.0034 0.0011 
        015s 11 0.9352 0.0017 0.0011 0.0567 0.0016 0.0037 
        016s 11 0.8857 0.0006 0.0058 0.0139 0.0446 0.0495 
        017s 11 0.0507 0.0007 0.0006 0.8573 0.0876 0.0031 
        018s 11 0.0083 0.0009 0.0008 0.9855 0.0037 0.0008 
        019s 11 0.9739 0.0008 0.0003 0.0052 0.0007 0.0192 
        020s 11 0.2126 0.0007 0.0023 0.7813 0.0013 0.0018 
        021s 11 0.9906 0.0006 0.0004 0.0070 0.0005 0.0009 
        022s 11 0.8472 0.0298 0.0007 0.1209 0.0008 0.0006 
        023s 11 0.0079 0.0003 0.0005 0.9326 0.0409 0.0178 
        025s 11 0.9916 0.0005 0.0002 0.0064 0.0003 0.0010 
        026s 11 0.9169 0.0005 0.0006 0.0045 0.0283 0.0493 
        027s 11 0.9923 0.0016 0.0004 0.0045 0.0007 0.0004 
        028s 11 0.9701 0.0007 0.0004 0.0202 0.0072 0.0013 
        029s 11 0.9409 0.0004 0.0007 0.0052 0.0526 0.0003 
        030s 11 0.9429 0.0018 0.0008 0.0053 0.0482 0.0010 
        031s 11 0.9687 0.0008 0.0006 0.0292 0.0003 0.0004 
        032s 11 0.8195 0.0003 0.0008 0.1761 0.0012 0.0021 
        033s 11 0.7632 0.0003 0.0010 0.2310 0.0035 0.0009 
        034s 11 0.0096 0.0012 0.0003 0.9875 0.0009 0.0004 
        035s 11 0.2858 0.0023 0.0014 0.7078 0.0023 0.0004 
        036s 11 0.9398 0.0018 0.0016 0.0403 0.0161 0.0004 
        037s 11 0.0123 0.0004 0.0012 0.9821 0.0024 0.0017 
        038s 11 0.1679 0.0006 0.0008 0.8280 0.0019 0.0008 
        039s 11 0.9929 0.0002 0.0004 0.0041 0.0018 0.0006 
        040s 11 0.9246 0.0024 0.0005 0.0006 0.0715 0.0003 
        041s 11 0.9585 0.0008 0.0209 0.0164 0.0005 0.0029 
        042s 11 0.0263 0.0008 0.0009 0.9595 0.0008 0.0116 
        043s 11 0.9453 0.0005 0.0004 0.0072 0.0336 0.0131 
        044s 11 0.9349 0.0042 0.0013 0.0542 0.0004 0.0050 
        045s 11 0.9091 0.0016 0.0004 0.0795 0.0004 0.0090 
        046s 11 0.0601 0.0015 0.0009 0.8838 0.0199 0.0338 
        047s 11 0.9914 0.0013 0.0006 0.0053 0.0005 0.0009 
        048s 11 0.9585 0.0021 0.0017 0.0034 0.0038 0.0305 
        049s 11 0.9595 0.0005 0.0010 0.0369 0.0011 0.0010 
        050s 11 0.9933 0.0013 0.0004 0.0035 0.0005 0.0010 
        051s 11 0.8770 0.0209 0.0005 0.0530 0.0004 0.0482 
        052s 11 0.0079 0.0019 0.0013 0.9854 0.0018 0.0017 
        053s 11 0.9886 0.0003 0.0013 0.0086 0.0004 0.0007 
        054s 11 0.9812 0.0060 0.0005 0.0106 0.0010 0.0007 
        055s 11 0.0095 0.0008 0.0002 0.9244 0.0646 0.0005 
        001s 12 0.9855 0.0045 0.0011 0.0066 0.0015 0.0008 
        002s 12 0.9935 0.0005 0.0024 0.0021 0.0008 0.0006 
        003s 12 0.9930 0.0006 0.0005 0.0052 0.0004 0.0003 
        004s 12 0.9087 0.0006 0.0018 0.0294 0.0532 0.0063 
        005s 12 0.1297 0.0005 0.0009 0.8676 0.0004 0.0008 
        006s 12 0.8737 0.0025 0.0008 0.0915 0.0306 0.0009 
        007s 12 0.9905 0.0010 0.0031 0.0032 0.0009 0.0014 
        008s 12 0.9821 0.0009 0.0005 0.0078 0.0080 0.0007 
        009s 12 0.8157 0.0012 0.0212 0.1404 0.0182 0.0034 
        010s 12 0.9386 0.0293 0.0013 0.0230 0.0073 0.0005 
        011s 12 0.9802 0.0016 0.0008 0.0152 0.0014 0.0007 
        012s 12 0.9706 0.0067 0.0005 0.0181 0.0010 0.0032 
        013s 12 0.9550 0.0004 0.0006 0.0084 0.0007 0.0349 
        014s 12 0.1337 0.0356 0.0027 0.7827 0.0017 0.0436 
        015s 12 0.9887 0.0005 0.0015 0.0050 0.0033 0.0010 
        016s 12 0.9721 0.0004 0.0005 0.0214 0.0005 0.0051 
        017s 12 0.9664 0.0007 0.0003 0.0282 0.0033 0.0011 
        018s 12 0.9764 0.0003 0.0024 0.0171 0.0023 0.0016 
        019s 12 0.9810 0.0006 0.0025 0.0113 0.0042 0.0004 
        020s 12 0.9123 0.0004 0.0002 0.0046 0.0815 0.0009 
        021s 12 0.9524 0.0004 0.0005 0.0416 0.0029 0.0022 
        022s 12 0.9298 0.0011 0.0032 0.0206 0.0407 0.0047 
        023s 12 0.9904 0.0003 0.0007 0.0074 0.0004 0.0009 
        024s 12 0.1987 0.0003 0.0004 0.7991 0.0007 0.0008 
        025s 12 0.9867 0.0024 0.0036 0.0032 0.0031 0.0011 
        026s 12 0.9347 0.0005 0.0174 0.0149 0.0319 0.0007 
        027s 12 0.9921 0.0006 0.0004 0.0041 0.0024 0.0004 
        028s 12 0.0089 0.0004 0.0099 0.9759 0.0016 0.0033 
        029s 12 0.9369 0.0005 0.0002 0.0611 0.0005 0.0009 
        030s 12 0.9926 0.0011 0.0004 0.0048 0.0007 0.0004 
        031s 12 0.9860 0.0011 0.0006 0.0059 0.0043 0.0021 
        032s 12 0.0133 0.0004 0.0090 0.9762 0.0004 0.0006 
        033s 12 0.9897 0.0055 0.0006 0.0028 0.0011 0.0003 
        034s 12 0.1598 0.0004 0.0009 0.8384 0.0003 0.0003 
        035s 12 0.8303 0.0009 0.0005 0.1560 0.0118 0.0004 
        036s 12 0.7123 0.0062 0.0042 0.2737 0.0029 0.0007 
        037s 12 0.9936 0.0003 0.0011 0.0035 0.0008 0.0007 
        001s 13 0.9764 0.0005 0.0009 0.0091 0.0112 0.0018 
        002s 13 0.0126 0.0004 0.0003 0.9035 0.0826 0.0006 
        003s 13 0.9899 0.0003 0.0008 0.0072 0.0008 0.0010 
        004s 13 0.9500 0.0004 0.0106 0.0351 0.0006 0.0032 
        005s 13 0.9784 0.0044 0.0019 0.0111 0.0021 0.0020 
        006s 13 0.9778 0.0011 0.0008 0.0192 0.0006 0.0005 
        007s 13 0.9601 0.0311 0.0005 0.0067 0.0008 0.0008 
        008s 13 0.9374 0.0014 0.0011 0.0082 0.0513 0.0007 
        009s 13 0.8527 0.0026 0.0092 0.0073 0.1270 0.0013 
        010s 13 0.9161 0.0010 0.0012 0.0117 0.0687 0.0013 
        011s 13 0.9278 0.0283 0.0061 0.0301 0.0050 0.0027 
        012s 13 0.4267 0.0011 0.0032 0.4969 0.0529 0.0191 
        013s 13 0.5939 0.0113 0.0012 0.3677 0.0187 0.0072 
        014s 13 0.9558 0.0329 0.0007 0.0066 0.0007 0.0033 
        015s 13 0.9698 0.0008 0.0100 0.0088 0.0045 0.0062 
        016s 13 0.9858 0.0004 0.0007 0.0118 0.0004 0.0009 
        017s 13 0.9358 0.0091 0.0022 0.0378 0.0145 0.0005 
        018s 13 0.9755 0.0003 0.0005 0.0229 0.0004 0.0005 
        019s 13 0.7374 0.0012 0.0003 0.2596 0.0005 0.0009 
        020s 13 0.0959 0.0042 0.0015 0.8966 0.0015 0.0004 
        021s 13 0.9884 0.0003 0.0006 0.0090 0.0009 0.0009 
        022s 13 0.9951 0.0006 0.0003 0.0024 0.0009 0.0007 
        023s 13 0.9860 0.0004 0.0005 0.0116 0.0012 0.0003 
        024s 13 0.9200 0.0030 0.0006 0.0161 0.0217 0.0385 
        025s 13 0.9927 0.0004 0.0008 0.0037 0.0007 0.0017 
        026s 13 0.7865 0.0055 0.0004 0.1130 0.0896 0.0049 
        027s 13 0.9480 0.0021 0.0028 0.0027 0.0429 0.0015 
        028s 13 0.0489 0.0104 0.0082 0.9209 0.0073 0.0043 
        029s 13 0.0063 0.0009 0.0004 0.9775 0.0142 0.0007 
        030s 13 0.0209 0.0004 0.0006 0.8907 0.0652 0.0222 
        031s 13 0.8779 0.0011 0.0006 0.0184 0.0038 0.0983 
        032s 13 0.9899 0.0022 0.0006 0.0065 0.0005 0.0004 
        033s 13 0.9592 0.0307 0.0006 0.0053 0.0032 0.0009 
        034s 13 0.0134 0.0042 0.0018 0.9430 0.0368 0.0008 
        035s 13 0.9314 0.0007 0.0014 0.0627 0.0006 0.0033 
        036s 13 0.7946 0.0004 0.0005 0.2021 0.0020 0.0004 
        037s 13 0.9874 0.0005 0.0005 0.0093 0.0004 0.0019 
        038s 13 0.0815 0.0017 0.0011 0.9137 0.0010 0.0010 
        039s 13 0.8187 0.0010 0.0007 0.0064 0.1004 0.0728 
        040s 13 0.9744 0.0007 0.0003 0.0224 0.0012 0.0009 
        041s 13 0.9317 0.0024 0.0005 0.0033 0.0601 0.0020 
        042s 13 0.0080 0.0007 0.0006 0.9897 0.0003 0.0007 
        001s 14 0.0185 0.0006 0.0012 0.9567 0.0222 0.0007 
        002s 14 0.9253 0.0026 0.0030 0.0064 0.0619 0.0009 
        003s 14 0.0045 0.0004 0.0005 0.9931 0.0006 0.0009 
        004s 14 0.9808 0.0052 0.0008 0.0018 0.0083 0.0031 
        005s 14 0.8930 0.0002 0.0005 0.1055 0.0002 0.0006 
        006s 14 0.9925 0.0006 0.0002 0.0061 0.0003 0.0003 
        007s 14 0.9926 0.0006 0.0004 0.0049 0.0007 0.0009 
        008s 14 0.0044 0.0010 0.0164 0.8835 0.0916 0.0032 
        009s 14 0.9771 0.0007 0.0055 0.0138 0.0019 0.0010 
        010s 14 0.7189 0.0005 0.0164 0.2049 0.0582 0.0012 
        011s 14 0.5007 0.0292 0.0007 0.4623 0.0064 0.0007 
        012s 14 0.0082 0.0020 0.0017 0.9859 0.0006 0.0015 
        013s 14 0.0205 0.0039 0.0008 0.9680 0.0008 0.0060 
        014s 14 0.9361 0.0004 0.0046 0.0220 0.0365 0.0004 
        015s 14 0.9761 0.0006 0.0094 0.0107 0.0007 0.0025 
        016s 14 0.9849 0.0002 0.0005 0.0035 0.0013 0.0095 
        017s 14 0.9094 0.0109 0.0009 0.0251 0.0530 0.0006 
        018s 14 0.9902 0.0004 0.0011 0.0063 0.0006 0.0014 
        019s 14 0.9927 0.0016 0.0004 0.0034 0.0011 0.0008 
        020s 14 0.0406 0.0002 0.0098 0.9472 0.0009 0.0013 
        021s 14 0.9783 0.0003 0.0079 0.0077 0.0052 0.0006 
        022s 14 0.9386 0.0026 0.0017 0.0517 0.0042 0.0011 
        023s 14 0.8912 0.0007 0.0027 0.0989 0.0040 0.0025 
        024s 14 0.6407 0.0021 0.0019 0.2978 0.0557 0.0018 
        025s 14 0.9142 0.0002 0.0003 0.0234 0.0615 0.0004 
        026s 14 0.7642 0.0002 0.0019 0.2317 0.0007 0.0013 
        027s 14 0.9616 0.0006 0.0006 0.0315 0.0023 0.0034 
        028s 14 0.9016 0.0021 0.0023 0.0927 0.0005 0.0008 
        029s 14 0.9686 0.0003 0.0005 0.0292 0.0003 0.0011 
        030s 14 0.1628 0.0118 0.0006 0.8236 0.0006 0.0005 
        031s 14 0.4930 0.0161 0.0006 0.4887 0.0005 0.0012 
        032s 14 0.9444 0.0011 0.0004 0.0514 0.0009 0.0017 
        033s 14 0.6529 0.0505 0.0009 0.2945 0.0006 0.0005 
        034s 14 0.9922 0.0003 0.0006 0.0059 0.0004 0.0005 
        035s 14 0.7410 0.0822 0.0004 0.0963 0.0795 0.0006 
        036s 14 0.2072 0.0376 0.0015 0.6771 0.0698 0.0069 
        037s 14 0.9698 0.0003 0.0007 0.0259 0.0010 0.0023 
        038s 14 0.9881 0.0007 0.0005 0.0094 0.0007 0.0005 
        039s 14 0.9790 0.0016 0.0020 0.0096 0.0026 0.0052 
        040s 14 0.9740 0.0007 0.0004 0.0124 0.0111 0.0013 
        041s 14 0.1207 0.0011 0.0006 0.8763 0.0008 0.0005 
        042s 14 0.7535 0.0004 0.0009 0.1684 0.0757 0.0012 
        001s 15 0.3825 0.0003 0.0007 0.6134 0.0007 0.0024 
        002s 15 0.1881 0.0035 0.0087 0.6925 0.0914 0.0158 
        003s 15 0.9763 0.0006 0.0011 0.0060 0.0104 0.0055 
        004s 15 0.9661 0.0004 0.0088 0.0237 0.0008 0.0003 
        005s 15 0.9756 0.0022 0.0008 0.0040 0.0128 0.0045 
        006s 15 0.9659 0.0011 0.0006 0.0188 0.0127 0.0009 
        007s 15 0.9401 0.0004 0.0010 0.0576 0.0003 0.0006 
        008s 15 0.9711 0.0005 0.0006 0.0269 0.0004 0.0005 
        009s 15 0.8842 0.0028 0.0004 0.0512 0.0292 0.0322 
        010s 15 0.0208 0.0005 0.0003 0.9765 0.0005 0.0015 
        011s 15 0.8700 0.0630 0.0003 0.0647 0.0008 0.0011 
        012s 15 0.9884 0.0015 0.0014 0.0048 0.0022 0.0017 
        013s 15 0.0097 0.0003 0.0036 0.9844 0.0008 0.0012 
        014s 15 0.9806 0.0009 0.0043 0.0083 0.0021 0.0038 
        015s 15 0.9131 0.0041 0.0016 0.0018 0.0759 0.0034 
        016s 15 0.0075 0.0623 0.0328 0.8922 0.0049 0.0003 
        017s 15 0.9786 0.0007 0.0107 0.0061 0.0020 0.0019 
        018s 15 0.0632 0.0002 0.0021 0.9316 0.0024 0.0005 
        019s 15 0.0056 0.0005 0.0008 0.9839 0.0051 0.0042 
        020s 15 0.1200 0.0006 0.0004 0.8781 0.0005 0.0004 
        021s 15 0.8348 0.0006 0.0013 0.0818 0.0789 0.0027 
        022s 15 0.6846 0.0018 0.0006 0.3116 0.0008 0.0006 
        023s 15 0.7901 0.0024 0.0005 0.1790 0.0274 0.0007 
        024s 15 0.9924 0.0016 0.0003 0.0041 0.0010 0.0006 
        025s 15 0.9583 0.0009 0.0016 0.0095 0.0059 0.0238 
        026s 15 0.9604 0.0005 0.0035 0.0141 0.0008 0.0207 
        027s 15 0.9669 0.0077 0.0121 0.0095 0.0032 0.0006 
        028s 15 0.9867 0.0014 0.0017 0.0088 0.0004 0.0011 
        029s 15 0.9902 0.0009 0.0016 0.0056 0.0008 0.0009 
        030s 15 0.9825 0.0004 0.0014 0.0147 0.0005 0.0005 
        031s 15 0.8821 0.0014 0.0013 0.0429 0.0658 0.0065 
        032s 15 0.9898 0.0002 0.0007 0.0075 0.0006 0.0012 
        033s 15 0.0144 0.0010 0.0013 0.9357 0.0473 0.0003 
        035s 15 0.9747 0.0025 0.0015 0.0188 0.0018 0.0008 
        036s 15 0.0981 0.0009 0.0003 0.8952 0.0005 0.0050 
        037s 15 0.9755 0.0096 0.0004 0.0123 0.0009 0.0013 
        038s 15 0.9476 0.0010 0.0007 0.0467 0.0036 0.0003 
        039s 15 0.0449 0.0003 0.0004 0.8798 0.0742 0.0004 
        040s 15 0.9630 0.0017 0.0024 0.0281 0.0044 0.0005 
        041s 15 0.9143 0.0039 0.0008 0.0086 0.0707 0.0016 
        042s 15 0.9843 0.0005 0.0025 0.0073 0.0046 0.0007 
        043s 15 0.8470 0.0012 0.0003 0.1404 0.0091 0.0021 
        044s 15 0.9831 0.0007 0.0012 0.0093 0.0049 0.0009 
        045s 15 0.8323 0.0345 0.0027 0.0520 0.0019 0.0766 
        046s 15 0.9695 0.0037 0.0007 0.0068 0.0184 0.0009 
        047s 15 0.9450 0.0016 0.0006 0.0255 0.0269 0.0004 
        048s 15 0.8681 0.0005 0.0008 0.1171 0.0005 0.0130 
        049s 15 0.9528 0.0013 0.0004 0.0338 0.0112 0.0005 
        050s 15 0.8480 0.0008 0.0088 0.0082 0.1325 0.0018 
         001 16 0.0088 0.0157 0.0033 0.8074 0.1642 0.0006 
         002 16 0.9380 0.0009 0.0003 0.0165 0.0438 0.0006 
         003 16 0.9736 0.0047 0.0028 0.0133 0.0042 0.0013 
         004 16 0.9825 0.0007 0.0005 0.0142 0.0009 0.0012 
         005 16 0.9095 0.0046 0.0019 0.0071 0.0524 0.0244 
         006 16 0.9685 0.0013 0.0006 0.0070 0.0103 0.0123 
         007 16 0.9625 0.0008 0.0007 0.0306 0.0044 0.0011 
         008 16 0.0519 0.0081 0.0009 0.7988 0.1397 0.0007 
         009 16 0.5230 0.0004 0.0013 0.4723 0.0026 0.0004 
         010 16 0.3796 0.0005 0.0004 0.6005 0.0181 0.0010 
         011 16 0.0028 0.0013 0.0006 0.9894 0.0043 0.0017 
         012 16 0.8949 0.0022 0.0010 0.1002 0.0005 0.0012 
         013 16 0.9907 0.0010 0.0004 0.0068 0.0004 0.0006 
         014 16 0.9544 0.0008 0.0010 0.0091 0.0345 0.0002 
         015 16 0.6026 0.0015 0.0020 0.0269 0.0004 0.3665 
         016 16 0.9696 0.0003 0.0038 0.0120 0.0016 0.0127 
         017 16 0.1291 0.0067 0.0009 0.8575 0.0049 0.0008 
         018 16 0.9306 0.0025 0.0042 0.0026 0.0357 0.0244 
         019 16 0.0204 0.0032 0.0008 0.9207 0.0543 0.0006 
         020 16 0.9899 0.0006 0.0010 0.0077 0.0002 0.0007 
         021 16 0.8473 0.0292 0.0043 0.0247 0.0940 0.0005 
         022 16 0.9669 0.0002 0.0008 0.0015 0.0284 0.0022 
         023 16 0.0409 0.0005 0.0006 0.9279 0.0210 0.0091 
         024 16 0.2322 0.0005 0.0011 0.7386 0.0052 0.0225 
         025 16 0.0359 0.0152 0.0007 0.9031 0.0431 0.0020 
         026 16 0.8830 0.0006 0.0003 0.0054 0.1081 0.0026 
         027 16 0.9675 0.0005 0.0083 0.0107 0.0119 0.0011 
         028 16 0.6729 0.0319 0.0144 0.1359 0.1447 0.0003 
         029 16 0.9537 0.0376 0.0011 0.0044 0.0023 0.0010 
         030 16 0.0641 0.0048 0.0004 0.9298 0.0005 0.0004 
         031 16 0.9787 0.0008 0.0129 0.0061 0.0010 0.0005 
         032 16 0.8913 0.0008 0.0005 0.0167 0.0879 0.0028 
         033 16 0.9925 0.0008 0.0003 0.0054 0.0006 0.0004 
         034 16 0.3579 0.0030 0.0003 0.6350 0.0026 0.0012 
         035 16 0.9913 0.0009 0.0005 0.0068 0.0002 0.0002 
         036 16 0.9050 0.0004 0.0015 0.0909 0.0005 0.0017 
         037 16 0.2098 0.0135 0.0010 0.7515 0.0201 0.0041 
         038 16 0.9827 0.0007 0.0011 0.0080 0.0021 0.0054 
         039 16 0.8987 0.0003 0.0011 0.0978 0.0015 0.0007 
         040 16 0.9896 0.0012 0.0005 0.0059 0.0006 0.0022 
         041 16 0.9809 0.0006 0.0003 0.0163 0.0007 0.0012 
         042 16 0.9814 0.0006 0.0013 0.0147 0.0013 0.0007 
         043 16 0.9904 0.0006 0.0010 0.0064 0.0008 0.0007 
         044 16 0.1008 0.0008 0.0021 0.8892 0.0059 0.0012 
         045 16 0.9837 0.0054 0.0018 0.0068 0.0021 0.0002 
         047 16 0.9525 0.0339 0.0035 0.0069 0.0020 0.0010 
         048 16 0.9904 0.0034 0.0005 0.0036 0.0015 0.0005 
         049 16 0.8939 0.0033 0.0005 0.0975 0.0004 0.0044 
         050 16 0.9774 0.0008 0.0005 0.0206 0.0004 0.0003 
         051 16 0.9686 0.0015 0.0017 0.0266 0.0011 0.0005 
         052 16 0.9815 0.0003 0.0004 0.0167 0.0003 0.0008 
         053 16 0.9595 0.0008 0.0009 0.0379 0.0003 0.0006 
         054 16 0.6274 0.0011 0.0006 0.3023 0.0680 0.0006 
         055 16 0.7723 0.0545 0.0006 0.1662 0.0061 0.0003 
         056 16 0.9761 0.0004 0.0005 0.0163 0.0016 0.0050 
         057 16 0.0028 0.0004 0.0002 0.9116 0.0846 0.0003 
         058 16 0.1948 0.0075 0.0002 0.6929 0.0922 0.0123 
         059 16 0.7037 0.0066 0.0045 0.1113 0.0879 0.0860 
         060 16 0.7866 0.0007 0.0014 0.1998 0.0025 0.0090 
         061 16 0.4535 0.0010 0.0007 0.5416 0.0014 0.0018 
         062 16 0.9764 0.0061 0.0013 0.0151 0.0007 0.0004 
         063 16 0.9844 0.0005 0.0006 0.0106 0.0034 0.0006 
         064 16 0.9855 0.0005 0.0006 0.0114 0.0003 0.0017 
         065 16 0.7634 0.0020 0.0018 0.2300 0.0013 0.0016 
         066 16 0.9909 0.0005 0.0009 0.0067 0.0004 0.0007 
         067 16 0.9013 0.0027 0.0009 0.0229 0.0008 0.0714 
         068 16 0.9587 0.0011 0.0007 0.0108 0.0044 0.0244 
         069 16 0.9449 0.0005 0.0045 0.0491 0.0006 0.0004 
         070 16 0.3181 0.0011 0.0026 0.6740 0.0035 0.0007 
         071 16 0.9066 0.0121 0.0004 0.0047 0.0758 0.0004 
         072 16 0.9622 0.0006 0.0010 0.0290 0.0060 0.0012 
         073 16 0.8244 0.0025 0.0007 0.1712 0.0008 0.0004 
         074 16 0.9823 0.0008 0.0004 0.0159 0.0003 0.0003 
         075 16 0.1372 0.0053 0.0007 0.8391 0.0167 0.0011 
         076 16 0.9928 0.0006 0.0007 0.0046 0.0010 0.0004 
         077 16 0.8943 0.0039 0.0261 0.0054 0.0170 0.0533 
         078 16 0.0016 0.0006 0.0007 0.9819 0.0134 0.0017 
         079 16 0.9027 0.0026 0.0017 0.0046 0.0874 0.0010 
         080 16 0.3104 0.0002 0.0004 0.6840 0.0040 0.0009 
         081 16 0.0024 0.0356 0.0014 0.9571 0.0031 0.0004 
         082 16 0.9349 0.0096 0.0006 0.0411 0.0133 0.0005 
         083 16 0.9911 0.0007 0.0005 0.0053 0.0007 0.0017 
         084 16 0.7445 0.0019 0.0028 0.2478 0.0019 0.0011 
         085 16 0.9308 0.0004 0.0015 0.0576 0.0009 0.0088 
         086 16 0.8867 0.0048 0.0004 0.0016 0.1062 0.0004 
         087 16 0.6374 0.0015 0.0013 0.3458 0.0137 0.0003 
         088 16 0.0282 0.0002 0.0005 0.9673 0.0009 0.0028 
         089 16 0.8842 0.0063 0.0008 0.1066 0.0011 0.0010 
         090 16 0.9848 0.0007 0.0012 0.0058 0.0068 0.0007 
         091 16 0.9918 0.0013 0.0006 0.0049 0.0009 0.0005 
         092 16 0.0316 0.0008 0.0005 0.9301 0.0363 0.0006 
         093 16 0.9567 0.0004 0.0018 0.0394 0.0014 0.0004 
         094 16 0.9527 0.0008 0.0044 0.0057 0.0040 0.0325 
         095 16 0.9853 0.0002 0.0011 0.0123 0.0005 0.0006 
         096 16 0.9530 0.0242 0.0004 0.0190 0.0011 0.0023 
         097 16 0.8959 0.0856 0.0025 0.0047 0.0060 0.0053 
         098 16 0.9751 0.0004 0.0071 0.0128 0.0007 0.0037 
         099 16 0.9876 0.0003 0.0007 0.0053 0.0005 0.0056 
         100 16 0.9905 0.0004 0.0005 0.0058 0.0014 0.0013 
         101 16 0.0192 0.0005 0.0006 0.9523 0.0234 0.0040 
         102 16 0.0057 0.0016 0.0004 0.9897 0.0007 0.0019 
         103 16 0.9867 0.0016 0.0028 0.0061 0.0013 0.0015 
         104 16 0.9561 0.0006 0.0004 0.0352 0.0030 0.0047 
         105 16 0.8729 0.0238 0.0050 0.0175 0.0783 0.0025 
         106 16 0.3758 0.0005 0.0006 0.6186 0.0017 0.0029 
         107 16 0.8468 0.0004 0.0450 0.0820 0.0193 0.0066 
         108 16 0.5921 0.0007 0.0665 0.0564 0.1215 0.1628 
         109 16 0.7905 0.0032 0.0004 0.1922 0.0132 0.0004 
         110 16 0.9819 0.0005 0.0004 0.0158 0.0003 0.0010 
         111 16 0.8892 0.0006 0.0006 0.0457 0.0618 0.0021 
         112 16 0.9490 0.0006 0.0009 0.0019 0.0465 0.0010 
         113 16 0.9254 0.0048 0.0008 0.0166 0.0512 0.0012 
         114 16 0.9696 0.0005 0.0040 0.0065 0.0181 0.0012 
         115 16 0.9933 0.0011 0.0004 0.0041 0.0003 0.0009 
         116 16 0.0347 0.0006 0.0006 0.9489 0.0145 0.0008 
         117 16 0.9730 0.0033 0.0046 0.0101 0.0083 0.0007 
         118 16 0.9798 0.0004 0.0008 0.0059 0.0048 0.0083 
         119 16 0.7843 0.0009 0.0022 0.2096 0.0022 0.0008 
         120 16 0.9480 0.0162 0.0010 0.0341 0.0004 0.0004 
         121 16 0.9120 0.0082 0.0004 0.0515 0.0005 0.0273 
         122 16 0.9578 0.0005 0.0003 0.0407 0.0003 0.0003 
         123 16 0.1406 0.0007 0.0026 0.8525 0.0030 0.0006 
         124 16 0.9844 0.0009 0.0003 0.0028 0.0105 0.0011 
         126 16 0.8171 0.0007 0.0030 0.0163 0.1614 0.0015 
         001 17 0.9835 0.0028 0.0076 0.0050 0.0006 0.0005 
         002 17 0.9887 0.0004 0.0005 0.0069 0.0030 0.0004 
         003 17 0.9941 0.0005 0.0011 0.0032 0.0006 0.0005 
         005 17 0.9770 0.0006 0.0177 0.0041 0.0003 0.0003 
         006 17 0.9423 0.0485 0.0010 0.0061 0.0017 0.0004 
         007 17 0.0019 0.0071 0.0031 0.8481 0.1125 0.0273 
         008 17 0.8665 0.0179 0.0004 0.0092 0.1052 0.0007 
         009 17 0.9942 0.0004 0.0007 0.0040 0.0002 0.0005 
         010 17 0.8310 0.0010 0.0006 0.1655 0.0006 0.0013 
         011 17 0.4798 0.0011 0.0022 0.0045 0.1364 0.3760 
         012 17 0.9731 0.0005 0.0006 0.0207 0.0031 0.0020 
         013 17 0.9952 0.0003 0.0007 0.0033 0.0003 0.0002 
         014 17 0.2053 0.0005 0.0013 0.7920 0.0006 0.0003 
         015 17 0.7041 0.0055 0.0006 0.2883 0.0010 0.0004 
         016 17 0.9908 0.0006 0.0004 0.0070 0.0007 0.0005 
         017 17 0.9876 0.0018 0.0009 0.0074 0.0011 0.0012 
         018 17 0.9174 0.0011 0.0230 0.0270 0.0310 0.0005 
         019 17 0.2125 0.0002 0.0007 0.7852 0.0007 0.0007 
         020 17 0.9925 0.0009 0.0003 0.0047 0.0009 0.0007 
         021 17 0.9951 0.0009 0.0004 0.0026 0.0003 0.0007 
         022 17 0.9397 0.0065 0.0109 0.0088 0.0327 0.0014 
         023 17 0.8851 0.0003 0.0025 0.0995 0.0119 0.0006 
         024 17 0.9368 0.0377 0.0014 0.0028 0.0177 0.0035 
         025 17 0.9834 0.0005 0.0003 0.0150 0.0005 0.0003 
         002 18 0.9674 0.0008 0.0045 0.0249 0.0003 0.0022 
         003 18 0.9900 0.0002 0.0004 0.0080 0.0004 0.0010 
         004 18 0.9314 0.0004 0.0030 0.0057 0.0588 0.0007 
         005 18 0.7466 0.0006 0.0009 0.2182 0.0035 0.0302 
         006 18 0.9945 0.0002 0.0004 0.0036 0.0004 0.0009 
         007 18 0.9826 0.0033 0.0019 0.0109 0.0010 0.0004 
         008 18 0.0289 0.0007 0.0003 0.9672 0.0002 0.0026 
         009 18 0.9694 0.0044 0.0012 0.0142 0.0086 0.0022 
         010 18 0.9778 0.0022 0.0028 0.0103 0.0006 0.0063 
         011 18 0.9834 0.0004 0.0014 0.0123 0.0009 0.0017 
         012 18 0.0152 0.0011 0.0006 0.9677 0.0135 0.0020 
         015 18 0.7903 0.0006 0.0003 0.2050 0.0015 0.0023 
         016 18 0.2232 0.0034 0.0006 0.7708 0.0016 0.0004 
         018 18 0.9845 0.0004 0.0055 0.0051 0.0004 0.0041 
         026 18 0.0398 0.0108 0.0028 0.9454 0.0004 0.0008 
         027 18 0.9924 0.0004 0.0021 0.0037 0.0003 0.0011 
         028 18 0.0085 0.0005 0.0331 0.9568 0.0009 0.0002 
         029 18 0.8527 0.0005 0.0005 0.1449 0.0008 0.0006 
         031 18 0.5675 0.0036 0.0404 0.2449 0.0677 0.0760 
         032 18 0.9783 0.0006 0.0013 0.0190 0.0005 0.0004 
         033 18 0.9712 0.0003 0.0012 0.0253 0.0011 0.0008 
         035 18 0.0033 0.0005 0.0005 0.9940 0.0012 0.0006 
         036 18 0.9785 0.0007 0.0008 0.0107 0.0005 0.0088 
         037 18 0.9565 0.0112 0.0142 0.0080 0.0013 0.0088 
         038 18 0.9147 0.0187 0.0499 0.0131 0.0018 0.0018 
         039 18 0.9802 0.0004 0.0004 0.0174 0.0004 0.0012 
         044 18 0.7199 0.0065 0.0008 0.1540 0.1184 0.0004 
         046 18 0.9548 0.0003 0.0057 0.0106 0.0030 0.0257 
         049 18 0.2103 0.0004 0.0010 0.7873 0.0007 0.0004 
         053 18 0.5000 0.0007 0.0009 0.4957 0.0021 0.0006 
         054 18 0.9845 0.0099 0.0008 0.0031 0.0009 0.0007 
         056 18 0.8317 0.0002 0.0023 0.0972 0.0666 0.0021 
         057 18 0.0605 0.0040 0.0008 0.9299 0.0003 0.0044 
         058 18 0.9831 0.0004 0.0040 0.0082 0.0011 0.0031 
        001s 19 0.8734 0.0009 0.0005 0.0554 0.0691 0.0006 
        002s 19 0.0542 0.0005 0.0011 0.9388 0.0046 0.0008 
        003s 19 0.6761 0.0004 0.0005 0.2976 0.0249 0.0005 
        004s 19 0.9524 0.0014 0.0056 0.0198 0.0011 0.0196 
        005s 19 0.8935 0.0170 0.0033 0.0081 0.0040 0.0742 
        006s 19 0.9856 0.0014 0.0011 0.0088 0.0014 0.0016 
        007s 19 0.2559 0.0171 0.0007 0.7045 0.0016 0.0202 
        008s 19 0.9498 0.0011 0.0009 0.0027 0.0375 0.0080 
        009s 19 0.0093 0.0008 0.0005 0.9858 0.0016 0.0021 
        010s 19 0.9669 0.0033 0.0138 0.0131 0.0023 0.0005 
        011s 19 0.9037 0.0046 0.0031 0.0873 0.0003 0.0010 
        012s 19 0.3763 0.0021 0.0022 0.6175 0.0014 0.0005 
        013s 19 0.0395 0.0061 0.0009 0.9496 0.0033 0.0006 
        014s 19 0.0056 0.0067 0.0004 0.9171 0.0539 0.0162 
        015s 19 0.9752 0.0024 0.0006 0.0208 0.0007 0.0004 
        016s 19 0.5691 0.0014 0.0213 0.3616 0.0007 0.0459 
        017s 19 0.6050 0.0006 0.0021 0.3301 0.0583 0.0040 
        018s 19 0.9884 0.0006 0.0012 0.0058 0.0015 0.0025 
        019s 19 0.9051 0.0047 0.0005 0.0059 0.0819 0.0018 
        020s 19 0.8809 0.0028 0.0007 0.0421 0.0728 0.0007 
        021s 19 0.6556 0.0013 0.0013 0.3371 0.0042 0.0004 
        022s 19 0.8523 0.0011 0.0011 0.1269 0.0180 0.0006 
        023s 19 0.9765 0.0031 0.0025 0.0149 0.0008 0.0022 
        024s 19 0.9874 0.0004 0.0016 0.0076 0.0004 0.0026 
        025s 19 0.8560 0.0002 0.0009 0.0111 0.1301 0.0017 
        026s 19 0.9798 0.0032 0.0030 0.0069 0.0041 0.0030 
        027s 19 0.7318 0.0008 0.0007 0.2631 0.0027 0.0010 
        028s 19 0.9864 0.0010 0.0006 0.0059 0.0057 0.0004 
        029s 19 0.9253 0.0010 0.0014 0.0715 0.0003 0.0005 
        030s 19 0.0143 0.0013 0.0034 0.9789 0.0014 0.0007 
        031s 19 0.8634 0.0014 0.0006 0.1316 0.0024 0.0007 
        032s 19 0.0267 0.0013 0.0004 0.9706 0.0007 0.0004 
        033s 19 0.8893 0.0012 0.0009 0.1035 0.0003 0.0049 
        034s 19 0.1619 0.0009 0.0007 0.8350 0.0008 0.0008 
        035s 19 0.9640 0.0023 0.0027 0.0163 0.0107 0.0040 
        036s 19 0.5947 0.0014 0.0002 0.4018 0.0005 0.0013 
        037s 19 0.1728 0.0004 0.0015 0.8245 0.0004 0.0003 
        038s 19 0.9816 0.0013 0.0014 0.0125 0.0019 0.0014 
        039s 19 0.9504 0.0005 0.0006 0.0474 0.0007 0.0004 
        040s 19 0.9652 0.0263 0.0006 0.0068 0.0007 0.0004 
        041s 19 0.9900 0.0006 0.0004 0.0080 0.0004 0.0006 
        042s 19 0.9727 0.0009 0.0078 0.0024 0.0030 0.0132 
        043s 19 0.5252 0.0020 0.0019 0.4357 0.0347 0.0005 
        044s 19 0.8763 0.0007 0.0010 0.1204 0.0005 0.0012 
        045s 19 0.9881 0.0002 0.0008 0.0089 0.0007 0.0012 
        046s 19 0.9823 0.0014 0.0015 0.0075 0.0018 0.0054 
        047s 19 0.8716 0.0083 0.0006 0.1184 0.0008 0.0003 
        048s 19 0.8889 0.0063 0.0013 0.0148 0.0878 0.0008 
        049s 19 0.9471 0.0075 0.0006 0.0311 0.0057 0.0080 
        050s 19 0.9756 0.0003 0.0006 0.0214 0.0016 0.0005 
        051s 19 0.9217 0.0391 0.0005 0.0159 0.0131 0.0097 
        052s 19 0.9851 0.0007 0.0009 0.0118 0.0008 0.0006 
      LIW2-4 20 0.9831 0.0014 0.0019 0.0108 0.0006 0.0022 
     LIW2-12 21 0.9001 0.0004 0.0079 0.0153 0.0008 0.0756 
     LIW2-20 22 0.9759 0.0004 0.0039 0.0159 0.0030 0.0009 
     LIW2-28 23 0.8759 0.0011 0.0014 0.0054 0.0547 0.0616 
      LIW1-5 24 0.9931 0.0007 0.0014 0.0022 0.0007 0.0019 
     LIW1-13 25 0.3756 0.0070 0.0005 0.5471 0.0541 0.0157 
     LIW1-21 26 0.8274 0.0005 0.0077 0.1231 0.0114 0.0299 
     LIW1-29 27 0.9491 0.0028 0.0040 0.0098 0.0201 0.0143 
      LIW2-5 28 0.9755 0.0007 0.0078 0.0138 0.0004 0.0018 
     LIW2-34 29 0.9449 0.0008 0.0094 0.0409 0.0002 0.0037 
     LIW2-21 30 0.2881 0.0006 0.0030 0.5988 0.0997 0.0098 
     LIW2-29 31 0.7853 0.0045 0.0034 0.0202 0.1844 0.0023 
      LIW1-6 32 0.8951 0.0005 0.0006 0.0992 0.0011 0.0036 
     LIW1-14 33 0.0072 0.0012 0.0373 0.9013 0.0522 0.0008 
     LIW1-22 34 0.9636 0.0003 0.0238 0.0066 0.0006 0.0051 
     LIW1-30 35 0.9740 0.0003 0.0013 0.0200 0.0014 0.0029 
      LIW2-6 36 0.9228 0.0107 0.0023 0.0391 0.0013 0.0238 
     LIW2-14 37 0.9185 0.0004 0.0003 0.0741 0.0026 0.0040 
     LIW2-22 38 0.0044 0.0005 0.0011 0.8413 0.0697 0.0829 
     LIW2-30 39 0.9460 0.0004 0.0357 0.0144 0.0005 0.0031 
      LIW1-7 40 0.6065 0.0008 0.0150 0.3019 0.0272 0.0486 
     LIW1-15 41 0.9601 0.0006 0.0049 0.0261 0.0003 0.0081 
     LIW1-23 42 0.9452 0.0009 0.0025 0.0413 0.0054 0.0048 
     LIW1-31 43 0.0032 0.0009 0.0029 0.9863 0.0017 0.0049 
      LIW2-7 44 0.9018 0.0020 0.0029 0.0075 0.0848 0.0009 
     LIW2-15 45 0.8779 0.0003 0.0546 0.0629 0.0011 0.0032 
     LIW2-23 46 0.8878 0.0052 0.0006 0.0213 0.0003 0.0848 
      LIW1-8 47 0.0091 0.0009 0.0012 0.9855 0.0003 0.0031 
     LIW1-16 48 0.0090 0.0008 0.0009 0.9866 0.0004 0.0023 
      LIW2-8 49 0.9896 0.0005 0.0024 0.0051 0.0005 0.0020 
     LIW2-16 50 0.0090 0.0275 0.0057 0.6360 0.3078 0.0139 
     LIW2-24 51 0.7801 0.0243 0.0032 0.0099 0.1762 0.0063 
     LIW2-32 52 0.9323 0.0021 0.0071 0.0023 0.0047 0.0515 
     LIW1-47 53 0.0301 0.0028 0.0024 0.9479 0.0023 0.0145 
      UMFS-1 54 0.0003 0.0004 0.9986 0.0004 0.0002 0.0001 
     UMFS-19 55 0.0001 0.0002 0.9992 0.0001 0.0003 0.0001 
     UMFS-31 56 0.1157 0.0004 0.8102 0.0722 0.0003 0.0013 
      UMFS-2 57 0.0320 0.0003 0.9397 0.0275 0.0002 0.0002 
     UMFS-10 58 0.0889 0.0007 0.8947 0.0150 0.0002 0.0005 
     UMFS-20 59 0.0920 0.0011 0.8448 0.0562 0.0054 0.0004 
     UMFS-32 60 0.0006 0.0003 0.9981 0.0004 0.0004 0.0002 
      UMFS-3 61 0.0001 0.0001 0.9996 0.0001 0.0001 0.0001 
     UMFS-11 62 0.0003 0.1536 0.0003 0.5843 0.2600 0.0015 
     UMFS-21 63 0.0151 0.0006 0.9346 0.0106 0.0295 0.0096 
     UMFS-33 64 0.0000 0.0000 0.9998 0.0000 0.0001 0.0000 
      UMFS-4 65 0.0000 0.0000 0.9998 0.0001 0.0000 0.0000 
     UMFS-22 66 0.0237 0.0029 0.9513 0.0187 0.0020 0.0015 
     UMFS-34 67 0.1173 0.0028 0.5874 0.2029 0.0062 0.0834 
      UMFS-5 68 0.0511 0.0039 0.9187 0.0240 0.0007 0.0015 
     UMFS-13 69 0.0009 0.0010 0.9949 0.0007 0.0006 0.0019 
     UMFS-23 70 0.1661 0.0026 0.7692 0.0607 0.0009 0.0006 
     UMFS-35 71 0.0001 0.0001 0.9993 0.0001 0.0002 0.0001 
      UMFS-6 72 0.0001 0.0001 0.9997 0.0001 0.0001 0.0001 
     UMFS-14 73 0.0000 0.0000 0.9998 0.0000 0.0000 0.0000 
     UMFS-24 74 0.0973 0.0010 0.7513 0.1468 0.0033 0.0003 
     UMFS-36 75 0.0000 0.0000 0.9998 0.0000 0.0001 0.0000 
      UMFS-7 76 0.0005 0.2772 0.0002 0.3424 0.2941 0.0856 
     UMFS-15 77 0.0001 0.0001 0.9997 0.0001 0.0001 0.0001 
     UMFS-25 78 0.1105 0.0026 0.7927 0.0888 0.0049 0.0005 
     UMFS-37 79 0.0001 0.0001 0.9997 0.0001 0.0001 0.0001 
      UMFS-8 80 0.0073 0.0008 0.9833 0.0051 0.0024 0.0011 
     UMFS-16 81 0.0001 0.0001 0.9995 0.0001 0.0001 0.0001 
     UMFS-26 82 0.0833 0.0043 0.4840 0.2852 0.0060 0.1373 
     UMFS-38 83 0.0001 0.0001 0.9995 0.0001 0.0001 0.0001 
      NEH1-2 84 0.0009 0.0029 0.0011 0.0012 0.0294 0.9645 
     NEH1-11 85 0.0006 0.0010 0.0005 0.0007 0.0506 0.9466 
     NEH1-20 86 0.0306 0.0015 0.0080 0.0828 0.0006 0.8766 
     NEH1-29 87 0.0012 0.0002 0.0003 0.0010 0.0004 0.9969 
      NEH2-2 88 0.0004 0.0002 0.0003 0.0004 0.0003 0.9984 
     NEH2-10 89 0.0058 0.0003 0.0002 0.0071 0.0006 0.9860 
     NEH2-18 90 0.0001 0.0002 0.0002 0.0001 0.0032 0.9961 
     NEH2-26 91 0.0014 0.0003 0.0005 0.0011 0.0026 0.9940 
      NEH1-3 92 0.1135 0.0008 0.0002 0.0450 0.0004 0.8401 
     NEH1-12 93 0.0003 0.0522 0.0007 0.0003 0.0020 0.9446 
     NEH1-21 94 0.0175 0.0270 0.0003 0.0217 0.0002 0.9333 
     NEH1-30 95 0.0102 0.0003 0.0003 0.0084 0.0692 0.9117 
      NEH2-3 96 0.0002 0.0002 0.0001 0.0001 0.0001 0.9993 
     NEH2-11 97 0.0004 0.0004 0.0020 0.0003 0.0335 0.9634 
     NEH2-19 98 0.0026 0.0009 0.0043 0.0032 0.0021 0.9869 
     NEH2-27 99 0.0001 0.0001 0.0001 0.0001 0.0001 0.9995 
      NEH1-4 100 0.0001 0.0001 0.0003 0.0002 0.0027 0.9966 
     NEH1-13 101 0.0051 0.0018 0.0004 0.2261 0.0016 0.7650 
     NEH1-22 102 0.0354 0.0006 0.0006 0.1673 0.0003 0.7958 
     NEH1-31 103 0.0004 0.0001 0.0001 0.0007 0.0032 0.9954 
      NEH2-4 104 0.0028 0.0004 0.0021 0.0035 0.0027 0.9885 
     NEH2-12 105 0.0004 0.0004 0.0111 0.0004 0.0595 0.9281 
     NEH2-20 106 0.1494 0.0002 0.0008 0.0495 0.0005 0.7996 
     NEH2-28 107 0.0012 0.0121 0.0007 0.0017 0.0012 0.9832 
      NEH1-5 108 0.0237 0.0005 0.0004 0.0979 0.0247 0.8528 
     NEH1-14 109 0.1617 0.0094 0.0006 0.0076 0.0595 0.7613 
     NEH1-23 110 0.0859 0.0002 0.0065 0.1389 0.0007 0.7677 
     NEH1-32 111 0.0011 0.0023 0.0003 0.0007 0.0024 0.9932 
      NEH2-5 112 0.0002 0.0001 0.0002 0.0002 0.0002 0.9991 
     NEH2-13 113 0.0007 0.0006 0.0004 0.0006 0.0279 0.9698 
     NEH2-22 114 0.0006 0.0005 0.0009 0.0005 0.0008 0.9968 
     NEH2-29 115 0.0300 0.0006 0.0007 0.0174 0.0004 0.9509 
      NEH1-6 116 0.0002 0.0003 0.0001 0.0002 0.0002 0.9991 
     NEH1-15 117 0.0020 0.0392 0.0002 0.0017 0.0045 0.9523 
     NEH1-24 118 0.0003 0.0187 0.0013 0.0006 0.0004 0.9788 
     NEH1-33 119 0.0313 0.0005 0.0004 0.0983 0.0004 0.8692 
      NEH2-6 120 0.0115 0.0006 0.0087 0.0068 0.0006 0.9719 
     NEH2-14 121 0.0051 0.0017 0.0009 0.0034 0.0024 0.9865 
     NEH2-21 122 0.0249 0.0003 0.0010 0.0264 0.0003 0.9471 
     NEH2-30 123 0.0002 0.0001 0.0002 0.0002 0.0002 0.9990 
      NEH1-7 124 0.0685 0.0008 0.0006 0.0035 0.0942 0.8324 
     NEH1-16 125 0.0003 0.0002 0.0002 0.0002 0.0003 0.9988 
     NEH1-25 126 0.0301 0.0010 0.0029 0.0947 0.0005 0.8708 
     NEH1-34 127 0.0216 0.0007 0.0008 0.0259 0.0264 0.9246 
      NEH2-7 128 0.0021 0.0009 0.0040 0.0022 0.0013 0.9895 
     NEH2-15 129 0.0001 0.0001 0.0001 0.0001 0.0001 0.9996 
     NEH2-23 130 0.0098 0.0048 0.0012 0.0052 0.0452 0.9337 
     NEH2-31 131 0.0002 0.0001 0.0002 0.0001 0.0001 0.9992 
      NEH1-8 132 0.0502 0.0011 0.0002 0.0451 0.0787 0.8247 
     NEH1-17 133 0.0013 0.0011 0.0004 0.0006 0.1151 0.8815 
     NEH1-26 134 0.0927 0.0032 0.0013 0.0561 0.0002 0.8464 
     NEH1-35 135 0.1497 0.0015 0.0004 0.0387 0.0031 0.8066 
      NEH2-8 136 0.0001 0.0001 0.0001 0.0001 0.0001 0.9995 
     NEH2-16 137 0.0007 0.0012 0.0013 0.0006 0.0003 0.9960 
     NEH2-24 138 0.0002 0.0001 0.0005 0.0002 0.0001 0.9988 
     NEH2-32 139 0.0004 0.0015 0.0004 0.0003 0.0729 0.9246 
      NEH1-1 140 0.0005 0.0002 0.0009 0.0006 0.1180 0.8798 
     NEH1-10 141 0.0002 0.0005 0.0001 0.0002 0.0003 0.9986 
     NEH1-19 142 0.0102 0.0025 0.0003 0.1131 0.0009 0.8730 
     NEH1-28 143 0.0006 0.0035 0.0004 0.0003 0.0454 0.9498 
      NEH2-1 144 0.0013 0.0002 0.0003 0.0011 0.0204 0.9767 
      NEH2-9 145 0.0005 0.0003 0.0003 0.0003 0.0002 0.9982 
     NEH2-17 146 0.0014 0.0380 0.0006 0.0011 0.0009 0.9578 
     NEH2-25 147 0.0003 0.0001 0.0002 0.0003 0.0339 0.9652 
      LIW1-1 148 0.8025 0.0058 0.0060 0.0011 0.0845 0.1001 
      LIW1-9 149 0.6705 0.0722 0.0007 0.0990 0.0859 0.0717 
     LIW1-17 150 0.0139 0.0003 0.0016 0.9354 0.0006 0.0482 
     LIW1-25 151 0.9848 0.0009 0.0077 0.0048 0.0002 0.0016 
      LIW2-9 152 0.9130 0.0062 0.0014 0.0295 0.0482 0.0017 
     LIW2-17 153 0.9755 0.0019 0.0014 0.0177 0.0009 0.0026 
     LIW2-25 154 0.0071 0.0004 0.0045 0.9830 0.0016 0.0036 
      LIW1-2 155 0.9784 0.0003 0.0013 0.0051 0.0045 0.0103 
     LIW1-10 156 0.9809 0.0012 0.0045 0.0047 0.0056 0.0032 
     LIW1-18 157 0.0061 0.0004 0.0028 0.9739 0.0094 0.0075 
     LIW1-26 158 0.9642 0.0033 0.0011 0.0069 0.0003 0.0243 
      LIW2-2 159 0.9864 0.0004 0.0041 0.0054 0.0003 0.0034 
     LIW2-10 160 0.1652 0.0005 0.0011 0.8286 0.0033 0.0013 
     LIW2-18 161 0.9140 0.0132 0.0054 0.0017 0.0065 0.0592 
     LIW2-26 162 0.4505 0.0010 0.0502 0.4960 0.0007 0.0016 
      LIW1-3 163 0.8216 0.0005 0.0358 0.1140 0.0160 0.0122 
     LIW1-11 164 0.8973 0.0024 0.0064 0.0802 0.0085 0.0052 
     LIW1-19 165 0.8792 0.0020 0.0044 0.0090 0.0419 0.0636 
     LIW1-27 166 0.0022 0.0004 0.0020 0.9799 0.0152 0.0004 
      LIW2-3 167 0.7903 0.0062 0.0078 0.1909 0.0022 0.0026 
     LIW2-11 168 0.9882 0.0003 0.0010 0.0093 0.0004 0.0009 
     LIW2-19 169 0.8683 0.0010 0.0010 0.1046 0.0014 0.0237 
     LIW2-27 170 0.9597 0.0005 0.0083 0.0152 0.0004 0.0160 
      LIW1-4 171 0.9795 0.0011 0.0017 0.0119 0.0004 0.0054 
     LIW1-12 172 0.9407 0.0022 0.0270 0.0071 0.0199 0.0032 
     LIW1-20 173 0.0737 0.0024 0.0011 0.9201 0.0008 0.0018 
     LIW1-28 174 0.9761 0.0006 0.0026 0.0061 0.0035 0.0110 
        001s 175 0.9530 0.0125 0.0006 0.0321 0.0004 0.0015 
        002s 175 0.8977 0.0008 0.0005 0.0189 0.0811 0.0010 
        003s 175 0.2176 0.0011 0.0008 0.7795 0.0002 0.0007 
        004s 175 0.9028 0.0056 0.0041 0.0713 0.0153 0.0009 
        005s 175 0.9814 0.0007 0.0029 0.0112 0.0024 0.0013 
        006s 175 0.0207 0.0013 0.0060 0.8063 0.1649 0.0009 
        007s 175 0.7478 0.0003 0.0005 0.2493 0.0011 0.0010 
        008s 175 0.9898 0.0011 0.0028 0.0046 0.0012 0.0005 
        009s 175 0.8518 0.0023 0.0032 0.0266 0.1154 0.0008 
        010s 175 0.0135 0.0010 0.0003 0.9833 0.0006 0.0013 
        011s 175 0.9820 0.0009 0.0006 0.0116 0.0038 0.0011 
        012s 175 0.9500 0.0045 0.0004 0.0445 0.0003 0.0004 
        013s 175 0.9414 0.0008 0.0004 0.0521 0.0050 0.0002 
        014s 175 0.8952 0.0012 0.0005 0.0147 0.0881 0.0003 
        015s 175 0.9895 0.0013 0.0005 0.0064 0.0009 0.0015 
        016s 175 0.9520 0.0003 0.0004 0.0041 0.0428 0.0003 
        017s 175 0.0029 0.0087 0.0008 0.9818 0.0011 0.0047 
        018s 175 0.3226 0.0012 0.0057 0.6667 0.0025 0.0013 
        019s 175 0.9740 0.0008 0.0174 0.0040 0.0008 0.0030 
        020s 175 0.9638 0.0015 0.0006 0.0325 0.0007 0.0010 
        021s 175 0.9806 0.0019 0.0006 0.0139 0.0004 0.0026 
        022s 175 0.9329 0.0485 0.0006 0.0136 0.0003 0.0041 
        023s 175 0.9696 0.0060 0.0065 0.0136 0.0014 0.0029 
        024s 175 0.9531 0.0028 0.0008 0.0214 0.0210 0.0008 
        025s 175 0.9641 0.0148 0.0035 0.0018 0.0151 0.0007 
        026s 175 0.9855 0.0008 0.0005 0.0059 0.0064 0.0009 
        027s 175 0.9856 0.0023 0.0008 0.0090 0.0010 0.0014 
        028s 175 0.9356 0.0004 0.0004 0.0040 0.0016 0.0580 
        029s 175 0.9483 0.0008 0.0014 0.0486 0.0005 0.0004 
        030s 175 0.8896 0.0012 0.0005 0.0020 0.1056 0.0012 
        031s 175 0.9603 0.0018 0.0082 0.0277 0.0017 0.0004 
        032s 175 0.0528 0.0007 0.0029 0.9248 0.0019 0.0169 
        033s 175 0.9672 0.0025 0.0019 0.0166 0.0109 0.0009 
        034s 175 0.0164 0.0006 0.0003 0.9768 0.0054 0.0004 
        035s 175 0.0020 0.0010 0.0006 0.9915 0.0042 0.0007 
        036s 175 0.9653 0.0007 0.0031 0.0301 0.0004 0.0004 
        037s 175 0.8821 0.0100 0.0002 0.0967 0.0004 0.0106 
        038s 175 0.9240 0.0019 0.0002 0.0657 0.0074 0.0007 
        039s 175 0.9395 0.0006 0.0007 0.0546 0.0018 0.0027 
        040s 175 0.9894 0.0007 0.0005 0.0067 0.0006 0.0019 
        041s 175 0.0100 0.0008 0.0006 0.9858 0.0018 0.0009 
        042s 175 0.9479 0.0022 0.0209 0.0272 0.0010 0.0009 
        043s 175 0.9456 0.0011 0.0009 0.0442 0.0050 0.0031 
        044s 175 0.8316 0.0004 0.0006 0.1649 0.0012 0.0013 
        045s 175 0.5750 0.0009 0.0010 0.3426 0.0798 0.0008 
        046s 175 0.7060 0.0011 0.0012 0.2887 0.0008 0.0022 
        047s 175 0.8520 0.0006 0.0037 0.1380 0.0005 0.0052 
        048s 175 0.9890 0.0017 0.0011 0.0057 0.0022 0.0003 
        049s 175 0.9403 0.0005 0.0016 0.0064 0.0505 0.0007 
        050s 175 0.8348 0.0004 0.0018 0.0070 0.0731 0.0829 
        001s 176 0.0017 0.0203 0.0023 0.9421 0.0332 0.0004 
        002s 176 0.9808 0.0086 0.0003 0.0060 0.0021 0.0023 
        003s 176 0.9889 0.0005 0.0008 0.0059 0.0028 0.0011 
        004s 176 0.9843 0.0007 0.0022 0.0090 0.0020 0.0018 
        005s 176 0.9721 0.0003 0.0005 0.0078 0.0007 0.0187 
        006s 176 0.9545 0.0046 0.0026 0.0373 0.0003 0.0007 
        007s 176 0.8860 0.0007 0.0016 0.0274 0.0838 0.0004 
        008s 176 0.9505 0.0009 0.0011 0.0471 0.0003 0.0002 
        009s 176 0.9067 0.0005 0.0008 0.0837 0.0005 0.0079 
        010s 176 0.0410 0.0004 0.0012 0.9559 0.0010 0.0004 
        011s 176 0.9862 0.0024 0.0004 0.0068 0.0002 0.0040 
        012s 176 0.8657 0.0010 0.0006 0.0573 0.0742 0.0013 
        013s 176 0.0089 0.0040 0.0015 0.9800 0.0031 0.0025 
        014s 176 0.9859 0.0083 0.0010 0.0037 0.0005 0.0007 
        015s 176 0.9446 0.0002 0.0063 0.0459 0.0016 0.0014 
        016s 176 0.9842 0.0004 0.0047 0.0088 0.0011 0.0009 
        017s 176 0.9937 0.0004 0.0007 0.0045 0.0003 0.0004 
        018s 176 0.9779 0.0004 0.0015 0.0089 0.0005 0.0108 
        019s 176 0.9412 0.0177 0.0009 0.0276 0.0121 0.0004 
        020s 176 0.9628 0.0006 0.0009 0.0312 0.0034 0.0012 
        021s 176 0.9640 0.0038 0.0005 0.0294 0.0012 0.0011 
        022s 176 0.9622 0.0125 0.0013 0.0227 0.0002 0.0010 
        023s 176 0.9154 0.0024 0.0761 0.0055 0.0003 0.0003 
        024s 176 0.0070 0.0272 0.0013 0.9616 0.0023 0.0007 
        025s 176 0.9667 0.0037 0.0013 0.0218 0.0042 0.0023 
        026s 176 0.7576 0.0107 0.0010 0.2275 0.0009 0.0023 
        027s 176 0.9935 0.0004 0.0006 0.0040 0.0008 0.0008 
        028s 176 0.9782 0.0020 0.0008 0.0176 0.0008 0.0007 
        029s 176 0.9819 0.0070 0.0008 0.0078 0.0004 0.0020 
        030s 176 0.1274 0.0010 0.0006 0.8047 0.0660 0.0003 
        031s 176 0.9806 0.0025 0.0003 0.0116 0.0041 0.0009 
        032s 176 0.0711 0.0005 0.0007 0.8579 0.0498 0.0201 
        033s 176 0.0533 0.0331 0.0038 0.8082 0.0821 0.0195 
        034s 176 0.9565 0.0004 0.0002 0.0414 0.0009 0.0006 
        035s 176 0.9118 0.0006 0.0004 0.0083 0.0174 0.0615 
        036s 176 0.9949 0.0012 0.0003 0.0025 0.0005 0.0005 
        037s 176 0.9242 0.0034 0.0023 0.0029 0.0557 0.0114 
        038s 176 0.9917 0.0009 0.0011 0.0052 0.0004 0.0007 
        039s 176 0.9728 0.0004 0.0003 0.0255 0.0007 0.0003 
        040s 176 0.9888 0.0003 0.0003 0.0091 0.0008 0.0007 
        041s 176 0.9829 0.0006 0.0037 0.0114 0.0010 0.0005 
        042s 176 0.9855 0.0007 0.0009 0.0121 0.0003 0.0005 
        043s 176 0.9682 0.0189 0.0018 0.0027 0.0012 0.0073 
        044s 176 0.0500 0.0012 0.0003 0.9467 0.0014 0.0004 
        045s 176 0.9747 0.0029 0.0010 0.0140 0.0062 0.0012 
        046s 176 0.9936 0.0008 0.0006 0.0033 0.0014 0.0003 
        047s 176 0.9744 0.0018 0.0049 0.0172 0.0003 0.0013 
        048s 176 0.0113 0.0026 0.0120 0.9717 0.0021 0.0004 
        050s 176 0.9792 0.0007 0.0005 0.0097 0.0014 0.0086 
        001s 177 0.8820 0.0019 0.0083 0.0540 0.0458 0.0080 
        002s 177 0.8258 0.0004 0.0006 0.1716 0.0003 0.0014 
        003s 177 0.0427 0.0087 0.0477 0.8845 0.0099 0.0065 
        004s 177 0.9855 0.0018 0.0003 0.0106 0.0003 0.0013 
        005s 177 0.1598 0.0003 0.0006 0.8345 0.0044 0.0004 
        006s 177 0.9342 0.0004 0.0016 0.0351 0.0271 0.0017 
        007s 177 0.0829 0.0005 0.0003 0.9084 0.0069 0.0009 
        008s 177 0.0365 0.0469 0.0114 0.7973 0.1072 0.0007 
        009s 177 0.9940 0.0006 0.0004 0.0040 0.0002 0.0008 
        010s 177 0.9692 0.0017 0.0012 0.0053 0.0219 0.0008 
        011s 177 0.9725 0.0009 0.0002 0.0248 0.0009 0.0007 
        012s 177 0.9806 0.0005 0.0005 0.0142 0.0035 0.0006 
        013s 177 0.9789 0.0008 0.0057 0.0117 0.0006 0.0022 
        014s 177 0.8654 0.0004 0.0008 0.0747 0.0580 0.0008 
        015s 177 0.9852 0.0040 0.0007 0.0074 0.0009 0.0019 
        016s 177 0.0052 0.0002 0.0006 0.9932 0.0004 0.0003 
        017s 177 0.9240 0.0352 0.0010 0.0365 0.0025 0.0008 
        018s 177 0.0036 0.0007 0.0020 0.9776 0.0157 0.0005 
        019s 177 0.8948 0.0008 0.0006 0.0998 0.0007 0.0032 
        020s 177 0.9916 0.0009 0.0006 0.0031 0.0017 0.0021 
        021s 177 0.0059 0.0006 0.0006 0.9908 0.0003 0.0018 
        022s 177 0.9349 0.0040 0.0004 0.0453 0.0030 0.0124 
        023s 177 0.9296 0.0511 0.0012 0.0156 0.0003 0.0022 
        024s 177 0.9591 0.0006 0.0006 0.0374 0.0007 0.0016 
        025s 177 0.9874 0.0025 0.0005 0.0079 0.0011 0.0007 
        026s 177 0.9891 0.0004 0.0005 0.0061 0.0012 0.0027 
        027s 177 0.9892 0.0004 0.0008 0.0083 0.0005 0.0008 
        028s 177 0.8230 0.0005 0.0015 0.1740 0.0003 0.0007 
        029s 177 0.9111 0.0432 0.0003 0.0108 0.0340 0.0006 
        030s 177 0.9775 0.0008 0.0012 0.0079 0.0110 0.0015 
        031s 177 0.1149 0.0020 0.0012 0.8688 0.0006 0.0126 
        032s 177 0.0076 0.0013 0.0004 0.9749 0.0150 0.0007 
        033s 177 0.9815 0.0002 0.0004 0.0148 0.0007 0.0023 
        034s 177 0.9009 0.0006 0.0004 0.0964 0.0011 0.0007 
        035s 177 0.9761 0.0005 0.0008 0.0218 0.0004 0.0005 
        036s 177 0.9029 0.0049 0.0004 0.0351 0.0018 0.0548 
        037s 177 0.9607 0.0112 0.0007 0.0182 0.0060 0.0032 
        038s 177 0.5251 0.0011 0.0029 0.4510 0.0189 0.0009 
        039s 177 0.0438 0.0008 0.0059 0.9466 0.0012 0.0017 
        040s 177 0.9252 0.0395 0.0003 0.0322 0.0011 0.0017 
        041s 177 0.2309 0.0270 0.0003 0.6616 0.0799 0.0003 
        042s 177 0.0236 0.0004 0.0008 0.9167 0.0579 0.0005 
        043s 177 0.9091 0.0002 0.0006 0.0890 0.0005 0.0006 
        044s 177 0.9172 0.0006 0.0004 0.0801 0.0009 0.0008 
        045s 177 0.9707 0.0022 0.0079 0.0031 0.0146 0.0015 
        046s 177 0.9905 0.0024 0.0005 0.0056 0.0004 0.0006 
        047s 177 0.8845 0.0018 0.0013 0.1084 0.0010 0.0029 
        048s 177 0.3478 0.0208 0.0004 0.6298 0.0007 0.0004 
        049s 177 0.0074 0.0186 0.0002 0.9632 0.0089 0.0017 
        050s 177 0.9717 0.0009 0.0034 0.0231 0.0003 0.0006 
        001s 178 0.1401 0.0004 0.0017 0.7916 0.0648 0.0013 
        002s 178 0.9657 0.0020 0.0005 0.0276 0.0018 0.0025 
        003s 178 0.9830 0.0009 0.0012 0.0093 0.0048 0.0008 
        004s 178 0.7623 0.0009 0.0105 0.2216 0.0040 0.0006 
        005s 178 0.9942 0.0016 0.0014 0.0019 0.0007 0.0003 
        006s 178 0.8799 0.0050 0.0189 0.0114 0.0299 0.0550 
        007s 178 0.9590 0.0045 0.0003 0.0354 0.0003 0.0005 
        008s 178 0.0030 0.0002 0.0024 0.8863 0.1077 0.0004 
        009s 178 0.9712 0.0100 0.0017 0.0151 0.0005 0.0015 
        010s 178 0.9932 0.0004 0.0004 0.0041 0.0011 0.0008 
        011s 178 0.0264 0.0006 0.0009 0.9705 0.0010 0.0005 
        012s 178 0.9627 0.0011 0.0003 0.0340 0.0015 0.0005 
        013s 178 0.2593 0.0003 0.0059 0.7306 0.0004 0.0035 
        014s 178 0.8975 0.0011 0.0004 0.0402 0.0470 0.0137 
        015s 178 0.9625 0.0015 0.0008 0.0311 0.0036 0.0006 
        016s 178 0.0072 0.0017 0.0035 0.9816 0.0048 0.0012 
        017s 178 0.9436 0.0006 0.0009 0.0065 0.0466 0.0017 
        018s 178 0.8997 0.0007 0.0009 0.0960 0.0014 0.0013 
        019s 178 0.9861 0.0008 0.0004 0.0105 0.0018 0.0004 
        020s 178 0.9035 0.0003 0.0014 0.0938 0.0008 0.0002 
        021s 178 0.9646 0.0096 0.0007 0.0168 0.0076 0.0008 
        022s 178 0.9546 0.0009 0.0005 0.0426 0.0011 0.0003 
        023s 178 0.8357 0.0054 0.0008 0.0390 0.0856 0.0335 
        024s 178 0.9730 0.0004 0.0009 0.0239 0.0010 0.0008 
        025s 178 0.0147 0.0004 0.0004 0.9270 0.0570 0.0006 
        026s 178 0.9915 0.0009 0.0016 0.0053 0.0002 0.0005 
        027s 178 0.1324 0.0024 0.0017 0.8296 0.0331 0.0007 
        028s 178 0.9403 0.0409 0.0048 0.0067 0.0018 0.0055 
        029s 178 0.0110 0.0261 0.0004 0.9610 0.0004 0.0011 
        030s 178 0.9719 0.0080 0.0004 0.0141 0.0017 0.0040 
        031s 178 0.8268 0.0004 0.0167 0.1556 0.0003 0.0002 
        032s 178 0.9929 0.0008 0.0017 0.0038 0.0003 0.0005 
        033s 178 0.5180 0.0045 0.0024 0.4535 0.0213 0.0003 
        034s 178 0.1167 0.0003 0.0011 0.8808 0.0006 0.0005 
        035s 178 0.9873 0.0004 0.0012 0.0069 0.0012 0.0029 
        036s 178 0.9464 0.0007 0.0005 0.0514 0.0003 0.0007 
        037s 178 0.9807 0.0003 0.0004 0.0132 0.0006 0.0047 
        039s 178 0.9738 0.0139 0.0019 0.0027 0.0019 0.0058 
        040s 178 0.2439 0.0008 0.0020 0.6657 0.0858 0.0018 
        041s 178 0.4876 0.0032 0.0007 0.5077 0.0003 0.0006 
        042s 178 0.9356 0.0014 0.0155 0.0079 0.0364 0.0032 
        043s 178 0.9329 0.0157 0.0389 0.0018 0.0036 0.0071 
        044s 178 0.0217 0.0886 0.0002 0.8821 0.0066 0.0009 
        045s 178 0.9618 0.0011 0.0005 0.0348 0.0007 0.0011 
        046s 178 0.9897 0.0010 0.0007 0.0074 0.0009 0.0002 
        047s 178 0.2816 0.0113 0.0012 0.7027 0.0022 0.0010 
        048s 178 0.2383 0.0013 0.0015 0.7255 0.0170 0.0164 
        049s 178 0.2384 0.0025 0.0006 0.7534 0.0013 0.0038 
        050s 178 0.8574 0.0126 0.0063 0.0498 0.0721 0.0019 
          01 179 0.7699 0.0218 0.0007 0.1409 0.0455 0.0212 
          02 179 0.9752 0.0013 0.0012 0.0197 0.0007 0.0019 
          03 179 0.4417 0.0042 0.0004 0.4218 0.1312 0.0007 
          04 179 0.9864 0.0014 0.0004 0.0052 0.0011 0.0054 
          05 179 0.0058 0.0017 0.0020 0.9346 0.0551 0.0008 
          06 179 0.9672 0.0003 0.0102 0.0155 0.0065 0.0004 
          07 179 0.9589 0.0015 0.0004 0.0319 0.0018 0.0055 
          08 179 0.9887 0.0008 0.0017 0.0040 0.0004 0.0044 
          09 179 0.9925 0.0002 0.0006 0.0051 0.0009 0.0007 
          10 179 0.1963 0.0007 0.0004 0.7723 0.0270 0.0033 
          11 179 0.0021 0.0018 0.0003 0.9209 0.0741 0.0009 
          12 179 0.0089 0.0004 0.0025 0.9844 0.0019 0.0019 
          13 179 0.9847 0.0013 0.0020 0.0111 0.0004 0.0005 
          14 179 0.8823 0.0002 0.0006 0.0028 0.1131 0.0011 
          15 179 0.0041 0.0084 0.0006 0.9849 0.0013 0.0007 
          16 179 0.9605 0.0007 0.0023 0.0067 0.0292 0.0007 
          17 179 0.9600 0.0007 0.0008 0.0217 0.0012 0.0157 
          18 179 0.9830 0.0006 0.0011 0.0121 0.0007 0.0025 
          19 179 0.0112 0.0038 0.0016 0.9740 0.0086 0.0008 
          20 179 0.7903 0.0025 0.0035 0.0807 0.0362 0.0869 
          21 179 0.9935 0.0003 0.0003 0.0051 0.0002 0.0006 
          22 179 0.0688 0.0006 0.0167 0.8840 0.0289 0.0010 
          23 179 0.9909 0.0007 0.0005 0.0056 0.0020 0.0004 
        001s 180 0.9415 0.0012 0.0006 0.0030 0.0364 0.0173 
        002s 180 0.0106 0.0009 0.0005 0.9849 0.0012 0.0020 
        003s 180 0.0073 0.0005 0.0032 0.9869 0.0009 0.0012 
        004s 180 0.0488 0.0010 0.0003 0.9489 0.0004 0.0006 
        005s 180 0.9485 0.0019 0.0002 0.0201 0.0037 0.0256 
        006s 180 0.8500 0.0005 0.0007 0.0490 0.0995 0.0005 
        007s 180 0.9848 0.0006 0.0007 0.0128 0.0005 0.0006 
        008s 180 0.5331 0.0011 0.0004 0.4636 0.0010 0.0008 
        009s 180 0.2168 0.0003 0.0010 0.7775 0.0030 0.0014 
        010s 180 0.9835 0.0003 0.0072 0.0070 0.0014 0.0007 
        011s 180 0.8601 0.0010 0.0005 0.1369 0.0010 0.0005 
        012s 180 0.9673 0.0007 0.0010 0.0211 0.0091 0.0008 
        013s 180 0.9210 0.0011 0.0016 0.0710 0.0011 0.0043 
        014s 180 0.9642 0.0006 0.0003 0.0096 0.0245 0.0008 
        015s 180 0.1641 0.0005 0.0005 0.8303 0.0020 0.0027 
        016s 180 0.9246 0.0006 0.0024 0.0230 0.0360 0.0134 
        017s 180 0.9501 0.0013 0.0009 0.0457 0.0010 0.0011 
        018s 180 0.4212 0.0005 0.0007 0.4890 0.0879 0.0006 
        019s 180 0.3390 0.0009 0.0006 0.6568 0.0011 0.0016 
        020s 180 0.9496 0.0013 0.0022 0.0378 0.0013 0.0079 
        021s 180 0.9371 0.0006 0.0007 0.0571 0.0026 0.0018 
        022s 180 0.0099 0.0011 0.0003 0.9775 0.0103 0.0009 
        023s 180 0.0100 0.0002 0.0003 0.9851 0.0012 0.0033 
        024s 180 0.9694 0.0004 0.0006 0.0062 0.0197 0.0037 
        025s 180 0.0113 0.0026 0.0009 0.9815 0.0033 0.0004 
        026s 180 0.9805 0.0038 0.0028 0.0115 0.0009 0.0005 
        027s 180 0.9810 0.0010 0.0006 0.0092 0.0075 0.0007 
        028s 180 0.9850 0.0016 0.0013 0.0092 0.0016 0.0014 
        029s 180 0.9205 0.0025 0.0064 0.0037 0.0053 0.0615 
        030s 180 0.9720 0.0033 0.0049 0.0190 0.0003 0.0004 
        031s 180 0.0897 0.0004 0.0004 0.9067 0.0006 0.0022 
        032s 180 0.9513 0.0019 0.0156 0.0291 0.0015 0.0006 
        033s 180 0.9598 0.0004 0.0036 0.0299 0.0061 0.0002 
        034s 180 0.9761 0.0032 0.0015 0.0169 0.0016 0.0007 
        035s 180 0.8035 0.0007 0.0008 0.1551 0.0221 0.0178 
        036s 180 0.9690 0.0003 0.0045 0.0245 0.0008 0.0008 
        037s 180 0.9844 0.0005 0.0056 0.0058 0.0026 0.0011 
        038s 180 0.9714 0.0011 0.0011 0.0251 0.0010 0.0002 
        039s 180 0.9827 0.0017 0.0009 0.0127 0.0008 0.0012 
        041s 180 0.9202 0.0011 0.0004 0.0773 0.0007 0.0003 
        042s 180 0.9326 0.0019 0.0008 0.0588 0.0011 0.0048 
        043s 180 0.9792 0.0016 0.0060 0.0093 0.0024 0.0015 
        044s 180 0.9746 0.0005 0.0006 0.0226 0.0009 0.0008 
        045s 180 0.8803 0.0296 0.0026 0.0833 0.0004 0.0039 
        046s 180 0.9291 0.0028 0.0010 0.0604 0.0045 0.0022 
        047s 180 0.2177 0.0006 0.0009 0.7537 0.0259 0.0012 
        048s 180 0.0099 0.0009 0.0007 0.9869 0.0007 0.0009 
        049s 180 0.9946 0.0012 0.0007 0.0025 0.0006 0.0004 
        050s 180 0.9759 0.0023 0.0025 0.0185 0.0003 0.0005 
         001 181 0.0002 0.7975 0.0003 0.0003 0.2015 0.0001 
         002 181 0.0000 0.9997 0.0000 0.0000 0.0001 0.0001 
         003 181 0.0001 0.9997 0.0001 0.0001 0.0001 0.0001 
         004 181 0.0031 0.7655 0.0027 0.0059 0.2227 0.0002 
         005 181 0.0042 0.8556 0.0003 0.0037 0.1338 0.0024 
         006 181 0.0001 0.9997 0.0000 0.0000 0.0001 0.0001 
         007 181 0.0001 0.9997 0.0001 0.0001 0.0001 0.0001 
         008 181 0.0001 0.9991 0.0002 0.0001 0.0003 0.0001 
         009 181 0.0000 0.9998 0.0000 0.0000 0.0000 0.0000 
         010 181 0.0001 0.8191 0.0515 0.0001 0.1289 0.0002 
         011 181 0.0001 0.9996 0.0001 0.0001 0.0001 0.0001 
         012 181 0.0002 0.8548 0.0002 0.0002 0.1404 0.0042 
         013 181 0.0036 0.8882 0.0006 0.0019 0.1053 0.0003 
         014 181 0.0003 0.8557 0.0001 0.0002 0.1434 0.0002 
         015 181 0.0001 0.9997 0.0000 0.0000 0.0001 0.0000 
         016 181 0.0005 0.8618 0.0002 0.0008 0.1360 0.0007 
         017 181 0.0000 0.9997 0.0001 0.0001 0.0001 0.0001 
         018 181 0.0004 0.8027 0.0011 0.0003 0.1953 0.0002 
         019 181 0.0035 0.8478 0.0002 0.0072 0.1408 0.0005 
         020 181 0.0001 0.9998 0.0000 0.0000 0.0000 0.0000 
         021 181 0.0001 0.9997 0.0001 0.0001 0.0001 0.0001 
         022 181 0.0000 0.9998 0.0000 0.0000 0.0001 0.0000 
         023 181 0.0001 0.9996 0.0001 0.0001 0.0001 0.0001 
         024 181 0.0118 0.9716 0.0020 0.0125 0.0006 0.0015 
         025 181 0.0002 0.9643 0.0002 0.0002 0.0350 0.0001 
         026 181 0.0001 0.9996 0.0001 0.0001 0.0001 0.0001 
         027 181 0.0000 0.9998 0.0000 0.0000 0.0000 0.0000 
         028 181 0.0000 0.9998 0.0000 0.0000 0.0001 0.0000 
         029 181 0.0001 0.9993 0.0001 0.0002 0.0002 0.0001 
         030 181 0.0001 0.9995 0.0001 0.0001 0.0002 0.0001 
         001 182 0.0001 0.5622 0.0001 0.0001 0.4374 0.0002 
         002 182 0.0002 0.5095 0.0003 0.0004 0.4894 0.0002 
         003 182 0.0004 0.4547 0.0611 0.0005 0.4831 0.0002 
         004 182 0.0002 0.4630 0.0001 0.0001 0.5363 0.0003 
         005 182 0.0012 0.5117 0.0027 0.0014 0.4829 0.0002 
         006 182 0.0370 0.4057 0.0004 0.0708 0.4838 0.0021 
         007 182 0.0008 0.4578 0.0198 0.0016 0.5197 0.0004 
         008 182 0.0007 0.5191 0.0004 0.0011 0.4786 0.0001 
         009 182 0.0002 0.5263 0.0006 0.0003 0.4725 0.0001 
         010 182 0.0381 0.4324 0.0003 0.0493 0.4797 0.0002 
         011 182 0.0002 0.4270 0.0002 0.0002 0.5723 0.0001 
         012 182 0.0060 0.4829 0.0004 0.0667 0.4432 0.0008 
         013 182 0.0010 0.3560 0.0003 0.0006 0.6415 0.0005 
         014 182 0.0154 0.3977 0.0005 0.0734 0.5079 0.0052 
         015 182 0.0001 0.5630 0.0001 0.0002 0.4365 0.0001 
         016 182 0.0003 0.4939 0.0007 0.0003 0.5047 0.0001 
         017 182 0.0184 0.5185 0.0004 0.0430 0.4193 0.0004 
         018 182 0.0004 0.5534 0.0002 0.0004 0.4456 0.0001 
         019 182 0.0002 0.5385 0.0001 0.0002 0.4609 0.0001 
         020 182 0.0001 0.5954 0.0001 0.0001 0.4042 0.0001 
         021 182 0.0010 0.4450 0.0723 0.0010 0.4801 0.0007 
         022 182 0.0003 0.5608 0.0003 0.0002 0.4383 0.0002 
         023 182 0.0003 0.4382 0.0002 0.0002 0.5610 0.0002 
         024 182 0.0002 0.4049 0.0002 0.0002 0.5945 0.0001 
         025 182 0.0002 0.5424 0.0007 0.0002 0.4563 0.0001 
         026 182 0.0001 0.4898 0.0001 0.0002 0.5097 0.0001 
         027 182 0.0003 0.5055 0.0002 0.0004 0.4924 0.0012 
         028 182 0.0004 0.4630 0.0004 0.0003 0.5357 0.0002 
         029 182 0.0006 0.4574 0.0062 0.0004 0.5348 0.0007 
         030 182 0.0001 0.5409 0.0001 0.0001 0.4586 0.0001 
          10 183 0.0127 0.0004 0.0018 0.9827 0.0003 0.0021 
          11 183 0.0114 0.0001 0.0003 0.9185 0.0033 0.0663 
          12 183 0.0275 0.0002 0.0013 0.9643 0.0004 0.0061 
          13 183 0.0128 0.0062 0.0011 0.9582 0.0212 0.0004 
          14 183 0.0154 0.0004 0.0271 0.9481 0.0003 0.0087 
          15 183 0.0078 0.0022 0.0005 0.9524 0.0061 0.0311 
          16 183 0.0075 0.0377 0.0049 0.9434 0.0058 0.0007 
          17 183 0.0959 0.0021 0.0005 0.8991 0.0002 0.0022 
          18 183 0.0119 0.0005 0.0008 0.9854 0.0003 0.0011 
          19 183 0.0058 0.0003 0.0004 0.9923 0.0002 0.0010 
          20 183 0.0128 0.0014 0.0010 0.9583 0.0261 0.0004 
          21 183 0.0126 0.0005 0.0002 0.9766 0.0012 0.0089 
          22 183 0.0027 0.0013 0.0029 0.9760 0.0042 0.0130 
          23 183 0.0196 0.0181 0.0088 0.9521 0.0010 0.0004 
          24 183 0.0016 0.0002 0.0006 0.9884 0.0003 0.0090 
          25 183 0.0191 0.0005 0.0009 0.9724 0.0013 0.0058 
          26 183 0.0010 0.0010 0.0005 0.9959 0.0012 0.0004 
          27 183 0.0052 0.0004 0.0003 0.9400 0.0478 0.0064 
          28 183 0.0096 0.0005 0.0004 0.9696 0.0043 0.0157 
          29 183 0.0006 0.3858 0.0002 0.3096 0.2936 0.0102 
          30 183 0.0005 0.3870 0.0005 0.1125 0.4413 0.0582 
          31 183 0.0156 0.0011 0.0005 0.9784 0.0004 0.0039 
          32 183 0.0101 0.0002 0.0017 0.9875 0.0002 0.0003 
          33 183 0.0011 0.0004 0.0013 0.9909 0.0056 0.0007 
          34 183 0.1541 0.0002 0.0043 0.8211 0.0011 0.0193 
          35 183 0.0022 0.0017 0.0007 0.9826 0.0048 0.0080 
          36 183 0.0402 0.0005 0.0021 0.9538 0.0004 0.0030 
          37 183 0.0007 0.3736 0.0004 0.2051 0.4123 0.0078 
          54 183 0.0233 0.0090 0.0004 0.9291 0.0369 0.0014 
          55 183 0.0059 0.0013 0.0042 0.8224 0.1013 0.0649 
           6 183 0.0016 0.0009 0.0012 0.9903 0.0055 0.0005 
           7 183 0.0011 0.0072 0.0003 0.9072 0.0822 0.0021 
           8 183 0.0027 0.0039 0.0024 0.9823 0.0071 0.0016 
           9 183 0.0442 0.0030 0.0019 0.9364 0.0007 0.0138 
           4 184 0.0353 0.0021 0.0006 0.9599 0.0013 0.0008 
           9 184 0.1072 0.0006 0.0037 0.8870 0.0010 0.0005 
          12 184 0.0282 0.0273 0.0005 0.9431 0.0007 0.0002 
          14 184 0.1762 0.0007 0.0010 0.8127 0.0011 0.0083 
          15 184 0.5689 0.0003 0.0006 0.4280 0.0003 0.0019 
          16 184 0.0111 0.0027 0.0044 0.9799 0.0004 0.0016 
          17 184 0.6757 0.0038 0.0027 0.3160 0.0010 0.0008 
          18 184 0.0015 0.0009 0.0004 0.9064 0.0896 0.0013 
          22 184 0.0166 0.0005 0.0007 0.9815 0.0004 0.0004 
          25 184 0.0507 0.0006 0.0008 0.9362 0.0109 0.0008 
          26 184 0.0429 0.0027 0.0237 0.9281 0.0004 0.0023 
          27 184 0.0218 0.0020 0.0003 0.9752 0.0004 0.0003 
          28 184 0.1790 0.0008 0.0007 0.8180 0.0006 0.0010 
          29 184 0.3376 0.0003 0.0003 0.6611 0.0003 0.0005 
          31 184 0.0067 0.0016 0.0006 0.9896 0.0008 0.0007 
          32 184 0.0603 0.0041 0.0011 0.9285 0.0016 0.0044 
          33 184 0.3969 0.0005 0.0014 0.5985 0.0013 0.0015 
          34 184 0.4834 0.0005 0.0006 0.5147 0.0004 0.0004 
          36 184 0.0006 0.0678 0.0003 0.5926 0.3385 0.0002 
          37 184 0.0017 0.0007 0.0013 0.9926 0.0034 0.0004 
          39 184 0.0252 0.0090 0.0007 0.9474 0.0039 0.0137 
          40 184 0.0223 0.0022 0.0008 0.9695 0.0021 0.0030 
          41 184 0.0085 0.0004 0.0007 0.9736 0.0148 0.0020 
          42 184 0.0617 0.0011 0.0062 0.9297 0.0010 0.0004 
          43 184 0.2605 0.0005 0.0005 0.7373 0.0005 0.0007 
          44 184 0.0226 0.0015 0.0005 0.8926 0.0794 0.0033 
          45 184 0.5110 0.0003 0.0015 0.4863 0.0002 0.0006 
          46 184 0.0061 0.0059 0.0012 0.9862 0.0002 0.0004 
          47 184 0.0272 0.0004 0.0003 0.9709 0.0002 0.0010 
          48 184 0.0309 0.0010 0.0004 0.9651 0.0004 0.0022 
          52 184 0.0025 0.0032 0.0009 0.9180 0.0747 0.0008 
          54 184 0.1840 0.0005 0.0028 0.8119 0.0006 0.0002 
          57 184 0.0164 0.0009 0.0007 0.9810 0.0006 0.0005 
          58 184 0.0490 0.0008 0.0006 0.9476 0.0009 0.0012 
          59 184 0.0594 0.0448 0.0003 0.8878 0.0064 0.0013 
          60 184 0.6381 0.0003 0.0022 0.3492 0.0018 0.0084 
           3 185 0.0326 0.0046 0.0009 0.9375 0.0123 0.0122 
           4 185 0.3146 0.0022 0.0014 0.6793 0.0007 0.0017 
           5 185 0.2391 0.0017 0.0063 0.7519 0.0005 0.0004 
           6 185 0.7688 0.0004 0.0008 0.2283 0.0013 0.0005 
           7 185 0.0027 0.0010 0.0043 0.8961 0.0955 0.0004 
           8 185 0.3808 0.0223 0.0005 0.5674 0.0279 0.0011 
           9 185 0.0067 0.0009 0.0007 0.9882 0.0011 0.0024 
          10 185 0.6177 0.0007 0.0016 0.3743 0.0023 0.0034 
          11 185 0.2567 0.0198 0.0014 0.7029 0.0154 0.0039 
          12 185 0.0560 0.0033 0.0011 0.8418 0.0964 0.0014 
          13 185 0.0518 0.0007 0.0006 0.9461 0.0004 0.0004 
          14 185 0.0318 0.0024 0.0010 0.9637 0.0004 0.0007 
          15 185 0.0271 0.0002 0.0463 0.6636 0.0276 0.2352 
          16 185 0.0987 0.0008 0.0008 0.8967 0.0017 0.0013 
          17 185 0.0989 0.0011 0.0026 0.8429 0.0007 0.0539 
          18 185 0.0072 0.0002 0.0024 0.9876 0.0018 0.0008 
          19 185 0.0852 0.0002 0.0006 0.8896 0.0003 0.0240 
          20 185 0.0127 0.0403 0.0004 0.8523 0.0932 0.0011 
          21 185 0.0871 0.0008 0.0017 0.8978 0.0032 0.0094 
          22 185 0.0264 0.0005 0.0007 0.9181 0.0037 0.0506 
          23 185 0.0354 0.0003 0.0003 0.8802 0.0812 0.0026 
          24 185 0.0819 0.0048 0.0004 0.9121 0.0002 0.0006 
          25 185 0.3857 0.0018 0.0003 0.5346 0.0715 0.0062 
          26 185 0.0164 0.0023 0.0009 0.9784 0.0005 0.0014 
          27 185 0.3368 0.0003 0.0033 0.6583 0.0005 0.0009 
          28 185 0.6027 0.0003 0.0004 0.3948 0.0016 0.0002 
          29 185 0.0036 0.0039 0.0067 0.8141 0.1193 0.0525 
          30 185 0.0024 0.0054 0.0006 0.9893 0.0010 0.0013 
          31 185 0.0396 0.0007 0.0003 0.9450 0.0140 0.0005 
          32 185 0.0951 0.0069 0.0011 0.8954 0.0012 0.0004 
          33 185 0.0258 0.0042 0.0006 0.9649 0.0041 0.0005 
          34 185 0.2528 0.0017 0.0004 0.7426 0.0002 0.0023 
          35 185 0.0820 0.0008 0.0465 0.8684 0.0008 0.0015 
          36 185 0.2339 0.0010 0.0016 0.7620 0.0008 0.0008 
          37 185 0.3929 0.0096 0.0004 0.5877 0.0090 0.0004 
          38 185 0.4021 0.0361 0.0005 0.5021 0.0588 0.0004 
          39 185 0.0222 0.0002 0.0005 0.8737 0.1003 0.0031 
          40 185 0.2715 0.0012 0.0013 0.7246 0.0005 0.0010 
          41 185 0.1260 0.0003 0.0019 0.8697 0.0013 0.0009 
          42 185 0.0225 0.0009 0.0007 0.9750 0.0004 0.0007 
           5 186 0.2210 0.0005 0.0065 0.7707 0.0008 0.0005 
           6 186 0.0081 0.0005 0.0035 0.9854 0.0021 0.0004 
           7 186 0.0168 0.0097 0.0006 0.9719 0.0004 0.0006 
           9 186 0.0020 0.0006 0.0010 0.8961 0.0991 0.0012 
          10 186 0.0268 0.0215 0.0018 0.9366 0.0115 0.0017 
          11 186 0.0034 0.0024 0.0005 0.9919 0.0012 0.0007 
          12 186 0.0189 0.0007 0.0012 0.9775 0.0014 0.0004 
          29 186 0.1999 0.0018 0.0006 0.7807 0.0012 0.0159 
          30 186 0.0077 0.0003 0.0029 0.9876 0.0003 0.0012 
          31 186 0.0033 0.0084 0.0179 0.7717 0.0385 0.1602 
          32 186 0.0019 0.0005 0.0006 0.9047 0.0692 0.0233 
          33 186 0.4392 0.0003 0.0006 0.5550 0.0010 0.0040 
          34 186 0.0447 0.0168 0.0219 0.9084 0.0034 0.0048 
          35 186 0.2498 0.0007 0.0005 0.7472 0.0002 0.0015 
          36 186 0.0079 0.0003 0.0004 0.9872 0.0025 0.0017 
          37 186 0.1511 0.0109 0.0004 0.8285 0.0083 0.0008 
          38 186 0.0162 0.0073 0.0008 0.9537 0.0034 0.0185 
          39 186 0.1054 0.0005 0.0025 0.8907 0.0005 0.0004 
          40 186 0.3080 0.0005 0.0003 0.6899 0.0005 0.0008 
          41 186 0.5621 0.0053 0.0020 0.4293 0.0007 0.0006 
          42 186 0.5648 0.0005 0.0006 0.4326 0.0010 0.0005 
          43 186 0.1149 0.0025 0.0048 0.8709 0.0061 0.0008 
          44 186 0.1848 0.0003 0.0029 0.8091 0.0003 0.0026 
          45 186 0.0050 0.0004 0.0006 0.9931 0.0005 0.0004 
          46 186 0.3637 0.0006 0.0118 0.6229 0.0004 0.0007 
          47 186 0.1313 0.0005 0.0005 0.8584 0.0081 0.0011 
          48 186 0.2446 0.0003 0.0012 0.7520 0.0012 0.0007 
          49 186 0.0091 0.0004 0.0005 0.9895 0.0002 0.0002 
          50 186 0.0208 0.0022 0.0007 0.9658 0.0088 0.0018 
          51 186 0.0130 0.0005 0.0011 0.9846 0.0004 0.0005 
          52 186 0.0406 0.0007 0.0039 0.9529 0.0006 0.0013 
          53 186 0.0090 0.0009 0.0007 0.9866 0.0004 0.0024 
          54 186 0.4101 0.0005 0.0062 0.5819 0.0006 0.0007 
          55 186 0.2183 0.0006 0.0054 0.7713 0.0035 0.0009 
          56 186 0.0013 0.0020 0.0003 0.9952 0.0005 0.0006 
          57 186 0.3237 0.0005 0.0123 0.5739 0.0184 0.0713 
          58 186 0.2910 0.0005 0.0013 0.7062 0.0007 0.0003 
          59 186 0.6300 0.0053 0.0004 0.3632 0.0007 0.0004 
          60 186 0.5650 0.0005 0.0010 0.4316 0.0002 0.0018 
           1 187 0.0121 0.0018 0.0010 0.9602 0.0210 0.0039 
           2 187 0.0080 0.0009 0.0005 0.9860 0.0033 0.0013 
           3 187 0.0041 0.0012 0.0009 0.9689 0.0136 0.0114 
           4 187 0.0210 0.0048 0.0007 0.8587 0.1085 0.0064 
           5 187 0.4770 0.0003 0.0027 0.5187 0.0006 0.0007 
           6 187 0.1908 0.0019 0.0044 0.8007 0.0016 0.0006 
           7 187 0.0495 0.0069 0.0038 0.8041 0.1350 0.0007 
           8 187 0.1923 0.0012 0.0036 0.8014 0.0010 0.0005 
           9 187 0.0032 0.0002 0.0003 0.9951 0.0004 0.0008 
          10 187 0.0277 0.0153 0.0015 0.9518 0.0028 0.0010 
          11 187 0.2875 0.0057 0.0005 0.7059 0.0003 0.0002 
          12 187 0.0077 0.0007 0.0003 0.9903 0.0006 0.0005 
          13 187 0.1198 0.0005 0.0006 0.8566 0.0206 0.0020 
          14 187 0.0274 0.0013 0.0017 0.9668 0.0006 0.0020 
          15 187 0.0092 0.0042 0.0076 0.9775 0.0010 0.0004 
          16 187 0.0015 0.0015 0.0019 0.9880 0.0055 0.0016 
          17 187 0.0074 0.0005 0.0002 0.8991 0.0854 0.0074 
          18 187 0.0116 0.0005 0.0005 0.9847 0.0017 0.0010 
          19 187 0.1286 0.0008 0.0020 0.8678 0.0003 0.0004 
          20 187 0.3407 0.0004 0.0096 0.6477 0.0009 0.0007 
          21 187 0.3542 0.0245 0.0027 0.5543 0.0606 0.0037 
          22 187 0.0128 0.0017 0.0005 0.9815 0.0006 0.0030 
          23 187 0.1766 0.0003 0.0003 0.8215 0.0007 0.0006 
          24 187 0.0033 0.0282 0.0006 0.9157 0.0494 0.0027 
          25 187 0.7756 0.0007 0.0031 0.2181 0.0006 0.0019 
          26 187 0.0432 0.0004 0.0017 0.9507 0.0004 0.0036 
          27 187 0.0052 0.0003 0.0004 0.9931 0.0003 0.0006 
          28 187 0.0961 0.0266 0.0020 0.8710 0.0003 0.0038 
          29 187 0.0666 0.0042 0.0007 0.9255 0.0016 0.0015 
          30 187 0.0419 0.0014 0.0014 0.9142 0.0005 0.0405 
          32 187 0.0048 0.0566 0.0005 0.9193 0.0185 0.0003 
          33 187 0.0194 0.0058 0.0003 0.9663 0.0074 0.0008 
          34 187 0.1353 0.0005 0.0029 0.8593 0.0015 0.0005 
          35 187 0.1279 0.0012 0.0028 0.8432 0.0172 0.0076 
          36 187 0.2152 0.0007 0.0015 0.7802 0.0005 0.0018 
          37 187 0.0206 0.0017 0.0007 0.9667 0.0017 0.0087 
          38 187 0.0882 0.0032 0.0287 0.7227 0.0952 0.0620 
           1 188 0.0206 0.0029 0.0007 0.9727 0.0022 0.0008 
           2 188 0.4406 0.0070 0.0025 0.5461 0.0035 0.0004 
           3 188 0.0080 0.0028 0.0049 0.9535 0.0294 0.0013 
           4 188 0.1481 0.0125 0.0147 0.7942 0.0298 0.0007 
           5 188 0.2317 0.0019 0.0012 0.7605 0.0008 0.0038 
           6 188 0.0018 0.0003 0.0004 0.9964 0.0003 0.0008 
           7 188 0.0373 0.0003 0.0011 0.9603 0.0005 0.0005 
           8 188 0.0544 0.0247 0.0008 0.9131 0.0067 0.0003 
           9 188 0.0133 0.0004 0.0266 0.9581 0.0013 0.0004 
          10 188 0.0468 0.0005 0.0004 0.9291 0.0216 0.0016 
          11 188 0.4125 0.0006 0.0019 0.5841 0.0003 0.0006 
          12 188 0.6151 0.0008 0.0011 0.3361 0.0008 0.0460 
          13 188 0.5220 0.0077 0.0005 0.3691 0.0906 0.0101 
          14 188 0.1049 0.0053 0.0005 0.8109 0.0718 0.0066 
          15 188 0.1510 0.0004 0.0021 0.8457 0.0003 0.0003 
          16 188 0.0252 0.0007 0.0007 0.9135 0.0583 0.0016 
          17 188 0.0021 0.0011 0.0005 0.9945 0.0010 0.0008 
          18 188 0.0143 0.0004 0.0005 0.9325 0.0019 0.0504 
          19 188 0.1408 0.0006 0.0010 0.8526 0.0018 0.0033 
          20 188 0.3115 0.0021 0.0014 0.5558 0.1229 0.0062 
          21 188 0.0688 0.0005 0.0031 0.9070 0.0138 0.0067 
          22 188 0.1478 0.0033 0.0063 0.8311 0.0009 0.0105 
          23 188 0.0085 0.0019 0.0003 0.9368 0.0011 0.0515 
          24 188 0.1531 0.0002 0.0004 0.8039 0.0002 0.0422 
          25 188 0.0279 0.0004 0.0040 0.9198 0.0007 0.0472 
          26 188 0.0110 0.0012 0.0007 0.9115 0.0745 0.0011 
          27 188 0.0143 0.0502 0.0008 0.9309 0.0021 0.0017 
          28 188 0.0150 0.0009 0.0006 0.9820 0.0010 0.0003 
          29 188 0.0018 0.0003 0.0008 0.9066 0.0885 0.0021 
          30 188 0.1757 0.0076 0.0006 0.7334 0.0818 0.0008 
          31 188 0.7654 0.0010 0.0006 0.2262 0.0025 0.0043 
          32 188 0.4795 0.0004 0.0006 0.5176 0.0013 0.0005 
          33 188 0.2587 0.0003 0.0002 0.7343 0.0031 0.0035 
          34 188 0.1767 0.0013 0.0006 0.8142 0.0003 0.0068 
          35 188 0.4269 0.0020 0.0046 0.4979 0.0175 0.0510 
          36 188 0.0029 0.0567 0.0030 0.8854 0.0515 0.0006 
          37 188 0.0609 0.0005 0.0019 0.9356 0.0007 0.0006 
          38 188 0.3237 0.0555 0.0010 0.6048 0.0144 0.0006 
          39 188 0.0331 0.0004 0.0063 0.8972 0.0616 0.0014 
          40 188 0.5027 0.0025 0.0004 0.4935 0.0005 0.0004 
           7 189 0.0452 0.0028 0.0005 0.9495 0.0015 0.0005 
           8 189 0.1415 0.0108 0.0005 0.8459 0.0005 0.0008 
           9 189 0.0311 0.0039 0.0008 0.9611 0.0009 0.0023 
          10 189 0.0101 0.0066 0.0005 0.9816 0.0009 0.0003 
          11 189 0.0161 0.0018 0.0252 0.9511 0.0004 0.0054 
          12 189 0.4063 0.0095 0.0012 0.5384 0.0440 0.0006 
          13 189 0.5135 0.0005 0.0008 0.4825 0.0003 0.0025 
          14 189 0.0031 0.0045 0.0002 0.9666 0.0179 0.0076 
          16 189 0.0126 0.0008 0.0068 0.8176 0.1592 0.0030 
          17 189 0.3048 0.0002 0.0012 0.6913 0.0007 0.0017 
          18 189 0.0736 0.0071 0.0010 0.8806 0.0339 0.0037 
          19 189 0.0106 0.0025 0.0025 0.9765 0.0005 0.0074 
          20 189 0.0044 0.0074 0.0004 0.9532 0.0340 0.0006 
          21 189 0.0603 0.0032 0.0007 0.9305 0.0040 0.0013 
          23 189 0.1196 0.0004 0.0012 0.8763 0.0005 0.0020 
          24 189 0.4884 0.0459 0.0009 0.4621 0.0015 0.0010 
          25 189 0.1816 0.0014 0.0008 0.8106 0.0037 0.0018 
          26 189 0.0952 0.0071 0.0030 0.8885 0.0048 0.0015 
          27 189 0.0599 0.0010 0.0048 0.9290 0.0009 0.0045 
          28 189 0.0404 0.0003 0.0015 0.9572 0.0002 0.0005 
          29 189 0.0078 0.0088 0.0011 0.9806 0.0004 0.0013 
          30 189 0.2825 0.0036 0.0022 0.6920 0.0009 0.0189 
          31 189 0.2021 0.0010 0.0005 0.7922 0.0002 0.0040 
          32 189 0.0587 0.0378 0.0017 0.8826 0.0188 0.0004 
          33 189 0.3972 0.0010 0.0023 0.5906 0.0006 0.0082 
          34 189 0.1852 0.0002 0.0041 0.8095 0.0007 0.0003 
          35 189 0.2487 0.0004 0.0005 0.7487 0.0004 0.0012 
          36 189 0.0342 0.0088 0.0005 0.9425 0.0125 0.0015 
          37 189 0.0824 0.0005 0.0021 0.9091 0.0004 0.0056 
          38 189 0.0876 0.0004 0.0057 0.8762 0.0271 0.0029 
          39 189 0.2019 0.0256 0.0007 0.7702 0.0006 0.0009 
          40 189 0.0466 0.0025 0.0015 0.7940 0.1543 0.0011 
          41 189 0.1138 0.0048 0.0004 0.8720 0.0043 0.0047 
          42 189 0.0024 0.0026 0.0181 0.8031 0.1724 0.0014 
          43 189 0.0036 0.0004 0.0014 0.9913 0.0028 0.0006 
           1 190 0.0258 0.0007 0.0013 0.8414 0.1299 0.0010 
           3 190 0.0201 0.0002 0.0013 0.9609 0.0034 0.0141 
           4 190 0.0346 0.0005 0.0019 0.9611 0.0011 0.0008 
           5 190 0.0073 0.0009 0.0005 0.9666 0.0241 0.0006 
           6 190 0.0418 0.0007 0.0014 0.9546 0.0006 0.0009 
           7 190 0.4579 0.0011 0.0003 0.5377 0.0005 0.0025 
           8 190 0.4533 0.0033 0.0015 0.5038 0.0025 0.0356 
           9 190 0.0007 0.1115 0.0121 0.5342 0.2565 0.0850 
          10 190 0.4146 0.0006 0.0007 0.5821 0.0015 0.0006 
          11 190 0.1333 0.0082 0.0195 0.8313 0.0072 0.0005 
          12 190 0.0611 0.0009 0.0018 0.9345 0.0003 0.0013 
          13 190 0.0024 0.0006 0.0011 0.9946 0.0010 0.0003 
          14 190 0.4063 0.0011 0.0055 0.5855 0.0010 0.0006 
          15 190 0.0026 0.0005 0.0331 0.9522 0.0098 0.0018 
          16 190 0.0940 0.0026 0.0004 0.9008 0.0015 0.0008 
          17 190 0.2036 0.0053 0.0070 0.7824 0.0008 0.0009 
          18 190 0.0145 0.0014 0.0004 0.9528 0.0267 0.0043 
          19 190 0.0421 0.0008 0.0010 0.9541 0.0006 0.0015 
          20 190 0.0607 0.0004 0.0006 0.9276 0.0005 0.0102 
          22 190 0.0304 0.0451 0.0008 0.8374 0.0856 0.0006 
          23 190 0.3276 0.0074 0.0008 0.6623 0.0011 0.0008 
          24 190 0.0084 0.0004 0.0005 0.9179 0.0719 0.0009 
          25 190 0.2719 0.0017 0.0009 0.7231 0.0020 0.0003 
          26 190 0.4645 0.0003 0.0014 0.5322 0.0003 0.0013 
          27 190 0.0021 0.0003 0.0127 0.9824 0.0019 0.0006 
          28 190 0.0098 0.0013 0.0063 0.9797 0.0022 0.0008 
          29 190 0.0014 0.0031 0.0004 0.9925 0.0025 0.0002 
          31 190 0.0016 0.0241 0.0013 0.9672 0.0057 0.0002 
           7 191 0.2874 0.0003 0.0002 0.7106 0.0008 0.0006 
           8 191 0.0553 0.0031 0.0005 0.9397 0.0008 0.0006 
           9 191 0.5842 0.0007 0.0003 0.4141 0.0003 0.0004 
          10 191 0.2781 0.0005 0.0005 0.7151 0.0010 0.0047 
          11 191 0.0387 0.0048 0.0004 0.9547 0.0007 0.0006 
          12 191 0.0090 0.0006 0.0760 0.8750 0.0390 0.0005 
          13 191 0.0025 0.0007 0.0006 0.9937 0.0016 0.0010 
          14 191 0.1563 0.0052 0.0019 0.8335 0.0027 0.0003 
          15 191 0.0568 0.0006 0.0019 0.8612 0.0774 0.0020 
          16 191 0.2879 0.0007 0.0007 0.7074 0.0008 0.0025 
          17 191 0.0064 0.0166 0.0019 0.8932 0.0359 0.0460 
          18 191 0.0142 0.0045 0.0009 0.9792 0.0004 0.0009 
          19 191 0.4859 0.0099 0.0017 0.4894 0.0067 0.0064 
          20 191 0.0470 0.0022 0.0003 0.9328 0.0161 0.0016 
          21 191 0.0928 0.0012 0.0044 0.8439 0.0329 0.0249 
          22 191 0.0130 0.0015 0.0004 0.9837 0.0007 0.0007 
          23 191 0.0443 0.0004 0.0009 0.9482 0.0053 0.0010 
          24 191 0.0712 0.0007 0.0004 0.9255 0.0018 0.0003 
          25 191 0.0127 0.0027 0.0011 0.9631 0.0199 0.0005 
          26 191 0.0264 0.0096 0.0006 0.8667 0.0945 0.0022 
          27 191 0.0055 0.0006 0.0009 0.9918 0.0007 0.0006 
          28 191 0.0038 0.0025 0.0007 0.9882 0.0004 0.0045 
          29 191 0.0096 0.0006 0.0004 0.9681 0.0007 0.0207 
          30 191 0.0815 0.0003 0.0009 0.9162 0.0008 0.0003 
          39 191 0.0201 0.0038 0.0204 0.9547 0.0005 0.0006 
          40 191 0.3768 0.0011 0.0006 0.6205 0.0006 0.0004 
          41 191 0.0140 0.0010 0.0004 0.9256 0.0548 0.0043 
          42 191 0.5059 0.0003 0.0008 0.4923 0.0005 0.0003 
          43 191 0.0185 0.0004 0.0008 0.9216 0.0577 0.0009 
          44 191 0.0614 0.0045 0.0003 0.9250 0.0026 0.0064 
          45 191 0.2558 0.0012 0.0034 0.7355 0.0003 0.0039 
          46 191 0.0113 0.0011 0.0005 0.8444 0.1269 0.0157 
          47 191 0.6379 0.0014 0.0015 0.3546 0.0033 0.0013 
          48 191 0.3405 0.0009 0.0047 0.6523 0.0003 0.0013 
          49 191 0.4468 0.0092 0.0038 0.5287 0.0013 0.0102 
          50 191 0.0157 0.0014 0.0007 0.9804 0.0008 0.0011 
           9 192 0.3969 0.0005 0.0003 0.6017 0.0003 0.0002 
          10 192 0.2482 0.0023 0.0020 0.7453 0.0020 0.0002 
          11 192 0.0053 0.0002 0.0007 0.9563 0.0320 0.0055 
          12 192 0.0101 0.0008 0.0005 0.9867 0.0012 0.0006 
          13 192 0.5227 0.0291 0.0014 0.3965 0.0496 0.0007 
          14 192 0.1361 0.0005 0.0006 0.7853 0.0058 0.0717 
          15 192 0.2529 0.0013 0.0032 0.7407 0.0002 0.0017 
          16 192 0.1291 0.0080 0.0006 0.8611 0.0005 0.0007 
          17 192 0.2764 0.0108 0.0099 0.6894 0.0124 0.0012 
          18 192 0.0039 0.0006 0.0006 0.9894 0.0044 0.0010 
          19 192 0.1886 0.0044 0.0027 0.8022 0.0016 0.0004 
          20 192 0.0041 0.0005 0.0252 0.9487 0.0206 0.0009 
          21 192 0.0777 0.0005 0.0097 0.9112 0.0004 0.0005 
          22 192 0.0397 0.0106 0.0016 0.9280 0.0038 0.0163 
          23 192 0.0016 0.0006 0.0006 0.8942 0.0988 0.0042 
          24 192 0.1755 0.0044 0.0030 0.8157 0.0009 0.0006 
          33 192 0.0016 0.0006 0.0140 0.9158 0.0676 0.0004 
          35 192 0.2717 0.0006 0.0094 0.7160 0.0009 0.0015 
          36 192 0.2936 0.0004 0.0009 0.7041 0.0006 0.0004 
          37 192 0.0381 0.0005 0.0008 0.9589 0.0006 0.0012 
          38 192 0.0026 0.0022 0.0004 0.9650 0.0290 0.0008 
          39 192 0.1338 0.0013 0.0007 0.8625 0.0011 0.0005 
          40 192 0.1850 0.0033 0.0003 0.7377 0.0735 0.0002 
          41 192 0.0397 0.0089 0.0002 0.9092 0.0404 0.0016 
          42 192 0.0048 0.0026 0.0004 0.9508 0.0327 0.0087 
          43 192 0.1131 0.0010 0.0047 0.8777 0.0004 0.0030 
          45 192 0.5723 0.0003 0.0031 0.4227 0.0005 0.0011 
          46 192 0.0224 0.0038 0.0296 0.9424 0.0006 0.0012 
          47 192 0.0218 0.0006 0.0004 0.9750 0.0014 0.0009 
          48 192 0.0688 0.0007 0.0003 0.9285 0.0006 0.0011 
          49 192 0.2617 0.0441 0.0042 0.6834 0.0059 0.0007 
          50 192 0.0501 0.0005 0.0006 0.9478 0.0006 0.0004 
