        001s  1 0.0007 0.0006 0.9987 
        002s  1 0.0027 0.0011 0.9962 
        003s  1 0.0031 0.0025 0.9944 
        004s  1 0.0473 0.0052 0.9474 
        005s  1 0.4278 0.0020 0.5702 
        006s  1 0.0009 0.0005 0.9985 
        007s  1 0.0015 0.0055 0.9930 
        008s  1 0.0042 0.0014 0.9944 
        009s  1 0.0714 0.0125 0.9160 
        010s  1 0.0064 0.0006 0.9930 
        011s  1 0.0034 0.0040 0.9927 
        012s  1 0.1311 0.0030 0.8660 
        013s  1 0.0293 0.0121 0.9586 
        014s  1 0.0264 0.0121 0.9615 
        015s  1 0.0009 0.0008 0.9983 
        016s  1 0.0018 0.0120 0.9861 
        018s  1 0.1373 0.0022 0.8605 
        019s  1 0.0050 0.0019 0.9931 
        020s  1 0.0006 0.0126 0.9868 
        021s  1 0.0013 0.0089 0.9898 
        022s  1 0.0004 0.0010 0.9986 
        023s  1 0.0006 0.0148 0.9846 
        024s  1 0.0023 0.0012 0.9965 
        025s  1 0.0129 0.0017 0.9854 
        026s  1 0.0017 0.0122 0.9860 
        027s  1 0.0108 0.0033 0.9859 
        028s  1 0.1088 0.0010 0.8902 
        029s  1 0.0011 0.0009 0.9979 
        030s  1 0.0040 0.0011 0.9948 
        031s  1 0.0004 0.0012 0.9984 
        032s  1 0.0009 0.0013 0.9978 
        033s  1 0.0061 0.0016 0.9923 
        034s  1 0.0019 0.0558 0.9423 
        035s  1 0.0034 0.0015 0.9951 
        036s  1 0.0727 0.0018 0.9255 
        037s  1 0.1170 0.0592 0.8238 
        038s  1 0.0019 0.0012 0.9969 
        039s  1 0.0048 0.0006 0.9946 
        040s  1 0.0036 0.0045 0.9919 
        041s  1 0.0015 0.0050 0.9935 
        042s  1 0.0388 0.0956 0.8656 
        043s  1 0.0192 0.0007 0.9801 
        044s  1 0.1102 0.0138 0.8760 
        045s  1 0.0061 0.0012 0.9927 
        046s  1 0.0014 0.0010 0.9976 
        047s  1 0.0007 0.0078 0.9915 
        048s  1 0.0072 0.0014 0.9914 
        049s  1 0.0014 0.0007 0.9980 
        050s  1 0.0989 0.0007 0.9005 
        051s  1 0.0007 0.0019 0.9974 
        052s  1 0.0302 0.0024 0.9673 
        053s  1 0.0015 0.0009 0.9976 
        054s  1 0.0008 0.0014 0.9979 
        055s  1 0.0804 0.0851 0.8345 
          01  2 0.1176 0.0064 0.8759 
          02  2 0.0255 0.0011 0.9734 
          03  2 0.0019 0.0018 0.9963 
          04  2 0.0277 0.0147 0.9576 
          05  2 0.0929 0.0008 0.9063 
          06  2 0.0381 0.0011 0.9608 
          07  2 0.0179 0.0011 0.9810 
          08  2 0.0504 0.0013 0.9484 
          09  2 0.0006 0.0005 0.9988 
          10  2 0.0017 0.0008 0.9975 
          11  2 0.0064 0.0051 0.9885 
          12  2 0.0015 0.0008 0.9977 
          13  2 0.0006 0.0008 0.9986 
          14  2 0.0012 0.0262 0.9725 
          15  2 0.0008 0.0019 0.9973 
          16  2 0.0425 0.0077 0.9498 
          17  2 0.0038 0.0017 0.9945 
          18  2 0.0294 0.0015 0.9691 
          19  2 0.0009 0.0064 0.9927 
          20  2 0.0698 0.0114 0.9188 
          21  2 0.0014 0.0010 0.9976 
          22  2 0.0065 0.0089 0.9846 
          23  2 0.0032 0.0029 0.9940 
          24  2 0.0009 0.0011 0.9981 
          25  2 0.0420 0.0018 0.9562 
          26  2 0.0011 0.0005 0.9984 
          27  2 0.0145 0.0056 0.9799 
          28  2 0.0008 0.0061 0.9931 
          29  2 0.0015 0.0005 0.9980 
          30  2 0.1241 0.1012 0.7747 
          01  3 0.6290 0.0186 0.3524 
          02  3 0.7961 0.0083 0.1956 
          03  3 0.6134 0.0020 0.3846 
          04  3 0.7942 0.0036 0.2022 
          05  3 0.7769 0.1547 0.0684 
          06  3 0.9100 0.0017 0.0884 
          07  3 0.6010 0.0008 0.3982 
          08  3 0.6763 0.0173 0.3064 
          09  3 0.6631 0.0140 0.3229 
          10  3 0.6160 0.1379 0.2461 
          11  3 0.6973 0.0006 0.3021 
          12  3 0.7086 0.0008 0.2906 
          13  3 0.9755 0.0007 0.0238 
          14  3 0.7902 0.1701 0.0397 
          15  3 0.6361 0.0039 0.3599 
          16  3 0.9175 0.0022 0.0803 
          17  3 0.5617 0.0013 0.4370 
          18  3 0.5309 0.2890 0.1800 
          19  3 0.8259 0.0108 0.1633 
          20  3 0.7423 0.0740 0.1836 
          21  3 0.7384 0.0143 0.2473 
          22  3 0.6795 0.0133 0.3072 
          23  3 0.7512 0.0024 0.2464 
          24  3 0.7533 0.0215 0.2252 
          25  3 0.6493 0.1881 0.1626 
          26  3 0.7546 0.0020 0.2434 
          27  3 0.6224 0.1785 0.1991 
          28  3 0.9020 0.0004 0.0976 
          29  3 0.7991 0.0239 0.1770 
          30  3 0.6725 0.0006 0.3269 
         001  4 0.8910 0.1075 0.0015 
         002  4 0.8597 0.0675 0.0728 
         003  4 0.8737 0.0862 0.0401 
         004  4 0.9329 0.0660 0.0011 
         005  4 0.8730 0.1226 0.0044 
         006  4 0.8852 0.0408 0.0741 
         007  4 0.8216 0.0830 0.0954 
         008  4 0.8224 0.1281 0.0495 
         009  4 0.9013 0.0967 0.0020 
         010  4 0.9987 0.0008 0.0005 
         011  4 0.8355 0.1533 0.0111 
         012  4 0.8629 0.1136 0.0235 
         013  4 0.9558 0.0206 0.0236 
         014  4 0.8751 0.0874 0.0376 
         015  4 0.9966 0.0024 0.0009 
         016  4 0.9350 0.0632 0.0018 
         017  4 0.9055 0.0033 0.0912 
         019  4 0.8932 0.0994 0.0074 
         020  4 0.8327 0.0853 0.0820 
         021  4 0.8825 0.1023 0.0153 
         001  5 0.8510 0.1161 0.0328 
         002  5 0.7777 0.0995 0.1229 
         003  5 0.6927 0.0890 0.2183 
         004  5 0.7649 0.0971 0.1381 
         005  5 0.8557 0.0963 0.0481 
         006  5 0.8919 0.0061 0.1020 
         007  5 0.9118 0.0778 0.0104 
         008  5 0.9231 0.0536 0.0233 
         009  5 0.7645 0.0752 0.1602 
         010  5 0.8502 0.0972 0.0526 
         011  5 0.8420 0.1413 0.0167 
         012  5 0.8211 0.0745 0.1045 
         013  5 0.6778 0.0301 0.2920 
         014  5 0.6576 0.1058 0.2366 
         015  5 0.9282 0.0623 0.0095 
         016  5 0.8707 0.0264 0.1029 
         017  5 0.8103 0.0097 0.1800 
         018  5 0.7615 0.0932 0.1454 
         019  5 0.8502 0.0866 0.0631 
         020  5 0.8677 0.1062 0.0261 
         021  5 0.6701 0.0967 0.2333 
         022  5 0.7530 0.1289 0.1181 
         023  5 0.9198 0.0741 0.0061 
         024  5 0.7692 0.0352 0.1957 
         025  5 0.8110 0.0277 0.1613 
         026  5 0.7091 0.0236 0.2673 
         027  5 0.9114 0.0704 0.0182 
         028  5 0.8109 0.0890 0.1002 
         029  5 0.8761 0.0114 0.1124 
         030  5 0.8226 0.0928 0.0846 
        001s  6 0.0189 0.0236 0.9574 
        002s  6 0.0192 0.0020 0.9788 
        003s  6 0.0042 0.0048 0.9909 
        004s  6 0.0007 0.0011 0.9982 
        006s  6 0.0865 0.0158 0.8978 
        007s  6 0.0018 0.0007 0.9975 
        008s  6 0.0022 0.0087 0.9891 
        009s  6 0.0006 0.0012 0.9981 
        010s  6 0.0300 0.0252 0.9448 
        011s  6 0.0020 0.0018 0.9963 
        012s  6 0.0021 0.0019 0.9960 
        013s  6 0.0016 0.0007 0.9977 
        014s  6 0.0543 0.0005 0.9452 
        015s  6 0.0271 0.0103 0.9626 
        016s  6 0.0010 0.0013 0.9977 
        018s  6 0.2351 0.0084 0.7565 
        019s  6 0.0147 0.0045 0.9808 
        020s  6 0.0007 0.0008 0.9985 
        021s  6 0.0136 0.0061 0.9804 
        022s  6 0.0010 0.0049 0.9941 
        023s  6 0.0071 0.0014 0.9915 
        024s  6 0.0265 0.0016 0.9719 
        025s  6 0.0025 0.0723 0.9251 
        026s  6 0.0011 0.0007 0.9982 
        027s  6 0.0012 0.0008 0.9980 
        028s  6 0.0464 0.0144 0.9392 
        029s  6 0.0006 0.0018 0.9975 
        030s  6 0.0528 0.0238 0.9235 
        031s  6 0.0063 0.0005 0.9932 
        032s  6 0.0141 0.0011 0.9847 
        033s  6 0.0326 0.0014 0.9660 
        034s  6 0.0032 0.0202 0.9767 
        035s  6 0.1158 0.0033 0.8809 
        036s  6 0.0052 0.0017 0.9931 
        037s  6 0.0014 0.0024 0.9962 
        038s  6 0.0010 0.0011 0.9979 
        039s  6 0.0005 0.0010 0.9985 
        040s  6 0.0011 0.0007 0.9983 
        041s  6 0.0019 0.0107 0.9874 
        042s  6 0.0040 0.0634 0.9326 
        043s  6 0.0014 0.0087 0.9899 
        044s  6 0.0010 0.0012 0.9979 
        045s  6 0.0019 0.0036 0.9945 
        001s  7 0.0013 0.0020 0.9967 
        002s  7 0.0124 0.0026 0.9850 
        003s  7 0.0036 0.0016 0.9948 
        004s  7 0.0038 0.0010 0.9952 
        005s  7 0.0185 0.0029 0.9787 
        006s  7 0.0447 0.0112 0.9441 
        007s  7 0.0189 0.0032 0.9779 
        008s  7 0.0036 0.0023 0.9940 
        009s  7 0.0053 0.0142 0.9804 
        010s  7 0.0010 0.0025 0.9965 
        011s  7 0.0009 0.0012 0.9979 
        012s  7 0.0008 0.0010 0.9982 
        013s  7 0.0019 0.0069 0.9913 
        014s  7 0.0137 0.0006 0.9857 
        015s  7 0.0134 0.0023 0.9843 
        016s  7 0.0503 0.0123 0.9374 
        017s  7 0.0016 0.0009 0.9975 
        018s  7 0.0019 0.0010 0.9971 
        019s  7 0.0030 0.0192 0.9778 
        020s  7 0.0018 0.0006 0.9976 
        021s  7 0.0022 0.0015 0.9963 
        022s  7 0.0058 0.0013 0.9929 
        023s  7 0.0077 0.0285 0.9638 
        024s  7 0.0016 0.0011 0.9973 
        025s  7 0.0040 0.0014 0.9946 
        026s  7 0.0010 0.0014 0.9975 
        027s  7 0.0022 0.0008 0.9970 
        028s  7 0.0047 0.0008 0.9945 
        029s  7 0.0053 0.0037 0.9910 
        030s  7 0.0007 0.0066 0.9927 
        031s  7 0.0035 0.0168 0.9797 
        032s  7 0.0642 0.0007 0.9351 
        033s  7 0.0230 0.0037 0.9733 
        034s  7 0.0344 0.0009 0.9647 
        035s  7 0.0005 0.0016 0.9980 
        036s  7 0.0016 0.0129 0.9855 
        037s  7 0.0761 0.0072 0.9167 
        038s  7 0.0053 0.0022 0.9925 
        039s  7 0.0006 0.0005 0.9989 
        040s  7 0.0689 0.0009 0.9303 
        041s  7 0.0078 0.0034 0.9889 
        042s  7 0.0041 0.0005 0.9954 
        043s  7 0.0006 0.0041 0.9953 
        044s  7 0.0740 0.0365 0.8895 
         003  8 0.0064 0.0014 0.9922 
         009  8 0.0013 0.0018 0.9969 
         010  8 0.0005 0.0033 0.9963 
         017  8 0.0011 0.0054 0.9936 
         002  9 0.0008 0.0016 0.9976 
         003  9 0.0004 0.0007 0.9989 
         004  9 0.0004 0.0017 0.9979 
         005  9 0.0009 0.0056 0.9935 
         006  9 0.0015 0.0022 0.9963 
         007  9 0.0012 0.0019 0.9969 
         009  9 0.0008 0.0032 0.9959 
         010  9 0.0005 0.0023 0.9971 
         013  9 0.0014 0.0022 0.9964 
         014  9 0.0005 0.0026 0.9969 
         016  9 0.0003 0.0010 0.9987 
         018  9 0.0015 0.0021 0.9964 
         019  9 0.0013 0.0010 0.9977 
         020  9 0.0005 0.0006 0.9989 
         021  9 0.0005 0.0011 0.9984 
         022  9 0.0006 0.0010 0.9984 
         024  9 0.0008 0.0049 0.9943 
         028  9 0.0010 0.0024 0.9967 
         029  9 0.0005 0.0010 0.9985 
         030  9 0.0005 0.0014 0.9981 
         031  9 0.0011 0.0007 0.9982 
         033  9 0.0021 0.0016 0.9963 
         001 10 0.0007 0.0005 0.9987 
         002 10 0.0006 0.0010 0.9984 
         003 10 0.0006 0.0171 0.9822 
         004 10 0.0006 0.0040 0.9955 
         005 10 0.0006 0.0013 0.9981 
         006 10 0.0013 0.0012 0.9975 
         007 10 0.0006 0.0031 0.9962 
         008 10 0.0011 0.0061 0.9928 
         009 10 0.0012 0.0008 0.9980 
         010 10 0.0007 0.0013 0.9979 
         011 10 0.0011 0.0420 0.9568 
         012 10 0.0012 0.0048 0.9940 
         013 10 0.0008 0.0009 0.9982 
         014 10 0.0011 0.0014 0.9975 
         016 10 0.0013 0.0013 0.9974 
         017 10 0.0012 0.0015 0.9973 
         018 10 0.0036 0.0010 0.9954 
         019 10 0.0006 0.0018 0.9976 
         020 10 0.0019 0.0026 0.9955 
         021 10 0.0007 0.0006 0.9987 
         022 10 0.0006 0.0011 0.9982 
         023 10 0.0006 0.0013 0.9981 
         024 10 0.0004 0.0037 0.9959 
         026 10 0.0007 0.0008 0.9985 
        001s 11 0.0565 0.0372 0.9064 
        002s 11 0.0026 0.0025 0.9950 
        003s 11 0.0036 0.0008 0.9956 
        004s 11 0.0008 0.0023 0.9969 
        005s 11 0.0014 0.0008 0.9978 
        006s 11 0.0097 0.0035 0.9868 
        007s 11 0.0642 0.0016 0.9342 
        008s 11 0.0006 0.0007 0.9986 
        009s 11 0.0006 0.0007 0.9987 
        010s 11 0.0012 0.0012 0.9976 
        011s 11 0.1128 0.0236 0.8636 
        012s 11 0.0780 0.0006 0.9214 
        013s 11 0.0013 0.0014 0.9973 
        014s 11 0.0203 0.0014 0.9782 
        015s 11 0.0039 0.0076 0.9885 
        016s 11 0.0057 0.0691 0.9253 
        017s 11 0.0610 0.0054 0.9336 
        018s 11 0.0055 0.0016 0.9929 
        019s 11 0.0011 0.0247 0.9742 
        020s 11 0.0022 0.0022 0.9956 
        021s 11 0.0010 0.0020 0.9969 
        022s 11 0.0255 0.0007 0.9738 
        023s 11 0.0078 0.0364 0.9558 
        025s 11 0.0006 0.0015 0.9979 
        026s 11 0.0067 0.0613 0.9321 
        027s 11 0.0026 0.0007 0.9967 
        028s 11 0.0056 0.0016 0.9928 
        029s 11 0.0156 0.0008 0.9836 
        030s 11 0.0318 0.0025 0.9657 
        031s 11 0.0008 0.0005 0.9987 
        032s 11 0.0009 0.0043 0.9948 
        033s 11 0.0029 0.0013 0.9958 
        034s 11 0.0031 0.0006 0.9963 
        035s 11 0.0046 0.0006 0.9949 
        036s 11 0.0173 0.0006 0.9821 
        037s 11 0.0016 0.0026 0.9958 
        038s 11 0.0019 0.0012 0.9970 
        039s 11 0.0010 0.0016 0.9974 
        040s 11 0.0795 0.0011 0.9194 
        041s 11 0.0015 0.0060 0.9925 
        042s 11 0.0015 0.0122 0.9862 
        043s 11 0.0131 0.0326 0.9543 
        044s 11 0.0018 0.0064 0.9919 
        045s 11 0.0014 0.0126 0.9860 
        046s 11 0.0159 0.0376 0.9465 
        047s 11 0.0019 0.0019 0.9962 
        048s 11 0.0063 0.0391 0.9546 
        049s 11 0.0011 0.0021 0.9967 
        050s 11 0.0010 0.0017 0.9973 
        051s 11 0.0044 0.0518 0.9438 
        052s 11 0.0066 0.0029 0.9905 
        053s 11 0.0006 0.0014 0.9980 
        054s 11 0.0054 0.0010 0.9937 
        055s 11 0.0550 0.0005 0.9445 
        001s 12 0.0069 0.0017 0.9914 
        002s 12 0.0012 0.0016 0.9972 
        003s 12 0.0007 0.0004 0.9989 
        004s 12 0.0103 0.0180 0.9717 
        005s 12 0.0009 0.0013 0.9978 
        006s 12 0.0373 0.0022 0.9605 
        007s 12 0.0023 0.0027 0.9950 
        008s 12 0.0123 0.0009 0.9868 
        009s 12 0.0194 0.0092 0.9713 
        010s 12 0.0573 0.0006 0.9421 
        011s 12 0.0039 0.0010 0.9951 
        012s 12 0.0060 0.0054 0.9885 
        013s 12 0.0009 0.0437 0.9555 
        014s 12 0.0484 0.0473 0.9043 
        015s 12 0.0033 0.0016 0.9951 
        016s 12 0.0008 0.0059 0.9933 
        017s 12 0.0035 0.0017 0.9948 
        018s 12 0.0011 0.0024 0.9965 
        019s 12 0.0026 0.0007 0.9967 
        020s 12 0.0501 0.0014 0.9485 
        021s 12 0.0023 0.0037 0.9940 
        022s 12 0.0311 0.0091 0.9598 
        023s 12 0.0006 0.0016 0.9978 
        024s 12 0.0007 0.0007 0.9986 
        025s 12 0.0087 0.0020 0.9892 
        026s 12 0.0094 0.0017 0.9889 
        027s 12 0.0035 0.0007 0.9958 
        028s 12 0.0012 0.0051 0.9937 
        029s 12 0.0009 0.0014 0.9977 
        030s 12 0.0019 0.0008 0.9973 
        031s 12 0.0040 0.0042 0.9918 
        032s 12 0.0006 0.0015 0.9979 
        033s 12 0.0087 0.0007 0.9906 
        034s 12 0.0007 0.0005 0.9988 
        035s 12 0.0109 0.0006 0.9886 
        036s 12 0.0172 0.0011 0.9817 
        037s 12 0.0008 0.0015 0.9977 
        001s 13 0.0040 0.0036 0.9924 
        002s 13 0.0685 0.0014 0.9301 
        003s 13 0.0010 0.0017 0.9972 
        004s 13 0.0007 0.0053 0.9939 
        005s 13 0.0126 0.0036 0.9838 
        006s 13 0.0022 0.0008 0.9970 
        007s 13 0.0215 0.0019 0.9767 
        008s 13 0.0458 0.0017 0.9525 
        009s 13 0.1187 0.0019 0.8794 
        010s 13 0.0524 0.0018 0.9458 
        011s 13 0.0470 0.0036 0.9494 
        012s 13 0.0486 0.0329 0.9185 
        013s 13 0.0463 0.0096 0.9441 
        014s 13 0.0169 0.0048 0.9784 
        015s 13 0.0029 0.0128 0.9843 
        016s 13 0.0006 0.0018 0.9976 
        017s 13 0.0533 0.0008 0.9459 
        018s 13 0.0007 0.0010 0.9983 
        019s 13 0.0015 0.0014 0.9971 
        020s 13 0.0085 0.0006 0.9910 
        021s 13 0.0009 0.0022 0.9970 
        022s 13 0.0017 0.0015 0.9969 
        023s 13 0.0010 0.0006 0.9984 
        024s 13 0.0309 0.0464 0.9226 
        025s 13 0.0012 0.0027 0.9960 
        026s 13 0.1041 0.0163 0.8796 
        027s 13 0.0413 0.0026 0.9561 
        028s 13 0.0375 0.0039 0.9586 
        029s 13 0.0135 0.0025 0.9840 
        030s 13 0.0229 0.0468 0.9303 
        031s 13 0.0054 0.1031 0.8915 
        032s 13 0.0020 0.0006 0.9974 
        033s 13 0.0528 0.0010 0.9461 
        034s 13 0.0583 0.0015 0.9402 
        035s 13 0.0010 0.0057 0.9933 
        036s 13 0.0020 0.0006 0.9974 
        037s 13 0.0005 0.0025 0.9969 
        038s 13 0.0036 0.0013 0.9951 
        039s 13 0.0835 0.0880 0.8285 
        040s 13 0.0019 0.0017 0.9964 
        041s 13 0.0699 0.0026 0.9276 
        042s 13 0.0011 0.0014 0.9974 
        001s 14 0.0129 0.0012 0.9858 
        002s 14 0.0629 0.0030 0.9341 
        003s 14 0.0012 0.0015 0.9972 
        004s 14 0.0280 0.0053 0.9667 
        005s 14 0.0004 0.0009 0.9988 
        006s 14 0.0009 0.0005 0.9986 
        007s 14 0.0016 0.0020 0.9964 
        008s 14 0.0890 0.0053 0.9057 
        009s 14 0.0019 0.0014 0.9967 
        010s 14 0.0129 0.0036 0.9836 
        011s 14 0.0639 0.0010 0.9351 
        012s 14 0.0019 0.0023 0.9959 
        013s 14 0.0029 0.0074 0.9897 
        014s 14 0.0118 0.0017 0.9865 
        015s 14 0.0012 0.0041 0.9946 
        016s 14 0.0009 0.0150 0.9841 
        017s 14 0.0764 0.0009 0.9227 
        018s 14 0.0009 0.0020 0.9971 
        019s 14 0.0031 0.0010 0.9959 
        020s 14 0.0007 0.0018 0.9976 
        021s 14 0.0014 0.0008 0.9978 
        022s 14 0.0114 0.0021 0.9865 
        023s 14 0.0033 0.0052 0.9916 
        024s 14 0.0502 0.0028 0.9470 
        025s 14 0.0049 0.0007 0.9945 
        026s 14 0.0006 0.0015 0.9979 
        027s 14 0.0018 0.0052 0.9931 
        028s 14 0.0021 0.0012 0.9967 
        029s 14 0.0005 0.0019 0.9976 
        030s 14 0.0055 0.0007 0.9938 
        031s 14 0.0035 0.0022 0.9943 
        032s 14 0.0019 0.0033 0.9949 
        033s 14 0.0303 0.0007 0.9690 
        034s 14 0.0004 0.0010 0.9986 
        035s 14 0.1599 0.0009 0.8392 
        036s 14 0.1098 0.0083 0.8819 
        037s 14 0.0011 0.0044 0.9945 
        038s 14 0.0012 0.0007 0.9981 
        039s 14 0.0047 0.0079 0.9874 
        040s 14 0.0046 0.0019 0.9935 
        041s 14 0.0017 0.0011 0.9971 
        042s 14 0.0322 0.0046 0.9632 
        001s 15 0.0010 0.0026 0.9964 
        002s 15 0.0895 0.0287 0.8818 
        003s 15 0.0047 0.0133 0.9821 
        004s 15 0.0008 0.0003 0.9988 
        005s 15 0.0176 0.0089 0.9735 
        006s 15 0.0125 0.0020 0.9855 
        007s 15 0.0007 0.0007 0.9987 
        008s 15 0.0007 0.0008 0.9984 
        009s 15 0.0455 0.0428 0.9117 
        010s 15 0.0010 0.0021 0.9969 
        011s 15 0.0623 0.0013 0.9364 
        012s 15 0.0058 0.0035 0.9907 
        013s 15 0.0007 0.0019 0.9973 
        014s 15 0.0026 0.0089 0.9885 
        015s 15 0.0829 0.0133 0.9037 
        016s 15 0.0939 0.0008 0.9053 
        017s 15 0.0019 0.0033 0.9948 
        018s 15 0.0009 0.0007 0.9984 
        019s 15 0.0032 0.0073 0.9894 
        020s 15 0.0012 0.0009 0.9979 
        021s 15 0.0631 0.0065 0.9305 
        022s 15 0.0025 0.0009 0.9966 
        023s 15 0.0369 0.0014 0.9617 
        024s 15 0.0036 0.0013 0.9952 
        025s 15 0.0054 0.0381 0.9566 
        026s 15 0.0015 0.0336 0.9650 
        027s 15 0.0163 0.0014 0.9823 
        028s 15 0.0013 0.0019 0.9968 
        029s 15 0.0012 0.0022 0.9966 
        030s 15 0.0006 0.0011 0.9984 
        031s 15 0.0543 0.0105 0.9352 
        032s 15 0.0005 0.0027 0.9968 
        033s 15 0.0495 0.0005 0.9500 
        035s 15 0.0060 0.0013 0.9927 
        036s 15 0.0019 0.0069 0.9912 
        037s 15 0.0053 0.0014 0.9933 
        038s 15 0.0041 0.0005 0.9954 
        039s 15 0.0354 0.0005 0.9642 
        040s 15 0.0084 0.0010 0.9906 
        041s 15 0.0817 0.0059 0.9124 
        042s 15 0.0020 0.0015 0.9964 
        043s 15 0.0084 0.0026 0.9891 
        044s 15 0.0044 0.0013 0.9943 
        045s 15 0.0345 0.0816 0.8838 
        046s 15 0.0374 0.0017 0.9610 
        047s 15 0.0334 0.0009 0.9657 
        048s 15 0.0010 0.0185 0.9804 
        049s 15 0.0169 0.0008 0.9823 
        050s 15 0.1064 0.0112 0.8824 
         001 16 0.1881 0.0008 0.8110 
         002 16 0.0348 0.0011 0.9641 
         003 16 0.0148 0.0028 0.9824 
         004 16 0.0014 0.0016 0.9970 
         005 16 0.0606 0.0380 0.9015 
         006 16 0.0184 0.0187 0.9629 
         007 16 0.0035 0.0025 0.9941 
         008 16 0.1389 0.0012 0.8600 
         009 16 0.0017 0.0007 0.9976 
         010 16 0.0081 0.0019 0.9900 
         011 16 0.0076 0.0031 0.9893 
         012 16 0.0021 0.0016 0.9962 
         013 16 0.0009 0.0007 0.9983 
         014 16 0.0242 0.0005 0.9753 
         015 16 0.0013 0.3676 0.6311 
         016 16 0.0010 0.0201 0.9789 
         017 16 0.0243 0.0016 0.9741 
         018 16 0.0402 0.0399 0.9199 
         019 16 0.0738 0.0009 0.9253 
         020 16 0.0006 0.0009 0.9985 
         021 16 0.1284 0.0015 0.8701 
         022 16 0.0029 0.0047 0.9924 
         023 16 0.0092 0.0162 0.9746 
         024 16 0.0023 0.0322 0.9655 
         025 16 0.0719 0.0053 0.9228 
         026 16 0.1071 0.0054 0.8874 
         027 16 0.0034 0.0028 0.9938 
         028 16 0.1662 0.0007 0.8331 
         029 16 0.0448 0.0014 0.9537 
         030 16 0.0035 0.0006 0.9959 
         031 16 0.0019 0.0010 0.9971 
         032 16 0.0722 0.0152 0.9126 
         033 16 0.0011 0.0004 0.9985 
         034 16 0.0074 0.0020 0.9906 
         035 16 0.0007 0.0004 0.9989 
         036 16 0.0008 0.0027 0.9965 
         037 16 0.0580 0.0051 0.9369 
         038 16 0.0023 0.0108 0.9869 
         039 16 0.0011 0.0011 0.9978 
         040 16 0.0022 0.0032 0.9946 
         041 16 0.0012 0.0021 0.9966 
         042 16 0.0018 0.0010 0.9972 
         043 16 0.0010 0.0018 0.9973 
         044 16 0.0054 0.0020 0.9925 
         045 16 0.0158 0.0004 0.9838 
         047 16 0.0452 0.0014 0.9534 
         048 16 0.0076 0.0009 0.9915 
         049 16 0.0015 0.0050 0.9935 
         050 16 0.0009 0.0006 0.9985 
         051 16 0.0030 0.0008 0.9962 
         052 16 0.0004 0.0010 0.9985 
         053 16 0.0007 0.0011 0.9983 
         054 16 0.0480 0.0013 0.9508 
         055 16 0.0824 0.0006 0.9170 
         056 16 0.0009 0.0124 0.9867 
         057 16 0.0573 0.0004 0.9422 
         058 16 0.1051 0.0151 0.8798 
         059 16 0.0983 0.0972 0.8045 
         060 16 0.0027 0.0138 0.9836 
         061 16 0.0026 0.0023 0.9951 
         062 16 0.0044 0.0006 0.9950 
         063 16 0.0027 0.0012 0.9961 
         064 16 0.0008 0.0032 0.9961 
         065 16 0.0046 0.0037 0.9917 
         066 16 0.0006 0.0009 0.9986 
         067 16 0.0027 0.0771 0.9202 
         068 16 0.0059 0.0363 0.9578 
         069 16 0.0011 0.0009 0.9981 
         070 16 0.0041 0.0011 0.9948 
         071 16 0.0996 0.0005 0.8999 
         072 16 0.0038 0.0021 0.9941 
         073 16 0.0031 0.0006 0.9963 
         074 16 0.0008 0.0004 0.9988 
         075 16 0.0469 0.0013 0.9518 
         076 16 0.0015 0.0006 0.9978 
         077 16 0.0319 0.0639 0.9042 
         078 16 0.0059 0.0047 0.9894 
         079 16 0.0907 0.0018 0.9075 
         080 16 0.0009 0.0023 0.9968 
         081 16 0.0663 0.0007 0.9330 
         082 16 0.0428 0.0005 0.9567 
         083 16 0.0011 0.0026 0.9964 
         084 16 0.0041 0.0022 0.9937 
         085 16 0.0012 0.0150 0.9838 
         086 16 0.1186 0.0012 0.8802 
         087 16 0.0211 0.0007 0.9783 
         088 16 0.0009 0.0038 0.9953 
         089 16 0.0064 0.0017 0.9920 
         090 16 0.0045 0.0008 0.9947 
         091 16 0.0021 0.0011 0.9969 
         092 16 0.0181 0.0012 0.9807 
         093 16 0.0014 0.0009 0.9977 
         094 16 0.0032 0.0487 0.9481 
         095 16 0.0006 0.0007 0.9986 
         096 16 0.0167 0.0049 0.9784 
         097 16 0.1147 0.0089 0.8764 
         098 16 0.0014 0.0066 0.9920 
         099 16 0.0006 0.0086 0.9908 
         100 16 0.0009 0.0033 0.9958 
         101 16 0.0105 0.0086 0.9809 
         102 16 0.0036 0.0025 0.9939 
         103 16 0.0037 0.0040 0.9923 
         104 16 0.0022 0.0066 0.9912 
         105 16 0.1053 0.0126 0.8821 
         106 16 0.0016 0.0034 0.9950 
         107 16 0.0042 0.0123 0.9835 
         108 16 0.1067 0.1794 0.7139 
         109 16 0.0330 0.0009 0.9661 
         110 16 0.0005 0.0020 0.9975 
         111 16 0.0213 0.0021 0.9766 
         112 16 0.0132 0.0029 0.9839 
         113 16 0.0649 0.0014 0.9338 
         114 16 0.0046 0.0026 0.9928 
         115 16 0.0009 0.0011 0.9980 
         116 16 0.0071 0.0018 0.9911 
         117 16 0.0237 0.0012 0.9750 
         118 16 0.0017 0.0159 0.9824 
         119 16 0.0036 0.0018 0.9946 
         120 16 0.0028 0.0008 0.9964 
         121 16 0.0034 0.0337 0.9629 
         122 16 0.0007 0.0007 0.9987 
         123 16 0.0055 0.0008 0.9936 
         124 16 0.0075 0.0022 0.9903 
         126 16 0.1361 0.0093 0.8545 
         001 17 0.0028 0.0010 0.9962 
         002 17 0.0020 0.0008 0.9972 
         003 17 0.0009 0.0008 0.9983 
         005 17 0.0008 0.0005 0.9987 
         006 17 0.0510 0.0007 0.9483 
         007 17 0.1318 0.0476 0.8205 
         008 17 0.1254 0.0012 0.8734 
         009 17 0.0004 0.0006 0.9990 
         010 17 0.0014 0.0018 0.9968 
         011 17 0.1167 0.3918 0.4915 
         012 17 0.0025 0.0029 0.9946 
         013 17 0.0004 0.0004 0.9992 
         014 17 0.0007 0.0006 0.9987 
         015 17 0.0044 0.0006 0.9950 
         016 17 0.0013 0.0007 0.9980 
         017 17 0.0037 0.0018 0.9945 
         018 17 0.0292 0.0008 0.9700 
         019 17 0.0005 0.0014 0.9982 
         020 17 0.0017 0.0012 0.9971 
         021 17 0.0007 0.0016 0.9978 
         022 17 0.0567 0.0023 0.9410 
         023 17 0.0024 0.0009 0.9967 
         024 17 0.0826 0.0046 0.9128 
         025 17 0.0009 0.0004 0.9987 
         002 18 0.0006 0.0030 0.9963 
         003 18 0.0004 0.0018 0.9978 
         004 18 0.0237 0.0016 0.9747 
         005 18 0.0037 0.0375 0.9587 
         006 18 0.0005 0.0013 0.9982 
         007 18 0.0059 0.0006 0.9935 
         008 18 0.0007 0.0028 0.9965 
         009 18 0.0233 0.0031 0.9737 
         010 18 0.0013 0.0126 0.9861 
         011 18 0.0013 0.0026 0.9961 
         012 18 0.0075 0.0054 0.9872 
         015 18 0.0018 0.0025 0.9957 
         016 18 0.0081 0.0005 0.9913 
         018 18 0.0006 0.0088 0.9906 
         026 18 0.0031 0.0010 0.9959 
         027 18 0.0005 0.0022 0.9973 
         028 18 0.0023 0.0005 0.9972 
         029 18 0.0017 0.0008 0.9975 
         031 18 0.0762 0.0879 0.8359 
         032 18 0.0008 0.0004 0.9987 
         033 18 0.0011 0.0015 0.9974 
         035 18 0.0015 0.0010 0.9975 
         036 18 0.0009 0.0135 0.9856 
         037 18 0.0095 0.0161 0.9744 
         038 18 0.0317 0.0061 0.9622 
         039 18 0.0006 0.0018 0.9977 
         044 18 0.1333 0.0012 0.8655 
         046 18 0.0013 0.0386 0.9600 
         049 18 0.0008 0.0006 0.9986 
         053 18 0.0025 0.0010 0.9964 
         054 18 0.0086 0.0015 0.9899 
         056 18 0.0092 0.0070 0.9839 
         057 18 0.0010 0.0052 0.9938 
         058 18 0.0013 0.0062 0.9924 
        001s 19 0.0601 0.0015 0.9384 
        002s 19 0.0030 0.0017 0.9953 
        003s 19 0.0049 0.0007 0.9944 
        004s 19 0.0023 0.0336 0.9642 
        005s 19 0.0489 0.0750 0.8761 
        006s 19 0.0034 0.0025 0.9941 
        007s 19 0.0256 0.0196 0.9548 
        008s 19 0.0400 0.0223 0.9377 
        009s 19 0.0024 0.0034 0.9942 
        010s 19 0.0108 0.0008 0.9885 
        011s 19 0.0019 0.0017 0.9964 
        012s 19 0.0052 0.0008 0.9940 
        013s 19 0.0183 0.0009 0.9808 
        014s 19 0.0784 0.0184 0.9031 
        015s 19 0.0027 0.0007 0.9966 
        016s 19 0.0021 0.0518 0.9461 
        017s 19 0.0286 0.0088 0.9626 
        018s 19 0.0027 0.0041 0.9932 
        019s 19 0.0877 0.0071 0.9052 
        020s 19 0.0814 0.0020 0.9167 
        021s 19 0.0076 0.0008 0.9916 
        022s 19 0.0137 0.0011 0.9852 
        023s 19 0.0029 0.0035 0.9936 
        024s 19 0.0007 0.0040 0.9953 
        025s 19 0.0899 0.0120 0.8982 
        026s 19 0.0139 0.0064 0.9797 
        027s 19 0.0029 0.0015 0.9955 
        028s 19 0.0090 0.0006 0.9904 
        029s 19 0.0007 0.0010 0.9983 
        030s 19 0.0049 0.0010 0.9941 
        031s 19 0.0041 0.0011 0.9949 
        032s 19 0.0018 0.0006 0.9976 
        033s 19 0.0009 0.0062 0.9928 
        034s 19 0.0015 0.0018 0.9967 
        035s 19 0.0132 0.0092 0.9775 
        036s 19 0.0012 0.0024 0.9964 
        037s 19 0.0007 0.0005 0.9988 
        038s 19 0.0033 0.0028 0.9939 
        039s 19 0.0010 0.0006 0.9983 
        040s 19 0.0105 0.0007 0.9889 
        041s 19 0.0006 0.0009 0.9984 
        042s 19 0.0035 0.0221 0.9744 
        043s 19 0.0466 0.0008 0.9526 
        044s 19 0.0006 0.0021 0.9973 
        045s 19 0.0007 0.0020 0.9973 
        046s 19 0.0032 0.0081 0.9887 
        047s 19 0.0058 0.0005 0.9937 
        048s 19 0.1010 0.0008 0.8981 
        049s 19 0.0297 0.0095 0.9608 
        050s 19 0.0008 0.0010 0.9982 
        051s 19 0.0640 0.0134 0.9226 
        052s 19 0.0015 0.0010 0.9975 
      LIW2-4 20 0.0021 0.0032 0.9947 
     LIW2-12 21 0.0009 0.0813 0.9178 
     LIW2-20 22 0.0018 0.0016 0.9966 
     LIW2-28 23 0.0347 0.0764 0.8889 
      LIW1-5 24 0.0015 0.0050 0.9935 
     LIW1-13 25 0.0747 0.0159 0.9094 
     LIW1-21 26 0.0025 0.0423 0.9552 
     LIW1-29 27 0.0259 0.0209 0.9532 
      LIW2-5 28 0.0013 0.0035 0.9952 
     LIW2-34 29 0.0006 0.0055 0.9939 
     LIW2-21 30 0.0875 0.0304 0.8820 
     LIW2-29 31 0.1820 0.0032 0.8148 
      LIW1-6 32 0.0010 0.0045 0.9945 
     LIW1-14 33 0.0518 0.0018 0.9464 
     LIW1-22 34 0.0008 0.0141 0.9851 
     LIW1-30 35 0.0012 0.0044 0.9943 
      LIW2-6 36 0.0119 0.0318 0.9563 
     LIW2-14 37 0.0016 0.0081 0.9903 
     LIW2-22 38 0.0263 0.0945 0.8792 
     LIW2-30 39 0.0009 0.0129 0.9863 
      LIW1-7 40 0.0187 0.0613 0.9200 
     LIW1-15 41 0.0007 0.0143 0.9850 
     LIW1-23 42 0.0065 0.0078 0.9857 
     LIW1-31 43 0.0036 0.0097 0.9867 
      LIW2-7 44 0.0823 0.0019 0.9158 
     LIW2-15 45 0.0013 0.0140 0.9847 
     LIW2-23 46 0.0016 0.0873 0.9111 
      LIW1-8 47 0.0010 0.0047 0.9944 
     LIW1-16 48 0.0011 0.0028 0.9961 
      LIW2-8 49 0.0010 0.0041 0.9950 
     LIW2-16 50 0.3141 0.0390 0.6470 
     LIW2-24 51 0.1890 0.0142 0.7968 
     LIW2-32 52 0.0090 0.0549 0.9361 
     LIW1-47 53 0.0120 0.0149 0.9731 
      UMFS-1 54 0.0372 0.0695 0.8932 
     UMFS-19 55 0.1146 0.1157 0.7697 
     UMFS-31 56 0.0007 0.0778 0.9215 
      UMFS-2 57 0.0011 0.0328 0.9662 
     UMFS-10 58 0.0041 0.0935 0.9024 
     UMFS-20 59 0.0489 0.0533 0.8978 
     UMFS-32 60 0.0689 0.0879 0.8432 
      UMFS-3 61 0.0766 0.1264 0.7970 
     UMFS-11 62 0.4081 0.0095 0.5824 
     UMFS-21 63 0.0647 0.1060 0.8294 
     UMFS-33 64 0.0225 0.0776 0.8999 
      UMFS-4 65 0.0149 0.1005 0.8847 
     UMFS-22 66 0.0192 0.0898 0.8910 
     UMFS-34 67 0.0572 0.1172 0.8256 
      UMFS-5 68 0.0067 0.0901 0.9031 
     UMFS-13 69 0.0590 0.1219 0.8191 
     UMFS-23 70 0.0261 0.0829 0.8910 
     UMFS-35 71 0.0267 0.1093 0.8641 
      UMFS-6 72 0.0158 0.1257 0.8585 
     UMFS-14 73 0.0126 0.0799 0.9076 
     UMFS-24 74 0.0383 0.0270 0.9347 
     UMFS-36 75 0.0714 0.0913 0.8373 
      UMFS-7 76 0.5626 0.1159 0.3215 
     UMFS-15 77 0.0751 0.0933 0.8316 
     UMFS-25 78 0.0824 0.0657 0.8518 
     UMFS-37 79 0.0801 0.0674 0.8526 
      UMFS-8 80 0.0312 0.0897 0.8791 
     UMFS-16 81 0.0686 0.0975 0.8340 
     UMFS-26 82 0.0558 0.1732 0.7710 
     UMFS-38 83 0.0096 0.0525 0.9378 
      NEH1-2 84 0.0175 0.9805 0.0020 
     NEH1-11 85 0.0335 0.9645 0.0020 
     NEH1-20 86 0.0016 0.8810 0.1175 
     NEH1-29 87 0.0003 0.9986 0.0011 
      NEH2-2 88 0.0003 0.9994 0.0004 
     NEH2-10 89 0.0006 0.9928 0.0065 
     NEH2-18 90 0.0006 0.9992 0.0002 
     NEH2-26 91 0.0009 0.9977 0.0015 
      NEH1-3 92 0.0010 0.8448 0.1543 
     NEH1-12 93 0.0486 0.9509 0.0005 
     NEH1-21 94 0.0025 0.9320 0.0655 
     NEH1-30 95 0.0106 0.9159 0.0735 
      NEH2-3 96 0.0002 0.9996 0.0002 
     NEH2-11 97 0.0048 0.9945 0.0007 
     NEH2-19 98 0.0015 0.9945 0.0040 
     NEH2-27 99 0.0001 0.9997 0.0002 
      NEH1-4 100 0.0003 0.9996 0.0002 
     NEH1-13 101 0.0027 0.7707 0.2267 
     NEH1-22 102 0.0006 0.8020 0.1974 
     NEH1-31 103 0.0005 0.9986 0.0009 
      NEH2-4 104 0.0011 0.9945 0.0044 
     NEH2-12 105 0.0459 0.9533 0.0008 
     NEH2-20 106 0.0004 0.8075 0.1922 
     NEH2-28 107 0.0037 0.9947 0.0016 
      NEH1-5 108 0.0028 0.8629 0.1343 
     NEH1-14 109 0.0710 0.7698 0.1592 
     NEH1-23 110 0.0004 0.7714 0.2282 
     NEH1-32 111 0.0023 0.9963 0.0014 
      NEH2-5 112 0.0002 0.9996 0.0002 
     NEH2-13 113 0.0066 0.9912 0.0023 
     NEH2-22 114 0.0005 0.9987 0.0007 
     NEH2-29 115 0.0008 0.9624 0.0368 
      NEH1-6 116 0.0003 0.9995 0.0002 
     NEH1-15 117 0.0433 0.9548 0.0020 
     NEH1-24 118 0.0037 0.9952 0.0011 
     NEH1-33 119 0.0007 0.8774 0.1219 
      NEH2-6 120 0.0007 0.9814 0.0179 
     NEH2-14 121 0.0020 0.9927 0.0053 
     NEH2-21 122 0.0004 0.9557 0.0439 
     NEH2-30 123 0.0002 0.9994 0.0003 
      NEH1-7 124 0.0778 0.8478 0.0744 
     NEH1-16 125 0.0004 0.9993 0.0004 
     NEH1-25 126 0.0008 0.8772 0.1220 
     NEH1-34 127 0.0113 0.9343 0.0544 
      NEH2-7 128 0.0015 0.9957 0.0028 
     NEH2-15 129 0.0001 0.9997 0.0001 
     NEH2-23 130 0.0378 0.9454 0.0169 
     NEH2-31 131 0.0002 0.9996 0.0002 
      NEH1-8 132 0.0579 0.8338 0.1084 
     NEH1-17 133 0.0958 0.9027 0.0016 
     NEH1-26 134 0.0012 0.8512 0.1476 
     NEH1-35 135 0.0021 0.8136 0.1843 
      NEH2-8 136 0.0001 0.9997 0.0002 
     NEH2-16 137 0.0007 0.9983 0.0011 
     NEH2-24 138 0.0002 0.9996 0.0003 
     NEH2-32 139 0.0551 0.9441 0.0008 
      NEH1-1 140 0.0766 0.9217 0.0017 
     NEH1-10 141 0.0004 0.9992 0.0003 
     NEH1-19 142 0.0017 0.8785 0.1197 
     NEH1-28 143 0.0428 0.9563 0.0009 
      NEH2-1 144 0.0021 0.9948 0.0031 
      NEH2-9 145 0.0004 0.9990 0.0006 
     NEH2-17 146 0.0292 0.9639 0.0069 
     NEH2-25 147 0.0016 0.9979 0.0005 
      LIW1-1 148 0.0935 0.1117 0.7948 
      LIW1-9 149 0.1519 0.0733 0.7747 
     LIW1-17 150 0.0010 0.0504 0.9486 
     LIW1-25 151 0.0007 0.0030 0.9963 
      LIW2-9 152 0.0630 0.0025 0.9345 
     LIW2-17 153 0.0021 0.0042 0.9937 
     LIW2-25 154 0.0015 0.0043 0.9943 
      LIW1-2 155 0.0011 0.0172 0.9817 
     LIW1-10 156 0.0050 0.0057 0.9892 
     LIW1-18 157 0.0043 0.0099 0.9857 
     LIW1-26 158 0.0012 0.0239 0.9749 
      LIW2-2 159 0.0006 0.0057 0.9937 
     LIW2-10 160 0.0022 0.0020 0.9958 
     LIW2-18 161 0.0332 0.0647 0.9021 
     LIW2-26 162 0.0016 0.0050 0.9934 
      LIW1-3 163 0.0045 0.0423 0.9532 
     LIW1-11 164 0.0106 0.0102 0.9792 
     LIW1-19 165 0.0438 0.0712 0.8850 
     LIW1-27 166 0.0070 0.0008 0.9922 
      LIW2-3 167 0.0140 0.0039 0.9821 
     LIW2-11 168 0.0006 0.0010 0.9983 
     LIW2-19 169 0.0023 0.0358 0.9619 
     LIW2-27 170 0.0005 0.0185 0.9810 
      LIW1-4 171 0.0011 0.0072 0.9917 
     LIW1-12 172 0.0264 0.0082 0.9654 
     LIW1-20 173 0.0038 0.0020 0.9943 
     LIW1-28 174 0.0028 0.0160 0.9812 
        001s 175 0.0042 0.0025 0.9933 
        002s 175 0.0689 0.0033 0.9277 
        003s 175 0.0008 0.0010 0.9982 
        004s 175 0.0350 0.0017 0.9633 
        005s 175 0.0025 0.0024 0.9951 
        006s 175 0.1566 0.0022 0.8412 
        007s 175 0.0008 0.0013 0.9980 
        008s 175 0.0032 0.0008 0.9960 
        009s 175 0.1106 0.0035 0.8859 
        010s 175 0.0015 0.0016 0.9969 
        011s 175 0.0040 0.0016 0.9944 
        012s 175 0.0010 0.0005 0.9985 
        013s 175 0.0048 0.0004 0.9949 
        014s 175 0.0819 0.0004 0.9177 
        015s 175 0.0022 0.0025 0.9953 
        016s 175 0.0144 0.0005 0.9851 
        017s 175 0.0120 0.0077 0.9804 
        018s 175 0.0068 0.0018 0.9914 
        019s 175 0.0018 0.0116 0.9866 
        020s 175 0.0020 0.0016 0.9964 
        021s 175 0.0017 0.0033 0.9950 
        022s 175 0.0143 0.0048 0.9809 
        023s 175 0.0065 0.0064 0.9871 
        024s 175 0.0346 0.0010 0.9643 
        025s 175 0.0493 0.0011 0.9495 
        026s 175 0.0049 0.0023 0.9928 
        027s 175 0.0022 0.0026 0.9952 
        028s 175 0.0010 0.0640 0.9350 
        029s 175 0.0010 0.0007 0.9983 
        030s 175 0.0943 0.0027 0.9030 
        031s 175 0.0026 0.0006 0.9968 
        032s 175 0.0018 0.0285 0.9696 
        033s 175 0.0215 0.0016 0.9770 
        034s 175 0.0056 0.0005 0.9939 
        035s 175 0.0092 0.0006 0.9901 
        036s 175 0.0011 0.0007 0.9982 
        037s 175 0.0015 0.0161 0.9824 
        038s 175 0.0115 0.0012 0.9873 
        039s 175 0.0026 0.0041 0.9933 
        040s 175 0.0014 0.0031 0.9955 
        041s 175 0.0040 0.0011 0.9949 
        042s 175 0.0026 0.0022 0.9952 
        043s 175 0.0051 0.0067 0.9882 
        044s 175 0.0013 0.0022 0.9965 
        045s 175 0.0673 0.0012 0.9315 
        046s 175 0.0021 0.0030 0.9949 
        047s 175 0.0009 0.0135 0.9856 
        048s 175 0.0079 0.0007 0.9914 
        049s 175 0.0273 0.0010 0.9717 
        050s 175 0.0345 0.1001 0.8654 
        001s 176 0.0824 0.0011 0.9164 
        002s 176 0.0176 0.0041 0.9783 
        003s 176 0.0020 0.0019 0.9961 
        004s 176 0.0025 0.0030 0.9945 
        005s 176 0.0008 0.0246 0.9746 
        006s 176 0.0013 0.0012 0.9975 
        007s 176 0.0730 0.0011 0.9259 
        008s 176 0.0009 0.0004 0.9987 
        009s 176 0.0011 0.0107 0.9882 
        010s 176 0.0013 0.0009 0.9979 
        011s 176 0.0008 0.0050 0.9942 
        012s 176 0.0628 0.0015 0.9357 
        013s 176 0.0181 0.0042 0.9777 
        014s 176 0.0037 0.0010 0.9953 
        015s 176 0.0014 0.0027 0.9959 
        016s 176 0.0010 0.0015 0.9975 
        017s 176 0.0004 0.0006 0.9990 
        018s 176 0.0007 0.0151 0.9842 
        019s 176 0.0566 0.0008 0.9425 
        020s 176 0.0020 0.0021 0.9960 
        021s 176 0.0051 0.0019 0.9929 
        022s 176 0.0018 0.0013 0.9969 
        023s 176 0.0015 0.0005 0.9980 
        024s 176 0.0510 0.0012 0.9478 
        025s 176 0.0107 0.0039 0.9854 
        026s 176 0.0092 0.0036 0.9872 
        027s 176 0.0006 0.0013 0.9981 
        028s 176 0.0024 0.0014 0.9962 
        029s 176 0.0017 0.0034 0.9948 
        030s 176 0.0566 0.0009 0.9426 
        031s 176 0.0093 0.0017 0.9889 
        032s 176 0.0154 0.0373 0.9473 
        033s 176 0.1166 0.0349 0.8485 
        034s 176 0.0019 0.0008 0.9974 
        035s 176 0.0091 0.0700 0.9209 
        036s 176 0.0016 0.0010 0.9975 
        037s 176 0.0614 0.0242 0.9144 
        038s 176 0.0012 0.0012 0.9976 
        039s 176 0.0010 0.0004 0.9987 
        040s 176 0.0007 0.0011 0.9982 
        041s 176 0.0014 0.0013 0.9973 
        042s 176 0.0009 0.0007 0.9984 
        043s 176 0.0200 0.0114 0.9686 
        044s 176 0.0037 0.0005 0.9958 
        045s 176 0.0148 0.0016 0.9836 
        046s 176 0.0020 0.0006 0.9974 
        047s 176 0.0008 0.0021 0.9971 
        048s 176 0.0089 0.0008 0.9902 
        050s 176 0.0018 0.0151 0.9831 
        001s 177 0.0430 0.0228 0.9342 
        002s 177 0.0008 0.0022 0.9970 
        003s 177 0.0422 0.0236 0.9342 
        004s 177 0.0013 0.0021 0.9966 
        005s 177 0.0025 0.0006 0.9968 
        006s 177 0.0030 0.0041 0.9929 
        007s 177 0.0059 0.0010 0.9931 
        008s 177 0.1469 0.0027 0.8504 
        009s 177 0.0006 0.0012 0.9982 
        010s 177 0.0259 0.0019 0.9721 
        011s 177 0.0017 0.0008 0.9975 
        012s 177 0.0031 0.0011 0.9959 
        013s 177 0.0013 0.0038 0.9948 
        014s 177 0.0315 0.0033 0.9651 
        015s 177 0.0040 0.0041 0.9919 
        016s 177 0.0005 0.0007 0.9988 
        017s 177 0.0342 0.0015 0.9643 
        018s 177 0.0112 0.0006 0.9881 
        019s 177 0.0013 0.0074 0.9914 
        020s 177 0.0031 0.0043 0.9926 
        021s 177 0.0008 0.0017 0.9975 
        022s 177 0.0064 0.0200 0.9736 
        023s 177 0.0153 0.0036 0.9811 
        024s 177 0.0010 0.0027 0.9964 
        025s 177 0.0042 0.0010 0.9948 
        026s 177 0.0010 0.0040 0.9950 
        027s 177 0.0009 0.0012 0.9978 
        028s 177 0.0007 0.0012 0.9981 
        029s 177 0.0910 0.0014 0.9075 
        030s 177 0.0094 0.0035 0.9871 
        031s 177 0.0016 0.0156 0.9828 
        032s 177 0.0305 0.0012 0.9683 
        033s 177 0.0007 0.0048 0.9945 
        034s 177 0.0020 0.0011 0.9969 
        035s 177 0.0006 0.0006 0.9988 
        036s 177 0.0115 0.0630 0.9256 
        037s 177 0.0341 0.0044 0.9615 
        038s 177 0.0121 0.0015 0.9865 
        039s 177 0.0018 0.0024 0.9958 
        040s 177 0.0348 0.0020 0.9631 
        041s 177 0.1076 0.0009 0.8915 
        042s 177 0.0310 0.0009 0.9681 
        043s 177 0.0005 0.0007 0.9988 
        044s 177 0.0014 0.0012 0.9974 
        045s 177 0.0177 0.0033 0.9790 
        046s 177 0.0012 0.0010 0.9977 
        047s 177 0.0025 0.0055 0.9920 
        048s 177 0.0078 0.0006 0.9916 
        049s 177 0.0598 0.0017 0.9385 
        050s 177 0.0007 0.0008 0.9985 
        001s 178 0.0308 0.0028 0.9664 
        002s 178 0.0056 0.0054 0.9890 
        003s 178 0.0054 0.0010 0.9936 
        004s 178 0.0043 0.0008 0.9949 
        005s 178 0.0022 0.0008 0.9970 
        006s 178 0.0546 0.0582 0.8872 
        007s 178 0.0013 0.0010 0.9977 
        008s 178 0.0881 0.0012 0.9107 
        009s 178 0.0048 0.0023 0.9929 
        010s 178 0.0009 0.0017 0.9974 
        011s 178 0.0017 0.0010 0.9974 
        012s 178 0.0033 0.0008 0.9959 
        013s 178 0.0005 0.0045 0.9950 
        014s 178 0.0275 0.0260 0.9464 
        015s 178 0.0055 0.0011 0.9934 
        016s 178 0.0157 0.0021 0.9822 
        017s 178 0.0311 0.0059 0.9630 
        018s 178 0.0022 0.0028 0.9949 
        019s 178 0.0024 0.0006 0.9970 
        020s 178 0.0010 0.0003 0.9987 
        021s 178 0.0329 0.0012 0.9658 
        022s 178 0.0024 0.0007 0.9969 
        023s 178 0.0981 0.0443 0.8575 
        024s 178 0.0009 0.0013 0.9979 
        025s 178 0.0282 0.0011 0.9707 
        026s 178 0.0007 0.0009 0.9984 
        027s 178 0.0413 0.0016 0.9570 
        028s 178 0.0389 0.0108 0.9503 
        029s 178 0.0043 0.0012 0.9945 
        030s 178 0.0117 0.0069 0.9815 
        031s 178 0.0006 0.0005 0.9990 
        032s 178 0.0008 0.0009 0.9983 
        033s 178 0.0478 0.0007 0.9515 
        034s 178 0.0007 0.0009 0.9984 
        035s 178 0.0014 0.0042 0.9943 
        036s 178 0.0006 0.0012 0.9983 
        037s 178 0.0006 0.0082 0.9911 
        039s 178 0.0166 0.0093 0.9741 
        040s 178 0.0713 0.0044 0.9243 
        041s 178 0.0009 0.0009 0.9982 
        042s 178 0.0337 0.0108 0.9555 
        043s 178 0.0318 0.0169 0.9513 
        044s 178 0.1179 0.0013 0.8809 
        045s 178 0.0016 0.0021 0.9963 
        046s 178 0.0019 0.0005 0.9976 
        047s 178 0.0211 0.0014 0.9774 
        048s 178 0.0163 0.0312 0.9525 
        049s 178 0.0059 0.0059 0.9882 
        050s 178 0.0935 0.0068 0.8997 
          01 179 0.0740 0.0300 0.8960 
          02 179 0.0017 0.0034 0.9948 
          03 179 0.1381 0.0016 0.8603 
          04 179 0.0029 0.0098 0.9873 
          05 179 0.0608 0.0019 0.9373 
          06 179 0.0016 0.0005 0.9979 
          07 179 0.0038 0.0081 0.9881 
          08 179 0.0009 0.0069 0.9922 
          09 179 0.0006 0.0012 0.9982 
          10 179 0.0094 0.0084 0.9822 
          11 179 0.0897 0.0012 0.9091 
          12 179 0.0012 0.0044 0.9944 
          13 179 0.0011 0.0009 0.9980 
          14 179 0.0815 0.0097 0.9088 
          15 179 0.0179 0.0013 0.9808 
          16 179 0.0148 0.0016 0.9836 
          17 179 0.0017 0.0249 0.9734 
          18 179 0.0011 0.0043 0.9945 
          19 179 0.0285 0.0011 0.9705 
          20 179 0.0431 0.0935 0.8634 
          21 179 0.0003 0.0011 0.9986 
          22 179 0.0149 0.0017 0.9834 
          23 179 0.0026 0.0009 0.9965 
        001s 180 0.0335 0.0399 0.9266 
        002s 180 0.0021 0.0033 0.9946 
        003s 180 0.0016 0.0020 0.9965 
        004s 180 0.0012 0.0008 0.9980 
        005s 180 0.0080 0.0279 0.9641 
        006s 180 0.0897 0.0008 0.9095 
        007s 180 0.0013 0.0009 0.9978 
        008s 180 0.0044 0.0011 0.9945 
        009s 180 0.0011 0.0028 0.9961 
        010s 180 0.0012 0.0012 0.9976 
        011s 180 0.0023 0.0006 0.9971 
        012s 180 0.0107 0.0011 0.9882 
        013s 180 0.0020 0.0098 0.9882 
        014s 180 0.0085 0.0025 0.9890 
        015s 180 0.0017 0.0026 0.9957 
        016s 180 0.0151 0.0268 0.9581 
        017s 180 0.0019 0.0015 0.9965 
        018s 180 0.0689 0.0012 0.9299 
        019s 180 0.0021 0.0021 0.9958 
        020s 180 0.0036 0.0127 0.9837 
        021s 180 0.0027 0.0031 0.9942 
        022s 180 0.0088 0.0015 0.9896 
        023s 180 0.0008 0.0062 0.9930 
        024s 180 0.0035 0.0095 0.9871 
        025s 180 0.0101 0.0007 0.9892 
        026s 180 0.0031 0.0009 0.9961 
        027s 180 0.0056 0.0017 0.9927 
        028s 180 0.0035 0.0016 0.9949 
        029s 180 0.0159 0.0646 0.9195 
        030s 180 0.0022 0.0007 0.9971 
        031s 180 0.0010 0.0029 0.9961 
        032s 180 0.0036 0.0013 0.9951 
        033s 180 0.0033 0.0003 0.9963 
        034s 180 0.0049 0.0010 0.9941 
        035s 180 0.0088 0.0273 0.9639 
        036s 180 0.0008 0.0012 0.9980 
        037s 180 0.0021 0.0024 0.9955 
        038s 180 0.0032 0.0006 0.9962 
        039s 180 0.0030 0.0023 0.9947 
        041s 180 0.0017 0.0006 0.9977 
        042s 180 0.0027 0.0086 0.9887 
        043s 180 0.0056 0.0032 0.9912 
        044s 180 0.0012 0.0008 0.9979 
        045s 180 0.0046 0.0057 0.9897 
        046s 180 0.0125 0.0030 0.9845 
        047s 180 0.0106 0.0027 0.9866 
        048s 180 0.0017 0.0012 0.9971 
        049s 180 0.0012 0.0005 0.9982 
        050s 180 0.0012 0.0006 0.9983 
         001 181 0.9996 0.0002 0.0002 
         002 181 0.9997 0.0001 0.0001 
         003 181 0.9997 0.0001 0.0002 
         004 181 0.9905 0.0004 0.0091 
         005 181 0.9964 0.0012 0.0024 
         006 181 0.9997 0.0001 0.0002 
         007 181 0.9997 0.0001 0.0002 
         008 181 0.9996 0.0002 0.0002 
         009 181 0.9998 0.0001 0.0001 
         010 181 0.9958 0.0028 0.0014 
         011 181 0.9997 0.0002 0.0001 
         012 181 0.9984 0.0012 0.0004 
         013 181 0.9990 0.0003 0.0008 
         014 181 0.9995 0.0002 0.0003 
         015 181 0.9998 0.0001 0.0001 
         016 181 0.9992 0.0003 0.0004 
         017 181 0.9997 0.0001 0.0002 
         018 181 0.9994 0.0002 0.0004 
         019 181 0.9975 0.0006 0.0018 
         020 181 0.9997 0.0002 0.0002 
         021 181 0.9997 0.0001 0.0002 
         022 181 0.9998 0.0001 0.0001 
         023 181 0.9998 0.0001 0.0001 
         024 181 0.9959 0.0008 0.0032 
         025 181 0.9996 0.0001 0.0002 
         026 181 0.9997 0.0002 0.0002 
         027 181 0.9998 0.0001 0.0001 
         028 181 0.9998 0.0001 0.0001 
         029 181 0.9996 0.0002 0.0002 
         030 181 0.9997 0.0001 0.0002 
         001 182 0.9997 0.0002 0.0002 
         002 182 0.9993 0.0003 0.0004 
         003 182 0.9905 0.0015 0.0081 
         004 182 0.9993 0.0004 0.0003 
         005 182 0.9987 0.0002 0.0011 
         006 182 0.8822 0.0036 0.1142 
         007 182 0.9961 0.0005 0.0034 
         008 182 0.9991 0.0002 0.0007 
         009 182 0.9995 0.0002 0.0003 
         010 182 0.8999 0.0008 0.0993 
         011 182 0.9994 0.0002 0.0004 
         012 182 0.9264 0.0014 0.0721 
         013 182 0.9946 0.0031 0.0023 
         014 182 0.8963 0.0091 0.0946 
         015 182 0.9997 0.0001 0.0002 
         016 182 0.9995 0.0001 0.0003 
         017 182 0.9433 0.0004 0.0563 
         018 182 0.9995 0.0001 0.0004 
         019 182 0.9996 0.0001 0.0003 
         020 182 0.9997 0.0001 0.0001 
         021 182 0.9336 0.0017 0.0647 
         022 182 0.9994 0.0002 0.0003 
         023 182 0.9994 0.0003 0.0004 
         024 182 0.9996 0.0001 0.0003 
         025 182 0.9996 0.0001 0.0002 
         026 182 0.9997 0.0001 0.0002 
         027 182 0.9974 0.0017 0.0009 
         028 182 0.9991 0.0004 0.0005 
         029 182 0.9973 0.0015 0.0013 
         030 182 0.9997 0.0001 0.0002 
          10 183 0.0007 0.0039 0.9954 
          11 183 0.0005 0.0742 0.9253 
          12 183 0.0006 0.0114 0.9879 
          13 183 0.0537 0.0009 0.9454 
          14 183 0.0004 0.0181 0.9815 
          15 183 0.0117 0.0450 0.9433 
          16 183 0.0708 0.0015 0.9277 
          17 183 0.0010 0.0028 0.9962 
          18 183 0.0007 0.0018 0.9975 
          19 183 0.0005 0.0016 0.9979 
          20 183 0.0221 0.0010 0.9769 
          21 183 0.0018 0.0168 0.9814 
          22 183 0.0061 0.0341 0.9598 
          23 183 0.0098 0.0008 0.9895 
          24 183 0.0004 0.0232 0.9763 
          25 183 0.0019 0.0164 0.9817 
          26 183 0.0061 0.0016 0.9922 
          27 183 0.0171 0.0156 0.9673 
          28 183 0.0021 0.0273 0.9706 
          29 183 0.6925 0.0304 0.2770 
          30 183 0.8140 0.0761 0.1100 
          31 183 0.0012 0.0081 0.9908 
          32 183 0.0005 0.0005 0.9990 
          33 183 0.0043 0.0024 0.9933 
          34 183 0.0007 0.0345 0.9648 
          35 183 0.0122 0.0162 0.9716 
          36 183 0.0007 0.0083 0.9910 
          37 183 0.7902 0.0362 0.1736 
          54 183 0.0618 0.0022 0.9359 
          55 183 0.0955 0.0788 0.8256 
           6 183 0.0071 0.0018 0.9911 
           7 183 0.1112 0.0080 0.8808 
           8 183 0.0423 0.0049 0.9527 
           9 183 0.0044 0.0217 0.9739 
           4 184 0.0034 0.0011 0.9955 
           9 184 0.0012 0.0008 0.9980 
          12 184 0.0167 0.0004 0.9829 
          14 184 0.0013 0.0103 0.9884 
          15 184 0.0008 0.0036 0.9955 
          16 184 0.0014 0.0019 0.9966 
          17 184 0.0053 0.0016 0.9931 
          18 184 0.0907 0.0032 0.9061 
          22 184 0.0008 0.0007 0.9985 
          25 184 0.0062 0.0013 0.9925 
          26 184 0.0015 0.0034 0.9951 
          27 184 0.0015 0.0005 0.9980 
          28 184 0.0007 0.0013 0.9980 
          29 184 0.0004 0.0011 0.9984 
          31 184 0.0033 0.0011 0.9957 
          32 184 0.0058 0.0043 0.9899 
          33 184 0.0012 0.0038 0.9950 
          34 184 0.0007 0.0008 0.9985 
          36 184 0.3783 0.0007 0.6210 
          37 184 0.0048 0.0007 0.9945 
          39 184 0.0208 0.0128 0.9664 
          40 184 0.0038 0.0046 0.9915 
          41 184 0.0059 0.0030 0.9910 
          42 184 0.0022 0.0006 0.9972 
          43 184 0.0012 0.0015 0.9974 
          44 184 0.0741 0.0069 0.9190 
          45 184 0.0006 0.0011 0.9983 
          46 184 0.0020 0.0006 0.9973 
          47 184 0.0004 0.0009 0.9987 
          48 184 0.0008 0.0031 0.9961 
          52 184 0.0859 0.0007 0.9134 
          54 184 0.0014 0.0003 0.9983 
          57 184 0.0016 0.0007 0.9977 
          58 184 0.0022 0.0018 0.9961 
          59 184 0.0717 0.0019 0.9264 
          60 184 0.0007 0.0155 0.9837 
           3 185 0.0253 0.0166 0.9581 
           4 185 0.0013 0.0032 0.9955 
           5 185 0.0017 0.0006 0.9977 
           6 185 0.0011 0.0009 0.9981 
           7 185 0.0883 0.0007 0.9109 
           8 185 0.0772 0.0018 0.9211 
           9 185 0.0028 0.0038 0.9933 
          10 185 0.0018 0.0065 0.9917 
          11 185 0.0650 0.0030 0.9320 
          12 185 0.1034 0.0023 0.8942 
          13 185 0.0013 0.0007 0.9980 
          14 185 0.0017 0.0009 0.9974 
          15 185 0.0025 0.2430 0.7544 
          16 185 0.0017 0.0026 0.9956 
          17 185 0.0023 0.0546 0.9431 
          18 185 0.0005 0.0010 0.9985 
          19 185 0.0005 0.0271 0.9724 
          20 185 0.1341 0.0010 0.8649 
          21 185 0.0052 0.0126 0.9823 
          22 185 0.0027 0.0571 0.9402 
          23 185 0.0259 0.0035 0.9706 
          24 185 0.0008 0.0009 0.9983 
          25 185 0.0745 0.0078 0.9177 
          26 185 0.0023 0.0024 0.9954 
          27 185 0.0008 0.0016 0.9976 
          28 185 0.0013 0.0004 0.9983 
          29 185 0.1278 0.0680 0.8042 
          30 185 0.0090 0.0015 0.9895 
          31 185 0.0108 0.0008 0.9885 
          32 185 0.0061 0.0005 0.9934 
          33 185 0.0204 0.0008 0.9788 
          34 185 0.0009 0.0025 0.9965 
          35 185 0.0021 0.0016 0.9962 
          36 185 0.0017 0.0011 0.9973 
          37 185 0.0274 0.0008 0.9718 
          38 185 0.1073 0.0004 0.8923 
          39 185 0.0503 0.0091 0.9406 
          40 185 0.0010 0.0021 0.9969 
          41 185 0.0009 0.0016 0.9975 
          42 185 0.0010 0.0007 0.9983 
           5 186 0.0009 0.0009 0.9982 
           6 186 0.0015 0.0007 0.9978 
           7 186 0.0029 0.0006 0.9965 
           9 186 0.0857 0.0028 0.9115 
          10 186 0.0543 0.0013 0.9443 
          11 186 0.0041 0.0011 0.9949 
          12 186 0.0020 0.0004 0.9975 
          29 186 0.0027 0.0163 0.9809 
          30 186 0.0005 0.0016 0.9979 
          31 186 0.0644 0.1650 0.7706 
          32 186 0.0475 0.0467 0.9058 
          33 186 0.0006 0.0052 0.9942 
          34 186 0.0228 0.0071 0.9701 
          35 186 0.0005 0.0013 0.9982 
          36 186 0.0016 0.0025 0.9959 
          37 186 0.0359 0.0012 0.9629 
          38 186 0.0208 0.0205 0.9587 
          39 186 0.0014 0.0007 0.9979 
          40 186 0.0009 0.0013 0.9978 
          41 186 0.0068 0.0008 0.9924 
          42 186 0.0010 0.0007 0.9983 
          43 186 0.0115 0.0012 0.9873 
          44 186 0.0006 0.0031 0.9963 
          45 186 0.0007 0.0008 0.9986 
          46 186 0.0009 0.0008 0.9983 
          47 186 0.0044 0.0020 0.9935 
          48 186 0.0012 0.0014 0.9974 
          49 186 0.0005 0.0004 0.9992 
          50 186 0.0160 0.0030 0.9810 
          51 186 0.0006 0.0006 0.9988 
          52 186 0.0013 0.0013 0.9974 
          53 186 0.0010 0.0029 0.9960 
          54 186 0.0010 0.0014 0.9975 
          55 186 0.0025 0.0016 0.9958 
          56 186 0.0017 0.0012 0.9970 
          57 186 0.0039 0.0796 0.9165 
          58 186 0.0014 0.0004 0.9982 
          59 186 0.0073 0.0009 0.9918 
          60 186 0.0005 0.0035 0.9960 
           1 187 0.0249 0.0081 0.9670 
           2 187 0.0053 0.0019 0.9928 
           3 187 0.0184 0.0194 0.9622 
           4 187 0.1192 0.0180 0.8628 
           5 187 0.0008 0.0010 0.9982 
           6 187 0.0046 0.0010 0.9944 
           7 187 0.1459 0.0037 0.8505 
           8 187 0.0021 0.0009 0.9970 
           9 187 0.0005 0.0014 0.9980 
          10 187 0.0389 0.0013 0.9598 
          11 187 0.0015 0.0003 0.9981 
          12 187 0.0012 0.0007 0.9981 
          13 187 0.0072 0.0025 0.9902 
          14 187 0.0013 0.0029 0.9958 
          15 187 0.0045 0.0009 0.9946 
          16 187 0.0143 0.0038 0.9819 
          17 187 0.0713 0.0109 0.9178 
          18 187 0.0021 0.0012 0.9967 
          19 187 0.0010 0.0005 0.9986 
          20 187 0.0011 0.0016 0.9974 
          21 187 0.0950 0.0048 0.9003 
          22 187 0.0022 0.0048 0.9930 
          23 187 0.0005 0.0009 0.9986 
          24 187 0.0977 0.0024 0.8999 
          25 187 0.0017 0.0041 0.9942 
          26 187 0.0005 0.0040 0.9955 
          27 187 0.0005 0.0010 0.9985 
          28 187 0.0047 0.0070 0.9883 
          29 187 0.0065 0.0018 0.9917 
          30 187 0.0015 0.0437 0.9547 
          32 187 0.0955 0.0004 0.9042 
          33 187 0.0276 0.0010 0.9714 
          34 187 0.0015 0.0009 0.9976 
          35 187 0.0119 0.0099 0.9782 
          36 187 0.0009 0.0021 0.9970 
          37 187 0.0044 0.0128 0.9828 
          38 187 0.1013 0.0723 0.8264 
           1 188 0.0077 0.0013 0.9910 
           2 188 0.0269 0.0009 0.9721 
           3 188 0.0473 0.0023 0.9504 
           4 188 0.0702 0.0010 0.9288 
           5 188 0.0029 0.0040 0.9931 
           6 188 0.0006 0.0014 0.9980 
           7 188 0.0008 0.0007 0.9986 
           8 188 0.0589 0.0006 0.9405 
           9 188 0.0014 0.0007 0.9979 
          10 188 0.0063 0.0021 0.9916 
          11 188 0.0005 0.0007 0.9988 
          12 188 0.0017 0.0509 0.9474 
          13 188 0.1093 0.0095 0.8812 
          14 188 0.0868 0.0053 0.9080 
          15 188 0.0010 0.0005 0.9985 
          16 188 0.0227 0.0016 0.9756 
          17 188 0.0026 0.0013 0.9961 
          18 188 0.0017 0.0506 0.9477 
          19 188 0.0017 0.0053 0.9930 
          20 188 0.1185 0.0180 0.8635 
          21 188 0.0039 0.0095 0.9866 
          22 188 0.0028 0.0133 0.9839 
          23 188 0.0036 0.0497 0.9467 
          24 188 0.0003 0.0375 0.9622 
          25 188 0.0009 0.0487 0.9505 
          26 188 0.0843 0.0021 0.9136 
          27 188 0.0619 0.0017 0.9364 
          28 188 0.0020 0.0005 0.9975 
          29 188 0.0451 0.0145 0.9404 
          30 188 0.1013 0.0018 0.8969 
          31 188 0.0044 0.0076 0.9880 
          32 188 0.0011 0.0008 0.9981 
          33 188 0.0011 0.0077 0.9913 
          34 188 0.0008 0.0082 0.9910 
          35 188 0.0132 0.0560 0.9308 
          36 188 0.1126 0.0021 0.8853 
          37 188 0.0016 0.0007 0.9977 
          38 188 0.0911 0.0016 0.9073 
          39 188 0.0290 0.0028 0.9682 
          40 188 0.0019 0.0008 0.9973 
           7 189 0.0043 0.0008 0.9949 
           8 189 0.0029 0.0012 0.9959 
           9 189 0.0051 0.0033 0.9916 
          10 189 0.0076 0.0004 0.9920 
          11 189 0.0016 0.0075 0.9909 
          12 189 0.0708 0.0008 0.9284 
          13 189 0.0007 0.0034 0.9960 
          14 189 0.0435 0.0076 0.9489 
          16 189 0.1439 0.0113 0.8448 
          17 189 0.0007 0.0017 0.9976 
          18 189 0.0496 0.0026 0.9478 
          19 189 0.0018 0.0092 0.9890 
          20 189 0.0677 0.0012 0.9312 
          21 189 0.0144 0.0015 0.9842 
          23 189 0.0007 0.0039 0.9954 
          24 189 0.0473 0.0013 0.9514 
          25 189 0.0070 0.0030 0.9899 
          26 189 0.0239 0.0021 0.9740 
          27 189 0.0018 0.0056 0.9926 
          28 189 0.0003 0.0005 0.9991 
          29 189 0.0036 0.0020 0.9944 
          30 189 0.0027 0.0194 0.9779 
          31 189 0.0006 0.0055 0.9940 
          32 189 0.0813 0.0005 0.9181 
          33 189 0.0011 0.0098 0.9891 
          34 189 0.0006 0.0005 0.9989 
          35 189 0.0008 0.0011 0.9981 
          36 189 0.0483 0.0015 0.9502 
          37 189 0.0008 0.0080 0.9912 
          38 189 0.0042 0.0077 0.9881 
          39 189 0.0132 0.0014 0.9854 
          40 189 0.1425 0.0034 0.8541 
          41 189 0.0190 0.0066 0.9744 
          42 189 0.1698 0.0241 0.8061 
          43 189 0.0022 0.0012 0.9967 
           1 190 0.1173 0.0015 0.8812 
           3 190 0.0010 0.0221 0.9769 
           4 190 0.0016 0.0009 0.9975 
           5 190 0.0142 0.0011 0.9847 
           6 190 0.0008 0.0012 0.9979 
           7 190 0.0014 0.0029 0.9956 
           8 190 0.0143 0.0383 0.9475 
           9 190 0.3546 0.1055 0.5399 
          10 190 0.0019 0.0009 0.9972 
          11 190 0.0372 0.0007 0.9621 
          12 190 0.0009 0.0015 0.9976 
          13 190 0.0018 0.0006 0.9977 
          14 190 0.0021 0.0008 0.9970 
          15 190 0.0068 0.0060 0.9872 
          16 190 0.0068 0.0010 0.9922 
          17 190 0.0042 0.0014 0.9944 
          18 190 0.0214 0.0079 0.9707 
          19 190 0.0012 0.0017 0.9971 
          20 190 0.0008 0.0109 0.9882 
          22 190 0.1283 0.0015 0.8702 
          23 190 0.0084 0.0017 0.9899 
          24 190 0.0563 0.0018 0.9419 
          25 190 0.0065 0.0006 0.9930 
          26 190 0.0006 0.0022 0.9972 
          27 190 0.0016 0.0017 0.9968 
          28 190 0.0061 0.0009 0.9930 
          29 190 0.0215 0.0005 0.9780 
          31 190 0.0586 0.0004 0.9409 
           7 191 0.0009 0.0008 0.9984 
           8 191 0.0038 0.0009 0.9953 
           9 191 0.0009 0.0009 0.9983 
          10 191 0.0011 0.0066 0.9923 
          11 191 0.0049 0.0008 0.9943 
          12 191 0.0249 0.0009 0.9742 
          13 191 0.0032 0.0018 0.9950 
          14 191 0.0111 0.0006 0.9883 
          15 191 0.0606 0.0038 0.9355 
          16 191 0.0020 0.0044 0.9935 
          17 191 0.0767 0.0503 0.8730 
          18 191 0.0017 0.0011 0.9972 
          19 191 0.0282 0.0075 0.9643 
          20 191 0.0230 0.0028 0.9742 
          21 191 0.0197 0.0419 0.9384 
          22 191 0.0028 0.0010 0.9963 
          23 191 0.0024 0.0013 0.9963 
          24 191 0.0018 0.0005 0.9976 
          25 191 0.0305 0.0009 0.9686 
          26 191 0.1070 0.0038 0.8893 
          27 191 0.0015 0.0010 0.9975 
          28 191 0.0014 0.0059 0.9927 
          29 191 0.0016 0.0226 0.9758 
          30 191 0.0008 0.0004 0.9988 
          39 191 0.0031 0.0010 0.9959 
          40 191 0.0017 0.0007 0.9976 
          41 191 0.0552 0.0045 0.9404 
          42 191 0.0006 0.0004 0.9989 
          43 191 0.0140 0.0020 0.9840 
          44 191 0.0158 0.0062 0.9780 
          45 191 0.0012 0.0045 0.9943 
          46 191 0.1204 0.0283 0.8513 
          47 191 0.0093 0.0032 0.9875 
          48 191 0.0007 0.0020 0.9972 
          49 191 0.0059 0.0173 0.9768 
          50 191 0.0017 0.0013 0.9970 
           9 192 0.0006 0.0004 0.9990 
          10 192 0.0036 0.0003 0.9960 
          11 192 0.0025 0.0137 0.9838 
          12 192 0.0028 0.0010 0.9962 
          13 192 0.0952 0.0020 0.9028 
          14 192 0.0095 0.0698 0.9207 
          15 192 0.0007 0.0023 0.9969 
          16 192 0.0042 0.0008 0.9950 
          17 192 0.0424 0.0023 0.9553 
          18 192 0.0036 0.0018 0.9946 
          19 192 0.0068 0.0007 0.9925 
          20 192 0.0070 0.0016 0.9915 
          21 192 0.0008 0.0009 0.9984 
          22 192 0.0236 0.0185 0.9578 
          23 192 0.0852 0.0071 0.9077 
          24 192 0.0022 0.0008 0.9970 
          33 192 0.0469 0.0025 0.9506 
          35 192 0.0011 0.0024 0.9965 
          36 192 0.0008 0.0005 0.9987 
          37 192 0.0011 0.0013 0.9976 
          38 192 0.0515 0.0012 0.9473 
          39 192 0.0025 0.0009 0.9966 
          40 192 0.0821 0.0007 0.9172 
          41 192 0.0687 0.0015 0.9298 
          42 192 0.0521 0.0076 0.9403 
          43 192 0.0011 0.0043 0.9946 
          45 192 0.0007 0.0016 0.9977 
          46 192 0.0028 0.0026 0.9946 
          47 192 0.0015 0.0009 0.9976 
          48 192 0.0010 0.0014 0.9976 
          49 192 0.0620 0.0012 0.9368 
          50 192 0.0008 0.0007 0.9985 
