        001s  1 0.0012 0.9988 
        002s  1 0.0046 0.9954 
        003s  1 0.0074 0.9926 
        004s  1 0.0570 0.9430 
        005s  1 0.4281 0.5719 
        006s  1 0.0017 0.9983 
        007s  1 0.0032 0.9968 
        008s  1 0.0080 0.9920 
        009s  1 0.0785 0.9215 
        010s  1 0.0103 0.9897 
        011s  1 0.0069 0.9931 
        012s  1 0.1357 0.8643 
        013s  1 0.0444 0.9556 
        014s  1 0.0395 0.9605 
        015s  1 0.0015 0.9985 
        016s  1 0.0041 0.9959 
        018s  1 0.1407 0.8593 
        019s  1 0.0097 0.9903 
        020s  1 0.0011 0.9989 
        021s  1 0.0028 0.9972 
        022s  1 0.0008 0.9992 
        023s  1 0.0013 0.9987 
        024s  1 0.0038 0.9962 
        025s  1 0.0185 0.9815 
        026s  1 0.0030 0.9970 
        027s  1 0.0216 0.9784 
        028s  1 0.1129 0.8871 
        029s  1 0.0021 0.9979 
        030s  1 0.0081 0.9919 
        031s  1 0.0009 0.9991 
        032s  1 0.0021 0.9979 
        033s  1 0.0117 0.9883 
        034s  1 0.0065 0.9935 
        035s  1 0.0061 0.9939 
        036s  1 0.0797 0.9203 
        037s  1 0.1396 0.8604 
        038s  1 0.0037 0.9963 
        039s  1 0.0087 0.9913 
        040s  1 0.0062 0.9938 
        041s  1 0.0036 0.9964 
        042s  1 0.0738 0.9262 
        043s  1 0.0297 0.9703 
        044s  1 0.1176 0.8824 
        045s  1 0.0123 0.9877 
        046s  1 0.0027 0.9973 
        047s  1 0.0013 0.9987 
        048s  1 0.0127 0.9873 
        049s  1 0.0025 0.9975 
        050s  1 0.1011 0.8989 
        051s  1 0.0014 0.9986 
        052s  1 0.0405 0.9595 
        053s  1 0.0029 0.9971 
        054s  1 0.0018 0.9982 
        055s  1 0.1017 0.8983 
          01  2 0.1219 0.8781 
          02  2 0.0342 0.9658 
          03  2 0.0036 0.9964 
          04  2 0.0460 0.9540 
          05  2 0.0972 0.9028 
          06  2 0.0416 0.9584 
          07  2 0.0257 0.9743 
          08  2 0.0565 0.9435 
          09  2 0.0012 0.9988 
          10  2 0.0031 0.9969 
          11  2 0.0139 0.9861 
          12  2 0.0026 0.9974 
          13  2 0.0014 0.9986 
          14  2 0.0036 0.9964 
          15  2 0.0017 0.9983 
          16  2 0.0572 0.9428 
          17  2 0.0068 0.9932 
          18  2 0.0435 0.9565 
          19  2 0.0020 0.9980 
          20  2 0.0794 0.9206 
          21  2 0.0024 0.9976 
          22  2 0.0155 0.9845 
          23  2 0.0065 0.9935 
          24  2 0.0017 0.9983 
          25  2 0.0489 0.9511 
          26  2 0.0021 0.9979 
          27  2 0.0279 0.9721 
          28  2 0.0014 0.9986 
          29  2 0.0025 0.9975 
          30  2 0.1497 0.8503 
          01  3 0.6277 0.3723 
          02  3 0.7965 0.2035 
          03  3 0.6145 0.3855 
          04  3 0.7938 0.2062 
          05  3 0.7724 0.2276 
          06  3 0.9087 0.0913 
          07  3 0.5988 0.4012 
          08  3 0.6796 0.3204 
          09  3 0.6661 0.3339 
          10  3 0.6246 0.3754 
          11  3 0.6936 0.3064 
          12  3 0.7076 0.2924 
          13  3 0.9620 0.0380 
          14  3 0.7743 0.2257 
          15  3 0.6375 0.3625 
          16  3 0.9144 0.0856 
          17  3 0.5629 0.4371 
          18  3 0.5542 0.4458 
          19  3 0.8271 0.1729 
          20  3 0.7528 0.2472 
          21  3 0.7410 0.2590 
          22  3 0.6802 0.3198 
          23  3 0.7487 0.2513 
          24  3 0.7534 0.2466 
          25  3 0.6568 0.3432 
          26  3 0.7530 0.2470 
          27  3 0.6302 0.3698 
          28  3 0.8930 0.1070 
          29  3 0.8044 0.1956 
          30  3 0.6686 0.3314 
         001  4 0.9172 0.0828 
         002  4 0.8633 0.1367 
         003  4 0.8753 0.1247 
         004  4 0.9765 0.0235 
         005  4 0.8847 0.1153 
         006  4 0.8835 0.1165 
         007  4 0.8305 0.1695 
         008  4 0.8277 0.1723 
         009  4 0.9167 0.0833 
         010  4 0.9989 0.0011 
         011  4 0.8414 0.1586 
         012  4 0.8621 0.1379 
         013  4 0.9492 0.0508 
         014  4 0.8737 0.1263 
         015  4 0.9983 0.0017 
         016  4 0.9509 0.0491 
         017  4 0.9059 0.0941 
         019  4 0.9052 0.0948 
         020  4 0.8442 0.1558 
         021  4 0.8910 0.1090 
         001  5 0.8481 0.1519 
         002  5 0.7930 0.2070 
         003  5 0.7044 0.2956 
         004  5 0.7773 0.2227 
         005  5 0.8692 0.1308 
         006  5 0.8927 0.1073 
         007  5 0.9146 0.0854 
         008  5 0.9200 0.0800 
         009  5 0.7780 0.2220 
         010  5 0.8565 0.1435 
         011  5 0.8509 0.1491 
         012  5 0.8326 0.1674 
         013  5 0.6835 0.3165 
         014  5 0.6754 0.3246 
         015  5 0.9272 0.0728 
         016  5 0.8781 0.1219 
         017  5 0.8114 0.1886 
         018  5 0.7716 0.2284 
         019  5 0.8512 0.1488 
         020  5 0.8650 0.1350 
         021  5 0.6826 0.3174 
         022  5 0.7697 0.2303 
         023  5 0.9278 0.0722 
         024  5 0.7772 0.2228 
         025  5 0.8143 0.1857 
         026  5 0.7143 0.2857 
         027  5 0.9021 0.0979 
         028  5 0.8198 0.1802 
         029  5 0.8760 0.1240 
         030  5 0.8295 0.1705 
        001s  6 0.0369 0.9631 
        002s  6 0.0289 0.9711 
        003s  6 0.0102 0.9898 
        004s  6 0.0013 0.9987 
        006s  6 0.0969 0.9031 
        007s  6 0.0031 0.9969 
        008s  6 0.0047 0.9953 
        009s  6 0.0011 0.9989 
        010s  6 0.0469 0.9531 
        011s  6 0.0042 0.9958 
        012s  6 0.0044 0.9956 
        013s  6 0.0032 0.9968 
        014s  6 0.0573 0.9427 
        015s  6 0.0424 0.9576 
        016s  6 0.0021 0.9979 
        018s  6 0.2411 0.7589 
        019s  6 0.0281 0.9719 
        020s  6 0.0013 0.9987 
        021s  6 0.0249 0.9751 
        022s  6 0.0018 0.9982 
        023s  6 0.0128 0.9872 
        024s  6 0.0387 0.9613 
        025s  6 0.0089 0.9911 
        026s  6 0.0017 0.9983 
        027s  6 0.0020 0.9980 
        028s  6 0.0635 0.9365 
        029s  6 0.0010 0.9990 
        030s  6 0.0647 0.9353 
        031s  6 0.0107 0.9893 
        032s  6 0.0203 0.9797 
        033s  6 0.0495 0.9505 
        034s  6 0.0077 0.9923 
        035s  6 0.1192 0.8808 
        036s  6 0.0080 0.9920 
        037s  6 0.0031 0.9969 
        038s  6 0.0020 0.9980 
        039s  6 0.0009 0.9991 
        040s  6 0.0021 0.9979 
        041s  6 0.0046 0.9954 
        042s  6 0.0203 0.9797 
        043s  6 0.0027 0.9973 
        044s  6 0.0021 0.9979 
        045s  6 0.0040 0.9960 
        001s  7 0.0026 0.9974 
        002s  7 0.0246 0.9754 
        003s  7 0.0072 0.9928 
        004s  7 0.0073 0.9927 
        005s  7 0.0288 0.9712 
        006s  7 0.0589 0.9411 
        007s  7 0.0316 0.9684 
        008s  7 0.0070 0.9930 
        009s  7 0.0114 0.9886 
        010s  7 0.0015 0.9985 
        011s  7 0.0015 0.9985 
        012s  7 0.0016 0.9984 
        013s  7 0.0038 0.9962 
        014s  7 0.0209 0.9791 
        015s  7 0.0230 0.9770 
        016s  7 0.0648 0.9352 
        017s  7 0.0032 0.9968 
        018s  7 0.0044 0.9956 
        019s  7 0.0075 0.9925 
        020s  7 0.0025 0.9975 
        021s  7 0.0036 0.9964 
        022s  7 0.0108 0.9892 
        023s  7 0.0193 0.9807 
        024s  7 0.0028 0.9972 
        025s  7 0.0080 0.9920 
        026s  7 0.0020 0.9980 
        027s  7 0.0039 0.9961 
        028s  7 0.0086 0.9914 
        029s  7 0.0114 0.9886 
        030s  7 0.0014 0.9986 
        031s  7 0.0078 0.9922 
        032s  7 0.0703 0.9297 
        033s  7 0.0347 0.9653 
        034s  7 0.0445 0.9555 
        035s  7 0.0010 0.9990 
        036s  7 0.0041 0.9959 
        037s  7 0.0832 0.9168 
        038s  7 0.0103 0.9897 
        039s  7 0.0010 0.9990 
        040s  7 0.0724 0.9276 
        041s  7 0.0172 0.9828 
        042s  7 0.0064 0.9936 
        043s  7 0.0013 0.9987 
        044s  7 0.0877 0.9123 
         003  8 0.0121 0.9879 
         009  8 0.0028 0.9972 
         010  8 0.0008 0.9992 
         017  8 0.0022 0.9978 
         002  9 0.0014 0.9986 
         003  9 0.0007 0.9993 
         004  9 0.0008 0.9992 
         005  9 0.0017 0.9983 
         006  9 0.0033 0.9967 
         007  9 0.0023 0.9977 
         009  9 0.0017 0.9983 
         010  9 0.0009 0.9991 
         013  9 0.0033 0.9967 
         014  9 0.0009 0.9991 
         016  9 0.0005 0.9995 
         018  9 0.0031 0.9969 
         019  9 0.0025 0.9975 
         020  9 0.0011 0.9989 
         021  9 0.0008 0.9992 
         022  9 0.0009 0.9991 
         024  9 0.0015 0.9985 
         028  9 0.0015 0.9985 
         029  9 0.0009 0.9991 
         030  9 0.0011 0.9989 
         031  9 0.0021 0.9979 
         033  9 0.0043 0.9957 
         001 10 0.0011 0.9989 
         002 10 0.0007 0.9993 
         003 10 0.0016 0.9984 
         004 10 0.0011 0.9989 
         005 10 0.0013 0.9987 
         006 10 0.0026 0.9974 
         007 10 0.0014 0.9986 
         008 10 0.0024 0.9976 
         009 10 0.0026 0.9974 
         010 10 0.0015 0.9985 
         011 10 0.0026 0.9974 
         012 10 0.0027 0.9973 
         013 10 0.0019 0.9981 
         014 10 0.0019 0.9981 
         016 10 0.0026 0.9974 
         017 10 0.0023 0.9977 
         018 10 0.0064 0.9936 
         019 10 0.0013 0.9987 
         020 10 0.0038 0.9962 
         021 10 0.0014 0.9986 
         022 10 0.0012 0.9988 
         023 10 0.0011 0.9989 
         024 10 0.0007 0.9993 
         026 10 0.0013 0.9987 
        001s 11 0.0745 0.9255 
        002s 11 0.0059 0.9941 
        003s 11 0.0056 0.9944 
        004s 11 0.0020 0.9980 
        005s 11 0.0037 0.9963 
        006s 11 0.0178 0.9822 
        007s 11 0.0697 0.9303 
        008s 11 0.0014 0.9986 
        009s 11 0.0012 0.9988 
        010s 11 0.0025 0.9975 
        011s 11 0.1197 0.8803 
        012s 11 0.0826 0.9174 
        013s 11 0.0026 0.9974 
        014s 11 0.0304 0.9696 
        015s 11 0.0093 0.9907 
        016s 11 0.0281 0.9719 
        017s 11 0.0707 0.9293 
        018s 11 0.0110 0.9890 
        019s 11 0.0030 0.9970 
        020s 11 0.0052 0.9948 
        021s 11 0.0016 0.9984 
        022s 11 0.0309 0.9691 
        023s 11 0.0209 0.9791 
        025s 11 0.0013 0.9987 
        026s 11 0.0247 0.9753 
        027s 11 0.0050 0.9950 
        028s 11 0.0092 0.9908 
        029s 11 0.0223 0.9777 
        030s 11 0.0449 0.9551 
        031s 11 0.0014 0.9986 
        032s 11 0.0017 0.9983 
        033s 11 0.0053 0.9947 
        034s 11 0.0055 0.9945 
        035s 11 0.0095 0.9905 
        036s 11 0.0283 0.9717 
        037s 11 0.0031 0.9969 
        038s 11 0.0044 0.9956 
        039s 11 0.0019 0.9981 
        040s 11 0.0845 0.9155 
        041s 11 0.0035 0.9965 
        042s 11 0.0033 0.9967 
        043s 11 0.0345 0.9655 
        044s 11 0.0040 0.9960 
        045s 11 0.0028 0.9972 
        046s 11 0.0408 0.9592 
        047s 11 0.0033 0.9967 
        048s 11 0.0248 0.9752 
        049s 11 0.0020 0.9980 
        050s 11 0.0021 0.9979 
        051s 11 0.0125 0.9875 
        052s 11 0.0132 0.9868 
        053s 11 0.0013 0.9987 
        054s 11 0.0095 0.9905 
        055s 11 0.0570 0.9430 
        001s 12 0.0135 0.9865 
        002s 12 0.0021 0.9979 
        003s 12 0.0014 0.9986 
        004s 12 0.0238 0.9762 
        005s 12 0.0017 0.9983 
        006s 12 0.0516 0.9484 
        007s 12 0.0045 0.9955 
        008s 12 0.0215 0.9785 
        009s 12 0.0324 0.9676 
        010s 12 0.0627 0.9373 
        011s 12 0.0070 0.9930 
        012s 12 0.0130 0.9870 
        013s 12 0.0023 0.9977 
        014s 12 0.0625 0.9375 
        015s 12 0.0070 0.9930 
        016s 12 0.0021 0.9979 
        017s 12 0.0070 0.9930 
        018s 12 0.0021 0.9979 
        019s 12 0.0040 0.9960 
        020s 12 0.0575 0.9425 
        021s 12 0.0045 0.9955 
        022s 12 0.0466 0.9534 
        023s 12 0.0013 0.9987 
        024s 12 0.0014 0.9986 
        025s 12 0.0160 0.9840 
        026s 12 0.0179 0.9821 
        027s 12 0.0069 0.9931 
        028s 12 0.0030 0.9970 
        029s 12 0.0017 0.9983 
        030s 12 0.0035 0.9965 
        031s 12 0.0075 0.9925 
        032s 12 0.0014 0.9986 
        033s 12 0.0120 0.9880 
        034s 12 0.0013 0.9987 
        035s 12 0.0170 0.9830 
        036s 12 0.0263 0.9737 
        037s 12 0.0017 0.9983 
        001s 13 0.0093 0.9907 
        002s 13 0.0709 0.9291 
        003s 13 0.0020 0.9980 
        004s 13 0.0018 0.9982 
        005s 13 0.0216 0.9784 
        006s 13 0.0042 0.9958 
        007s 13 0.0301 0.9699 
        008s 13 0.0587 0.9413 
        009s 13 0.1211 0.8789 
        010s 13 0.0588 0.9412 
        011s 13 0.0572 0.9428 
        012s 13 0.0665 0.9335 
        013s 13 0.0611 0.9389 
        014s 13 0.0308 0.9692 
        015s 13 0.0073 0.9927 
        016s 13 0.0011 0.9989 
        017s 13 0.0566 0.9434 
        018s 13 0.0011 0.9989 
        019s 13 0.0031 0.9969 
        020s 13 0.0132 0.9868 
        021s 13 0.0015 0.9985 
        022s 13 0.0037 0.9963 
        023s 13 0.0023 0.9977 
        024s 13 0.0524 0.9476 
        025s 13 0.0023 0.9977 
        026s 13 0.1100 0.8900 
        027s 13 0.0498 0.9502 
        028s 13 0.0508 0.9492 
        029s 13 0.0254 0.9746 
        030s 13 0.0579 0.9421 
        031s 13 0.0420 0.9580 
        032s 13 0.0035 0.9965 
        033s 13 0.0592 0.9408 
        034s 13 0.0631 0.9369 
        035s 13 0.0020 0.9980 
        036s 13 0.0037 0.9963 
        037s 13 0.0015 0.9985 
        038s 13 0.0067 0.9933 
        039s 13 0.1094 0.8906 
        040s 13 0.0037 0.9963 
        041s 13 0.0750 0.9250 
        042s 13 0.0023 0.9977 
        001s 14 0.0202 0.9798 
        002s 14 0.0713 0.9287 
        003s 14 0.0023 0.9977 
        004s 14 0.0410 0.9590 
        005s 14 0.0007 0.9993 
        006s 14 0.0015 0.9985 
        007s 14 0.0031 0.9969 
        008s 14 0.0946 0.9054 
        009s 14 0.0047 0.9953 
        010s 14 0.0219 0.9781 
        011s 14 0.0651 0.9349 
        012s 14 0.0042 0.9958 
        013s 14 0.0070 0.9930 
        014s 14 0.0219 0.9781 
        015s 14 0.0025 0.9975 
        016s 14 0.0016 0.9984 
        017s 14 0.0795 0.9205 
        018s 14 0.0020 0.9980 
        019s 14 0.0065 0.9935 
        020s 14 0.0015 0.9985 
        021s 14 0.0033 0.9967 
        022s 14 0.0229 0.9771 
        023s 14 0.0069 0.9931 
        024s 14 0.0570 0.9430 
        025s 14 0.0105 0.9895 
        026s 14 0.0012 0.9988 
        027s 14 0.0039 0.9961 
        028s 14 0.0046 0.9954 
        029s 14 0.0008 0.9992 
        030s 14 0.0111 0.9889 
        031s 14 0.0074 0.9926 
        032s 14 0.0035 0.9965 
        033s 14 0.0388 0.9612 
        034s 14 0.0008 0.9992 
        035s 14 0.1632 0.8368 
        036s 14 0.1173 0.8827 
        037s 14 0.0019 0.9981 
        038s 14 0.0026 0.9974 
        039s 14 0.0094 0.9906 
        040s 14 0.0102 0.9898 
        041s 14 0.0034 0.9966 
        042s 14 0.0432 0.9568 
        001s 15 0.0020 0.9980 
        002s 15 0.1013 0.8987 
        003s 15 0.0131 0.9869 
        004s 15 0.0014 0.9986 
        005s 15 0.0306 0.9694 
        006s 15 0.0215 0.9785 
        007s 15 0.0012 0.9988 
        008s 15 0.0013 0.9987 
        009s 15 0.0654 0.9346 
        010s 15 0.0021 0.9979 
        011s 15 0.0674 0.9326 
        012s 15 0.0123 0.9877 
        013s 15 0.0016 0.9984 
        014s 15 0.0061 0.9939 
        015s 15 0.0911 0.9089 
        016s 15 0.0949 0.9051 
        017s 15 0.0038 0.9962 
        018s 15 0.0016 0.9984 
        019s 15 0.0071 0.9929 
        020s 15 0.0018 0.9982 
        021s 15 0.0728 0.9272 
        022s 15 0.0043 0.9957 
        023s 15 0.0427 0.9573 
        024s 15 0.0066 0.9934 
        025s 15 0.0231 0.9769 
        026s 15 0.0043 0.9957 
        027s 15 0.0274 0.9726 
        028s 15 0.0024 0.9976 
        029s 15 0.0025 0.9975 
        030s 15 0.0011 0.9989 
        031s 15 0.0645 0.9355 
        032s 15 0.0010 0.9990 
        033s 15 0.0524 0.9476 
        035s 15 0.0131 0.9869 
        036s 15 0.0039 0.9961 
        037s 15 0.0099 0.9901 
        038s 15 0.0071 0.9929 
        039s 15 0.0438 0.9562 
        040s 15 0.0136 0.9864 
        041s 15 0.0876 0.9124 
        042s 15 0.0041 0.9959 
        043s 15 0.0183 0.9817 
        044s 15 0.0082 0.9918 
        045s 15 0.0685 0.9315 
        046s 15 0.0478 0.9522 
        047s 15 0.0416 0.9584 
        048s 15 0.0024 0.9976 
        049s 15 0.0271 0.9729 
        050s 15 0.1126 0.8874 
         001 16 0.1916 0.8084 
         002 16 0.0427 0.9573 
         003 16 0.0262 0.9738 
         004 16 0.0035 0.9965 
         005 16 0.0772 0.9228 
         006 16 0.0360 0.9640 
         007 16 0.0067 0.9933 
         008 16 0.1414 0.8586 
         009 16 0.0027 0.9973 
         010 16 0.0144 0.9856 
         011 16 0.0160 0.9840 
         012 16 0.0045 0.9955 
         013 16 0.0021 0.9979 
         014 16 0.0330 0.9670 
         015 16 0.0447 0.9553 
         016 16 0.0022 0.9978 
         017 16 0.0362 0.9638 
         018 16 0.0646 0.9354 
         019 16 0.0767 0.9233 
         020 16 0.0010 0.9990 
         021 16 0.1339 0.8661 
         022 16 0.0073 0.9927 
         023 16 0.0209 0.9791 
         024 16 0.0073 0.9927 
         025 16 0.0827 0.9173 
         026 16 0.1096 0.8904 
         027 16 0.0076 0.9924 
         028 16 0.1679 0.8321 
         029 16 0.0511 0.9489 
         030 16 0.0058 0.9942 
         031 16 0.0040 0.9960 
         032 16 0.0782 0.9218 
         033 16 0.0021 0.9979 
         034 16 0.0153 0.9847 
         035 16 0.0011 0.9989 
         036 16 0.0015 0.9985 
         037 16 0.0648 0.9352 
         038 16 0.0068 0.9932 
         039 16 0.0024 0.9976 
         040 16 0.0050 0.9950 
         041 16 0.0023 0.9977 
         042 16 0.0036 0.9964 
         043 16 0.0022 0.9978 
         044 16 0.0099 0.9901 
         045 16 0.0199 0.9801 
         047 16 0.0541 0.9459 
         048 16 0.0124 0.9876 
         049 16 0.0038 0.9962 
         050 16 0.0020 0.9980 
         051 16 0.0063 0.9937 
         052 16 0.0008 0.9992 
         053 16 0.0016 0.9984 
         054 16 0.0568 0.9432 
         055 16 0.0840 0.9160 
         056 16 0.0021 0.9979 
         057 16 0.0604 0.9396 
         058 16 0.1141 0.8859 
         059 16 0.1295 0.8705 
         060 16 0.0067 0.9933 
         061 16 0.0056 0.9944 
         062 16 0.0080 0.9920 
         063 16 0.0048 0.9952 
         064 16 0.0015 0.9985 
         065 16 0.0109 0.9891 
         066 16 0.0013 0.9987 
         067 16 0.0144 0.9856 
         068 16 0.0166 0.9834 
         069 16 0.0024 0.9976 
         070 16 0.0087 0.9913 
         071 16 0.0995 0.9005 
         072 16 0.0100 0.9900 
         073 16 0.0062 0.9938 
         074 16 0.0014 0.9986 
         075 16 0.0503 0.9497 
         076 16 0.0030 0.9970 
         077 16 0.0675 0.9325 
         078 16 0.0125 0.9875 
         079 16 0.0972 0.9028 
         080 16 0.0020 0.9980 
         081 16 0.0648 0.9352 
         082 16 0.0484 0.9516 
         083 16 0.0025 0.9975 
         084 16 0.0082 0.9918 
         085 16 0.0030 0.9970 
         086 16 0.1218 0.8782 
         087 16 0.0284 0.9716 
         088 16 0.0014 0.9986 
         089 16 0.0122 0.9878 
         090 16 0.0089 0.9911 
         091 16 0.0051 0.9949 
         092 16 0.0250 0.9750 
         093 16 0.0031 0.9969 
         094 16 0.0148 0.9852 
         095 16 0.0011 0.9989 
         096 16 0.0299 0.9701 
         097 16 0.1229 0.8771 
         098 16 0.0028 0.9972 
         099 16 0.0013 0.9987 
         100 16 0.0021 0.9979 
         101 16 0.0208 0.9792 
         102 16 0.0069 0.9931 
         103 16 0.0076 0.9924 
         104 16 0.0048 0.9952 
         105 16 0.1126 0.8874 
         106 16 0.0034 0.9966 
         107 16 0.0087 0.9913 
         108 16 0.1345 0.8655 
         109 16 0.0438 0.9562 
         110 16 0.0013 0.9987 
         111 16 0.0345 0.9655 
         112 16 0.0244 0.9756 
         113 16 0.0682 0.9318 
         114 16 0.0088 0.9912 
         115 16 0.0017 0.9983 
         116 16 0.0139 0.9861 
         117 16 0.0352 0.9648 
         118 16 0.0041 0.9959 
         119 16 0.0064 0.9936 
         120 16 0.0062 0.9938 
         121 16 0.0091 0.9909 
         122 16 0.0012 0.9988 
         123 16 0.0092 0.9908 
         124 16 0.0143 0.9857 
         126 16 0.1413 0.8587 
         001 17 0.0052 0.9948 
         002 17 0.0037 0.9963 
         003 17 0.0017 0.9983 
         005 17 0.0012 0.9988 
         006 17 0.0551 0.9449 
         007 17 0.1487 0.8513 
         008 17 0.1279 0.8721 
         009 17 0.0009 0.9991 
         010 17 0.0028 0.9972 
         011 17 0.1820 0.8180 
         012 17 0.0053 0.9947 
         013 17 0.0009 0.9991 
         014 17 0.0014 0.9986 
         015 17 0.0082 0.9918 
         016 17 0.0024 0.9976 
         017 17 0.0069 0.9931 
         018 17 0.0388 0.9612 
         019 17 0.0008 0.9992 
         020 17 0.0032 0.9968 
         021 17 0.0012 0.9988 
         022 17 0.0646 0.9354 
         023 17 0.0047 0.9953 
         024 17 0.0857 0.9143 
         025 17 0.0018 0.9982 
         002 18 0.0015 0.9985 
         003 18 0.0011 0.9989 
         004 18 0.0348 0.9652 
         005 18 0.0086 0.9914 
         006 18 0.0011 0.9989 
         007 18 0.0098 0.9902 
         008 18 0.0014 0.9986 
         009 18 0.0352 0.9648 
         010 18 0.0030 0.9970 
         011 18 0.0025 0.9975 
         012 18 0.0145 0.9855 
         015 18 0.0031 0.9969 
         016 18 0.0141 0.9859 
         018 18 0.0012 0.9988 
         026 18 0.0057 0.9943 
         027 18 0.0010 0.9990 
         028 18 0.0038 0.9962 
         029 18 0.0033 0.9967 
         031 18 0.1005 0.8995 
         032 18 0.0014 0.9986 
         033 18 0.0020 0.9980 
         035 18 0.0029 0.9971 
         036 18 0.0020 0.9980 
         037 18 0.0212 0.9788 
         038 18 0.0454 0.9546 
         039 18 0.0012 0.9988 
         044 18 0.1362 0.8638 
         046 18 0.0037 0.9963 
         049 18 0.0016 0.9984 
         053 18 0.0054 0.9946 
         054 18 0.0183 0.9817 
         056 18 0.0193 0.9807 
         057 18 0.0025 0.9975 
         058 18 0.0028 0.9972 
        001s 19 0.0638 0.9362 
        002s 19 0.0055 0.9945 
        003s 19 0.0080 0.9920 
        004s 19 0.0073 0.9927 
        005s 19 0.0706 0.9294 
        006s 19 0.0055 0.9945 
        007s 19 0.0432 0.9568 
        008s 19 0.0590 0.9410 
        009s 19 0.0047 0.9953 
        010s 19 0.0159 0.9841 
        011s 19 0.0034 0.9966 
        012s 19 0.0094 0.9906 
        013s 19 0.0283 0.9717 
        014s 19 0.0849 0.9151 
        015s 19 0.0048 0.9952 
        016s 19 0.0084 0.9916 
        017s 19 0.0452 0.9548 
        018s 19 0.0057 0.9943 
        019s 19 0.0955 0.9045 
        020s 19 0.0839 0.9161 
        021s 19 0.0128 0.9872 
        022s 19 0.0219 0.9781 
        023s 19 0.0060 0.9940 
        024s 19 0.0015 0.9985 
        025s 19 0.0975 0.9025 
        026s 19 0.0247 0.9753 
        027s 19 0.0062 0.9938 
        028s 19 0.0148 0.9852 
        029s 19 0.0010 0.9990 
        030s 19 0.0085 0.9915 
        031s 19 0.0085 0.9915 
        032s 19 0.0033 0.9967 
        033s 19 0.0014 0.9986 
        034s 19 0.0031 0.9969 
        035s 19 0.0268 0.9732 
        036s 19 0.0022 0.9978 
        037s 19 0.0012 0.9988 
        038s 19 0.0068 0.9932 
        039s 19 0.0020 0.9980 
        040s 19 0.0157 0.9843 
        041s 19 0.0014 0.9986 
        042s 19 0.0096 0.9904 
        043s 19 0.0520 0.9480 
        044s 19 0.0014 0.9986 
        045s 19 0.0012 0.9988 
        046s 19 0.0084 0.9916 
        047s 19 0.0091 0.9909 
        048s 19 0.1007 0.8993 
        049s 19 0.0415 0.9585 
        050s 19 0.0017 0.9983 
        051s 19 0.0752 0.9248 
        052s 19 0.0033 0.9967 
      LIW2-4 20 0.0041 0.9959 
     LIW2-12 21 0.0035 0.9965 
     LIW2-20 22 0.0039 0.9961 
     LIW2-28 23 0.0659 0.9341 
      LIW1-5 24 0.0029 0.9971 
     LIW1-13 25 0.0842 0.9158 
     LIW1-21 26 0.0098 0.9902 
     LIW1-29 27 0.0434 0.9566 
      LIW2-5 28 0.0023 0.9977 
     LIW2-34 29 0.0012 0.9988 
     LIW2-21 30 0.0976 0.9024 
     LIW2-29 31 0.1855 0.8145 
      LIW1-6 32 0.0019 0.9981 
     LIW1-14 33 0.0593 0.9407 
     LIW1-22 34 0.0021 0.9979 
     LIW1-30 35 0.0026 0.9974 
      LIW2-6 36 0.0300 0.9700 
     LIW2-14 37 0.0037 0.9963 
     LIW2-22 38 0.0740 0.9260 
     LIW2-30 39 0.0018 0.9982 
      LIW1-7 40 0.0451 0.9549 
     LIW1-15 41 0.0013 0.9987 
     LIW1-23 42 0.0134 0.9866 
     LIW1-31 43 0.0094 0.9906 
      LIW2-7 44 0.0866 0.9134 
     LIW2-15 45 0.0025 0.9975 
     LIW2-23 46 0.0119 0.9881 
      LIW1-8 47 0.0018 0.9982 
     LIW1-16 48 0.0021 0.9979 
      LIW2-8 49 0.0017 0.9983 
     LIW2-16 50 0.3228 0.6772 
     LIW2-24 51 0.1929 0.8071 
     LIW2-32 52 0.0323 0.9677 
     LIW1-47 53 0.0252 0.9748 
      UMFS-1 54 0.0717 0.9283 
     UMFS-19 55 0.1447 0.8553 
     UMFS-31 56 0.0021 0.9979 
      UMFS-2 57 0.0032 0.9968 
     UMFS-10 58 0.0363 0.9637 
     UMFS-20 59 0.0741 0.9259 
     UMFS-32 60 0.0966 0.9034 
      UMFS-3 61 0.1153 0.8847 
     UMFS-11 62 0.4112 0.5888 
     UMFS-21 63 0.1031 0.8969 
     UMFS-33 64 0.0598 0.9402 
      UMFS-4 65 0.0541 0.9459 
     UMFS-22 66 0.0542 0.9458 
     UMFS-34 67 0.0884 0.9116 
      UMFS-5 68 0.0425 0.9575 
     UMFS-13 69 0.0930 0.9070 
     UMFS-23 70 0.0612 0.9388 
     UMFS-35 71 0.0703 0.9297 
      UMFS-6 72 0.0631 0.9369 
     UMFS-14 73 0.0498 0.9502 
     UMFS-24 74 0.0589 0.9411 
     UMFS-36 75 0.0992 0.9008 
      UMFS-7 76 0.5808 0.4192 
     UMFS-15 77 0.1052 0.8948 
     UMFS-25 78 0.1074 0.8926 
     UMFS-37 79 0.1022 0.8978 
      UMFS-8 80 0.0687 0.9313 
     UMFS-16 81 0.1018 0.8982 
     UMFS-26 82 0.0993 0.9007 
     UMFS-38 83 0.0348 0.9652 
      NEH1-2 84 0.2029 0.7971 
     NEH1-11 85 0.1788 0.8212 
     NEH1-20 86 0.1288 0.8712 
     NEH1-29 87 0.1081 0.8919 
      NEH2-2 88 0.1290 0.8710 
     NEH2-10 89 0.0724 0.9276 
     NEH2-18 90 0.2329 0.7671 
     NEH2-26 91 0.1352 0.8648 
      NEH1-3 92 0.0814 0.9186 
     NEH1-12 93 0.2518 0.7482 
     NEH1-21 94 0.1223 0.8777 
     NEH1-30 95 0.1600 0.8400 
      NEH2-3 96 0.1245 0.8755 
     NEH2-11 97 0.1908 0.8092 
     NEH2-19 98 0.1145 0.8855 
     NEH2-27 99 0.1633 0.8367 
      NEH1-4 100 0.2432 0.7568 
     NEH1-13 101 0.1106 0.8894 
     NEH1-22 102 0.1129 0.8871 
     NEH1-31 103 0.1160 0.8840 
      NEH2-4 104 0.1272 0.8728 
     NEH2-12 105 0.2146 0.7854 
     NEH2-20 106 0.0362 0.9638 
     NEH2-28 107 0.1473 0.8527 
      NEH1-5 108 0.1594 0.8406 
     NEH1-14 109 0.1853 0.8147 
     NEH1-23 110 0.0829 0.9171 
     NEH1-32 111 0.1694 0.8306 
      NEH2-5 112 0.1175 0.8825 
     NEH2-13 113 0.1680 0.8320 
     NEH2-22 114 0.1507 0.8493 
     NEH2-29 115 0.1170 0.8830 
      NEH1-6 116 0.1611 0.8389 
     NEH1-15 117 0.2130 0.7870 
     NEH1-24 118 0.2078 0.7922 
     NEH1-33 119 0.0844 0.9156 
      NEH2-6 120 0.0711 0.9289 
     NEH2-14 121 0.1519 0.8481 
     NEH2-21 122 0.0729 0.9271 
     NEH2-30 123 0.1336 0.8664 
      NEH1-7 124 0.2008 0.7992 
     NEH1-16 125 0.1418 0.8582 
     NEH1-25 126 0.1033 0.8967 
     NEH1-34 127 0.1378 0.8622 
      NEH2-7 128 0.1398 0.8602 
     NEH2-15 129 0.1618 0.8382 
     NEH2-23 130 0.2353 0.7647 
     NEH2-31 131 0.1298 0.8702 
      NEH1-8 132 0.1699 0.8301 
     NEH1-17 133 0.2819 0.7181 
     NEH1-26 134 0.1027 0.8973 
     NEH1-35 135 0.1211 0.8789 
      NEH2-8 136 0.0928 0.9072 
     NEH2-16 137 0.1075 0.8925 
     NEH2-24 138 0.1286 0.8714 
     NEH2-32 139 0.2596 0.7404 
      NEH1-1 140 0.2395 0.7605 
     NEH1-10 141 0.1701 0.8299 
     NEH1-19 142 0.1395 0.8605 
     NEH1-28 143 0.2127 0.7873 
      NEH2-1 144 0.1699 0.8301 
      NEH2-9 145 0.1130 0.8870 
     NEH2-17 146 0.1861 0.8139 
     NEH2-25 147 0.2119 0.7881 
      LIW1-1 148 0.1178 0.8822 
      LIW1-9 149 0.1666 0.8334 
     LIW1-17 150 0.0024 0.9976 
     LIW1-25 151 0.0013 0.9987 
      LIW2-9 152 0.0690 0.9310 
     LIW2-17 153 0.0045 0.9955 
     LIW2-25 154 0.0028 0.9972 
      LIW1-2 155 0.0026 0.9974 
     LIW1-10 156 0.0119 0.9881 
     LIW1-18 157 0.0086 0.9914 
     LIW1-26 158 0.0029 0.9971 
      LIW2-2 159 0.0014 0.9986 
     LIW2-10 160 0.0042 0.9958 
     LIW2-18 161 0.0611 0.9389 
     LIW2-26 162 0.0032 0.9968 
      LIW1-3 163 0.0185 0.9815 
     LIW1-11 164 0.0238 0.9762 
     LIW1-19 165 0.0697 0.9303 
     LIW1-27 166 0.0130 0.9870 
      LIW2-3 167 0.0247 0.9753 
     LIW2-11 168 0.0011 0.9989 
     LIW2-19 169 0.0063 0.9937 
     LIW2-27 170 0.0012 0.9988 
      LIW1-4 171 0.0025 0.9975 
     LIW1-12 172 0.0398 0.9602 
     LIW1-20 173 0.0073 0.9927 
     LIW1-28 174 0.0081 0.9919 
        001s 175 0.0071 0.9929 
        002s 175 0.0724 0.9276 
        003s 175 0.0016 0.9984 
        004s 175 0.0450 0.9550 
        005s 175 0.0046 0.9954 
        006s 175 0.1590 0.8410 
        007s 175 0.0015 0.9985 
        008s 175 0.0059 0.9941 
        009s 175 0.1160 0.8840 
        010s 175 0.0029 0.9971 
        011s 175 0.0081 0.9919 
        012s 175 0.0016 0.9984 
        013s 175 0.0070 0.9930 
        014s 175 0.0807 0.9193 
        015s 175 0.0043 0.9957 
        016s 175 0.0224 0.9776 
        017s 175 0.0236 0.9764 
        018s 175 0.0115 0.9885 
        019s 175 0.0035 0.9965 
        020s 175 0.0042 0.9958 
        021s 175 0.0029 0.9971 
        022s 175 0.0233 0.9767 
        023s 175 0.0148 0.9852 
        024s 175 0.0439 0.9561 
        025s 175 0.0559 0.9441 
        026s 175 0.0092 0.9908 
        027s 175 0.0056 0.9944 
        028s 175 0.0042 0.9958 
        029s 175 0.0020 0.9980 
        030s 175 0.0995 0.9005 
        031s 175 0.0053 0.9947 
        032s 175 0.0053 0.9947 
        033s 175 0.0342 0.9658 
        034s 175 0.0084 0.9916 
        035s 175 0.0144 0.9856 
        036s 175 0.0022 0.9978 
        037s 175 0.0031 0.9969 
        038s 175 0.0199 0.9801 
        039s 175 0.0049 0.9951 
        040s 175 0.0026 0.9974 
        041s 175 0.0069 0.9931 
        042s 175 0.0061 0.9939 
        043s 175 0.0113 0.9887 
        044s 175 0.0028 0.9972 
        045s 175 0.0723 0.9277 
        046s 175 0.0046 0.9954 
        047s 175 0.0020 0.9980 
        048s 175 0.0123 0.9877 
        049s 175 0.0355 0.9645 
        050s 175 0.0783 0.9217 
        001s 176 0.0868 0.9132 
        002s 176 0.0302 0.9698 
        003s 176 0.0037 0.9963 
        004s 176 0.0055 0.9945 
        005s 176 0.0019 0.9981 
        006s 176 0.0025 0.9975 
        007s 176 0.0771 0.9229 
        008s 176 0.0016 0.9984 
        009s 176 0.0020 0.9980 
        010s 176 0.0027 0.9973 
        011s 176 0.0017 0.9983 
        012s 176 0.0683 0.9317 
        013s 176 0.0309 0.9691 
        014s 176 0.0081 0.9919 
        015s 176 0.0024 0.9976 
        016s 176 0.0020 0.9980 
        017s 176 0.0009 0.9991 
        018s 176 0.0017 0.9983 
        019s 176 0.0608 0.9392 
        020s 176 0.0040 0.9960 
        021s 176 0.0105 0.9895 
        022s 176 0.0040 0.9960 
        023s 176 0.0023 0.9977 
        024s 176 0.0562 0.9438 
        025s 176 0.0203 0.9797 
        026s 176 0.0182 0.9818 
        027s 176 0.0013 0.9987 
        028s 176 0.0045 0.9955 
        029s 176 0.0033 0.9967 
        030s 176 0.0610 0.9390 
        031s 176 0.0182 0.9818 
        032s 176 0.0398 0.9602 
        033s 176 0.1301 0.8699 
        034s 176 0.0029 0.9971 
        035s 176 0.0302 0.9698 
        036s 176 0.0031 0.9969 
        037s 176 0.0748 0.9252 
        038s 176 0.0022 0.9978 
        039s 176 0.0016 0.9984 
        040s 176 0.0013 0.9987 
        041s 176 0.0031 0.9969 
        042s 176 0.0018 0.9982 
        043s 176 0.0336 0.9664 
        044s 176 0.0061 0.9939 
        045s 176 0.0248 0.9752 
        046s 176 0.0036 0.9964 
        047s 176 0.0020 0.9980 
        048s 176 0.0162 0.9838 
        050s 176 0.0037 0.9963 
        001s 177 0.0608 0.9392 
        002s 177 0.0015 0.9985 
        003s 177 0.0612 0.9388 
        004s 177 0.0026 0.9974 
        005s 177 0.0045 0.9955 
        006s 177 0.0065 0.9935 
        007s 177 0.0112 0.9888 
        008s 177 0.1500 0.8500 
        009s 177 0.0013 0.9987 
        010s 177 0.0391 0.9609 
        011s 177 0.0034 0.9966 
        012s 177 0.0059 0.9941 
        013s 177 0.0029 0.9971 
        014s 177 0.0449 0.9551 
        015s 177 0.0082 0.9918 
        016s 177 0.0009 0.9991 
        017s 177 0.0516 0.9484 
        018s 177 0.0180 0.9820 
        019s 177 0.0027 0.9973 
        020s 177 0.0068 0.9932 
        021s 177 0.0017 0.9983 
        022s 177 0.0152 0.9848 
        023s 177 0.0263 0.9737 
        024s 177 0.0020 0.9980 
        025s 177 0.0086 0.9914 
        026s 177 0.0023 0.9977 
        027s 177 0.0016 0.9984 
        028s 177 0.0014 0.9986 
        029s 177 0.0956 0.9044 
        030s 177 0.0190 0.9810 
        031s 177 0.0032 0.9968 
        032s 177 0.0380 0.9620 
        033s 177 0.0017 0.9983 
        034s 177 0.0040 0.9960 
        035s 177 0.0012 0.9988 
        036s 177 0.0323 0.9677 
        037s 177 0.0456 0.9544 
        038s 177 0.0199 0.9801 
        039s 177 0.0034 0.9966 
        040s 177 0.0415 0.9585 
        041s 177 0.1103 0.8897 
        042s 177 0.0408 0.9592 
        043s 177 0.0010 0.9990 
        044s 177 0.0026 0.9974 
        045s 177 0.0274 0.9726 
        046s 177 0.0024 0.9976 
        047s 177 0.0060 0.9940 
        048s 177 0.0160 0.9840 
        049s 177 0.0621 0.9379 
        050s 177 0.0014 0.9986 
        001s 178 0.0421 0.9579 
        002s 178 0.0104 0.9896 
        003s 178 0.0108 0.9892 
        004s 178 0.0078 0.9922 
        005s 178 0.0047 0.9953 
        006s 178 0.0753 0.9247 
        007s 178 0.0026 0.9974 
        008s 178 0.0888 0.9112 
        009s 178 0.0097 0.9903 
        010s 178 0.0018 0.9982 
        011s 178 0.0032 0.9968 
        012s 178 0.0060 0.9940 
        013s 178 0.0011 0.9989 
        014s 178 0.0468 0.9532 
        015s 178 0.0114 0.9886 
        016s 178 0.0232 0.9768 
        017s 178 0.0439 0.9561 
        018s 178 0.0043 0.9957 
        019s 178 0.0049 0.9951 
        020s 178 0.0015 0.9985 
        021s 178 0.0439 0.9561 
        022s 178 0.0047 0.9953 
        023s 178 0.1094 0.8906 
        024s 178 0.0018 0.9982 
        025s 178 0.0404 0.9596 
        026s 178 0.0016 0.9984 
        027s 178 0.0505 0.9495 
        028s 178 0.0543 0.9457 
        029s 178 0.0078 0.9922 
        030s 178 0.0202 0.9798 
        031s 178 0.0010 0.9990 
        032s 178 0.0018 0.9982 
        033s 178 0.0512 0.9488 
        034s 178 0.0012 0.9988 
        035s 178 0.0033 0.9967 
        036s 178 0.0011 0.9989 
        037s 178 0.0013 0.9987 
        039s 178 0.0348 0.9652 
        040s 178 0.0784 0.9216 
        041s 178 0.0018 0.9982 
        042s 178 0.0512 0.9488 
        043s 178 0.0535 0.9465 
        044s 178 0.1197 0.8803 
        045s 178 0.0035 0.9965 
        046s 178 0.0036 0.9964 
        047s 178 0.0332 0.9668 
        048s 178 0.0393 0.9607 
        049s 178 0.0130 0.9870 
        050s 178 0.1003 0.8997 
          01 179 0.0864 0.9136 
          02 179 0.0032 0.9968 
          03 179 0.1406 0.8594 
          04 179 0.0066 0.9934 
          05 179 0.0634 0.9366 
          06 179 0.0028 0.9972 
          07 179 0.0080 0.9920 
          08 179 0.0019 0.9981 
          09 179 0.0015 0.9985 
          10 179 0.0198 0.9802 
          11 179 0.0910 0.9090 
          12 179 0.0024 0.9976 
          13 179 0.0017 0.9983 
          14 179 0.0872 0.9128 
          15 179 0.0259 0.9741 
          16 179 0.0267 0.9733 
          17 179 0.0045 0.9955 
          18 179 0.0024 0.9976 
          19 179 0.0418 0.9582 
          20 179 0.0713 0.9287 
          21 179 0.0006 0.9994 
          22 179 0.0272 0.9728 
          23 179 0.0047 0.9953 
        001s 180 0.0504 0.9496 
        002s 180 0.0037 0.9963 
        003s 180 0.0028 0.9972 
        004s 180 0.0024 0.9976 
        005s 180 0.0208 0.9792 
        006s 180 0.0918 0.9082 
        007s 180 0.0020 0.9980 
        008s 180 0.0080 0.9920 
        009s 180 0.0026 0.9974 
        010s 180 0.0023 0.9977 
        011s 180 0.0043 0.9957 
        012s 180 0.0175 0.9825 
        013s 180 0.0040 0.9960 
        014s 180 0.0151 0.9849 
        015s 180 0.0033 0.9967 
        016s 180 0.0298 0.9702 
        017s 180 0.0040 0.9960 
        018s 180 0.0726 0.9274 
        019s 180 0.0043 0.9957 
        020s 180 0.0079 0.9921 
        021s 180 0.0060 0.9940 
        022s 180 0.0164 0.9836 
        023s 180 0.0014 0.9986 
        024s 180 0.0091 0.9909 
        025s 180 0.0183 0.9817 
        026s 180 0.0067 0.9933 
        027s 180 0.0119 0.9881 
        028s 180 0.0069 0.9931 
        029s 180 0.0438 0.9562 
        030s 180 0.0038 0.9962 
        031s 180 0.0017 0.9983 
        032s 180 0.0072 0.9928 
        033s 180 0.0053 0.9947 
        034s 180 0.0112 0.9888 
        035s 180 0.0220 0.9780 
        036s 180 0.0016 0.9984 
        037s 180 0.0042 0.9958 
        038s 180 0.0053 0.9947 
        039s 180 0.0057 0.9943 
        041s 180 0.0026 0.9974 
        042s 180 0.0056 0.9944 
        043s 180 0.0118 0.9882 
        044s 180 0.0023 0.9977 
        045s 180 0.0104 0.9896 
        046s 180 0.0240 0.9760 
        047s 180 0.0198 0.9802 
        048s 180 0.0032 0.9968 
        049s 180 0.0023 0.9977 
        050s 180 0.0022 0.9978 
         001 181 0.9995 0.0005 
         002 181 0.9997 0.0003 
         003 181 0.9996 0.0004 
         004 181 0.9861 0.0139 
         005 181 0.9960 0.0040 
         006 181 0.9996 0.0004 
         007 181 0.9996 0.0004 
         008 181 0.9995 0.0005 
         009 181 0.9998 0.0002 
         010 181 0.9978 0.0022 
         011 181 0.9997 0.0003 
         012 181 0.9992 0.0008 
         013 181 0.9984 0.0016 
         014 181 0.9996 0.0004 
         015 181 0.9997 0.0003 
         016 181 0.9993 0.0007 
         017 181 0.9997 0.0003 
         018 181 0.9992 0.0008 
         019 181 0.9964 0.0036 
         020 181 0.9996 0.0004 
         021 181 0.9997 0.0003 
         022 181 0.9998 0.0002 
         023 181 0.9997 0.0003 
         024 181 0.9931 0.0069 
         025 181 0.9996 0.0004 
         026 181 0.9996 0.0004 
         027 181 0.9998 0.0002 
         028 181 0.9998 0.0002 
         029 181 0.9996 0.0004 
         030 181 0.9996 0.0004 
         001 182 0.9997 0.0003 
         002 182 0.9991 0.0009 
         003 182 0.9842 0.0158 
         004 182 0.9995 0.0005 
         005 182 0.9971 0.0029 
         006 182 0.8810 0.1190 
         007 182 0.9924 0.0076 
         008 182 0.9985 0.0015 
         009 182 0.9994 0.0006 
         010 182 0.8957 0.1043 
         011 182 0.9992 0.0008 
         012 182 0.9240 0.0760 
         013 182 0.9958 0.0042 
         014 182 0.8953 0.1047 
         015 182 0.9997 0.0003 
         016 182 0.9994 0.0006 
         017 182 0.9304 0.0696 
         018 182 0.9991 0.0009 
         019 182 0.9996 0.0004 
         020 182 0.9998 0.0002 
         021 182 0.9300 0.0700 
         022 182 0.9993 0.0007 
         023 182 0.9993 0.0007 
         024 182 0.9993 0.0007 
         025 182 0.9995 0.0005 
         026 182 0.9997 0.0003 
         027 182 0.9982 0.0018 
         028 182 0.9990 0.0010 
         029 182 0.9974 0.0026 
         030 182 0.9996 0.0004 
          10 183 0.0011 0.9989 
          11 183 0.0013 0.9987 
          12 183 0.0014 0.9986 
          13 183 0.0573 0.9427 
          14 183 0.0010 0.9990 
          15 183 0.0259 0.9741 
          16 183 0.0758 0.9242 
          17 183 0.0022 0.9978 
          18 183 0.0013 0.9987 
          19 183 0.0008 0.9992 
          20 183 0.0336 0.9664 
          21 183 0.0038 0.9962 
          22 183 0.0196 0.9804 
          23 183 0.0162 0.9838 
          24 183 0.0011 0.9989 
          25 183 0.0046 0.9954 
          26 183 0.0118 0.9882 
          27 183 0.0339 0.9661 
          28 183 0.0068 0.9932 
          29 183 0.6927 0.3073 
          30 183 0.8309 0.1691 
          31 183 0.0025 0.9975 
          32 183 0.0008 0.9992 
          33 183 0.0073 0.9927 
          34 183 0.0013 0.9987 
          35 183 0.0278 0.9722 
          36 183 0.0013 0.9987 
          37 183 0.7859 0.2141 
          54 183 0.0694 0.9306 
          55 183 0.1193 0.8807 
           6 183 0.0159 0.9841 
           7 183 0.1185 0.8815 
           8 183 0.0546 0.9454 
           9 183 0.0103 0.9897 
           4 184 0.0072 0.9928 
           9 184 0.0023 0.9977 
          12 184 0.0222 0.9778 
          14 184 0.0035 0.9965 
          15 184 0.0013 0.9987 
          16 184 0.0030 0.9970 
          17 184 0.0089 0.9911 
          18 184 0.0966 0.9034 
          22 184 0.0017 0.9983 
          25 184 0.0117 0.9883 
          26 184 0.0031 0.9969 
          27 184 0.0026 0.9974 
          28 184 0.0015 0.9985 
          29 184 0.0008 0.9992 
          31 184 0.0060 0.9940 
          32 184 0.0124 0.9876 
          33 184 0.0024 0.9976 
          34 184 0.0012 0.9988 
          36 184 0.3784 0.6216 
          37 184 0.0096 0.9904 
          39 184 0.0345 0.9655 
          40 184 0.0096 0.9904 
          41 184 0.0113 0.9887 
          42 184 0.0041 0.9959 
          43 184 0.0022 0.9978 
          44 184 0.0820 0.9180 
          45 184 0.0010 0.9990 
          46 184 0.0039 0.9961 
          47 184 0.0008 0.9992 
          48 184 0.0015 0.9985 
          52 184 0.0882 0.9118 
          54 184 0.0020 0.9980 
          57 184 0.0031 0.9969 
          58 184 0.0043 0.9957 
          59 184 0.0756 0.9244 
          60 184 0.0022 0.9978 
           3 185 0.0446 0.9554 
           4 185 0.0033 0.9967 
           5 185 0.0038 0.9962 
           6 185 0.0023 0.9977 
           7 185 0.0914 0.9086 
           8 185 0.0829 0.9171 
           9 185 0.0057 0.9943 
          10 185 0.0039 0.9961 
          11 185 0.0698 0.9302 
          12 185 0.1063 0.8937 
          13 185 0.0018 0.9982 
          14 185 0.0029 0.9971 
          15 185 0.0584 0.9416 
          16 185 0.0043 0.9957 
          17 185 0.0094 0.9906 
          18 185 0.0011 0.9989 
          19 185 0.0011 0.9989 
          20 185 0.1357 0.8643 
          21 185 0.0114 0.9886 
          22 185 0.0167 0.9833 
          23 185 0.0393 0.9607 
          24 185 0.0020 0.9980 
          25 185 0.0848 0.9152 
          26 185 0.0052 0.9948 
          27 185 0.0015 0.9985 
          28 185 0.0023 0.9977 
          29 185 0.1440 0.8560 
          30 185 0.0170 0.9830 
          31 185 0.0163 0.9837 
          32 185 0.0108 0.9892 
          33 185 0.0298 0.9702 
          34 185 0.0019 0.9981 
          35 185 0.0047 0.9953 
          36 185 0.0036 0.9964 
          37 185 0.0376 0.9624 
          38 185 0.1054 0.8946 
          39 185 0.0642 0.9358 
          40 185 0.0021 0.9979 
          41 185 0.0016 0.9984 
          42 185 0.0018 0.9982 
           5 186 0.0021 0.9979 
           6 186 0.0032 0.9968 
           7 186 0.0060 0.9940 
           9 186 0.0897 0.9103 
          10 186 0.0615 0.9385 
          11 186 0.0078 0.9922 
          12 186 0.0043 0.9957 
          29 186 0.0049 0.9951 
          30 186 0.0011 0.9989 
          31 186 0.1098 0.8902 
          32 186 0.0675 0.9325 
          33 186 0.0013 0.9987 
          34 186 0.0424 0.9576 
          35 186 0.0009 0.9991 
          36 186 0.0036 0.9964 
          37 186 0.0459 0.9541 
          38 186 0.0420 0.9580 
          39 186 0.0021 0.9979 
          40 186 0.0018 0.9982 
          41 186 0.0107 0.9893 
          42 186 0.0022 0.9978 
          43 186 0.0213 0.9787 
          44 186 0.0012 0.9988 
          45 186 0.0014 0.9986 
          46 186 0.0017 0.9983 
          47 186 0.0096 0.9904 
          48 186 0.0021 0.9979 
          49 186 0.0010 0.9990 
          50 186 0.0320 0.9680 
          51 186 0.0014 0.9986 
          52 186 0.0032 0.9968 
          53 186 0.0019 0.9981 
          54 186 0.0017 0.9983 
          55 186 0.0054 0.9946 
          56 186 0.0044 0.9956 
          57 186 0.0228 0.9772 
          58 186 0.0027 0.9973 
          59 186 0.0124 0.9876 
          60 186 0.0011 0.9989 
           1 187 0.0389 0.9611 
           2 187 0.0094 0.9906 
           3 187 0.0368 0.9632 
           4 187 0.1280 0.8720 
           5 187 0.0016 0.9984 
           6 187 0.0082 0.9918 
           7 187 0.1525 0.8475 
           8 187 0.0046 0.9954 
           9 187 0.0009 0.9991 
          10 187 0.0502 0.9498 
          11 187 0.0025 0.9975 
          12 187 0.0023 0.9977 
          13 187 0.0149 0.9851 
          14 187 0.0026 0.9974 
          15 187 0.0092 0.9908 
          16 187 0.0294 0.9706 
          17 187 0.0810 0.9190 
          18 187 0.0036 0.9964 
          19 187 0.0016 0.9984 
          20 187 0.0024 0.9976 
          21 187 0.1034 0.8966 
          22 187 0.0044 0.9956 
          23 187 0.0010 0.9990 
          24 187 0.1020 0.8980 
          25 187 0.0037 0.9963 
          26 187 0.0012 0.9988 
          27 187 0.0008 0.9992 
          28 187 0.0109 0.9891 
          29 187 0.0132 0.9868 
          30 187 0.0050 0.9950 
          32 187 0.0971 0.9029 
          33 187 0.0353 0.9647 
          34 187 0.0026 0.9974 
          35 187 0.0216 0.9784 
          36 187 0.0016 0.9984 
          37 187 0.0099 0.9901 
          38 187 0.1267 0.8733 
           1 188 0.0148 0.9852 
           2 188 0.0367 0.9633 
           3 188 0.0559 0.9441 
           4 188 0.0713 0.9287 
           5 188 0.0062 0.9938 
           6 188 0.0012 0.9988 
           7 188 0.0012 0.9988 
           8 188 0.0612 0.9388 
           9 188 0.0029 0.9971 
          10 188 0.0114 0.9886 
          11 188 0.0010 0.9990 
          12 188 0.0042 0.9958 
          13 188 0.1134 0.8866 
          14 188 0.0925 0.9075 
          15 188 0.0016 0.9984 
          16 188 0.0381 0.9619 
          17 188 0.0055 0.9945 
          18 188 0.0070 0.9930 
          19 188 0.0038 0.9962 
          20 188 0.1217 0.8783 
          21 188 0.0101 0.9899 
          22 188 0.0060 0.9940 
          23 188 0.0162 0.9838 
          24 188 0.0007 0.9993 
          25 188 0.0028 0.9972 
          26 188 0.0883 0.9117 
          27 188 0.0665 0.9335 
          28 188 0.0036 0.9964 
          29 188 0.0570 0.9430 
          30 188 0.1054 0.8946 
          31 188 0.0104 0.9896 
          32 188 0.0020 0.9980 
          33 188 0.0023 0.9977 
          34 188 0.0017 0.9983 
          35 188 0.0374 0.9626 
          36 188 0.1168 0.8832 
          37 188 0.0030 0.9970 
          38 188 0.0934 0.9066 
          39 188 0.0450 0.9550 
          40 188 0.0033 0.9967 
           7 189 0.0090 0.9910 
           8 189 0.0058 0.9942 
           9 189 0.0095 0.9905 
          10 189 0.0123 0.9877 
          11 189 0.0038 0.9962 
          12 189 0.0763 0.9237 
          13 189 0.0012 0.9988 
          14 189 0.0532 0.9468 
          16 189 0.1507 0.8493 
          17 189 0.0014 0.9986 
          18 189 0.0573 0.9427 
          19 189 0.0050 0.9950 
          20 189 0.0731 0.9269 
          21 189 0.0240 0.9760 
          23 189 0.0017 0.9983 
          24 189 0.0548 0.9452 
          25 189 0.0139 0.9861 
          26 189 0.0384 0.9616 
          27 189 0.0039 0.9961 
          28 189 0.0007 0.9993 
          29 189 0.0061 0.9939 
          30 189 0.0066 0.9934 
          31 189 0.0013 0.9987 
          32 189 0.0834 0.9166 
          33 189 0.0027 0.9973 
          34 189 0.0010 0.9990 
          35 189 0.0014 0.9986 
          36 189 0.0546 0.9454 
          37 189 0.0015 0.9985 
          38 189 0.0098 0.9902 
          39 189 0.0215 0.9785 
          40 189 0.1476 0.8524 
          41 189 0.0331 0.9669 
          42 189 0.1800 0.8200 
          43 189 0.0041 0.9959 
           1 190 0.1218 0.8782 
           3 190 0.0025 0.9975 
           4 190 0.0026 0.9974 
           5 190 0.0264 0.9736 
           6 190 0.0018 0.9982 
           7 190 0.0028 0.9972 
           8 190 0.0345 0.9655 
           9 190 0.3717 0.6283 
          10 190 0.0035 0.9965 
          11 190 0.0473 0.9527 
          12 190 0.0019 0.9981 
          13 190 0.0031 0.9969 
          14 190 0.0048 0.9952 
          15 190 0.0138 0.9862 
          16 190 0.0130 0.9870 
          17 190 0.0084 0.9916 
          18 190 0.0378 0.9622 
          19 190 0.0024 0.9976 
          20 190 0.0017 0.9983 
          22 190 0.1292 0.8708 
          23 190 0.0152 0.9848 
          24 190 0.0622 0.9378 
          25 190 0.0121 0.9879 
          26 190 0.0011 0.9989 
          27 190 0.0030 0.9970 
          28 190 0.0108 0.9892 
          29 190 0.0304 0.9696 
          31 190 0.0647 0.9353 
           7 191 0.0015 0.9985 
           8 191 0.0070 0.9930 
           9 191 0.0014 0.9986 
          10 191 0.0024 0.9976 
          11 191 0.0089 0.9911 
          12 191 0.0350 0.9650 
          13 191 0.0067 0.9933 
          14 191 0.0165 0.9835 
          15 191 0.0675 0.9325 
          16 191 0.0042 0.9958 
          17 191 0.0947 0.9053 
          18 191 0.0034 0.9966 
          19 191 0.0454 0.9546 
          20 191 0.0372 0.9628 
          21 191 0.0455 0.9545 
          22 191 0.0049 0.9951 
          23 191 0.0044 0.9956 
          24 191 0.0040 0.9960 
          25 191 0.0370 0.9630 
          26 191 0.1115 0.8885 
          27 191 0.0032 0.9968 
          28 191 0.0032 0.9968 
          29 191 0.0038 0.9962 
          30 191 0.0015 0.9985 
          39 191 0.0050 0.9950 
          40 191 0.0031 0.9969 
          41 191 0.0637 0.9363 
          42 191 0.0011 0.9989 
          43 191 0.0229 0.9771 
          44 191 0.0274 0.9726 
          45 191 0.0024 0.9976 
          46 191 0.1315 0.8685 
          47 191 0.0166 0.9834 
          48 191 0.0021 0.9979 
          49 191 0.0139 0.9861 
          50 191 0.0035 0.9965 
           9 192 0.0012 0.9988 
          10 192 0.0063 0.9937 
          11 192 0.0055 0.9945 
          12 192 0.0050 0.9950 
          13 192 0.0996 0.9004 
          14 192 0.0239 0.9761 
          15 192 0.0014 0.9986 
          16 192 0.0075 0.9925 
          17 192 0.0527 0.9473 
          18 192 0.0074 0.9926 
          19 192 0.0122 0.9878 
          20 192 0.0132 0.9868 
          21 192 0.0012 0.9988 
          22 192 0.0402 0.9598 
          23 192 0.0894 0.9106 
          24 192 0.0054 0.9946 
          33 192 0.0576 0.9424 
          35 192 0.0026 0.9974 
          36 192 0.0015 0.9985 
          37 192 0.0021 0.9979 
          38 192 0.0577 0.9423 
          39 192 0.0049 0.9951 
          40 192 0.0828 0.9172 
          41 192 0.0732 0.9268 
          42 192 0.0601 0.9399 
          43 192 0.0024 0.9976 
          45 192 0.0017 0.9983 
          46 192 0.0065 0.9935 
          47 192 0.0029 0.9971 
          48 192 0.0022 0.9978 
          49 192 0.0653 0.9347 
          50 192 0.0020 0.9980 
