        001s  1 0.0012 0.9988 
        002s  1 0.0049 0.9951 
        003s  1 0.0073 0.9927 
        004s  1 0.0564 0.9436 
        005s  1 0.4275 0.5725 
        006s  1 0.0018 0.9982 
        007s  1 0.0035 0.9965 
        008s  1 0.0082 0.9918 
        009s  1 0.0780 0.9220 
        010s  1 0.0103 0.9897 
        011s  1 0.0070 0.9930 
        012s  1 0.1353 0.8647 
        013s  1 0.0434 0.9566 
        014s  1 0.0408 0.9592 
        015s  1 0.0015 0.9985 
        016s  1 0.0041 0.9959 
        018s  1 0.1408 0.8592 
        019s  1 0.0097 0.9903 
        020s  1 0.0012 0.9988 
        021s  1 0.0031 0.9969 
        022s  1 0.0008 0.9992 
        023s  1 0.0013 0.9987 
        024s  1 0.0033 0.9967 
        025s  1 0.0193 0.9807 
        026s  1 0.0033 0.9967 
        027s  1 0.0207 0.9793 
        028s  1 0.1123 0.8877 
        029s  1 0.0020 0.9980 
        030s  1 0.0087 0.9913 
        031s  1 0.0008 0.9992 
        032s  1 0.0020 0.9980 
        033s  1 0.0108 0.9892 
        034s  1 0.0065 0.9935 
        035s  1 0.0066 0.9934 
        036s  1 0.0810 0.9190 
        037s  1 0.1388 0.8612 
        038s  1 0.0039 0.9961 
        039s  1 0.0091 0.9909 
        040s  1 0.0059 0.9941 
        041s  1 0.0036 0.9964 
        042s  1 0.0732 0.9268 
        043s  1 0.0281 0.9719 
        044s  1 0.1164 0.8836 
        045s  1 0.0111 0.9889 
        046s  1 0.0026 0.9974 
        047s  1 0.0013 0.9987 
        048s  1 0.0122 0.9878 
        049s  1 0.0025 0.9975 
        050s  1 0.1003 0.8997 
        051s  1 0.0014 0.9986 
        052s  1 0.0404 0.9596 
        053s  1 0.0027 0.9973 
        054s  1 0.0018 0.9982 
        055s  1 0.1018 0.8982 
          01  2 0.1231 0.8769 
          02  2 0.0357 0.9643 
          03  2 0.0038 0.9962 
          04  2 0.0462 0.9538 
          05  2 0.0985 0.9015 
          06  2 0.0451 0.9549 
          07  2 0.0272 0.9728 
          08  2 0.0551 0.9449 
          09  2 0.0012 0.9988 
          10  2 0.0032 0.9968 
          11  2 0.0141 0.9859 
          12  2 0.0026 0.9974 
          13  2 0.0016 0.9984 
          14  2 0.0034 0.9966 
          15  2 0.0017 0.9983 
          16  2 0.0573 0.9427 
          17  2 0.0065 0.9935 
          18  2 0.0417 0.9583 
          19  2 0.0021 0.9979 
          20  2 0.0790 0.9210 
          21  2 0.0027 0.9973 
          22  2 0.0149 0.9851 
          23  2 0.0065 0.9935 
          24  2 0.0017 0.9983 
          25  2 0.0495 0.9505 
          26  2 0.0022 0.9978 
          27  2 0.0276 0.9724 
          28  2 0.0015 0.9985 
          29  2 0.0028 0.9972 
          30  2 0.1494 0.8506 
          01  3 0.6276 0.3724 
          02  3 0.7964 0.2036 
          03  3 0.6151 0.3849 
          04  3 0.7922 0.2078 
          05  3 0.7720 0.2280 
          06  3 0.9090 0.0910 
          07  3 0.5973 0.4027 
          08  3 0.6800 0.3200 
          09  3 0.6665 0.3335 
          10  3 0.6234 0.3766 
          11  3 0.6929 0.3071 
          12  3 0.7070 0.2930 
          13  3 0.9623 0.0377 
          14  3 0.7750 0.2250 
          15  3 0.6379 0.3621 
          16  3 0.9165 0.0835 
          17  3 0.5622 0.4378 
          18  3 0.5534 0.4466 
          19  3 0.8264 0.1736 
          20  3 0.7526 0.2474 
          21  3 0.7419 0.2581 
          22  3 0.6791 0.3209 
          23  3 0.7496 0.2504 
          24  3 0.7528 0.2472 
          25  3 0.6558 0.3442 
          26  3 0.7538 0.2462 
          27  3 0.6293 0.3707 
          28  3 0.8928 0.1072 
          29  3 0.8030 0.1970 
          30  3 0.6687 0.3313 
         001  4 0.9163 0.0837 
         002  4 0.8618 0.1382 
         003  4 0.8740 0.1260 
         004  4 0.9759 0.0241 
         005  4 0.8852 0.1148 
         006  4 0.8822 0.1178 
         007  4 0.8303 0.1697 
         008  4 0.8279 0.1721 
         009  4 0.9171 0.0829 
         010  4 0.9988 0.0012 
         011  4 0.8394 0.1606 
         012  4 0.8601 0.1399 
         013  4 0.9487 0.0513 
         014  4 0.8725 0.1275 
         015  4 0.9982 0.0018 
         016  4 0.9491 0.0509 
         017  4 0.9036 0.0964 
         019  4 0.9048 0.0952 
         020  4 0.8440 0.1560 
         021  4 0.8883 0.1117 
         001  5 0.8465 0.1535 
         002  5 0.7928 0.2072 
         003  5 0.7046 0.2954 
         004  5 0.7759 0.2241 
         005  5 0.8669 0.1331 
         006  5 0.8911 0.1089 
         007  5 0.9136 0.0864 
         008  5 0.9203 0.0797 
         009  5 0.7778 0.2222 
         010  5 0.8558 0.1442 
         011  5 0.8503 0.1497 
         012  5 0.8310 0.1690 
         013  5 0.6827 0.3173 
         014  5 0.6750 0.3250 
         015  5 0.9269 0.0731 
         016  5 0.8784 0.1216 
         017  5 0.8117 0.1883 
         018  5 0.7710 0.2290 
         019  5 0.8503 0.1497 
         020  5 0.8663 0.1337 
         021  5 0.6819 0.3181 
         022  5 0.7673 0.2327 
         023  5 0.9283 0.0717 
         024  5 0.7755 0.2245 
         025  5 0.8138 0.1862 
         026  5 0.7139 0.2861 
         027  5 0.9001 0.0999 
         028  5 0.8194 0.1806 
         029  5 0.8761 0.1239 
         030  5 0.8267 0.1733 
        001s  6 0.0366 0.9634 
        002s  6 0.0316 0.9684 
        003s  6 0.0106 0.9894 
        004s  6 0.0012 0.9988 
        006s  6 0.0965 0.9035 
        007s  6 0.0030 0.9970 
        008s  6 0.0043 0.9957 
        009s  6 0.0011 0.9989 
        010s  6 0.0457 0.9543 
        011s  6 0.0044 0.9956 
        012s  6 0.0041 0.9959 
        013s  6 0.0028 0.9972 
        014s  6 0.0573 0.9427 
        015s  6 0.0419 0.9581 
        016s  6 0.0019 0.9981 
        018s  6 0.2396 0.7604 
        019s  6 0.0288 0.9712 
        020s  6 0.0012 0.9988 
        021s  6 0.0248 0.9752 
        022s  6 0.0015 0.9985 
        023s  6 0.0144 0.9856 
        024s  6 0.0393 0.9607 
        025s  6 0.0092 0.9908 
        026s  6 0.0015 0.9985 
        027s  6 0.0019 0.9981 
        028s  6 0.0622 0.9378 
        029s  6 0.0012 0.9988 
        030s  6 0.0673 0.9327 
        031s  6 0.0113 0.9887 
        032s  6 0.0201 0.9799 
        033s  6 0.0468 0.9532 
        034s  6 0.0082 0.9918 
        035s  6 0.1204 0.8796 
        036s  6 0.0080 0.9920 
        037s  6 0.0029 0.9971 
        038s  6 0.0020 0.9980 
        039s  6 0.0009 0.9991 
        040s  6 0.0021 0.9979 
        041s  6 0.0045 0.9955 
        042s  6 0.0192 0.9808 
        043s  6 0.0029 0.9971 
        044s  6 0.0020 0.9980 
        045s  6 0.0042 0.9958 
        001s  7 0.0029 0.9971 
        002s  7 0.0232 0.9768 
        003s  7 0.0072 0.9928 
        004s  7 0.0074 0.9926 
        005s  7 0.0305 0.9695 
        006s  7 0.0568 0.9432 
        007s  7 0.0307 0.9693 
        008s  7 0.0071 0.9929 
        009s  7 0.0112 0.9888 
        010s  7 0.0017 0.9983 
        011s  7 0.0015 0.9985 
        012s  7 0.0017 0.9983 
        013s  7 0.0034 0.9966 
        014s  7 0.0199 0.9801 
        015s  7 0.0227 0.9773 
        016s  7 0.0638 0.9362 
        017s  7 0.0031 0.9969 
        018s  7 0.0044 0.9956 
        019s  7 0.0079 0.9921 
        020s  7 0.0025 0.9975 
        021s  7 0.0032 0.9968 
        022s  7 0.0109 0.9891 
        023s  7 0.0226 0.9774 
        024s  7 0.0027 0.9973 
        025s  7 0.0081 0.9919 
        026s  7 0.0019 0.9981 
        027s  7 0.0046 0.9954 
        028s  7 0.0089 0.9911 
        029s  7 0.0114 0.9886 
        030s  7 0.0012 0.9988 
        031s  7 0.0085 0.9915 
        032s  7 0.0687 0.9313 
        033s  7 0.0341 0.9659 
        034s  7 0.0424 0.9576 
        035s  7 0.0010 0.9990 
        036s  7 0.0044 0.9956 
        037s  7 0.0819 0.9181 
        038s  7 0.0110 0.9890 
        039s  7 0.0010 0.9990 
        040s  7 0.0724 0.9276 
        041s  7 0.0163 0.9837 
        042s  7 0.0070 0.9930 
        043s  7 0.0014 0.9986 
        044s  7 0.0882 0.9118 
         003  8 0.0122 0.9878 
         009  8 0.0031 0.9969 
         010  8 0.0009 0.9991 
         017  8 0.0023 0.9977 
         002  9 0.0014 0.9986 
         003  9 0.0008 0.9992 
         004  9 0.0007 0.9993 
         005  9 0.0018 0.9982 
         006  9 0.0029 0.9971 
         007  9 0.0024 0.9976 
         009  9 0.0016 0.9984 
         010  9 0.0009 0.9991 
         013  9 0.0028 0.9972 
         014  9 0.0009 0.9991 
         016  9 0.0006 0.9994 
         018  9 0.0031 0.9969 
         019  9 0.0025 0.9975 
         020  9 0.0012 0.9988 
         021  9 0.0009 0.9991 
         022  9 0.0010 0.9990 
         024  9 0.0017 0.9983 
         028  9 0.0016 0.9984 
         029  9 0.0010 0.9990 
         030  9 0.0010 0.9990 
         031  9 0.0022 0.9978 
         033  9 0.0042 0.9958 
         001 10 0.0013 0.9987 
         002 10 0.0009 0.9991 
         003 10 0.0014 0.9986 
         004 10 0.0011 0.9989 
         005 10 0.0012 0.9988 
         006 10 0.0024 0.9976 
         007 10 0.0016 0.9984 
         008 10 0.0024 0.9976 
         009 10 0.0025 0.9975 
         010 10 0.0014 0.9986 
         011 10 0.0024 0.9976 
         012 10 0.0026 0.9974 
         013 10 0.0019 0.9981 
         014 10 0.0019 0.9981 
         016 10 0.0025 0.9975 
         017 10 0.0024 0.9976 
         018 10 0.0063 0.9937 
         019 10 0.0013 0.9987 
         020 10 0.0033 0.9967 
         021 10 0.0014 0.9986 
         022 10 0.0012 0.9988 
         023 10 0.0012 0.9988 
         024 10 0.0008 0.9992 
         026 10 0.0015 0.9985 
        001s 11 0.0737 0.9263 
        002s 11 0.0056 0.9944 
        003s 11 0.0057 0.9943 
        004s 11 0.0020 0.9980 
        005s 11 0.0033 0.9967 
        006s 11 0.0199 0.9801 
        007s 11 0.0694 0.9306 
        008s 11 0.0015 0.9985 
        009s 11 0.0010 0.9990 
        010s 11 0.0027 0.9973 
        011s 11 0.1201 0.8799 
        012s 11 0.0803 0.9197 
        013s 11 0.0027 0.9973 
        014s 11 0.0310 0.9690 
        015s 11 0.0092 0.9908 
        016s 11 0.0276 0.9724 
        017s 11 0.0708 0.9292 
        018s 11 0.0112 0.9888 
        019s 11 0.0031 0.9969 
        020s 11 0.0049 0.9951 
        021s 11 0.0018 0.9982 
        022s 11 0.0309 0.9691 
        023s 11 0.0194 0.9806 
        025s 11 0.0011 0.9989 
        026s 11 0.0245 0.9755 
        027s 11 0.0052 0.9948 
        028s 11 0.0097 0.9903 
        029s 11 0.0221 0.9779 
        030s 11 0.0440 0.9560 
        031s 11 0.0014 0.9986 
        032s 11 0.0017 0.9983 
        033s 11 0.0050 0.9950 
        034s 11 0.0058 0.9942 
        035s 11 0.0097 0.9903 
        036s 11 0.0272 0.9728 
        037s 11 0.0033 0.9967 
        038s 11 0.0046 0.9954 
        039s 11 0.0018 0.9982 
        040s 11 0.0827 0.9173 
        041s 11 0.0036 0.9964 
        042s 11 0.0031 0.9969 
        043s 11 0.0349 0.9651 
        044s 11 0.0035 0.9965 
        045s 11 0.0030 0.9970 
        046s 11 0.0390 0.9610 
        047s 11 0.0033 0.9967 
        048s 11 0.0233 0.9767 
        049s 11 0.0022 0.9978 
        050s 11 0.0020 0.9980 
        051s 11 0.0123 0.9877 
        052s 11 0.0129 0.9871 
        053s 11 0.0012 0.9988 
        054s 11 0.0098 0.9902 
        055s 11 0.0567 0.9433 
        001s 12 0.0135 0.9865 
        002s 12 0.0021 0.9979 
        003s 12 0.0016 0.9984 
        004s 12 0.0253 0.9747 
        005s 12 0.0014 0.9986 
        006s 12 0.0524 0.9476 
        007s 12 0.0047 0.9953 
        008s 12 0.0199 0.9801 
        009s 12 0.0340 0.9660 
        010s 12 0.0618 0.9382 
        011s 12 0.0073 0.9927 
        012s 12 0.0132 0.9868 
        013s 12 0.0025 0.9975 
        014s 12 0.0626 0.9374 
        015s 12 0.0068 0.9932 
        016s 12 0.0018 0.9982 
        017s 12 0.0074 0.9926 
        018s 12 0.0021 0.9979 
        019s 12 0.0042 0.9958 
        020s 12 0.0580 0.9420 
        021s 12 0.0044 0.9956 
        022s 12 0.0461 0.9539 
        023s 12 0.0013 0.9987 
        024s 12 0.0016 0.9984 
        025s 12 0.0160 0.9840 
        026s 12 0.0178 0.9822 
        027s 12 0.0069 0.9931 
        028s 12 0.0033 0.9967 
        029s 12 0.0019 0.9981 
        030s 12 0.0037 0.9963 
        031s 12 0.0082 0.9918 
        032s 12 0.0013 0.9987 
        033s 12 0.0138 0.9862 
        034s 12 0.0012 0.9988 
        035s 12 0.0177 0.9823 
        036s 12 0.0285 0.9715 
        037s 12 0.0017 0.9983 
        001s 13 0.0094 0.9906 
        002s 13 0.0722 0.9278 
        003s 13 0.0017 0.9983 
        004s 13 0.0017 0.9983 
        005s 13 0.0202 0.9798 
        006s 13 0.0040 0.9960 
        007s 13 0.0303 0.9697 
        008s 13 0.0585 0.9415 
        009s 13 0.1208 0.8792 
        010s 13 0.0581 0.9419 
        011s 13 0.0563 0.9437 
        012s 13 0.0698 0.9302 
        013s 13 0.0604 0.9396 
        014s 13 0.0306 0.9694 
        015s 13 0.0074 0.9926 
        016s 13 0.0011 0.9989 
        017s 13 0.0590 0.9410 
        018s 13 0.0014 0.9986 
        019s 13 0.0029 0.9971 
        020s 13 0.0129 0.9871 
        021s 13 0.0015 0.9985 
        022s 13 0.0032 0.9968 
        023s 13 0.0020 0.9980 
        024s 13 0.0512 0.9488 
        025s 13 0.0023 0.9977 
        026s 13 0.1106 0.8894 
        027s 13 0.0486 0.9514 
        028s 13 0.0512 0.9488 
        029s 13 0.0252 0.9748 
        030s 13 0.0574 0.9426 
        031s 13 0.0421 0.9579 
        032s 13 0.0033 0.9967 
        033s 13 0.0599 0.9401 
        034s 13 0.0620 0.9380 
        035s 13 0.0023 0.9977 
        036s 13 0.0038 0.9962 
        037s 13 0.0015 0.9985 
        038s 13 0.0063 0.9937 
        039s 13 0.1101 0.8899 
        040s 13 0.0038 0.9962 
        041s 13 0.0746 0.9254 
        042s 13 0.0021 0.9979 
        001s 14 0.0203 0.9797 
        002s 14 0.0722 0.9278 
        003s 14 0.0020 0.9980 
        004s 14 0.0393 0.9607 
        005s 14 0.0007 0.9993 
        006s 14 0.0014 0.9986 
        007s 14 0.0028 0.9972 
        008s 14 0.0937 0.9063 
        009s 14 0.0045 0.9955 
        010s 14 0.0241 0.9759 
        011s 14 0.0695 0.9305 
        012s 14 0.0041 0.9959 
        013s 14 0.0069 0.9931 
        014s 14 0.0216 0.9784 
        015s 14 0.0024 0.9976 
        016s 14 0.0016 0.9984 
        017s 14 0.0815 0.9185 
        018s 14 0.0021 0.9979 
        019s 14 0.0062 0.9938 
        020s 14 0.0015 0.9985 
        021s 14 0.0034 0.9966 
        022s 14 0.0234 0.9766 
        023s 14 0.0071 0.9929 
        024s 14 0.0576 0.9424 
        025s 14 0.0100 0.9900 
        026s 14 0.0012 0.9988 
        027s 14 0.0038 0.9962 
        028s 14 0.0042 0.9958 
        029s 14 0.0009 0.9991 
        030s 14 0.0108 0.9892 
        031s 14 0.0074 0.9926 
        032s 14 0.0035 0.9965 
        033s 14 0.0394 0.9606 
        034s 14 0.0010 0.9990 
        035s 14 0.1624 0.8376 
        036s 14 0.1181 0.8819 
        037s 14 0.0019 0.9981 
        038s 14 0.0023 0.9977 
        039s 14 0.0101 0.9899 
        040s 14 0.0094 0.9906 
        041s 14 0.0034 0.9966 
        042s 14 0.0432 0.9568 
        001s 15 0.0023 0.9977 
        002s 15 0.1020 0.8980 
        003s 15 0.0139 0.9861 
        004s 15 0.0015 0.9985 
        005s 15 0.0288 0.9712 
        006s 15 0.0198 0.9802 
        007s 15 0.0013 0.9987 
        008s 15 0.0014 0.9986 
        009s 15 0.0658 0.9342 
        010s 15 0.0021 0.9979 
        011s 15 0.0694 0.9306 
        012s 15 0.0136 0.9864 
        013s 15 0.0017 0.9983 
        014s 15 0.0062 0.9938 
        015s 15 0.0907 0.9093 
        016s 15 0.0947 0.9053 
        017s 15 0.0040 0.9960 
        018s 15 0.0016 0.9984 
        019s 15 0.0072 0.9928 
        020s 15 0.0022 0.9978 
        021s 15 0.0727 0.9273 
        022s 15 0.0045 0.9955 
        023s 15 0.0436 0.9564 
        024s 15 0.0062 0.9938 
        025s 15 0.0232 0.9768 
        026s 15 0.0047 0.9953 
        027s 15 0.0269 0.9731 
        028s 15 0.0026 0.9974 
        029s 15 0.0024 0.9976 
        030s 15 0.0013 0.9987 
        031s 15 0.0646 0.9354 
        032s 15 0.0011 0.9989 
        033s 15 0.0516 0.9484 
        035s 15 0.0134 0.9866 
        036s 15 0.0041 0.9959 
        037s 15 0.0099 0.9901 
        038s 15 0.0077 0.9923 
        039s 15 0.0418 0.9582 
        040s 15 0.0140 0.9860 
        041s 15 0.0888 0.9112 
        042s 15 0.0041 0.9959 
        043s 15 0.0180 0.9820 
        044s 15 0.0081 0.9919 
        045s 15 0.0713 0.9287 
        046s 15 0.0469 0.9531 
        047s 15 0.0390 0.9610 
        048s 15 0.0021 0.9979 
        049s 15 0.0256 0.9744 
        050s 15 0.1125 0.8875 
         001 16 0.1907 0.8093 
         002 16 0.0441 0.9559 
         003 16 0.0256 0.9744 
         004 16 0.0035 0.9965 
         005 16 0.0760 0.9240 
         006 16 0.0366 0.9634 
         007 16 0.0068 0.9932 
         008 16 0.1413 0.8587 
         009 16 0.0027 0.9973 
         010 16 0.0144 0.9856 
         011 16 0.0156 0.9844 
         012 16 0.0044 0.9956 
         013 16 0.0021 0.9979 
         014 16 0.0336 0.9664 
         015 16 0.0436 0.9564 
         016 16 0.0022 0.9978 
         017 16 0.0349 0.9651 
         018 16 0.0640 0.9360 
         019 16 0.0778 0.9222 
         020 16 0.0011 0.9989 
         021 16 0.1326 0.8674 
         022 16 0.0070 0.9930 
         023 16 0.0197 0.9803 
         024 16 0.0072 0.9928 
         025 16 0.0818 0.9182 
         026 16 0.1085 0.8915 
         027 16 0.0074 0.9926 
         028 16 0.1666 0.8334 
         029 16 0.0508 0.9492 
         030 16 0.0054 0.9946 
         031 16 0.0041 0.9959 
         032 16 0.0782 0.9218 
         033 16 0.0023 0.9977 
         034 16 0.0156 0.9844 
         035 16 0.0010 0.9990 
         036 16 0.0016 0.9984 
         037 16 0.0654 0.9346 
         038 16 0.0062 0.9938 
         039 16 0.0020 0.9980 
         040 16 0.0049 0.9951 
         041 16 0.0025 0.9975 
         042 16 0.0035 0.9965 
         043 16 0.0021 0.9979 
         044 16 0.0096 0.9904 
         045 16 0.0205 0.9795 
         047 16 0.0550 0.9450 
         048 16 0.0133 0.9867 
         049 16 0.0032 0.9968 
         050 16 0.0018 0.9982 
         051 16 0.0060 0.9940 
         052 16 0.0008 0.9992 
         053 16 0.0014 0.9986 
         054 16 0.0554 0.9446 
         055 16 0.0855 0.9145 
         056 16 0.0022 0.9978 
         057 16 0.0593 0.9407 
         058 16 0.1124 0.8876 
         059 16 0.1298 0.8702 
         060 16 0.0064 0.9936 
         061 16 0.0055 0.9945 
         062 16 0.0082 0.9918 
         063 16 0.0051 0.9949 
         064 16 0.0013 0.9987 
         065 16 0.0100 0.9900 
         066 16 0.0013 0.9987 
         067 16 0.0150 0.9850 
         068 16 0.0163 0.9837 
         069 16 0.0023 0.9977 
         070 16 0.0091 0.9909 
         071 16 0.0982 0.9018 
         072 16 0.0101 0.9899 
         073 16 0.0057 0.9943 
         074 16 0.0015 0.9985 
         075 16 0.0508 0.9492 
         076 16 0.0028 0.9972 
         077 16 0.0671 0.9329 
         078 16 0.0136 0.9864 
         079 16 0.0975 0.9025 
         080 16 0.0021 0.9979 
         081 16 0.0677 0.9323 
         082 16 0.0495 0.9505 
         083 16 0.0028 0.9972 
         084 16 0.0080 0.9920 
         085 16 0.0033 0.9967 
         086 16 0.1198 0.8802 
         087 16 0.0285 0.9715 
         088 16 0.0014 0.9986 
         089 16 0.0127 0.9873 
         090 16 0.0081 0.9919 
         091 16 0.0049 0.9951 
         092 16 0.0261 0.9739 
         093 16 0.0027 0.9973 
         094 16 0.0152 0.9848 
         095 16 0.0012 0.9988 
         096 16 0.0300 0.9700 
         097 16 0.1215 0.8785 
         098 16 0.0027 0.9973 
         099 16 0.0015 0.9985 
         100 16 0.0022 0.9978 
         101 16 0.0216 0.9784 
         102 16 0.0066 0.9934 
         103 16 0.0073 0.9927 
         104 16 0.0050 0.9950 
         105 16 0.1122 0.8878 
         106 16 0.0033 0.9967 
         107 16 0.0086 0.9914 
         108 16 0.1341 0.8659 
         109 16 0.0410 0.9590 
         110 16 0.0014 0.9986 
         111 16 0.0344 0.9656 
         112 16 0.0252 0.9748 
         113 16 0.0672 0.9328 
         114 16 0.0086 0.9914 
         115 16 0.0017 0.9983 
         116 16 0.0158 0.9842 
         117 16 0.0336 0.9664 
         118 16 0.0043 0.9957 
         119 16 0.0064 0.9936 
         120 16 0.0056 0.9944 
         121 16 0.0093 0.9907 
         122 16 0.0013 0.9987 
         123 16 0.0101 0.9899 
         124 16 0.0151 0.9849 
         126 16 0.1433 0.8567 
         001 17 0.0055 0.9945 
         002 17 0.0034 0.9966 
         003 17 0.0019 0.9981 
         005 17 0.0013 0.9987 
         006 17 0.0558 0.9442 
         007 17 0.1477 0.8523 
         008 17 0.1271 0.8729 
         009 17 0.0009 0.9991 
         010 17 0.0029 0.9971 
         011 17 0.1808 0.8192 
         012 17 0.0050 0.9950 
         013 17 0.0008 0.9992 
         014 17 0.0013 0.9987 
         015 17 0.0078 0.9922 
         016 17 0.0026 0.9974 
         017 17 0.0076 0.9924 
         018 17 0.0385 0.9615 
         019 17 0.0009 0.9991 
         020 17 0.0035 0.9965 
         021 17 0.0013 0.9987 
         022 17 0.0636 0.9364 
         023 17 0.0045 0.9955 
         024 17 0.0881 0.9119 
         025 17 0.0018 0.9982 
         002 18 0.0015 0.9985 
         003 18 0.0009 0.9991 
         004 18 0.0340 0.9660 
         005 18 0.0087 0.9913 
         006 18 0.0010 0.9990 
         007 18 0.0098 0.9902 
         008 18 0.0015 0.9985 
         009 18 0.0356 0.9644 
         010 18 0.0032 0.9968 
         011 18 0.0027 0.9973 
         012 18 0.0152 0.9848 
         015 18 0.0037 0.9963 
         016 18 0.0142 0.9858 
         018 18 0.0014 0.9986 
         026 18 0.0055 0.9945 
         027 18 0.0011 0.9989 
         028 18 0.0039 0.9961 
         029 18 0.0035 0.9965 
         031 18 0.1015 0.8985 
         032 18 0.0014 0.9986 
         033 18 0.0024 0.9976 
         035 18 0.0030 0.9970 
         036 18 0.0021 0.9979 
         037 18 0.0207 0.9793 
         038 18 0.0466 0.9534 
         039 18 0.0012 0.9988 
         044 18 0.1343 0.8657 
         046 18 0.0037 0.9963 
         049 18 0.0017 0.9983 
         053 18 0.0053 0.9947 
         054 18 0.0202 0.9798 
         056 18 0.0192 0.9808 
         057 18 0.0023 0.9977 
         058 18 0.0034 0.9966 
        001s 19 0.0642 0.9358 
        002s 19 0.0056 0.9944 
        003s 19 0.0091 0.9909 
        004s 19 0.0072 0.9928 
        005s 19 0.0717 0.9283 
        006s 19 0.0052 0.9948 
        007s 19 0.0424 0.9576 
        008s 19 0.0584 0.9416 
        009s 19 0.0048 0.9952 
        010s 19 0.0171 0.9829 
        011s 19 0.0035 0.9965 
        012s 19 0.0097 0.9903 
        013s 19 0.0287 0.9713 
        014s 19 0.0827 0.9173 
        015s 19 0.0049 0.9951 
        016s 19 0.0082 0.9918 
        017s 19 0.0441 0.9559 
        018s 19 0.0061 0.9939 
        019s 19 0.0946 0.9054 
        020s 19 0.0825 0.9175 
        021s 19 0.0134 0.9866 
        022s 19 0.0225 0.9775 
        023s 19 0.0058 0.9942 
        024s 19 0.0012 0.9988 
        025s 19 0.0972 0.9028 
        026s 19 0.0247 0.9753 
        027s 19 0.0062 0.9938 
        028s 19 0.0143 0.9857 
        029s 19 0.0013 0.9987 
        030s 19 0.0089 0.9911 
        031s 19 0.0094 0.9906 
        032s 19 0.0033 0.9967 
        033s 19 0.0015 0.9985 
        034s 19 0.0029 0.9971 
        035s 19 0.0286 0.9714 
        036s 19 0.0022 0.9978 
        037s 19 0.0013 0.9987 
        038s 19 0.0069 0.9931 
        039s 19 0.0020 0.9980 
        040s 19 0.0155 0.9845 
        041s 19 0.0012 0.9988 
        042s 19 0.0094 0.9906 
        043s 19 0.0519 0.9481 
        044s 19 0.0012 0.9988 
        045s 19 0.0012 0.9988 
        046s 19 0.0085 0.9915 
        047s 19 0.0098 0.9902 
        048s 19 0.1019 0.8981 
        049s 19 0.0412 0.9588 
        050s 19 0.0016 0.9984 
        051s 19 0.0761 0.9239 
        052s 19 0.0031 0.9969 
      LIW2-4 20 0.0046 0.9954 
     LIW2-12 21 0.0037 0.9963 
     LIW2-20 22 0.0038 0.9962 
     LIW2-28 23 0.0666 0.9334 
      LIW1-5 24 0.0029 0.9971 
     LIW1-13 25 0.0836 0.9164 
     LIW1-21 26 0.0092 0.9908 
     LIW1-29 27 0.0440 0.9560 
      LIW2-5 28 0.0025 0.9975 
     LIW2-34 29 0.0012 0.9988 
     LIW2-21 30 0.0987 0.9013 
     LIW2-29 31 0.1840 0.8160 
      LIW1-6 32 0.0019 0.9981 
     LIW1-14 33 0.0611 0.9389 
     LIW1-22 34 0.0023 0.9977 
     LIW1-30 35 0.0027 0.9973 
      LIW2-6 36 0.0282 0.9718 
     LIW2-14 37 0.0036 0.9964 
     LIW2-22 38 0.0740 0.9260 
     LIW2-30 39 0.0020 0.9980 
      LIW1-7 40 0.0454 0.9546 
     LIW1-15 41 0.0015 0.9985 
     LIW1-23 42 0.0133 0.9867 
     LIW1-31 43 0.0093 0.9907 
      LIW2-7 44 0.0870 0.9130 
     LIW2-15 45 0.0025 0.9975 
     LIW2-23 46 0.0119 0.9881 
      LIW1-8 47 0.0020 0.9980 
     LIW1-16 48 0.0021 0.9979 
      LIW2-8 49 0.0016 0.9984 
     LIW2-16 50 0.3222 0.6778 
     LIW2-24 51 0.1933 0.8067 
     LIW2-32 52 0.0322 0.9678 
     LIW1-47 53 0.0236 0.9764 
      UMFS-1 54 0.0713 0.9287 
     UMFS-19 55 0.1454 0.8546 
     UMFS-31 56 0.0019 0.9981 
      UMFS-2 57 0.0031 0.9969 
     UMFS-10 58 0.0343 0.9657 
     UMFS-20 59 0.0751 0.9249 
     UMFS-32 60 0.0967 0.9033 
      UMFS-3 61 0.1160 0.8840 
     UMFS-11 62 0.4119 0.5881 
     UMFS-21 63 0.1040 0.8960 
     UMFS-33 64 0.0601 0.9399 
      UMFS-4 65 0.0548 0.9452 
     UMFS-22 66 0.0544 0.9456 
     UMFS-34 67 0.0880 0.9120 
      UMFS-5 68 0.0440 0.9560 
     UMFS-13 69 0.0933 0.9067 
     UMFS-23 70 0.0638 0.9362 
     UMFS-35 71 0.0721 0.9279 
      UMFS-6 72 0.0648 0.9352 
     UMFS-14 73 0.0498 0.9502 
     UMFS-24 74 0.0600 0.9400 
     UMFS-36 75 0.1008 0.8992 
      UMFS-7 76 0.5796 0.4204 
     UMFS-15 77 0.1049 0.8951 
     UMFS-25 78 0.1103 0.8897 
     UMFS-37 79 0.1018 0.8982 
      UMFS-8 80 0.0699 0.9301 
     UMFS-16 81 0.1021 0.8979 
     UMFS-26 82 0.0993 0.9007 
     UMFS-38 83 0.0349 0.9651 
      NEH1-2 84 0.2017 0.7983 
     NEH1-11 85 0.1779 0.8221 
     NEH1-20 86 0.1278 0.8722 
     NEH1-29 87 0.1070 0.8930 
      NEH2-2 88 0.1289 0.8711 
     NEH2-10 89 0.0726 0.9274 
     NEH2-18 90 0.2313 0.7687 
     NEH2-26 91 0.1346 0.8654 
      NEH1-3 92 0.0814 0.9186 
     NEH1-12 93 0.2528 0.7472 
     NEH1-21 94 0.1222 0.8778 
     NEH1-30 95 0.1599 0.8401 
      NEH2-3 96 0.1242 0.8758 
     NEH2-11 97 0.1912 0.8088 
     NEH2-19 98 0.1135 0.8865 
     NEH2-27 99 0.1613 0.8387 
      NEH1-4 100 0.2425 0.7575 
     NEH1-13 101 0.1111 0.8889 
     NEH1-22 102 0.1154 0.8846 
     NEH1-31 103 0.1169 0.8831 
      NEH2-4 104 0.1268 0.8732 
     NEH2-12 105 0.2151 0.7849 
     NEH2-20 106 0.0354 0.9646 
     NEH2-28 107 0.1448 0.8552 
      NEH1-5 108 0.1587 0.8413 
     NEH1-14 109 0.1851 0.8149 
     NEH1-23 110 0.0834 0.9166 
     NEH1-32 111 0.1699 0.8301 
      NEH2-5 112 0.1172 0.8828 
     NEH2-13 113 0.1690 0.8310 
     NEH2-22 114 0.1502 0.8498 
     NEH2-29 115 0.1187 0.8813 
      NEH1-6 116 0.1607 0.8393 
     NEH1-15 117 0.2130 0.7870 
     NEH1-24 118 0.2083 0.7917 
     NEH1-33 119 0.0843 0.9157 
      NEH2-6 120 0.0724 0.9276 
     NEH2-14 121 0.1533 0.8467 
     NEH2-21 122 0.0729 0.9271 
     NEH2-30 123 0.1340 0.8660 
      NEH1-7 124 0.2009 0.7991 
     NEH1-16 125 0.1418 0.8582 
     NEH1-25 126 0.1025 0.8975 
     NEH1-34 127 0.1373 0.8627 
      NEH2-7 128 0.1393 0.8607 
     NEH2-15 129 0.1619 0.8381 
     NEH2-23 130 0.2352 0.7648 
     NEH2-31 131 0.1296 0.8704 
      NEH1-8 132 0.1701 0.8299 
     NEH1-17 133 0.2811 0.7189 
     NEH1-26 134 0.1037 0.8963 
     NEH1-35 135 0.1198 0.8802 
      NEH2-8 136 0.0932 0.9068 
     NEH2-16 137 0.1074 0.8926 
     NEH2-24 138 0.1277 0.8723 
     NEH2-32 139 0.2604 0.7396 
      NEH1-1 140 0.2392 0.7608 
     NEH1-10 141 0.1707 0.8293 
     NEH1-19 142 0.1400 0.8600 
     NEH1-28 143 0.2123 0.7877 
      NEH2-1 144 0.1686 0.8314 
      NEH2-9 145 0.1127 0.8873 
     NEH2-17 146 0.1856 0.8144 
     NEH2-25 147 0.2112 0.7888 
      LIW1-1 148 0.1189 0.8811 
      LIW1-9 149 0.1664 0.8336 
     LIW1-17 150 0.0020 0.9980 
     LIW1-25 151 0.0013 0.9987 
      LIW2-9 152 0.0687 0.9313 
     LIW2-17 153 0.0044 0.9956 
     LIW2-25 154 0.0028 0.9972 
      LIW1-2 155 0.0026 0.9974 
     LIW1-10 156 0.0127 0.9873 
     LIW1-18 157 0.0086 0.9914 
     LIW1-26 158 0.0029 0.9971 
      LIW2-2 159 0.0013 0.9987 
     LIW2-10 160 0.0042 0.9958 
     LIW2-18 161 0.0630 0.9370 
     LIW2-26 162 0.0035 0.9965 
      LIW1-3 163 0.0184 0.9816 
     LIW1-11 164 0.0235 0.9765 
     LIW1-19 165 0.0708 0.9292 
     LIW1-27 166 0.0129 0.9871 
      LIW2-3 167 0.0255 0.9745 
     LIW2-11 168 0.0013 0.9987 
     LIW2-19 169 0.0054 0.9946 
     LIW2-27 170 0.0013 0.9987 
      LIW1-4 171 0.0024 0.9976 
     LIW1-12 172 0.0408 0.9592 
     LIW1-20 173 0.0072 0.9928 
     LIW1-28 174 0.0083 0.9917 
        001s 175 0.0075 0.9925 
        002s 175 0.0733 0.9267 
        003s 175 0.0016 0.9984 
        004s 175 0.0445 0.9555 
        005s 175 0.0046 0.9954 
        006s 175 0.1602 0.8398 
        007s 175 0.0016 0.9984 
        008s 175 0.0063 0.9937 
        009s 175 0.1155 0.8845 
        010s 175 0.0032 0.9968 
        011s 175 0.0077 0.9923 
        012s 175 0.0017 0.9983 
        013s 175 0.0074 0.9926 
        014s 175 0.0822 0.9178 
        015s 175 0.0043 0.9957 
        016s 175 0.0221 0.9779 
        017s 175 0.0228 0.9772 
        018s 175 0.0113 0.9887 
        019s 175 0.0036 0.9964 
        020s 175 0.0042 0.9958 
        021s 175 0.0029 0.9971 
        022s 175 0.0242 0.9758 
        023s 175 0.0148 0.9852 
        024s 175 0.0446 0.9554 
        025s 175 0.0569 0.9431 
        026s 175 0.0088 0.9912 
        027s 175 0.0061 0.9939 
        028s 175 0.0042 0.9958 
        029s 175 0.0021 0.9979 
        030s 175 0.0983 0.9017 
        031s 175 0.0046 0.9954 
        032s 175 0.0048 0.9952 
        033s 175 0.0337 0.9663 
        034s 175 0.0093 0.9907 
        035s 175 0.0146 0.9854 
        036s 175 0.0023 0.9977 
        037s 175 0.0034 0.9966 
        038s 175 0.0213 0.9787 
        039s 175 0.0050 0.9950 
        040s 175 0.0027 0.9973 
        041s 175 0.0079 0.9921 
        042s 175 0.0059 0.9941 
        043s 175 0.0101 0.9899 
        044s 175 0.0025 0.9975 
        045s 175 0.0722 0.9278 
        046s 175 0.0044 0.9956 
        047s 175 0.0020 0.9980 
        048s 175 0.0124 0.9876 
        049s 175 0.0354 0.9646 
        050s 175 0.0779 0.9221 
        001s 176 0.0880 0.9120 
        002s 176 0.0300 0.9700 
        003s 176 0.0039 0.9961 
        004s 176 0.0050 0.9950 
        005s 176 0.0020 0.9980 
        006s 176 0.0029 0.9971 
        007s 176 0.0773 0.9227 
        008s 176 0.0016 0.9984 
        009s 176 0.0022 0.9978 
        010s 176 0.0024 0.9976 
        011s 176 0.0017 0.9983 
        012s 176 0.0692 0.9308 
        013s 176 0.0317 0.9683 
        014s 176 0.0082 0.9918 
        015s 176 0.0025 0.9975 
        016s 176 0.0020 0.9980 
        017s 176 0.0009 0.9991 
        018s 176 0.0018 0.9982 
        019s 176 0.0611 0.9389 
        020s 176 0.0040 0.9960 
        021s 176 0.0100 0.9900 
        022s 176 0.0036 0.9964 
        023s 176 0.0025 0.9975 
        024s 176 0.0565 0.9435 
        025s 176 0.0208 0.9792 
        026s 176 0.0199 0.9801 
        027s 176 0.0012 0.9988 
        028s 176 0.0043 0.9957 
        029s 176 0.0034 0.9966 
        030s 176 0.0606 0.9394 
        031s 176 0.0172 0.9828 
        032s 176 0.0404 0.9596 
        033s 176 0.1307 0.8693 
        034s 176 0.0031 0.9969 
        035s 176 0.0300 0.9700 
        036s 176 0.0032 0.9968 
        037s 176 0.0738 0.9262 
        038s 176 0.0022 0.9978 
        039s 176 0.0018 0.9982 
        040s 176 0.0012 0.9988 
        041s 176 0.0031 0.9969 
        042s 176 0.0016 0.9984 
        043s 176 0.0362 0.9638 
        044s 176 0.0057 0.9943 
        045s 176 0.0242 0.9758 
        046s 176 0.0034 0.9966 
        047s 176 0.0020 0.9980 
        048s 176 0.0163 0.9837 
        050s 176 0.0038 0.9962 
        001s 177 0.0606 0.9394 
        002s 177 0.0015 0.9985 
        003s 177 0.0619 0.9381 
        004s 177 0.0028 0.9972 
        005s 177 0.0044 0.9956 
        006s 177 0.0068 0.9932 
        007s 177 0.0118 0.9882 
        008s 177 0.1503 0.8497 
        009s 177 0.0012 0.9988 
        010s 177 0.0382 0.9618 
        011s 177 0.0030 0.9970 
        012s 177 0.0059 0.9941 
        013s 177 0.0029 0.9971 
        014s 177 0.0448 0.9552 
        015s 177 0.0083 0.9917 
        016s 177 0.0010 0.9990 
        017s 177 0.0503 0.9497 
        018s 177 0.0184 0.9816 
        019s 177 0.0026 0.9974 
        020s 177 0.0068 0.9932 
        021s 177 0.0015 0.9985 
        022s 177 0.0155 0.9845 
        023s 177 0.0262 0.9738 
        024s 177 0.0021 0.9979 
        025s 177 0.0082 0.9918 
        026s 177 0.0022 0.9978 
        027s 177 0.0013 0.9987 
        028s 177 0.0014 0.9986 
        029s 177 0.0936 0.9064 
        030s 177 0.0187 0.9813 
        031s 177 0.0034 0.9966 
        032s 177 0.0390 0.9610 
        033s 177 0.0016 0.9984 
        034s 177 0.0043 0.9957 
        035s 177 0.0010 0.9990 
        036s 177 0.0303 0.9697 
        037s 177 0.0461 0.9539 
        038s 177 0.0202 0.9798 
        039s 177 0.0036 0.9964 
        040s 177 0.0424 0.9576 
        041s 177 0.1095 0.8905 
        042s 177 0.0426 0.9574 
        043s 177 0.0010 0.9990 
        044s 177 0.0025 0.9975 
        045s 177 0.0253 0.9747 
        046s 177 0.0023 0.9977 
        047s 177 0.0058 0.9942 
        048s 177 0.0154 0.9846 
        049s 177 0.0613 0.9387 
        050s 177 0.0015 0.9985 
        001s 178 0.0427 0.9573 
        002s 178 0.0107 0.9893 
        003s 178 0.0102 0.9898 
        004s 178 0.0082 0.9918 
        005s 178 0.0044 0.9956 
        006s 178 0.0749 0.9251 
        007s 178 0.0025 0.9975 
        008s 178 0.0871 0.9129 
        009s 178 0.0094 0.9906 
        010s 178 0.0016 0.9984 
        011s 178 0.0033 0.9967 
        012s 178 0.0061 0.9939 
        013s 178 0.0010 0.9990 
        014s 178 0.0459 0.9541 
        015s 178 0.0115 0.9885 
        016s 178 0.0248 0.9752 
        017s 178 0.0435 0.9565 
        018s 178 0.0044 0.9956 
        019s 178 0.0047 0.9953 
        020s 178 0.0014 0.9986 
        021s 178 0.0450 0.9550 
        022s 178 0.0045 0.9955 
        023s 178 0.1112 0.8888 
        024s 178 0.0019 0.9981 
        025s 178 0.0387 0.9613 
        026s 178 0.0015 0.9985 
        027s 178 0.0516 0.9484 
        028s 178 0.0544 0.9456 
        029s 178 0.0074 0.9926 
        030s 178 0.0216 0.9784 
        031s 178 0.0010 0.9990 
        032s 178 0.0017 0.9983 
        033s 178 0.0518 0.9482 
        034s 178 0.0012 0.9988 
        035s 178 0.0033 0.9967 
        036s 178 0.0011 0.9989 
        037s 178 0.0012 0.9988 
        039s 178 0.0334 0.9666 
        040s 178 0.0783 0.9217 
        041s 178 0.0018 0.9982 
        042s 178 0.0515 0.9485 
        043s 178 0.0544 0.9456 
        044s 178 0.1202 0.8798 
        045s 178 0.0032 0.9968 
        046s 178 0.0032 0.9968 
        047s 178 0.0354 0.9646 
        048s 178 0.0403 0.9597 
        049s 178 0.0119 0.9881 
        050s 178 0.1004 0.8996 
          01 179 0.0864 0.9136 
          02 179 0.0034 0.9966 
          03 179 0.1414 0.8586 
          04 179 0.0070 0.9930 
          05 179 0.0657 0.9343 
          06 179 0.0027 0.9973 
          07 179 0.0082 0.9918 
          08 179 0.0020 0.9980 
          09 179 0.0014 0.9986 
          10 179 0.0201 0.9799 
          11 179 0.0892 0.9108 
          12 179 0.0025 0.9975 
          13 179 0.0019 0.9981 
          14 179 0.0870 0.9130 
          15 179 0.0264 0.9736 
          16 179 0.0267 0.9733 
          17 179 0.0052 0.9948 
          18 179 0.0021 0.9979 
          19 179 0.0414 0.9586 
          20 179 0.0713 0.9287 
          21 179 0.0007 0.9993 
          22 179 0.0272 0.9728 
          23 179 0.0050 0.9950 
        001s 180 0.0522 0.9478 
        002s 180 0.0044 0.9956 
        003s 180 0.0029 0.9971 
        004s 180 0.0021 0.9979 
        005s 180 0.0206 0.9794 
        006s 180 0.0921 0.9079 
        007s 180 0.0021 0.9979 
        008s 180 0.0076 0.9924 
        009s 180 0.0025 0.9975 
        010s 180 0.0020 0.9980 
        011s 180 0.0041 0.9959 
        012s 180 0.0173 0.9827 
        013s 180 0.0043 0.9957 
        014s 180 0.0154 0.9846 
        015s 180 0.0033 0.9967 
        016s 180 0.0306 0.9694 
        017s 180 0.0037 0.9963 
        018s 180 0.0723 0.9277 
        019s 180 0.0040 0.9960 
        020s 180 0.0076 0.9924 
        021s 180 0.0063 0.9937 
        022s 180 0.0164 0.9836 
        023s 180 0.0014 0.9986 
        024s 180 0.0088 0.9912 
        025s 180 0.0168 0.9832 
        026s 180 0.0064 0.9936 
        027s 180 0.0113 0.9887 
        028s 180 0.0076 0.9924 
        029s 180 0.0442 0.9558 
        030s 180 0.0041 0.9959 
        031s 180 0.0017 0.9983 
        032s 180 0.0072 0.9928 
        033s 180 0.0055 0.9945 
        034s 180 0.0103 0.9897 
        035s 180 0.0219 0.9781 
        036s 180 0.0016 0.9984 
        037s 180 0.0044 0.9956 
        038s 180 0.0056 0.9944 
        039s 180 0.0056 0.9944 
        041s 180 0.0028 0.9972 
        042s 180 0.0052 0.9948 
        043s 180 0.0117 0.9883 
        044s 180 0.0021 0.9979 
        045s 180 0.0107 0.9893 
        046s 180 0.0233 0.9767 
        047s 180 0.0206 0.9794 
        048s 180 0.0035 0.9965 
        049s 180 0.0023 0.9977 
        050s 180 0.0020 0.9980 
         001 181 0.9995 0.0005 
         002 181 0.9997 0.0003 
         003 181 0.9996 0.0004 
         004 181 0.9850 0.0150 
         005 181 0.9960 0.0040 
         006 181 0.9997 0.0003 
         007 181 0.9996 0.0004 
         008 181 0.9995 0.0005 
         009 181 0.9998 0.0002 
         010 181 0.9979 0.0021 
         011 181 0.9997 0.0003 
         012 181 0.9993 0.0007 
         013 181 0.9984 0.0016 
         014 181 0.9995 0.0005 
         015 181 0.9997 0.0003 
         016 181 0.9993 0.0007 
         017 181 0.9997 0.0003 
         018 181 0.9992 0.0008 
         019 181 0.9961 0.0039 
         020 181 0.9996 0.0004 
         021 181 0.9996 0.0004 
         022 181 0.9998 0.0002 
         023 181 0.9997 0.0003 
         024 181 0.9933 0.0067 
         025 181 0.9996 0.0004 
         026 181 0.9997 0.0003 
         027 181 0.9998 0.0002 
         028 181 0.9998 0.0002 
         029 181 0.9996 0.0004 
         030 181 0.9995 0.0005 
         001 182 0.9997 0.0003 
         002 182 0.9991 0.0009 
         003 182 0.9833 0.0167 
         004 182 0.9995 0.0005 
         005 182 0.9969 0.0031 
         006 182 0.8804 0.1196 
         007 182 0.9920 0.0080 
         008 182 0.9984 0.0016 
         009 182 0.9994 0.0006 
         010 182 0.8943 0.1057 
         011 182 0.9992 0.0008 
         012 182 0.9238 0.0762 
         013 182 0.9954 0.0046 
         014 182 0.8949 0.1051 
         015 182 0.9997 0.0003 
         016 182 0.9994 0.0006 
         017 182 0.9311 0.0689 
         018 182 0.9993 0.0007 
         019 182 0.9995 0.0005 
         020 182 0.9998 0.0002 
         021 182 0.9284 0.0716 
         022 182 0.9994 0.0006 
         023 182 0.9994 0.0006 
         024 182 0.9993 0.0007 
         025 182 0.9994 0.0006 
         026 182 0.9997 0.0003 
         027 182 0.9981 0.0019 
         028 182 0.9989 0.0011 
         029 182 0.9974 0.0026 
         030 182 0.9997 0.0003 
          10 183 0.0011 0.9989 
          11 183 0.0014 0.9986 
          12 183 0.0014 0.9986 
          13 183 0.0581 0.9419 
          14 183 0.0010 0.9990 
          15 183 0.0289 0.9711 
          16 183 0.0749 0.9251 
          17 183 0.0023 0.9977 
          18 183 0.0015 0.9985 
          19 183 0.0009 0.9991 
          20 183 0.0334 0.9666 
          21 183 0.0039 0.9961 
          22 183 0.0184 0.9816 
          23 183 0.0160 0.9840 
          24 183 0.0010 0.9990 
          25 183 0.0048 0.9952 
          26 183 0.0126 0.9874 
          27 183 0.0324 0.9676 
          28 183 0.0063 0.9937 
          29 183 0.6924 0.3076 
          30 183 0.8305 0.1695 
          31 183 0.0023 0.9977 
          32 183 0.0008 0.9992 
          33 183 0.0076 0.9924 
          34 183 0.0013 0.9987 
          35 183 0.0262 0.9738 
          36 183 0.0014 0.9986 
          37 183 0.7865 0.2135 
          54 183 0.0694 0.9306 
          55 183 0.1201 0.8799 
           6 183 0.0143 0.9857 
           7 183 0.1187 0.8813 
           8 183 0.0547 0.9453 
           9 183 0.0106 0.9894 
           4 184 0.0072 0.9928 
           9 184 0.0026 0.9974 
          12 184 0.0231 0.9769 
          14 184 0.0036 0.9964 
          15 184 0.0014 0.9986 
          16 184 0.0031 0.9969 
          17 184 0.0082 0.9918 
          18 184 0.0962 0.9038 
          22 184 0.0017 0.9983 
          25 184 0.0124 0.9876 
          26 184 0.0034 0.9966 
          27 184 0.0025 0.9975 
          28 184 0.0016 0.9984 
          29 184 0.0007 0.9993 
          31 184 0.0067 0.9933 
          32 184 0.0126 0.9874 
          33 184 0.0028 0.9972 
          34 184 0.0013 0.9987 
          36 184 0.3772 0.6228 
          37 184 0.0090 0.9910 
          39 184 0.0344 0.9656 
          40 184 0.0098 0.9902 
          41 184 0.0133 0.9867 
          42 184 0.0045 0.9955 
          43 184 0.0020 0.9980 
          44 184 0.0818 0.9182 
          45 184 0.0011 0.9989 
          46 184 0.0042 0.9958 
          47 184 0.0008 0.9992 
          48 184 0.0017 0.9983 
          52 184 0.0869 0.9131 
          54 184 0.0022 0.9978 
          57 184 0.0030 0.9970 
          58 184 0.0044 0.9956 
          59 184 0.0751 0.9249 
          60 184 0.0022 0.9978 
           3 185 0.0443 0.9557 
           4 185 0.0033 0.9967 
           5 185 0.0038 0.9962 
           6 185 0.0023 0.9977 
           7 185 0.0931 0.9069 
           8 185 0.0820 0.9180 
           9 185 0.0056 0.9944 
          10 185 0.0042 0.9958 
          11 185 0.0707 0.9293 
          12 185 0.1072 0.8928 
          13 185 0.0020 0.9980 
          14 185 0.0033 0.9967 
          15 185 0.0584 0.9416 
          16 185 0.0044 0.9956 
          17 185 0.0098 0.9902 
          18 185 0.0013 0.9987 
          19 185 0.0011 0.9989 
          20 185 0.1360 0.8640 
          21 185 0.0125 0.9875 
          22 185 0.0169 0.9831 
          23 185 0.0400 0.9600 
          24 185 0.0017 0.9983 
          25 185 0.0826 0.9174 
          26 185 0.0054 0.9946 
          27 185 0.0015 0.9985 
          28 185 0.0023 0.9977 
          29 185 0.1431 0.8569 
          30 185 0.0165 0.9835 
          31 185 0.0168 0.9832 
          32 185 0.0104 0.9896 
          33 185 0.0283 0.9717 
          34 185 0.0017 0.9983 
          35 185 0.0046 0.9954 
          36 185 0.0036 0.9964 
          37 185 0.0389 0.9611 
          38 185 0.1068 0.8932 
          39 185 0.0619 0.9381 
          40 185 0.0025 0.9975 
          41 185 0.0016 0.9984 
          42 185 0.0021 0.9979 
           5 186 0.0021 0.9979 
           6 186 0.0031 0.9969 
           7 186 0.0065 0.9935 
           9 186 0.0890 0.9110 
          10 186 0.0618 0.9382 
          11 186 0.0080 0.9920 
          12 186 0.0037 0.9963 
          29 186 0.0056 0.9944 
          30 186 0.0010 0.9990 
          31 186 0.1111 0.8889 
          32 186 0.0697 0.9303 
          33 186 0.0013 0.9987 
          34 186 0.0399 0.9601 
          35 186 0.0008 0.9992 
          36 186 0.0036 0.9964 
          37 186 0.0463 0.9537 
          38 186 0.0421 0.9579 
          39 186 0.0020 0.9980 
          40 186 0.0019 0.9981 
          41 186 0.0113 0.9887 
          42 186 0.0021 0.9979 
          43 186 0.0214 0.9786 
          44 186 0.0011 0.9989 
          45 186 0.0015 0.9985 
          46 186 0.0017 0.9983 
          47 186 0.0093 0.9907 
          48 186 0.0020 0.9980 
          49 186 0.0010 0.9990 
          50 186 0.0315 0.9685 
          51 186 0.0013 0.9987 
          52 186 0.0030 0.9970 
          53 186 0.0018 0.9982 
          54 186 0.0020 0.9980 
          55 186 0.0051 0.9949 
          56 186 0.0042 0.9958 
          57 186 0.0225 0.9775 
          58 186 0.0026 0.9974 
          59 186 0.0117 0.9883 
          60 186 0.0010 0.9990 
           1 187 0.0385 0.9615 
           2 187 0.0100 0.9900 
           3 187 0.0345 0.9655 
           4 187 0.1271 0.8729 
           5 187 0.0015 0.9985 
           6 187 0.0078 0.9922 
           7 187 0.1514 0.8486 
           8 187 0.0040 0.9960 
           9 187 0.0008 0.9992 
          10 187 0.0492 0.9508 
          11 187 0.0025 0.9975 
          12 187 0.0022 0.9978 
          13 187 0.0145 0.9855 
          14 187 0.0028 0.9972 
          15 187 0.0095 0.9905 
          16 187 0.0298 0.9702 
          17 187 0.0799 0.9201 
          18 187 0.0036 0.9964 
          19 187 0.0015 0.9985 
          20 187 0.0025 0.9975 
          21 187 0.1028 0.8972 
          22 187 0.0046 0.9954 
          23 187 0.0011 0.9989 
          24 187 0.1026 0.8974 
          25 187 0.0039 0.9961 
          26 187 0.0011 0.9989 
          27 187 0.0010 0.9990 
          28 187 0.0107 0.9893 
          29 187 0.0132 0.9868 
          30 187 0.0052 0.9948 
          32 187 0.0958 0.9042 
          33 187 0.0349 0.9651 
          34 187 0.0027 0.9973 
          35 187 0.0221 0.9779 
          36 187 0.0018 0.9982 
          37 187 0.0108 0.9892 
          38 187 0.1272 0.8728 
           1 188 0.0137 0.9863 
           2 188 0.0375 0.9625 
           3 188 0.0575 0.9425 
           4 188 0.0704 0.9296 
           5 188 0.0061 0.9939 
           6 188 0.0011 0.9989 
           7 188 0.0013 0.9987 
           8 188 0.0587 0.9413 
           9 188 0.0028 0.9972 
          10 188 0.0112 0.9888 
          11 188 0.0011 0.9989 
          12 188 0.0042 0.9958 
          13 188 0.1142 0.8858 
          14 188 0.0933 0.9067 
          15 188 0.0017 0.9983 
          16 188 0.0363 0.9637 
          17 188 0.0051 0.9949 
          18 188 0.0074 0.9926 
          19 188 0.0038 0.9962 
          20 188 0.1222 0.8778 
          21 188 0.0102 0.9898 
          22 188 0.0062 0.9938 
          23 188 0.0157 0.9843 
          24 188 0.0008 0.9992 
          25 188 0.0029 0.9971 
          26 188 0.0879 0.9121 
          27 188 0.0644 0.9356 
          28 188 0.0037 0.9963 
          29 188 0.0579 0.9421 
          30 188 0.1047 0.8953 
          31 188 0.0103 0.9897 
          32 188 0.0018 0.9982 
          33 188 0.0023 0.9977 
          34 188 0.0017 0.9983 
          35 188 0.0391 0.9609 
          36 188 0.1147 0.8853 
          37 188 0.0030 0.9970 
          38 188 0.0939 0.9061 
          39 188 0.0444 0.9556 
          40 188 0.0033 0.9967 
           7 189 0.0090 0.9910 
           8 189 0.0064 0.9936 
           9 189 0.0092 0.9908 
          10 189 0.0123 0.9877 
          11 189 0.0043 0.9957 
          12 189 0.0778 0.9222 
          13 189 0.0014 0.9986 
          14 189 0.0536 0.9464 
          16 189 0.1512 0.8488 
          17 189 0.0014 0.9986 
          18 189 0.0583 0.9417 
          19 189 0.0045 0.9955 
          20 189 0.0737 0.9263 
          21 189 0.0242 0.9758 
          23 189 0.0018 0.9982 
          24 189 0.0536 0.9464 
          25 189 0.0135 0.9865 
          26 189 0.0400 0.9600 
          27 189 0.0039 0.9961 
          28 189 0.0007 0.9993 
          29 189 0.0066 0.9934 
          30 189 0.0060 0.9940 
          31 189 0.0013 0.9987 
          32 189 0.0833 0.9167 
          33 189 0.0028 0.9972 
          34 189 0.0009 0.9991 
          35 189 0.0015 0.9985 
          36 189 0.0550 0.9450 
          37 189 0.0015 0.9985 
          38 189 0.0100 0.9900 
          39 189 0.0209 0.9791 
          40 189 0.1463 0.8537 
          41 189 0.0334 0.9666 
          42 189 0.1809 0.8191 
          43 189 0.0037 0.9963 
           1 190 0.1224 0.8776 
           3 190 0.0025 0.9975 
           4 190 0.0027 0.9973 
           5 190 0.0266 0.9734 
           6 190 0.0016 0.9984 
           7 190 0.0028 0.9972 
           8 190 0.0330 0.9670 
           9 190 0.3708 0.6292 
          10 190 0.0032 0.9968 
          11 190 0.0466 0.9534 
          12 190 0.0020 0.9980 
          13 190 0.0033 0.9967 
          14 190 0.0045 0.9955 
          15 190 0.0139 0.9861 
          16 190 0.0128 0.9872 
          17 190 0.0097 0.9903 
          18 190 0.0377 0.9623 
          19 190 0.0024 0.9976 
          20 190 0.0015 0.9985 
          22 190 0.1289 0.8711 
          23 190 0.0152 0.9848 
          24 190 0.0626 0.9374 
          25 190 0.0111 0.9889 
          26 190 0.0012 0.9988 
          27 190 0.0033 0.9967 
          28 190 0.0106 0.9894 
          29 190 0.0295 0.9705 
          31 190 0.0640 0.9360 
           7 191 0.0016 0.9984 
           8 191 0.0071 0.9929 
           9 191 0.0014 0.9986 
          10 191 0.0024 0.9976 
          11 191 0.0089 0.9911 
          12 191 0.0349 0.9651 
          13 191 0.0067 0.9933 
          14 191 0.0171 0.9829 
          15 191 0.0681 0.9319 
          16 191 0.0042 0.9958 
          17 191 0.0942 0.9058 
          18 191 0.0035 0.9965 
          19 191 0.0437 0.9563 
          20 191 0.0348 0.9652 
          21 191 0.0430 0.9570 
          22 191 0.0052 0.9948 
          23 191 0.0048 0.9952 
          24 191 0.0038 0.9962 
          25 191 0.0382 0.9618 
          26 191 0.1110 0.8890 
          27 191 0.0031 0.9969 
          28 191 0.0032 0.9968 
          29 191 0.0039 0.9961 
          30 191 0.0014 0.9986 
          39 191 0.0049 0.9951 
          40 191 0.0032 0.9968 
          41 191 0.0628 0.9372 
          42 191 0.0010 0.9990 
          43 191 0.0218 0.9782 
          44 191 0.0254 0.9746 
          45 191 0.0025 0.9975 
          46 191 0.1306 0.8694 
          47 191 0.0162 0.9838 
          48 191 0.0019 0.9981 
          49 191 0.0141 0.9859 
          50 191 0.0036 0.9964 
           9 192 0.0012 0.9988 
          10 192 0.0060 0.9940 
          11 192 0.0054 0.9946 
          12 192 0.0053 0.9947 
          13 192 0.0975 0.9025 
          14 192 0.0239 0.9761 
          15 192 0.0015 0.9985 
          16 192 0.0081 0.9919 
          17 192 0.0527 0.9473 
          18 192 0.0070 0.9930 
          19 192 0.0114 0.9886 
          20 192 0.0143 0.9857 
          21 192 0.0011 0.9989 
          22 192 0.0391 0.9609 
          23 192 0.0898 0.9102 
          24 192 0.0052 0.9948 
          33 192 0.0586 0.9414 
          35 192 0.0024 0.9976 
          36 192 0.0015 0.9985 
          37 192 0.0022 0.9978 
          38 192 0.0566 0.9434 
          39 192 0.0052 0.9948 
          40 192 0.0835 0.9165 
          41 192 0.0721 0.9279 
          42 192 0.0595 0.9405 
          43 192 0.0022 0.9978 
          45 192 0.0017 0.9983 
          46 192 0.0064 0.9936 
          47 192 0.0032 0.9968 
          48 192 0.0022 0.9978 
          49 192 0.0666 0.9334 
          50 192 0.0019 0.9981 
