        001s  1 0.0496 0.0013 0.0003 0.9484 0.0003 
        002s  1 0.1063 0.0005 0.0006 0.8904 0.0023 
        003s  1 0.1303 0.0147 0.0015 0.8527 0.0008 
        004s  1 0.0800 0.0004 0.0054 0.8832 0.0311 
        005s  1 0.2711 0.0003 0.0008 0.4914 0.2364 
        006s  1 0.0007 0.0004 0.0004 0.9977 0.0008 
        007s  1 0.0128 0.0007 0.0034 0.9826 0.0005 
        008s  1 0.0828 0.0007 0.0008 0.9143 0.0013 
        009s  1 0.0997 0.0020 0.0052 0.8806 0.0125 
        010s  1 0.0072 0.0005 0.0004 0.9898 0.0021 
        011s  1 0.0032 0.0041 0.0020 0.9887 0.0020 
        012s  1 0.1523 0.0048 0.0007 0.8213 0.0209 
        013s  1 0.0071 0.0013 0.0081 0.9563 0.0272 
        014s  1 0.0244 0.0196 0.0078 0.9450 0.0032 
        015s  1 0.0009 0.0007 0.0005 0.9975 0.0004 
        016s  1 0.0199 0.0009 0.0068 0.9719 0.0006 
        018s  1 0.1714 0.0012 0.0011 0.8087 0.0176 
        019s  1 0.0408 0.0062 0.0008 0.9512 0.0009 
        020s  1 0.0023 0.0077 0.0073 0.9823 0.0003 
        021s  1 0.0017 0.0008 0.0052 0.9847 0.0076 
        022s  1 0.1183 0.0004 0.0006 0.8804 0.0003 
        023s  1 0.0142 0.0008 0.0107 0.9739 0.0004 
        024s  1 0.0018 0.0005 0.0007 0.9962 0.0008 
        025s  1 0.0110 0.0005 0.0013 0.9848 0.0025 
        026s  1 0.0043 0.0044 0.0103 0.9802 0.0009 
        027s  1 0.0049 0.0006 0.0018 0.9833 0.0093 
        028s  1 0.0492 0.0017 0.0004 0.8863 0.0624 
        029s  1 0.0042 0.0052 0.0006 0.9893 0.0006 
        030s  1 0.0016 0.0083 0.0007 0.9863 0.0032 
        031s  1 0.0057 0.0003 0.0011 0.9926 0.0002 
        032s  1 0.0019 0.0009 0.0009 0.9957 0.0006 
        033s  1 0.0057 0.0007 0.0008 0.9912 0.0016 
        034s  1 0.0719 0.0027 0.0521 0.8723 0.0010 
        035s  1 0.0015 0.0020 0.0007 0.9941 0.0017 
        036s  1 0.1655 0.0003 0.0005 0.8267 0.0070 
        037s  1 0.1353 0.0011 0.0469 0.7938 0.0229 
        038s  1 0.0041 0.0004 0.0009 0.9938 0.0008 
        039s  1 0.0048 0.0010 0.0004 0.9748 0.0189 
        040s  1 0.0211 0.0005 0.0033 0.9730 0.0021 
        041s  1 0.0044 0.0009 0.0030 0.9911 0.0005 
        042s  1 0.1109 0.0011 0.0808 0.7999 0.0073 
        043s  1 0.1251 0.0012 0.0004 0.8715 0.0018 
        044s  1 0.1047 0.0029 0.0080 0.8593 0.0252 
        045s  1 0.0046 0.0011 0.0007 0.9921 0.0015 
        046s  1 0.0074 0.0022 0.0005 0.9894 0.0005 
        047s  1 0.0027 0.0010 0.0049 0.9911 0.0003 
        048s  1 0.1448 0.0005 0.0006 0.8535 0.0006 
        049s  1 0.1224 0.0007 0.0004 0.8757 0.0008 
        050s  1 0.0967 0.0004 0.0005 0.8893 0.0131 
        051s  1 0.0063 0.0290 0.0010 0.9632 0.0005 
        052s  1 0.0138 0.0202 0.0012 0.9559 0.0088 
        053s  1 0.0023 0.0004 0.0006 0.9963 0.0006 
        054s  1 0.0006 0.0024 0.0011 0.9934 0.0025 
        055s  1 0.0872 0.0025 0.0765 0.8224 0.0114 
          01  2 0.1126 0.0319 0.0012 0.8385 0.0157 
          02  2 0.0132 0.0012 0.0007 0.9794 0.0054 
          03  2 0.0024 0.0004 0.0011 0.9951 0.0009 
          04  2 0.0024 0.0014 0.0128 0.9622 0.0212 
          05  2 0.2304 0.0002 0.0003 0.7603 0.0087 
          06  2 0.0255 0.0004 0.0005 0.9662 0.0073 
          07  2 0.0417 0.0010 0.0006 0.9539 0.0027 
          08  2 0.1806 0.0006 0.0006 0.8152 0.0030 
          09  2 0.0170 0.0105 0.0003 0.9719 0.0003 
          10  2 0.0033 0.0007 0.0007 0.9948 0.0006 
          11  2 0.0335 0.0097 0.0023 0.9535 0.0010 
          12  2 0.0055 0.0018 0.0004 0.9916 0.0007 
          13  2 0.0134 0.0006 0.0005 0.9850 0.0004 
          14  2 0.0292 0.0043 0.0281 0.9345 0.0039 
          15  2 0.0431 0.0017 0.0011 0.9536 0.0006 
          16  2 0.0008 0.0056 0.0038 0.9336 0.0562 
          17  2 0.0181 0.0009 0.0010 0.9786 0.0014 
          18  2 0.0152 0.0019 0.0010 0.9752 0.0067 
          19  2 0.0028 0.0020 0.0043 0.9905 0.0004 
          20  2 0.0495 0.0019 0.0052 0.9293 0.0142 
          21  2 0.0029 0.0125 0.0008 0.9834 0.0004 
          22  2 0.0019 0.0053 0.0065 0.9824 0.0039 
          23  2 0.0015 0.0008 0.0017 0.9939 0.0021 
          24  2 0.0014 0.0009 0.0007 0.9966 0.0005 
          25  2 0.0229 0.0020 0.0007 0.9479 0.0264 
          26  2 0.1313 0.0005 0.0002 0.8675 0.0005 
          27  2 0.0081 0.0010 0.0047 0.9618 0.0244 
          28  2 0.0191 0.0009 0.0041 0.9756 0.0003 
          29  2 0.0016 0.0007 0.0003 0.9967 0.0007 
          30  2 0.1750 0.0081 0.0841 0.7173 0.0155 
          01  3 0.3654 0.0005 0.0069 0.3490 0.2782 
          02  3 0.2839 0.0738 0.0051 0.1282 0.5090 
          03  3 0.2718 0.0007 0.0009 0.3726 0.3540 
          04  3 0.3989 0.0013 0.0012 0.1845 0.4141 
          05  3 0.3087 0.1156 0.1225 0.0007 0.4525 
          06  3 0.3594 0.0002 0.0006 0.0825 0.5573 
          07  3 0.3287 0.0009 0.0003 0.3747 0.2954 
          08  3 0.3169 0.0024 0.0062 0.3018 0.3727 
          09  3 0.3724 0.0002 0.0024 0.3056 0.3193 
          10  3 0.1726 0.2205 0.1325 0.0247 0.4497 
          11  3 0.3588 0.0004 0.0002 0.2840 0.3566 
          12  3 0.3769 0.0004 0.0003 0.2574 0.3651 
          13  3 0.3917 0.0202 0.0003 0.0019 0.5859 
          14  3 0.2870 0.0460 0.1590 0.0019 0.5060 
          15  3 0.3279 0.0004 0.0011 0.3467 0.3240 
          16  3 0.2587 0.0037 0.0055 0.0796 0.6524 
          17  3 0.3642 0.0006 0.0007 0.4067 0.2278 
          18  3 0.1787 0.1658 0.2824 0.0067 0.3664 
          19  3 0.3124 0.0007 0.0043 0.1659 0.5167 
          20  3 0.3879 0.0002 0.0525 0.1875 0.3718 
          21  3 0.3143 0.0011 0.0035 0.2522 0.4289 
          22  3 0.4642 0.0004 0.0021 0.2460 0.2872 
          23  3 0.3530 0.0002 0.0009 0.2326 0.4133 
          24  3 0.4277 0.1680 0.0014 0.0568 0.3461 
          25  3 0.2655 0.2511 0.1314 0.0006 0.3513 
          26  3 0.3782 0.0004 0.0007 0.2244 0.3963 
          27  3 0.2234 0.1353 0.1805 0.0500 0.4108 
          28  3 0.3858 0.0025 0.0002 0.0846 0.5269 
          29  3 0.3356 0.0032 0.0089 0.1788 0.4735 
          30  3 0.4341 0.0015 0.0004 0.2585 0.3056 
         001  4 0.8976 0.0001 0.0042 0.0001 0.0980 
         002  4 0.9035 0.0003 0.0007 0.0002 0.0954 
         003  4 0.9024 0.0004 0.0016 0.0001 0.0956 
         004  4 0.8916 0.0002 0.0016 0.0001 0.1066 
         005  4 0.8980 0.0014 0.0048 0.0002 0.0956 
         006  4 0.8320 0.0002 0.0011 0.0019 0.1648 
         007  4 0.8587 0.0002 0.0026 0.0020 0.1365 
         008  4 0.8960 0.0019 0.0102 0.0007 0.0912 
         009  4 0.8947 0.0009 0.0034 0.0001 0.1008 
         010  4 0.8773 0.0001 0.0001 0.0001 0.1224 
         011  4 0.8526 0.0003 0.0406 0.0007 0.1058 
         012  4 0.9009 0.0001 0.0051 0.0001 0.0938 
         013  4 0.8918 0.0001 0.0001 0.0002 0.1078 
         014  4 0.8998 0.0001 0.0031 0.0002 0.0968 
         015  4 0.8848 0.0001 0.0002 0.0001 0.1148 
         016  4 0.8909 0.0015 0.0018 0.0001 0.1058 
         017  4 0.8973 0.0001 0.0001 0.0002 0.1022 
         019  4 0.8100 0.0016 0.0087 0.0019 0.1779 
         020  4 0.9088 0.0003 0.0011 0.0002 0.0896 
         021  4 0.8761 0.0040 0.0083 0.0029 0.1086 
         001  5 0.8561 0.0026 0.0354 0.0052 0.1006 
         002  5 0.8724 0.0016 0.0083 0.0293 0.0885 
         003  5 0.6763 0.0002 0.0100 0.1658 0.1476 
         004  5 0.8527 0.0001 0.0084 0.0494 0.0894 
         005  5 0.8780 0.0003 0.0074 0.0114 0.1029 
         006  5 0.7987 0.0005 0.0004 0.0059 0.1945 
         007  5 0.8050 0.0012 0.0044 0.0048 0.1845 
         008  5 0.8766 0.0012 0.0007 0.0070 0.1145 
         009  5 0.8151 0.0003 0.0069 0.0826 0.0952 
         010  5 0.8281 0.0005 0.0086 0.0023 0.1605 
         011  5 0.8844 0.0003 0.0143 0.0009 0.1001 
         012  5 0.7853 0.0007 0.0093 0.0390 0.1657 
         013  5 0.6860 0.0005 0.0019 0.1875 0.1242 
         014  5 0.6445 0.0115 0.0223 0.1600 0.1616 
         015  5 0.8661 0.0003 0.0029 0.0002 0.1305 
         016  5 0.8347 0.0008 0.0008 0.0081 0.1555 
         017  5 0.7859 0.0078 0.0003 0.0347 0.1713 
         018  5 0.7761 0.0306 0.0321 0.0383 0.1229 
         019  5 0.8762 0.0080 0.0050 0.0118 0.0989 
         020  5 0.8971 0.0002 0.0046 0.0004 0.0977 
         021  5 0.7738 0.0005 0.0101 0.1365 0.0792 
         022  5 0.8254 0.0022 0.0486 0.0321 0.0917 
         023  5 0.8516 0.0028 0.0079 0.0015 0.1362 
         024  5 0.8013 0.0003 0.0014 0.0475 0.1495 
         025  5 0.8129 0.0007 0.0015 0.0285 0.1564 
         026  5 0.7526 0.0004 0.0008 0.1503 0.0959 
         027  5 0.8912 0.0007 0.0014 0.0033 0.1034 
         028  5 0.8097 0.0005 0.0166 0.0333 0.1400 
         029  5 0.8839 0.0003 0.0002 0.0102 0.1055 
         030  5 0.8852 0.0077 0.0075 0.0040 0.0956 
        001s  6 0.0319 0.0006 0.0152 0.9278 0.0245 
        002s  6 0.0425 0.0194 0.0007 0.9350 0.0023 
        003s  6 0.0518 0.0003 0.0023 0.9451 0.0005 
        004s  6 0.0024 0.0005 0.0006 0.9962 0.0003 
        006s  6 0.0507 0.0013 0.0120 0.9099 0.0261 
        007s  6 0.0007 0.0010 0.0005 0.9959 0.0020 
        008s  6 0.0057 0.0027 0.0060 0.9847 0.0009 
        009s  6 0.0013 0.0010 0.0008 0.9964 0.0006 
        010s  6 0.0090 0.0105 0.0137 0.9552 0.0116 
        011s  6 0.0010 0.0002 0.0013 0.9950 0.0024 
        012s  6 0.0012 0.0026 0.0017 0.9906 0.0039 
        013s  6 0.0026 0.0005 0.0005 0.9956 0.0007 
        014s  6 0.1279 0.0002 0.0004 0.8667 0.0049 
        015s  6 0.0063 0.0010 0.0057 0.9778 0.0092 
        016s  6 0.0064 0.0006 0.0010 0.9911 0.0008 
        018s  6 0.2336 0.0003 0.0022 0.7318 0.0321 
        019s  6 0.0247 0.0010 0.0032 0.9677 0.0034 
        020s  6 0.0076 0.0007 0.0006 0.9906 0.0005 
        021s  6 0.0019 0.0014 0.0041 0.9787 0.0139 
        022s  6 0.0087 0.0004 0.0036 0.9869 0.0004 
        023s  6 0.1021 0.0003 0.0010 0.8956 0.0010 
        024s  6 0.0505 0.0009 0.0007 0.9429 0.0050 
        025s  6 0.0064 0.0007 0.0730 0.9191 0.0007 
        026s  6 0.0034 0.0019 0.0004 0.9937 0.0007 
        027s  6 0.0065 0.0015 0.0005 0.9912 0.0003 
        028s  6 0.0131 0.0453 0.0082 0.9204 0.0131 
        029s  6 0.0006 0.0014 0.0011 0.9966 0.0003 
        030s  6 0.0610 0.0018 0.0125 0.9174 0.0073 
        031s  6 0.0913 0.0004 0.0004 0.9051 0.0028 
        032s  6 0.0070 0.0004 0.0009 0.9885 0.0033 
        033s  6 0.0829 0.0007 0.0005 0.9109 0.0049 
        034s  6 0.0047 0.0004 0.0131 0.9802 0.0015 
        035s  6 0.2491 0.0011 0.0003 0.7393 0.0102 
        036s  6 0.0016 0.0003 0.0012 0.9914 0.0056 
        037s  6 0.0015 0.0024 0.0019 0.9935 0.0007 
        038s  6 0.0137 0.0011 0.0006 0.9834 0.0013 
        039s  6 0.0010 0.0007 0.0006 0.9974 0.0004 
        040s  6 0.0124 0.0004 0.0003 0.9843 0.0025 
        041s  6 0.1584 0.0031 0.0030 0.8352 0.0002 
        042s  6 0.0149 0.0052 0.0514 0.9271 0.0014 
        043s  6 0.0015 0.0002 0.0062 0.9911 0.0009 
        044s  6 0.0284 0.0023 0.0008 0.9681 0.0004 
        045s  6 0.0094 0.0007 0.0023 0.9872 0.0004 
        001s  7 0.1090 0.0003 0.0008 0.8893 0.0005 
        002s  7 0.0833 0.0012 0.0013 0.9118 0.0025 
        003s  7 0.1281 0.0011 0.0009 0.8685 0.0014 
        004s  7 0.0046 0.0012 0.0005 0.9904 0.0033 
        005s  7 0.0107 0.0007 0.0019 0.9826 0.0041 
        006s  7 0.0496 0.0006 0.0081 0.9355 0.0062 
        007s  7 0.0050 0.0198 0.0019 0.9650 0.0083 
        008s  7 0.1492 0.0028 0.0010 0.8467 0.0004 
        009s  7 0.0104 0.0007 0.0124 0.9742 0.0024 
        010s  7 0.1302 0.0008 0.0012 0.8676 0.0002 
        011s  7 0.0030 0.0009 0.0007 0.9949 0.0005 
        012s  7 0.0016 0.0004 0.0005 0.9968 0.0006 
        013s  7 0.0009 0.0006 0.0043 0.9890 0.0053 
        014s  7 0.1183 0.0005 0.0003 0.8789 0.0020 
        015s  7 0.0141 0.0013 0.0010 0.9809 0.0027 
        016s  7 0.2324 0.0003 0.0022 0.7646 0.0005 
        017s  7 0.0083 0.0004 0.0005 0.9901 0.0007 
        018s  7 0.0027 0.0039 0.0006 0.9922 0.0006 
        019s  7 0.0043 0.0031 0.0126 0.9786 0.0014 
        020s  7 0.0027 0.0004 0.0005 0.9952 0.0012 
        021s  7 0.0033 0.0014 0.0009 0.9938 0.0006 
        022s  7 0.0019 0.0003 0.0008 0.9942 0.0029 
        023s  7 0.0219 0.0014 0.0198 0.9558 0.0011 
        024s  7 0.0035 0.0019 0.0007 0.9933 0.0005 
        025s  7 0.0008 0.0011 0.0011 0.9928 0.0043 
        026s  7 0.1295 0.0011 0.0008 0.8683 0.0003 
        027s  7 0.0645 0.0010 0.0004 0.9335 0.0006 
        028s  7 0.0047 0.0002 0.0005 0.9932 0.0014 
        029s  7 0.0214 0.0010 0.0028 0.9736 0.0013 
        030s  7 0.0279 0.0051 0.0048 0.9615 0.0008 
        031s  7 0.0066 0.0004 0.0106 0.9809 0.0015 
        032s  7 0.0867 0.0041 0.0003 0.9009 0.0080 
        033s  7 0.0304 0.0033 0.0020 0.9611 0.0031 
        034s  7 0.0013 0.0020 0.0005 0.9547 0.0414 
        035s  7 0.0010 0.0006 0.0012 0.9969 0.0004 
        036s  7 0.0197 0.0006 0.0090 0.9690 0.0017 
        037s  7 0.0562 0.0006 0.0025 0.9257 0.0151 
        038s  7 0.0104 0.0008 0.0022 0.9854 0.0013 
        039s  7 0.0269 0.0003 0.0003 0.9722 0.0003 
        040s  7 0.1398 0.0005 0.0006 0.8322 0.0269 
        041s  7 0.0759 0.0016 0.0018 0.9194 0.0012 
        042s  7 0.1318 0.0003 0.0003 0.8669 0.0006 
        043s  7 0.0047 0.0004 0.0027 0.9918 0.0003 
        044s  7 0.0453 0.0021 0.0313 0.8999 0.0215 
         003  8 0.0041 0.0148 0.0006 0.9788 0.0016 
         009  8 0.0018 0.0005 0.0012 0.9957 0.0007 
         010  8 0.0015 0.0003 0.0022 0.9956 0.0003 
         017  8 0.0007 0.0010 0.0034 0.9943 0.0007 
         002  9 0.0020 0.0007 0.0011 0.9955 0.0007 
         003  9 0.0008 0.0003 0.0005 0.9981 0.0003 
         004  9 0.0016 0.0004 0.0012 0.9966 0.0002 
         005  9 0.0015 0.0009 0.0044 0.9925 0.0007 
         006  9 0.0011 0.0007 0.0018 0.9958 0.0006 
         007  9 0.0042 0.0011 0.0010 0.9933 0.0005 
         009  9 0.0037 0.0012 0.0016 0.9932 0.0003 
         010  9 0.0011 0.0017 0.0013 0.9955 0.0004 
         013  9 0.0088 0.0004 0.0014 0.9887 0.0007 
         014  9 0.0019 0.0057 0.0019 0.9903 0.0002 
         016  9 0.0007 0.0012 0.0006 0.9973 0.0002 
         018  9 0.0014 0.0057 0.0014 0.9906 0.0009 
         019  9 0.0011 0.0059 0.0006 0.9917 0.0007 
         020  9 0.0005 0.0005 0.0003 0.9984 0.0003 
         021  9 0.0008 0.0002 0.0008 0.9980 0.0002 
         022  9 0.0019 0.0013 0.0005 0.9960 0.0003 
         024  9 0.0016 0.0030 0.0035 0.9915 0.0004 
         028  9 0.0009 0.0005 0.0013 0.9965 0.0006 
         029  9 0.0009 0.0010 0.0006 0.9972 0.0003 
         030  9 0.0007 0.0010 0.0011 0.9968 0.0003 
         031  9 0.0045 0.0009 0.0004 0.9936 0.0005 
         033  9 0.0074 0.0007 0.0009 0.9906 0.0005 
         001 10 0.0019 0.0008 0.0002 0.9966 0.0005 
         002 10 0.0011 0.0014 0.0006 0.9967 0.0002 
         003 10 0.0003 0.0004 0.0139 0.9846 0.0008 
         004 10 0.0114 0.0006 0.0032 0.9844 0.0003 
         005 10 0.0006 0.0019 0.0012 0.9961 0.0003 
         006 10 0.0013 0.0006 0.0006 0.9970 0.0005 
         007 10 0.0028 0.0004 0.0023 0.9942 0.0004 
         008 10 0.0007 0.0007 0.0042 0.9938 0.0005 
         009 10 0.0015 0.0048 0.0005 0.9922 0.0010 
         010 10 0.0023 0.0027 0.0008 0.9939 0.0003 
         011 10 0.0025 0.0004 0.0355 0.9605 0.0012 
         012 10 0.0017 0.0005 0.0030 0.9940 0.0008 
         013 10 0.0006 0.0007 0.0006 0.9965 0.0017 
         014 10 0.0273 0.0006 0.0010 0.9703 0.0008 
         016 10 0.0034 0.0012 0.0007 0.9937 0.0010 
         017 10 0.0008 0.0010 0.0009 0.9965 0.0008 
         018 10 0.0053 0.0023 0.0005 0.9911 0.0007 
         019 10 0.0006 0.0044 0.0012 0.9934 0.0004 
         020 10 0.0047 0.0070 0.0015 0.9861 0.0008 
         021 10 0.0101 0.0026 0.0003 0.9867 0.0004 
         022 10 0.0117 0.0003 0.0007 0.9867 0.0006 
         023 10 0.0004 0.0003 0.0008 0.9980 0.0006 
         024 10 0.0013 0.0017 0.0021 0.9946 0.0002 
         026 10 0.0006 0.0006 0.0005 0.9978 0.0005 
        001s 11 0.1524 0.0011 0.0109 0.8309 0.0047 
        002s 11 0.0027 0.0039 0.0013 0.9875 0.0046 
        003s 11 0.0100 0.0011 0.0005 0.9876 0.0008 
        004s 11 0.0044 0.0002 0.0013 0.9925 0.0016 
        005s 11 0.0171 0.0062 0.0004 0.9757 0.0005 
        006s 11 0.0047 0.0016 0.0021 0.9806 0.0110 
        007s 11 0.0237 0.0016 0.0006 0.9329 0.0412 
        008s 11 0.0014 0.0006 0.0005 0.9971 0.0003 
        009s 11 0.0003 0.0170 0.0004 0.9819 0.0004 
        010s 11 0.0131 0.0005 0.0007 0.9852 0.0004 
        011s 11 0.2110 0.0003 0.0125 0.7614 0.0149 
        012s 11 0.1096 0.0007 0.0004 0.8811 0.0082 
        013s 11 0.0359 0.0003 0.0011 0.9624 0.0003 
        014s 11 0.1172 0.0014 0.0008 0.8743 0.0064 
        015s 11 0.0159 0.0014 0.0056 0.9756 0.0015 
        016s 11 0.0929 0.0052 0.0587 0.8428 0.0004 
        017s 11 0.0869 0.0004 0.0012 0.9037 0.0078 
        018s 11 0.1220 0.0014 0.0007 0.8745 0.0013 
        019s 11 0.0014 0.0003 0.0219 0.9758 0.0006 
        020s 11 0.0837 0.0019 0.0013 0.9123 0.0008 
        021s 11 0.0018 0.0005 0.0010 0.9961 0.0006 
        022s 11 0.0042 0.0006 0.0004 0.9639 0.0309 
        023s 11 0.1643 0.0004 0.0131 0.8216 0.0005 
        025s 11 0.0014 0.0002 0.0009 0.9972 0.0003 
        026s 11 0.0256 0.0005 0.0512 0.9214 0.0013 
        027s 11 0.0035 0.0004 0.0005 0.9930 0.0026 
        028s 11 0.0061 0.0003 0.0012 0.9912 0.0013 
        029s 11 0.0433 0.0015 0.0003 0.9523 0.0026 
        030s 11 0.0428 0.0010 0.0006 0.9504 0.0052 
        031s 11 0.0008 0.0007 0.0003 0.9975 0.0008 
        032s 11 0.0175 0.0005 0.0023 0.9795 0.0003 
        033s 11 0.0180 0.0012 0.0007 0.9795 0.0006 
        034s 11 0.1097 0.0003 0.0004 0.8882 0.0014 
        035s 11 0.0881 0.0015 0.0003 0.9087 0.0014 
        036s 11 0.0148 0.0013 0.0003 0.9793 0.0043 
        037s 11 0.1267 0.0012 0.0017 0.8700 0.0004 
        038s 11 0.0473 0.0007 0.0005 0.9508 0.0006 
        039s 11 0.0036 0.0005 0.0007 0.9948 0.0004 
        040s 11 0.0672 0.0007 0.0004 0.9167 0.0150 
        041s 11 0.0030 0.0189 0.0021 0.9746 0.0013 
        042s 11 0.0619 0.0010 0.0084 0.9280 0.0007 
        043s 11 0.0303 0.0004 0.0186 0.9478 0.0028 
        044s 11 0.0080 0.0008 0.0036 0.9833 0.0043 
        045s 11 0.0018 0.0003 0.0103 0.9856 0.0019 
        046s 11 0.1312 0.0006 0.0306 0.8358 0.0018 
        047s 11 0.0010 0.0004 0.0011 0.9961 0.0014 
        048s 11 0.0032 0.0017 0.0334 0.9584 0.0033 
        049s 11 0.0019 0.0009 0.0014 0.9953 0.0004 
        050s 11 0.0016 0.0003 0.0011 0.9958 0.0012 
        051s 11 0.0009 0.0004 0.0489 0.9339 0.0159 
        052s 11 0.1036 0.0011 0.0021 0.8902 0.0030 
        053s 11 0.0013 0.0013 0.0009 0.9963 0.0003 
        054s 11 0.0023 0.0004 0.0007 0.9907 0.0059 
        055s 11 0.1680 0.0005 0.0004 0.8262 0.0050 
        001s 12 0.0029 0.0013 0.0008 0.9907 0.0044 
        002s 12 0.0012 0.0025 0.0008 0.9949 0.0006 
        003s 12 0.0022 0.0006 0.0003 0.9965 0.0004 
        004s 12 0.0678 0.0017 0.0078 0.9216 0.0012 
        005s 12 0.0696 0.0010 0.0005 0.9283 0.0005 
        006s 12 0.0435 0.0007 0.0014 0.9474 0.0070 
        007s 12 0.0019 0.0031 0.0014 0.9922 0.0013 
        008s 12 0.0089 0.0007 0.0005 0.9867 0.0033 
        009s 12 0.0159 0.0196 0.0046 0.9574 0.0025 
        010s 12 0.0128 0.0008 0.0003 0.9486 0.0374 
        011s 12 0.0038 0.0010 0.0008 0.9921 0.0023 
        012s 12 0.0016 0.0004 0.0035 0.9886 0.0058 
        013s 12 0.0010 0.0005 0.0333 0.9647 0.0004 
        014s 12 0.0744 0.0023 0.0398 0.8533 0.0301 
        015s 12 0.0045 0.0014 0.0009 0.9924 0.0009 
        016s 12 0.0007 0.0006 0.0050 0.9932 0.0005 
        017s 12 0.0118 0.0005 0.0011 0.9854 0.0012 
        018s 12 0.0067 0.0026 0.0015 0.9888 0.0004 
        019s 12 0.0098 0.0028 0.0004 0.9864 0.0005 
        020s 12 0.0758 0.0003 0.0006 0.9175 0.0058 
        021s 12 0.0042 0.0003 0.0022 0.9924 0.0009 
        022s 12 0.0497 0.0034 0.0043 0.9373 0.0052 
        023s 12 0.0013 0.0007 0.0010 0.9968 0.0003 
        024s 12 0.0463 0.0004 0.0006 0.9523 0.0003 
        025s 12 0.0038 0.0053 0.0010 0.9870 0.0029 
        026s 12 0.0431 0.0155 0.0009 0.9394 0.0011 
        027s 12 0.0034 0.0004 0.0004 0.9944 0.0014 
        028s 12 0.1274 0.0109 0.0033 0.8580 0.0005 
        029s 12 0.0389 0.0003 0.0008 0.9596 0.0004 
        030s 12 0.0020 0.0004 0.0005 0.9959 0.0012 
        031s 12 0.0042 0.0011 0.0027 0.9906 0.0014 
        032s 12 0.1007 0.0076 0.0008 0.8905 0.0004 
        033s 12 0.0041 0.0004 0.0003 0.9896 0.0056 
        034s 12 0.1128 0.0008 0.0004 0.8857 0.0004 
        035s 12 0.0332 0.0005 0.0004 0.9641 0.0018 
        036s 12 0.0133 0.0031 0.0008 0.9745 0.0083 
        037s 12 0.0010 0.0011 0.0008 0.9968 0.0003 
        001s 13 0.0148 0.0009 0.0016 0.9819 0.0008 
        002s 13 0.1966 0.0003 0.0007 0.7965 0.0058 
        003s 13 0.0023 0.0008 0.0012 0.9953 0.0004 
        004s 13 0.0014 0.0111 0.0022 0.9847 0.0006 
        005s 13 0.0032 0.0021 0.0016 0.9879 0.0052 
        006s 13 0.0018 0.0009 0.0005 0.9953 0.0015 
        007s 13 0.0015 0.0005 0.0012 0.9671 0.0297 
        008s 13 0.0511 0.0013 0.0008 0.9393 0.0075 
        009s 13 0.1228 0.0078 0.0008 0.8518 0.0167 
        010s 13 0.0585 0.0016 0.0007 0.9329 0.0064 
        011s 13 0.0254 0.0062 0.0026 0.9394 0.0264 
        012s 13 0.0629 0.0034 0.0139 0.9107 0.0090 
        013s 13 0.1190 0.0010 0.0061 0.8619 0.0120 
        014s 13 0.0008 0.0009 0.0036 0.9641 0.0307 
        015s 13 0.0097 0.0099 0.0082 0.9716 0.0005 
        016s 13 0.0007 0.0007 0.0009 0.9974 0.0003 
        017s 13 0.0157 0.0042 0.0005 0.9652 0.0144 
        018s 13 0.0031 0.0004 0.0007 0.9954 0.0004 
        019s 13 0.0076 0.0004 0.0008 0.9900 0.0012 
        020s 13 0.1166 0.0021 0.0003 0.8782 0.0028 
        021s 13 0.0035 0.0005 0.0009 0.9947 0.0005 
        022s 13 0.0020 0.0005 0.0009 0.9957 0.0009 
        023s 13 0.0060 0.0003 0.0003 0.9929 0.0004 
        024s 13 0.0216 0.0010 0.0363 0.9336 0.0074 
        025s 13 0.0019 0.0008 0.0019 0.9948 0.0006 
        026s 13 0.0778 0.0006 0.0081 0.8938 0.0196 
        027s 13 0.0413 0.0054 0.0019 0.9458 0.0055 
        028s 13 0.0670 0.0084 0.0034 0.9097 0.0115 
        029s 13 0.1408 0.0006 0.0011 0.8558 0.0016 
        030s 13 0.1738 0.0005 0.0192 0.8056 0.0009 
        031s 13 0.0122 0.0009 0.1003 0.8844 0.0023 
        032s 13 0.0025 0.0004 0.0004 0.9951 0.0016 
        033s 13 0.0038 0.0003 0.0009 0.9563 0.0387 
        034s 13 0.1634 0.0017 0.0007 0.8275 0.0067 
        035s 13 0.0256 0.0012 0.0033 0.9691 0.0008 
        036s 13 0.0304 0.0005 0.0004 0.9679 0.0008 
        037s 13 0.0026 0.0007 0.0015 0.9948 0.0003 
        038s 13 0.0649 0.0011 0.0010 0.9315 0.0015 
        039s 13 0.1077 0.0008 0.0754 0.8050 0.0112 
        040s 13 0.0021 0.0005 0.0010 0.9956 0.0009 
        041s 13 0.0506 0.0004 0.0024 0.9337 0.0128 
        042s 13 0.1257 0.0008 0.0011 0.8716 0.0009 
        001s 14 0.1217 0.0018 0.0007 0.8747 0.0011 
        002s 14 0.0601 0.0041 0.0008 0.9243 0.0108 
        003s 14 0.1280 0.0006 0.0011 0.8699 0.0005 
        004s 14 0.0054 0.0008 0.0027 0.9808 0.0103 
        005s 14 0.0314 0.0007 0.0008 0.9669 0.0002 
        006s 14 0.0026 0.0004 0.0003 0.9961 0.0006 
        007s 14 0.0015 0.0003 0.0014 0.9961 0.0007 
        008s 14 0.2040 0.0113 0.0019 0.7742 0.0086 
        009s 14 0.0105 0.0064 0.0008 0.9814 0.0009 
        010s 14 0.1298 0.0166 0.0008 0.8514 0.0014 
        011s 14 0.0433 0.0005 0.0008 0.9190 0.0363 
        012s 14 0.1202 0.0020 0.0015 0.8748 0.0015 
        013s 14 0.0127 0.0007 0.0057 0.9788 0.0020 
        014s 14 0.0419 0.0090 0.0010 0.9474 0.0008 
        015s 14 0.0052 0.0072 0.0026 0.9845 0.0006 
        016s 14 0.0012 0.0005 0.0113 0.9867 0.0003 
        017s 14 0.0505 0.0005 0.0006 0.9277 0.0207 
        018s 14 0.0013 0.0010 0.0013 0.9959 0.0005 
        019s 14 0.0017 0.0004 0.0006 0.9953 0.0020 
        020s 14 0.0899 0.0072 0.0012 0.9014 0.0004 
        021s 14 0.0055 0.0095 0.0005 0.9841 0.0004 
        022s 14 0.0064 0.0019 0.0011 0.9867 0.0038 
        023s 14 0.0174 0.0025 0.0031 0.9759 0.0011 
        024s 14 0.1229 0.0029 0.0019 0.8675 0.0049 
        025s 14 0.0942 0.0003 0.0003 0.9045 0.0006 
        026s 14 0.0011 0.0016 0.0008 0.9962 0.0002 
        027s 14 0.0147 0.0006 0.0029 0.9813 0.0005 
        028s 14 0.0043 0.0026 0.0007 0.9904 0.0019 
        029s 14 0.0019 0.0005 0.0011 0.9963 0.0002 
        030s 14 0.0170 0.0005 0.0004 0.9718 0.0103 
        031s 14 0.0398 0.0006 0.0013 0.9473 0.0110 
        032s 14 0.0376 0.0003 0.0018 0.9595 0.0007 
        033s 14 0.0434 0.0006 0.0007 0.9081 0.0471 
        034s 14 0.0008 0.0006 0.0006 0.9976 0.0004 
        035s 14 0.0675 0.0002 0.0007 0.8397 0.0918 
        036s 14 0.1691 0.0010 0.0055 0.7822 0.0421 
        037s 14 0.0069 0.0006 0.0027 0.9894 0.0004 
        038s 14 0.0034 0.0007 0.0005 0.9949 0.0006 
        039s 14 0.0046 0.0029 0.0046 0.9860 0.0019 
        040s 14 0.0163 0.0004 0.0013 0.9812 0.0008 
        041s 14 0.0361 0.0005 0.0006 0.9615 0.0014 
        042s 14 0.0696 0.0011 0.0016 0.9230 0.0048 
        001s 15 0.0603 0.0007 0.0016 0.9371 0.0004 
        002s 15 0.1338 0.0046 0.0122 0.8370 0.0124 
        003s 15 0.0104 0.0010 0.0072 0.9802 0.0013 
        004s 15 0.0007 0.0104 0.0002 0.9883 0.0004 
        005s 15 0.0130 0.0011 0.0054 0.9756 0.0050 
        006s 15 0.0136 0.0007 0.0011 0.9823 0.0023 
        007s 15 0.0017 0.0010 0.0004 0.9966 0.0003 
        008s 15 0.0034 0.0006 0.0007 0.9948 0.0005 
        009s 15 0.0248 0.0006 0.0343 0.9319 0.0083 
        010s 15 0.1150 0.0003 0.0016 0.8826 0.0004 
        011s 15 0.0023 0.0003 0.0011 0.9316 0.0647 
        012s 15 0.0032 0.0011 0.0020 0.9917 0.0019 
        013s 15 0.1224 0.0034 0.0009 0.8729 0.0004 
        014s 15 0.0018 0.0043 0.0048 0.9876 0.0014 
        015s 15 0.0685 0.0009 0.0036 0.9122 0.0148 
        016s 15 0.1166 0.0337 0.0004 0.7838 0.0655 
        017s 15 0.0059 0.0155 0.0016 0.9762 0.0008 
        018s 15 0.0729 0.0018 0.0005 0.9245 0.0003 
        019s 15 0.0770 0.0007 0.0050 0.9169 0.0004 
        020s 15 0.0529 0.0006 0.0005 0.9454 0.0007 
        021s 15 0.0715 0.0020 0.0027 0.9153 0.0085 
        022s 15 0.0018 0.0006 0.0005 0.9954 0.0017 
        023s 15 0.0230 0.0005 0.0007 0.9682 0.0076 
        024s 15 0.0014 0.0004 0.0009 0.9953 0.0019 
        025s 15 0.0134 0.0012 0.0259 0.9571 0.0023 
        026s 15 0.0095 0.0042 0.0242 0.9615 0.0006 
        027s 15 0.0135 0.0121 0.0010 0.9652 0.0083 
        028s 15 0.0034 0.0021 0.0010 0.9923 0.0012 
        029s 15 0.0027 0.0014 0.0012 0.9940 0.0007 
        030s 15 0.0023 0.0014 0.0007 0.9952 0.0004 
        031s 15 0.0903 0.0013 0.0068 0.8957 0.0058 
        032s 15 0.0006 0.0008 0.0013 0.9972 0.0002 
        033s 15 0.1766 0.0012 0.0003 0.8186 0.0033 
        035s 15 0.0026 0.0019 0.0005 0.9926 0.0023 
        036s 15 0.0488 0.0004 0.0053 0.9445 0.0011 
        037s 15 0.0063 0.0004 0.0010 0.9840 0.0084 
        038s 15 0.0031 0.0007 0.0004 0.9949 0.0009 
        039s 15 0.1468 0.0005 0.0003 0.8492 0.0032 
        040s 15 0.0046 0.0024 0.0008 0.9898 0.0025 
        041s 15 0.0767 0.0004 0.0017 0.9093 0.0119 
        042s 15 0.0046 0.0026 0.0007 0.9915 0.0006 
        043s 15 0.0536 0.0002 0.0015 0.9430 0.0017 
        044s 15 0.0044 0.0009 0.0008 0.9929 0.0010 
        045s 15 0.0064 0.0023 0.0790 0.8783 0.0340 
        046s 15 0.0241 0.0004 0.0011 0.9645 0.0099 
        047s 15 0.0220 0.0006 0.0004 0.9724 0.0047 
        048s 15 0.0458 0.0011 0.0187 0.9337 0.0007 
        049s 15 0.0201 0.0004 0.0006 0.9744 0.0044 
        050s 15 0.1497 0.0065 0.0015 0.8296 0.0127 
         001 16 0.2550 0.0026 0.0005 0.7119 0.0300 
         002 16 0.0383 0.0003 0.0005 0.9554 0.0055 
         003 16 0.0030 0.0031 0.0018 0.9856 0.0065 
         004 16 0.0010 0.0006 0.0013 0.9962 0.0009 
         005 16 0.0459 0.0017 0.0271 0.9135 0.0118 
         006 16 0.0115 0.0008 0.0161 0.9680 0.0035 
         007 16 0.0066 0.0008 0.0010 0.9903 0.0013 
         008 16 0.1921 0.0010 0.0004 0.7861 0.0205 
         009 16 0.0722 0.0009 0.0004 0.9261 0.0003 
         010 16 0.0599 0.0006 0.0010 0.9375 0.0009 
         011 16 0.1131 0.0005 0.0017 0.8831 0.0017 
         012 16 0.0073 0.0010 0.0015 0.9884 0.0017 
         013 16 0.0014 0.0004 0.0005 0.9970 0.0008 
         014 16 0.0310 0.0009 0.0003 0.9642 0.0037 
         015 16 0.0006 0.0013 0.3697 0.6275 0.0010 
         016 16 0.0031 0.0056 0.0127 0.9782 0.0003 
         017 16 0.0739 0.0007 0.0012 0.9187 0.0055 
         018 16 0.0360 0.0077 0.0283 0.9197 0.0083 
         019 16 0.1688 0.0008 0.0005 0.8200 0.0099 
         020 16 0.0018 0.0008 0.0007 0.9962 0.0005 
         021 16 0.0824 0.0025 0.0008 0.8675 0.0468 
         022 16 0.0258 0.0009 0.0016 0.9710 0.0007 
         023 16 0.1527 0.0006 0.0080 0.8379 0.0008 
         024 16 0.0749 0.0013 0.0253 0.8976 0.0009 
         025 16 0.1551 0.0009 0.0034 0.8230 0.0175 
         026 16 0.0925 0.0005 0.0030 0.8896 0.0144 
         027 16 0.0190 0.0084 0.0018 0.9697 0.0011 
         028 16 0.1495 0.0185 0.0003 0.7955 0.0362 
         029 16 0.0013 0.0011 0.0012 0.9586 0.0378 
         030 16 0.0665 0.0003 0.0005 0.9276 0.0050 
         031 16 0.0013 0.0123 0.0006 0.9848 0.0010 
         032 16 0.0829 0.0013 0.0027 0.9033 0.0098 
         033 16 0.0037 0.0004 0.0003 0.9947 0.0009 
         034 16 0.0736 0.0003 0.0015 0.9215 0.0031 
         035 16 0.0006 0.0006 0.0002 0.9981 0.0006 
         036 16 0.0197 0.0018 0.0016 0.9765 0.0004 
         037 16 0.0718 0.0009 0.0042 0.9076 0.0155 
         038 16 0.0197 0.0013 0.0072 0.9711 0.0007 
         039 16 0.0552 0.0010 0.0007 0.9428 0.0004 
         040 16 0.0033 0.0005 0.0015 0.9931 0.0016 
         041 16 0.0016 0.0003 0.0014 0.9959 0.0008 
         042 16 0.0251 0.0022 0.0006 0.9710 0.0011 
         043 16 0.0090 0.0008 0.0010 0.9887 0.0004 
         044 16 0.0921 0.0015 0.0012 0.9044 0.0008 
         045 16 0.0025 0.0022 0.0002 0.9876 0.0074 
         047 16 0.0027 0.0046 0.0011 0.9543 0.0372 
         048 16 0.0019 0.0009 0.0006 0.9926 0.0040 
         049 16 0.0393 0.0005 0.0030 0.9552 0.0020 
         050 16 0.0022 0.0004 0.0004 0.9962 0.0007 
         051 16 0.0098 0.0017 0.0006 0.9864 0.0015 
         052 16 0.0083 0.0004 0.0006 0.9904 0.0003 
         053 16 0.0046 0.0010 0.0005 0.9931 0.0007 
         054 16 0.1137 0.0009 0.0005 0.8775 0.0074 
         055 16 0.0101 0.0004 0.0005 0.9286 0.0604 
         056 16 0.0022 0.0007 0.0069 0.9898 0.0004 
         057 16 0.2056 0.0007 0.0003 0.7899 0.0035 
         058 16 0.1379 0.0003 0.0135 0.8312 0.0171 
         059 16 0.1125 0.0040 0.0880 0.7728 0.0227 
         060 16 0.0160 0.0011 0.0103 0.9719 0.0008 
         061 16 0.0657 0.0005 0.0015 0.9316 0.0006 
         062 16 0.0030 0.0013 0.0004 0.9890 0.0062 
         063 16 0.0053 0.0006 0.0008 0.9925 0.0008 
         064 16 0.0026 0.0003 0.0019 0.9946 0.0005 
         065 16 0.0428 0.0020 0.0026 0.9506 0.0020 
         066 16 0.0009 0.0012 0.0006 0.9969 0.0005 
         067 16 0.0089 0.0007 0.0761 0.9112 0.0032 
         068 16 0.0053 0.0007 0.0284 0.9635 0.0021 
         069 16 0.0050 0.0060 0.0005 0.9880 0.0006 
         070 16 0.0274 0.0020 0.0005 0.9681 0.0019 
         071 16 0.0649 0.0005 0.0003 0.9102 0.0240 
         072 16 0.0065 0.0007 0.0011 0.9906 0.0011 
         073 16 0.0314 0.0006 0.0004 0.9653 0.0024 
         074 16 0.0007 0.0004 0.0003 0.9980 0.0007 
         075 16 0.0204 0.0006 0.0006 0.9694 0.0091 
         076 16 0.0022 0.0007 0.0004 0.9959 0.0007 
         077 16 0.0156 0.0297 0.0575 0.8916 0.0056 
         078 16 0.1599 0.0008 0.0017 0.8371 0.0005 
         079 16 0.0765 0.0016 0.0007 0.9091 0.0121 
         080 16 0.0892 0.0005 0.0012 0.9088 0.0003 
         081 16 0.1261 0.0015 0.0006 0.8336 0.0382 
         082 16 0.0324 0.0005 0.0004 0.9504 0.0162 
         083 16 0.0009 0.0006 0.0018 0.9958 0.0008 
         084 16 0.0260 0.0032 0.0015 0.9667 0.0026 
         085 16 0.0014 0.0014 0.0104 0.9862 0.0005 
         086 16 0.0950 0.0006 0.0006 0.8849 0.0190 
         087 16 0.1068 0.0021 0.0002 0.8870 0.0038 
         088 16 0.0974 0.0005 0.0023 0.8996 0.0003 
         089 16 0.0061 0.0008 0.0011 0.9849 0.0070 
         090 16 0.0064 0.0014 0.0007 0.9902 0.0014 
         091 16 0.0033 0.0006 0.0007 0.9941 0.0013 
         092 16 0.1605 0.0008 0.0008 0.8367 0.0012 
         093 16 0.0140 0.0019 0.0005 0.9832 0.0005 
         094 16 0.0043 0.0068 0.0377 0.9504 0.0008 
         095 16 0.0080 0.0014 0.0004 0.9899 0.0002 
         096 16 0.0025 0.0005 0.0031 0.9675 0.0265 
         097 16 0.0131 0.0022 0.0037 0.8914 0.0896 
         098 16 0.0022 0.0075 0.0038 0.9856 0.0009 
         099 16 0.0007 0.0009 0.0059 0.9922 0.0004 
         100 16 0.0055 0.0006 0.0020 0.9917 0.0003 
         101 16 0.1608 0.0004 0.0039 0.8339 0.0009 
         102 16 0.1239 0.0004 0.0016 0.8727 0.0014 
         103 16 0.0025 0.0035 0.0021 0.9895 0.0023 
         104 16 0.0046 0.0003 0.0036 0.9908 0.0007 
         105 16 0.0686 0.0063 0.0035 0.8834 0.0383 
         106 16 0.0686 0.0005 0.0024 0.9280 0.0005 
         107 16 0.0679 0.0512 0.0045 0.8758 0.0006 
         108 16 0.1052 0.0674 0.1655 0.6467 0.0151 
         109 16 0.0298 0.0005 0.0005 0.9623 0.0069 
         110 16 0.0061 0.0002 0.0012 0.9919 0.0005 
         111 16 0.1044 0.0008 0.0009 0.8920 0.0018 
         112 16 0.0409 0.0009 0.0011 0.9553 0.0018 
         113 16 0.0505 0.0008 0.0013 0.9349 0.0126 
         114 16 0.0291 0.0051 0.0014 0.9636 0.0007 
         115 16 0.0005 0.0004 0.0006 0.9978 0.0007 
         116 16 0.1360 0.0005 0.0009 0.8620 0.0007 
         117 16 0.0065 0.0042 0.0009 0.9806 0.0078 
         118 16 0.0052 0.0007 0.0135 0.9801 0.0004 
         119 16 0.0646 0.0022 0.0013 0.9308 0.0010 
         120 16 0.0039 0.0010 0.0008 0.9781 0.0162 
         121 16 0.0156 0.0003 0.0278 0.9471 0.0091 
         122 16 0.0031 0.0004 0.0004 0.9955 0.0007 
         123 16 0.0588 0.0033 0.0004 0.9360 0.0015 
         124 16 0.0098 0.0004 0.0017 0.9862 0.0019 
         126 16 0.1498 0.0030 0.0024 0.8275 0.0172 
         001 17 0.0033 0.0084 0.0005 0.9856 0.0022 
         002 17 0.0109 0.0006 0.0005 0.9874 0.0006 
         003 17 0.0006 0.0010 0.0004 0.9974 0.0005 
         005 17 0.0005 0.0258 0.0004 0.9726 0.0007 
         006 17 0.0010 0.0009 0.0004 0.9470 0.0506 
         007 17 0.2138 0.0030 0.0231 0.7354 0.0247 
         008 17 0.0937 0.0008 0.0008 0.8757 0.0290 
         009 17 0.0006 0.0005 0.0004 0.9982 0.0004 
         010 17 0.0115 0.0006 0.0013 0.9856 0.0009 
         011 17 0.1160 0.0015 0.3797 0.4878 0.0151 
         012 17 0.0047 0.0007 0.0012 0.9927 0.0007 
         013 17 0.0004 0.0007 0.0003 0.9984 0.0002 
         014 17 0.0901 0.0013 0.0004 0.9080 0.0002 
         015 17 0.0799 0.0007 0.0003 0.9158 0.0033 
         016 17 0.0012 0.0005 0.0005 0.9970 0.0009 
         017 17 0.0020 0.0009 0.0009 0.9945 0.0017 
         018 17 0.0368 0.0207 0.0005 0.9375 0.0045 
         019 17 0.0503 0.0005 0.0009 0.9481 0.0002 
         020 17 0.0014 0.0003 0.0007 0.9968 0.0007 
         021 17 0.0003 0.0006 0.0008 0.9973 0.0010 
         022 17 0.0306 0.0136 0.0016 0.9426 0.0115 
         023 17 0.0152 0.0018 0.0005 0.9821 0.0005 
         024 17 0.0168 0.0011 0.0033 0.9311 0.0476 
         025 17 0.0050 0.0005 0.0004 0.9936 0.0006 
         002 18 0.0015 0.0049 0.0024 0.9907 0.0006 
         003 18 0.0015 0.0004 0.0013 0.9965 0.0003 
         004 18 0.0536 0.0029 0.0011 0.9393 0.0031 
         005 18 0.0668 0.0009 0.0266 0.9052 0.0005 
         006 18 0.0030 0.0004 0.0008 0.9955 0.0003 
         007 18 0.0062 0.0024 0.0004 0.9867 0.0044 
         008 18 0.0633 0.0003 0.0015 0.9339 0.0010 
         009 18 0.0114 0.0011 0.0019 0.9785 0.0072 
         010 18 0.0036 0.0023 0.0083 0.9835 0.0023 
         011 18 0.0014 0.0017 0.0023 0.9939 0.0007 
         012 18 0.1426 0.0006 0.0020 0.8539 0.0009 
         015 18 0.0310 0.0004 0.0022 0.9657 0.0007 
         016 18 0.0598 0.0005 0.0003 0.9358 0.0036 
         018 18 0.0038 0.0051 0.0052 0.9855 0.0004 
         026 18 0.0732 0.0025 0.0004 0.9133 0.0105 
         027 18 0.0008 0.0022 0.0012 0.9955 0.0004 
         028 18 0.1242 0.0296 0.0002 0.8455 0.0005 
         029 18 0.0023 0.0007 0.0004 0.9958 0.0008 
         031 18 0.1391 0.0358 0.0784 0.7369 0.0098 
         032 18 0.0051 0.0015 0.0003 0.9928 0.0004 
         033 18 0.0039 0.0011 0.0009 0.9936 0.0005 
         035 18 0.1301 0.0005 0.0005 0.8684 0.0005 
         036 18 0.0015 0.0009 0.0089 0.9880 0.0007 
         037 18 0.0026 0.0161 0.0078 0.9621 0.0114 
         038 18 0.0064 0.0551 0.0019 0.9147 0.0219 
         039 18 0.0028 0.0004 0.0014 0.9951 0.0003 
         044 18 0.1309 0.0012 0.0004 0.8457 0.0218 
         046 18 0.0053 0.0070 0.0293 0.9580 0.0004 
         049 18 0.0685 0.0011 0.0003 0.9297 0.0004 
         053 18 0.0874 0.0009 0.0006 0.9105 0.0006 
         054 18 0.0020 0.0011 0.0009 0.9849 0.0112 
         056 18 0.0796 0.0026 0.0013 0.9159 0.0005 
         057 18 0.0844 0.0008 0.0027 0.9095 0.0026 
         058 18 0.0020 0.0051 0.0034 0.9890 0.0006 
        001s 19 0.0624 0.0003 0.0008 0.9288 0.0077 
        002s 19 0.0937 0.0009 0.0010 0.9040 0.0004 
        003s 19 0.0287 0.0007 0.0005 0.9694 0.0007 
        004s 19 0.0035 0.0041 0.0238 0.9678 0.0008 
        005s 19 0.0099 0.0026 0.0767 0.8801 0.0307 
        006s 19 0.0016 0.0016 0.0020 0.9934 0.0013 
        007s 19 0.0708 0.0005 0.0165 0.8955 0.0167 
        008s 19 0.0403 0.0005 0.0154 0.9367 0.0071 
        009s 19 0.1247 0.0005 0.0016 0.8723 0.0008 
        010s 19 0.0028 0.0156 0.0007 0.9760 0.0050 
        011s 19 0.0059 0.0047 0.0011 0.9839 0.0043 
        012s 19 0.0193 0.0017 0.0003 0.9767 0.0020 
        013s 19 0.0771 0.0010 0.0004 0.9126 0.0089 
        014s 19 0.1713 0.0005 0.0103 0.8039 0.0140 
        015s 19 0.0023 0.0006 0.0004 0.9940 0.0028 
        016s 19 0.0341 0.0203 0.0492 0.8947 0.0017 
        017s 19 0.0976 0.0020 0.0045 0.8932 0.0027 
        018s 19 0.0020 0.0015 0.0027 0.9930 0.0009 
        019s 19 0.0742 0.0005 0.0021 0.9080 0.0153 
        020s 19 0.0662 0.0007 0.0009 0.9203 0.0120 
        021s 19 0.0677 0.0015 0.0005 0.9277 0.0026 
        022s 19 0.0149 0.0012 0.0007 0.9801 0.0031 
        023s 19 0.0014 0.0022 0.0020 0.9916 0.0027 
        024s 19 0.0008 0.0024 0.0022 0.9943 0.0003 
        025s 19 0.1633 0.0015 0.0035 0.8215 0.0103 
        026s 19 0.0034 0.0031 0.0030 0.9852 0.0053 
        027s 19 0.0538 0.0006 0.0010 0.9440 0.0005 
        028s 19 0.0038 0.0007 0.0004 0.9925 0.0026 
        029s 19 0.0133 0.0020 0.0007 0.9831 0.0009 
        030s 19 0.1278 0.0039 0.0005 0.8666 0.0012 
        031s 19 0.0061 0.0005 0.0006 0.9911 0.0017 
        032s 19 0.1162 0.0004 0.0005 0.8819 0.0011 
        033s 19 0.0011 0.0009 0.0044 0.9927 0.0010 
        034s 19 0.0310 0.0005 0.0014 0.9661 0.0009 
        035s 19 0.0151 0.0033 0.0038 0.9742 0.0036 
        036s 19 0.0409 0.0003 0.0016 0.9564 0.0008 
        037s 19 0.0785 0.0018 0.0004 0.9190 0.0003 
        038s 19 0.0026 0.0021 0.0013 0.9919 0.0021 
        039s 19 0.0375 0.0004 0.0004 0.9612 0.0005 
        040s 19 0.0017 0.0003 0.0004 0.9720 0.0255 
        041s 19 0.0035 0.0003 0.0007 0.9950 0.0005 
        042s 19 0.0035 0.0094 0.0161 0.9696 0.0013 
        043s 19 0.0626 0.0017 0.0004 0.9278 0.0074 
        044s 19 0.0105 0.0012 0.0021 0.9857 0.0006 
        045s 19 0.0021 0.0009 0.0011 0.9957 0.0003 
        046s 19 0.0044 0.0014 0.0073 0.9851 0.0017 
        047s 19 0.0361 0.0005 0.0003 0.9548 0.0083 
        048s 19 0.0776 0.0014 0.0009 0.9020 0.0181 
        049s 19 0.0060 0.0004 0.0068 0.9780 0.0088 
        050s 19 0.0068 0.0006 0.0006 0.9917 0.0003 
        051s 19 0.0581 0.0009 0.0095 0.8906 0.0409 
        052s 19 0.0089 0.0013 0.0006 0.9885 0.0006 
      LIW2-4 20 0.0035 0.0017 0.0029 0.9903 0.0015 
     LIW2-12 21 0.0281 0.0120 0.0776 0.8819 0.0004 
     LIW2-20 22 0.0053 0.0057 0.0011 0.9873 0.0006 
     LIW2-28 23 0.0455 0.0019 0.0649 0.8821 0.0057 
      LIW1-5 24 0.0012 0.0022 0.0030 0.9930 0.0006 
     LIW1-13 25 0.0527 0.0003 0.0154 0.9114 0.0202 
     LIW1-21 26 0.0457 0.0070 0.0342 0.9122 0.0008 
     LIW1-29 27 0.0187 0.0023 0.0181 0.9545 0.0063 
      LIW2-5 28 0.0014 0.0070 0.0028 0.9879 0.0008 
     LIW2-34 29 0.0058 0.0089 0.0044 0.9802 0.0007 
     LIW2-21 30 0.1669 0.0022 0.0125 0.8090 0.0096 
     LIW2-29 31 0.1612 0.0035 0.0018 0.8058 0.0277 
      LIW1-6 32 0.0124 0.0011 0.0032 0.9830 0.0003 
     LIW1-14 33 0.1710 0.0344 0.0006 0.7898 0.0041 
     LIW1-22 34 0.0014 0.0270 0.0087 0.9624 0.0005 
     LIW1-30 35 0.0021 0.0013 0.0036 0.9926 0.0005 
      LIW2-6 36 0.0018 0.0037 0.0243 0.9606 0.0096 
     LIW2-14 37 0.0208 0.0004 0.0052 0.9733 0.0004 
     LIW2-22 38 0.0746 0.0009 0.0802 0.8429 0.0015 
     LIW2-30 39 0.0155 0.0410 0.0037 0.9394 0.0004 
      LIW1-7 40 0.0351 0.0134 0.0567 0.8925 0.0022 
     LIW1-15 41 0.0134 0.0050 0.0130 0.9682 0.0004 
     LIW1-23 42 0.0296 0.0034 0.0049 0.9602 0.0020 
     LIW1-31 43 0.1300 0.0030 0.0063 0.8595 0.0013 
      LIW2-7 44 0.0783 0.0071 0.0009 0.9018 0.0118 
     LIW2-15 45 0.0108 0.0562 0.0020 0.9306 0.0004 
     LIW2-23 46 0.0009 0.0010 0.0905 0.9042 0.0034 
      LIW1-8 47 0.0016 0.0009 0.0025 0.9940 0.0010 
     LIW1-16 48 0.0020 0.0011 0.0021 0.9937 0.0012 
      LIW2-8 49 0.0008 0.0043 0.0028 0.9916 0.0004 
     LIW2-16 50 0.3657 0.0045 0.0099 0.5617 0.0582 
     LIW2-24 51 0.1782 0.0026 0.0098 0.7706 0.0388 
     LIW2-32 52 0.0038 0.0079 0.0512 0.9313 0.0058 
     LIW1-47 53 0.0841 0.0027 0.0128 0.8962 0.0042 
      UMFS-1 54 0.0002 0.9990 0.0002 0.0003 0.0003 
     UMFS-19 55 0.0002 0.9993 0.0001 0.0001 0.0002 
     UMFS-31 56 0.0059 0.8080 0.0007 0.1852 0.0003 
      UMFS-2 57 0.0011 0.9371 0.0001 0.0614 0.0002 
     UMFS-10 58 0.0004 0.8926 0.0005 0.1060 0.0006 
     UMFS-20 59 0.0043 0.8438 0.0004 0.1502 0.0013 
     UMFS-32 60 0.0005 0.9984 0.0002 0.0006 0.0003 
      UMFS-3 61 0.0001 0.9997 0.0001 0.0001 0.0001 
     UMFS-11 62 0.3247 0.0005 0.0019 0.4890 0.1838 
     UMFS-21 63 0.0290 0.9351 0.0051 0.0293 0.0015 
     UMFS-33 64 0.0000 0.9998 0.0000 0.0000 0.0000 
      UMFS-4 65 0.0000 0.9998 0.0001 0.0000 0.0000 
     UMFS-22 66 0.0021 0.9478 0.0009 0.0477 0.0015 
     UMFS-34 67 0.0238 0.5866 0.0801 0.3054 0.0041 
      UMFS-5 68 0.0058 0.9179 0.0010 0.0718 0.0036 
     UMFS-13 69 0.0008 0.9948 0.0024 0.0012 0.0008 
     UMFS-23 70 0.0213 0.7690 0.0009 0.2075 0.0013 
     UMFS-35 71 0.0001 0.9996 0.0001 0.0001 0.0001 
      UMFS-6 72 0.0001 0.9997 0.0001 0.0001 0.0001 
     UMFS-14 73 0.0000 0.9998 0.0000 0.0000 0.0000 
     UMFS-24 74 0.0022 0.7504 0.0002 0.2464 0.0007 
     UMFS-36 75 0.0000 0.9998 0.0000 0.0000 0.0000 
      UMFS-7 76 0.3271 0.0005 0.0948 0.2660 0.3116 
     UMFS-15 77 0.0001 0.9997 0.0001 0.0001 0.0001 
     UMFS-25 78 0.0020 0.7900 0.0001 0.2006 0.0073 
     UMFS-37 79 0.0001 0.9998 0.0000 0.0000 0.0001 
      UMFS-8 80 0.0031 0.9811 0.0012 0.0140 0.0006 
     UMFS-16 81 0.0001 0.9996 0.0001 0.0001 0.0001 
     UMFS-26 82 0.0105 0.4826 0.1361 0.3678 0.0029 
     UMFS-38 83 0.0001 0.9995 0.0001 0.0002 0.0001 
      NEH1-2 84 0.0212 0.0011 0.9704 0.0011 0.0062 
     NEH1-11 85 0.0376 0.0004 0.9545 0.0011 0.0064 
     NEH1-20 86 0.0042 0.0045 0.8793 0.1109 0.0012 
     NEH1-29 87 0.0005 0.0002 0.9982 0.0008 0.0002 
      NEH2-2 88 0.0003 0.0002 0.9991 0.0003 0.0001 
     NEH2-10 89 0.0015 0.0003 0.9933 0.0046 0.0004 
     NEH2-18 90 0.0019 0.0002 0.9975 0.0002 0.0003 
     NEH2-26 91 0.0020 0.0004 0.9962 0.0010 0.0004 
      NEH1-3 92 0.0020 0.0003 0.8455 0.1516 0.0007 
     NEH1-12 93 0.0023 0.0004 0.9482 0.0002 0.0489 
     NEH1-21 94 0.0012 0.0003 0.9395 0.0379 0.0212 
     NEH1-30 95 0.0721 0.0003 0.9208 0.0059 0.0009 
      NEH2-3 96 0.0001 0.0001 0.9994 0.0002 0.0002 
     NEH2-11 97 0.0188 0.0028 0.9768 0.0004 0.0012 
     NEH2-19 98 0.0014 0.0026 0.9921 0.0031 0.0007 
     NEH2-27 99 0.0001 0.0001 0.9997 0.0001 0.0001 
      NEH1-4 100 0.0013 0.0002 0.9983 0.0001 0.0002 
     NEH1-13 101 0.0309 0.0008 0.7694 0.1977 0.0012 
     NEH1-22 102 0.0150 0.0006 0.8003 0.1835 0.0006 
     NEH1-31 103 0.0013 0.0001 0.9979 0.0005 0.0002 
      NEH2-4 104 0.0018 0.0021 0.9928 0.0028 0.0006 
     NEH2-12 105 0.0488 0.0072 0.9374 0.0004 0.0061 
     NEH2-20 106 0.0035 0.0009 0.8034 0.1919 0.0002 
     NEH2-28 107 0.0010 0.0004 0.9900 0.0012 0.0074 
      NEH1-5 108 0.0352 0.0003 0.8597 0.1042 0.0007 
     NEH1-14 109 0.0458 0.0010 0.7650 0.1745 0.0137 
     NEH1-23 110 0.0095 0.0027 0.7691 0.2185 0.0002 
     NEH1-32 111 0.0015 0.0002 0.9955 0.0010 0.0017 
      NEH2-5 112 0.0002 0.0001 0.9994 0.0002 0.0001 
     NEH2-13 113 0.0148 0.0003 0.9811 0.0016 0.0021 
     NEH2-22 114 0.0004 0.0005 0.9982 0.0005 0.0004 
     NEH2-29 115 0.0031 0.0005 0.9626 0.0333 0.0004 
      NEH1-6 116 0.0002 0.0001 0.9993 0.0001 0.0002 
     NEH1-15 117 0.0026 0.0002 0.9565 0.0012 0.0395 
     NEH1-24 118 0.0004 0.0017 0.9846 0.0005 0.0127 
     NEH1-33 119 0.0057 0.0004 0.8742 0.1194 0.0002 
      NEH2-6 120 0.0008 0.0074 0.9821 0.0091 0.0005 
     NEH2-14 121 0.0018 0.0008 0.9928 0.0029 0.0017 
     NEH2-21 122 0.0019 0.0014 0.9546 0.0419 0.0002 
     NEH2-30 123 0.0002 0.0002 0.9993 0.0002 0.0001 
      NEH1-7 124 0.0779 0.0006 0.8374 0.0728 0.0113 
     NEH1-16 125 0.0003 0.0001 0.9991 0.0003 0.0002 
     NEH1-25 126 0.0144 0.0026 0.8754 0.1072 0.0005 
     NEH1-34 127 0.0225 0.0008 0.9292 0.0456 0.0019 
      NEH2-7 128 0.0011 0.0029 0.9928 0.0024 0.0008 
     NEH2-15 129 0.0001 0.0001 0.9997 0.0001 0.0001 
     NEH2-23 130 0.0367 0.0011 0.9374 0.0166 0.0081 
     NEH2-31 131 0.0001 0.0002 0.9994 0.0002 0.0001 
      NEH1-8 132 0.0775 0.0002 0.8317 0.0809 0.0097 
     NEH1-17 133 0.0960 0.0004 0.8882 0.0011 0.0143 
     NEH1-26 134 0.0025 0.0020 0.8501 0.1432 0.0022 
     NEH1-35 135 0.0113 0.0005 0.8122 0.1746 0.0014 
      NEH2-8 136 0.0001 0.0001 0.9996 0.0001 0.0001 
     NEH2-16 137 0.0003 0.0009 0.9972 0.0007 0.0009 
     NEH2-24 138 0.0001 0.0004 0.9992 0.0002 0.0001 
     NEH2-32 139 0.0586 0.0006 0.9307 0.0002 0.0099 
      NEH1-1 140 0.1007 0.0005 0.8879 0.0003 0.0105 
     NEH1-10 141 0.0002 0.0001 0.9991 0.0002 0.0004 
     NEH1-19 142 0.0115 0.0003 0.8783 0.1087 0.0013 
     NEH1-28 143 0.0333 0.0003 0.9555 0.0009 0.0099 
      NEH2-1 144 0.0134 0.0003 0.9840 0.0018 0.0005 
      NEH2-9 145 0.0003 0.0002 0.9988 0.0005 0.0002 
     NEH2-17 146 0.0010 0.0007 0.9600 0.0021 0.0363 
     NEH2-25 147 0.0157 0.0002 0.9834 0.0003 0.0004 
      LIW1-1 148 0.0709 0.0069 0.1038 0.8002 0.0181 
      LIW1-9 149 0.0757 0.0014 0.0694 0.7709 0.0825 
     LIW1-17 150 0.1210 0.0012 0.0466 0.8308 0.0005 
     LIW1-25 151 0.0007 0.0075 0.0019 0.9892 0.0006 
      LIW2-9 152 0.0436 0.0006 0.0011 0.9418 0.0128 
     LIW2-17 153 0.0022 0.0020 0.0029 0.9911 0.0018 
     LIW2-25 154 0.1291 0.0037 0.0026 0.8643 0.0003 
      LIW1-2 155 0.0030 0.0020 0.0105 0.9839 0.0004 
     LIW1-10 156 0.0068 0.0053 0.0040 0.9819 0.0020 
     LIW1-18 157 0.1367 0.0023 0.0058 0.8547 0.0004 
     LIW1-26 158 0.0005 0.0013 0.0269 0.9683 0.0031 
      LIW2-2 159 0.0042 0.0040 0.0040 0.9874 0.0004 
     LIW2-10 160 0.0595 0.0017 0.0015 0.9367 0.0005 
     LIW2-18 161 0.0114 0.0060 0.0640 0.9043 0.0143 
     LIW2-26 162 0.0211 0.0510 0.0014 0.9257 0.0008 
      LIW1-3 163 0.0860 0.0418 0.0158 0.8552 0.0013 
     LIW1-11 164 0.0184 0.0061 0.0057 0.9673 0.0025 
     LIW1-19 165 0.0489 0.0070 0.0666 0.8696 0.0078 
     LIW1-27 166 0.1544 0.0012 0.0004 0.8435 0.0005 
      LIW2-3 167 0.0160 0.0077 0.0025 0.9647 0.0091 
     LIW2-11 168 0.0008 0.0012 0.0008 0.9969 0.0003 
     LIW2-19 169 0.0053 0.0013 0.0293 0.9632 0.0010 
     LIW2-27 170 0.0062 0.0104 0.0175 0.9656 0.0003 
      LIW1-4 171 0.0138 0.0016 0.0081 0.9755 0.0011 
     LIW1-12 172 0.0426 0.0348 0.0051 0.9139 0.0036 
     LIW1-20 173 0.1180 0.0008 0.0013 0.8776 0.0022 
     LIW1-28 174 0.0043 0.0036 0.0105 0.9808 0.0009 
        001s 175 0.0170 0.0006 0.0016 0.9717 0.0092 
        002s 175 0.0733 0.0005 0.0013 0.9149 0.0100 
        003s 175 0.1090 0.0011 0.0007 0.8884 0.0008 
        004s 175 0.0204 0.0038 0.0010 0.9635 0.0114 
        005s 175 0.0056 0.0032 0.0016 0.9890 0.0005 
        006s 175 0.2581 0.0062 0.0008 0.7167 0.0182 
        007s 175 0.0071 0.0005 0.0007 0.9913 0.0004 
        008s 175 0.0018 0.0036 0.0005 0.9929 0.0013 
        009s 175 0.1224 0.0027 0.0013 0.8589 0.0147 
        010s 175 0.1121 0.0003 0.0011 0.8858 0.0007 
        011s 175 0.0141 0.0007 0.0010 0.9828 0.0014 
        012s 175 0.0019 0.0004 0.0004 0.9941 0.0032 
        013s 175 0.0113 0.0005 0.0003 0.9867 0.0012 
        014s 175 0.0811 0.0006 0.0003 0.9067 0.0113 
        015s 175 0.0013 0.0005 0.0019 0.9950 0.0012 
        016s 175 0.0346 0.0004 0.0003 0.9628 0.0018 
        017s 175 0.1008 0.0012 0.0051 0.8847 0.0082 
        018s 175 0.0119 0.0059 0.0011 0.9796 0.0016 
        019s 175 0.0007 0.0271 0.0034 0.9676 0.0012 
        020s 175 0.0621 0.0005 0.0010 0.9347 0.0016 
        021s 175 0.0009 0.0007 0.0022 0.9948 0.0013 
        022s 175 0.0009 0.0004 0.0041 0.9507 0.0439 
        023s 175 0.0019 0.0080 0.0029 0.9811 0.0062 
        024s 175 0.0276 0.0009 0.0007 0.9646 0.0062 
        025s 175 0.0189 0.0027 0.0008 0.9583 0.0193 
        026s 175 0.0046 0.0006 0.0016 0.9918 0.0013 
        027s 175 0.0044 0.0010 0.0019 0.9907 0.0020 
        028s 175 0.0031 0.0004 0.0584 0.9376 0.0005 
        029s 175 0.0036 0.0017 0.0004 0.9935 0.0008 
        030s 175 0.0975 0.0008 0.0011 0.8875 0.0132 
        031s 175 0.0047 0.0088 0.0004 0.9851 0.0010 
        032s 175 0.1186 0.0026 0.0190 0.8591 0.0007 
        033s 175 0.0092 0.0026 0.0010 0.9816 0.0056 
        034s 175 0.1307 0.0003 0.0003 0.8679 0.0008 
        035s 175 0.1364 0.0006 0.0005 0.8616 0.0009 
        036s 175 0.0065 0.0027 0.0005 0.9893 0.0010 
        037s 175 0.0136 0.0002 0.0115 0.9681 0.0066 
        038s 175 0.0090 0.0003 0.0008 0.9873 0.0026 
        039s 175 0.0223 0.0013 0.0030 0.9726 0.0007 
        040s 175 0.0017 0.0006 0.0023 0.9947 0.0007 
        041s 175 0.1314 0.0008 0.0006 0.8661 0.0010 
        042s 175 0.0020 0.0180 0.0011 0.9761 0.0028 
        043s 175 0.0043 0.0008 0.0031 0.9900 0.0018 
        044s 175 0.0793 0.0006 0.0013 0.9184 0.0004 
        045s 175 0.0954 0.0009 0.0007 0.8938 0.0092 
        046s 175 0.0329 0.0011 0.0019 0.9631 0.0010 
        047s 175 0.0086 0.0032 0.0086 0.9790 0.0006 
        048s 175 0.0019 0.0011 0.0004 0.9934 0.0033 
        049s 175 0.0529 0.0018 0.0008 0.9407 0.0038 
        050s 175 0.0672 0.0014 0.0866 0.8386 0.0061 
        001s 176 0.1645 0.0020 0.0008 0.8103 0.0224 
        002s 176 0.0035 0.0003 0.0022 0.9828 0.0112 
        003s 176 0.0030 0.0008 0.0011 0.9943 0.0007 
        004s 176 0.0057 0.0025 0.0017 0.9892 0.0008 
        005s 176 0.0043 0.0005 0.0207 0.9741 0.0003 
        006s 176 0.0038 0.0023 0.0006 0.9896 0.0037 
        007s 176 0.0782 0.0017 0.0007 0.9094 0.0100 
        008s 176 0.0050 0.0009 0.0003 0.9931 0.0008 
        009s 176 0.0074 0.0011 0.0076 0.9833 0.0005 
        010s 176 0.0643 0.0008 0.0003 0.9342 0.0004 
        011s 176 0.0023 0.0007 0.0045 0.9903 0.0023 
        012s 176 0.1085 0.0005 0.0012 0.8807 0.0090 
        013s 176 0.0767 0.0009 0.0030 0.9138 0.0056 
        014s 176 0.0012 0.0013 0.0006 0.9896 0.0073 
        015s 176 0.0096 0.0084 0.0018 0.9798 0.0004 
        016s 176 0.0032 0.0060 0.0012 0.9892 0.0004 
        017s 176 0.0004 0.0008 0.0004 0.9982 0.0003 
        018s 176 0.0078 0.0014 0.0098 0.9806 0.0004 
        019s 176 0.0227 0.0010 0.0005 0.9533 0.0226 
        020s 176 0.0160 0.0008 0.0010 0.9815 0.0006 
        021s 176 0.0018 0.0007 0.0012 0.9927 0.0037 
        022s 176 0.0009 0.0015 0.0007 0.9848 0.0121 
        023s 176 0.0054 0.0781 0.0002 0.9153 0.0010 
        024s 176 0.1263 0.0015 0.0011 0.8441 0.0271 
        025s 176 0.0038 0.0015 0.0027 0.9879 0.0040 
        026s 176 0.0018 0.0010 0.0022 0.9849 0.0102 
        027s 176 0.0007 0.0005 0.0008 0.9977 0.0003 
        028s 176 0.0020 0.0012 0.0008 0.9944 0.0016 
        029s 176 0.0008 0.0007 0.0030 0.9902 0.0053 
        030s 176 0.1765 0.0006 0.0003 0.8186 0.0039 
        031s 176 0.0079 0.0004 0.0009 0.9875 0.0033 
        032s 176 0.1274 0.0010 0.0178 0.8525 0.0013 
        033s 176 0.1649 0.0030 0.0183 0.7730 0.0407 
        034s 176 0.0023 0.0002 0.0005 0.9965 0.0005 
        035s 176 0.0144 0.0004 0.0657 0.9182 0.0011 
        036s 176 0.0025 0.0002 0.0007 0.9951 0.0015 
        037s 176 0.0506 0.0030 0.0201 0.9162 0.0102 
        038s 176 0.0014 0.0014 0.0007 0.9956 0.0009 
        039s 176 0.0251 0.0003 0.0003 0.9738 0.0006 
        040s 176 0.0011 0.0004 0.0007 0.9976 0.0003 
        041s 176 0.0072 0.0045 0.0006 0.9870 0.0006 
        042s 176 0.0046 0.0008 0.0004 0.9935 0.0007 
        043s 176 0.0015 0.0023 0.0063 0.9678 0.0222 
        044s 176 0.1249 0.0004 0.0003 0.8732 0.0011 
        045s 176 0.0053 0.0010 0.0009 0.9878 0.0049 
        046s 176 0.0014 0.0005 0.0003 0.9972 0.0007 
        047s 176 0.0049 0.0046 0.0015 0.9879 0.0011 
        048s 176 0.1224 0.0106 0.0005 0.8643 0.0021 
        050s 176 0.0035 0.0004 0.0087 0.9869 0.0007 
        001s 177 0.1080 0.0103 0.0140 0.8623 0.0054 
        002s 177 0.0567 0.0004 0.0016 0.9408 0.0005 
        003s 177 0.0630 0.0445 0.0069 0.8822 0.0034 
        004s 177 0.0010 0.0003 0.0016 0.9950 0.0022 
        005s 177 0.0409 0.0006 0.0004 0.9577 0.0003 
        006s 177 0.0456 0.0025 0.0018 0.9496 0.0004 
        007s 177 0.0776 0.0003 0.0007 0.9202 0.0012 
        008s 177 0.1963 0.0096 0.0012 0.7338 0.0591 
        009s 177 0.0007 0.0004 0.0009 0.9973 0.0007 
        010s 177 0.0188 0.0013 0.0009 0.9735 0.0056 
        011s 177 0.0103 0.0002 0.0005 0.9883 0.0008 
        012s 177 0.0035 0.0004 0.0007 0.9945 0.0010 
        013s 177 0.0097 0.0068 0.0022 0.9804 0.0010 
        014s 177 0.0551 0.0007 0.0013 0.9371 0.0058 
        015s 177 0.0045 0.0006 0.0025 0.9890 0.0033 
        016s 177 0.1305 0.0010 0.0005 0.8678 0.0002 
        017s 177 0.0018 0.0013 0.0010 0.9569 0.0389 
        018s 177 0.1466 0.0034 0.0003 0.8487 0.0009 
        019s 177 0.0038 0.0006 0.0048 0.9901 0.0007 
        020s 177 0.0020 0.0008 0.0028 0.9933 0.0011 
        021s 177 0.0917 0.0005 0.0012 0.9061 0.0006 
        022s 177 0.0300 0.0005 0.0166 0.9495 0.0034 
        023s 177 0.0014 0.0016 0.0015 0.9471 0.0485 
        024s 177 0.0008 0.0004 0.0023 0.9961 0.0004 
        025s 177 0.0015 0.0006 0.0008 0.9944 0.0027 
        026s 177 0.0018 0.0005 0.0026 0.9947 0.0003 
        027s 177 0.0012 0.0011 0.0008 0.9964 0.0005 
        028s 177 0.0308 0.0013 0.0008 0.9666 0.0004 
        029s 177 0.0448 0.0003 0.0015 0.9016 0.0518 
        030s 177 0.0111 0.0019 0.0016 0.9825 0.0029 
        031s 177 0.0307 0.0011 0.0116 0.9549 0.0018 
        032s 177 0.1040 0.0005 0.0007 0.8912 0.0037 
        033s 177 0.0045 0.0005 0.0026 0.9921 0.0004 
        034s 177 0.0142 0.0004 0.0008 0.9838 0.0008 
        035s 177 0.0014 0.0008 0.0003 0.9972 0.0003 
        036s 177 0.0068 0.0005 0.0611 0.9266 0.0050 
        037s 177 0.0156 0.0007 0.0034 0.9667 0.0137 
        038s 177 0.0593 0.0020 0.0010 0.9365 0.0012 
        039s 177 0.0856 0.0049 0.0013 0.9074 0.0008 
        040s 177 0.0014 0.0004 0.0014 0.9590 0.0378 
        041s 177 0.1597 0.0002 0.0004 0.8045 0.0352 
        042s 177 0.1768 0.0011 0.0004 0.8195 0.0022 
        043s 177 0.0380 0.0006 0.0005 0.9607 0.0002 
        044s 177 0.0086 0.0005 0.0009 0.9892 0.0008 
        045s 177 0.0161 0.0084 0.0024 0.9700 0.0031 
        046s 177 0.0043 0.0006 0.0006 0.9922 0.0024 
        047s 177 0.0134 0.0013 0.0030 0.9805 0.0017 
        048s 177 0.0115 0.0005 0.0004 0.9723 0.0153 
        049s 177 0.1181 0.0003 0.0007 0.8582 0.0227 
        050s 177 0.0047 0.0029 0.0005 0.9912 0.0007 
        001s 178 0.1681 0.0010 0.0012 0.8284 0.0013 
        002s 178 0.0081 0.0006 0.0028 0.9859 0.0026 
        003s 178 0.0053 0.0012 0.0006 0.9909 0.0021 
        004s 178 0.0119 0.0105 0.0005 0.9757 0.0013 
        005s 178 0.0010 0.0019 0.0004 0.9953 0.0015 
        006s 178 0.0339 0.0177 0.0486 0.8858 0.0141 
        007s 178 0.0022 0.0004 0.0006 0.9932 0.0035 
        008s 178 0.2231 0.0021 0.0006 0.7693 0.0049 
        009s 178 0.0012 0.0013 0.0018 0.9859 0.0098 
        010s 178 0.0009 0.0004 0.0014 0.9969 0.0004 
        011s 178 0.0992 0.0009 0.0006 0.8984 0.0009 
        012s 178 0.0175 0.0005 0.0006 0.9804 0.0010 
        013s 178 0.0981 0.0057 0.0026 0.8933 0.0003 
        014s 178 0.0379 0.0004 0.0157 0.9414 0.0046 
        015s 178 0.0031 0.0009 0.0004 0.9940 0.0016 
        016s 178 0.1145 0.0032 0.0012 0.8786 0.0025 
        017s 178 0.0452 0.0013 0.0020 0.9463 0.0052 
        018s 178 0.0403 0.0008 0.0012 0.9569 0.0008 
        019s 178 0.0076 0.0005 0.0005 0.9906 0.0009 
        020s 178 0.0055 0.0013 0.0002 0.9927 0.0003 
        021s 178 0.0076 0.0007 0.0010 0.9770 0.0137 
        022s 178 0.0024 0.0005 0.0004 0.9954 0.0013 
        023s 178 0.0903 0.0005 0.0334 0.8577 0.0181 
        024s 178 0.0083 0.0008 0.0005 0.9899 0.0005 
        025s 178 0.1868 0.0004 0.0009 0.8110 0.0009 
        026s 178 0.0006 0.0025 0.0006 0.9956 0.0008 
        027s 178 0.1121 0.0012 0.0011 0.8804 0.0053 
        028s 178 0.0040 0.0080 0.0044 0.9419 0.0417 
        029s 178 0.0773 0.0004 0.0008 0.8961 0.0255 
        030s 178 0.0059 0.0006 0.0053 0.9795 0.0086 
        031s 178 0.0062 0.0188 0.0003 0.9743 0.0003 
        032s 178 0.0017 0.0024 0.0006 0.9945 0.0007 
        033s 178 0.0271 0.0018 0.0004 0.9626 0.0081 
        034s 178 0.0711 0.0009 0.0004 0.9273 0.0003 
        035s 178 0.0015 0.0011 0.0025 0.9943 0.0006 
        036s 178 0.0010 0.0006 0.0007 0.9971 0.0006 
        037s 178 0.0013 0.0004 0.0064 0.9916 0.0003 
        039s 178 0.0015 0.0020 0.0090 0.9699 0.0176 
        040s 178 0.1163 0.0012 0.0030 0.8705 0.0090 
        041s 178 0.0026 0.0005 0.0006 0.9939 0.0023 
        042s 178 0.0473 0.0161 0.0047 0.9281 0.0039 
        043s 178 0.0067 0.0479 0.0104 0.9110 0.0240 
        044s 178 0.0684 0.0003 0.0009 0.8386 0.0918 
        045s 178 0.0012 0.0007 0.0014 0.9957 0.0011 
        046s 178 0.0018 0.0006 0.0003 0.9963 0.0009 
        047s 178 0.0034 0.0010 0.0010 0.9787 0.0159 
        048s 178 0.1334 0.0013 0.0155 0.8472 0.0026 
        049s 178 0.0061 0.0005 0.0055 0.9854 0.0026 
        050s 178 0.0713 0.0064 0.0023 0.8986 0.0213 
          01 179 0.0524 0.0007 0.0223 0.8998 0.0248 
          02 179 0.0242 0.0010 0.0025 0.9711 0.0011 
          03 179 0.1266 0.0003 0.0009 0.8492 0.0230 
          04 179 0.0092 0.0005 0.0071 0.9818 0.0013 
          05 179 0.1791 0.0012 0.0005 0.8155 0.0038 
          06 179 0.0043 0.0097 0.0003 0.9851 0.0006 
          07 179 0.0263 0.0003 0.0055 0.9661 0.0018 
          08 179 0.0008 0.0015 0.0048 0.9921 0.0008 
          09 179 0.0040 0.0007 0.0008 0.9942 0.0002 
          10 179 0.1419 0.0003 0.0031 0.8537 0.0010 
          11 179 0.2009 0.0003 0.0005 0.7901 0.0082 
          12 179 0.1254 0.0021 0.0026 0.8694 0.0004 
          13 179 0.0008 0.0019 0.0004 0.9957 0.0013 
          14 179 0.1002 0.0012 0.0034 0.8846 0.0106 
          15 179 0.1314 0.0007 0.0009 0.8574 0.0096 
          16 179 0.0260 0.0032 0.0009 0.9666 0.0034 
          17 179 0.0018 0.0010 0.0195 0.9770 0.0008 
          18 179 0.0016 0.0013 0.0026 0.9939 0.0007 
          19 179 0.1330 0.0014 0.0008 0.8596 0.0052 
          20 179 0.0323 0.0040 0.0899 0.8698 0.0039 
          21 179 0.0005 0.0004 0.0006 0.9983 0.0003 
          22 179 0.1243 0.0151 0.0007 0.8588 0.0011 
          23 179 0.0067 0.0006 0.0007 0.9913 0.0008 
        001s 180 0.0378 0.0007 0.0290 0.9280 0.0044 
        002s 180 0.0851 0.0004 0.0016 0.9121 0.0008 
        003s 180 0.0828 0.0027 0.0015 0.9123 0.0007 
        004s 180 0.1133 0.0003 0.0006 0.8849 0.0008 
        005s 180 0.0064 0.0003 0.0235 0.9668 0.0030 
        006s 180 0.0896 0.0007 0.0004 0.8963 0.0131 
        007s 180 0.0028 0.0007 0.0005 0.9952 0.0009 
        008s 180 0.0043 0.0006 0.0009 0.9929 0.0013 
        009s 180 0.0447 0.0009 0.0013 0.9527 0.0003 
        010s 180 0.0034 0.0075 0.0008 0.9879 0.0004 
        011s 180 0.0424 0.0005 0.0004 0.9555 0.0011 
        012s 180 0.0158 0.0009 0.0007 0.9804 0.0023 
        013s 180 0.0086 0.0020 0.0070 0.9812 0.0011 
        014s 180 0.0724 0.0005 0.0013 0.9248 0.0010 
        015s 180 0.0790 0.0003 0.0017 0.9184 0.0006 
        016s 180 0.0603 0.0032 0.0157 0.9191 0.0018 
        017s 180 0.0145 0.0008 0.0009 0.9829 0.0010 
        018s 180 0.1568 0.0007 0.0006 0.8354 0.0065 
        019s 180 0.0091 0.0008 0.0011 0.9879 0.0011 
        020s 180 0.0017 0.0028 0.0066 0.9872 0.0016 
        021s 180 0.0121 0.0010 0.0024 0.9835 0.0011 
        022s 180 0.1305 0.0003 0.0008 0.8669 0.0014 
        023s 180 0.1269 0.0003 0.0044 0.8681 0.0002 
        024s 180 0.0204 0.0006 0.0046 0.9735 0.0009 
        025s 180 0.0975 0.0007 0.0005 0.8981 0.0032 
        026s 180 0.0013 0.0035 0.0006 0.9914 0.0032 
        027s 180 0.0047 0.0008 0.0010 0.9923 0.0012 
        028s 180 0.0025 0.0013 0.0012 0.9931 0.0018 
        029s 180 0.0043 0.0058 0.0647 0.9187 0.0065 
        030s 180 0.0014 0.0055 0.0005 0.9896 0.0030 
        031s 180 0.0707 0.0003 0.0019 0.9268 0.0003 
        032s 180 0.0149 0.0147 0.0007 0.9679 0.0018 
        033s 180 0.0150 0.0032 0.0002 0.9809 0.0007 
        034s 180 0.0021 0.0013 0.0005 0.9917 0.0045 
        035s 180 0.0337 0.0009 0.0161 0.9477 0.0016 
        036s 180 0.0045 0.0048 0.0007 0.9897 0.0004 
        037s 180 0.0029 0.0048 0.0015 0.9903 0.0006 
        038s 180 0.0014 0.0009 0.0003 0.9958 0.0016 
        039s 180 0.0032 0.0012 0.0009 0.9923 0.0023 
        041s 180 0.0018 0.0004 0.0004 0.9964 0.0010 
        042s 180 0.0064 0.0007 0.0061 0.9853 0.0015 
        043s 180 0.0038 0.0102 0.0016 0.9825 0.0020 
        044s 180 0.0012 0.0008 0.0004 0.9972 0.0004 
        045s 180 0.0108 0.0017 0.0037 0.9627 0.0211 
        046s 180 0.0099 0.0019 0.0016 0.9821 0.0045 
        047s 180 0.1114 0.0017 0.0010 0.8856 0.0004 
        048s 180 0.1062 0.0004 0.0008 0.8916 0.0010 
        049s 180 0.0010 0.0010 0.0004 0.9967 0.0010 
        050s 180 0.0036 0.0027 0.0004 0.9914 0.0020 
         001 181 0.1701 0.0004 0.0001 0.0002 0.8291 
         002 181 0.0001 0.0001 0.0001 0.0001 0.9997 
         003 181 0.0001 0.0001 0.0001 0.0001 0.9997 
         004 181 0.1893 0.0039 0.0002 0.0096 0.7969 
         005 181 0.1116 0.0003 0.0037 0.0051 0.8793 
         006 181 0.0001 0.0001 0.0001 0.0001 0.9997 
         007 181 0.0001 0.0001 0.0001 0.0001 0.9997 
         008 181 0.0002 0.0001 0.0001 0.0001 0.9994 
         009 181 0.0001 0.0000 0.0000 0.0000 0.9998 
         010 181 0.1080 0.0510 0.0002 0.0002 0.8406 
         011 181 0.0001 0.0001 0.0001 0.0001 0.9996 
         012 181 0.1166 0.0002 0.0038 0.0003 0.8790 
         013 181 0.0884 0.0005 0.0004 0.0021 0.9087 
         014 181 0.1181 0.0001 0.0003 0.0004 0.8811 
         015 181 0.0001 0.0001 0.0000 0.0001 0.9998 
         016 181 0.1151 0.0002 0.0009 0.0010 0.8828 
         017 181 0.0001 0.0001 0.0001 0.0001 0.9998 
         018 181 0.1637 0.0007 0.0002 0.0007 0.8347 
         019 181 0.1233 0.0002 0.0009 0.0062 0.8694 
         020 181 0.0001 0.0001 0.0001 0.0001 0.9998 
         021 181 0.0001 0.0001 0.0001 0.0001 0.9997 
         022 181 0.0001 0.0000 0.0000 0.0000 0.9998 
         023 181 0.0001 0.0001 0.0001 0.0001 0.9997 
         024 181 0.0008 0.0010 0.0012 0.0215 0.9755 
         025 181 0.0264 0.0001 0.0001 0.0001 0.9732 
         026 181 0.0001 0.0001 0.0001 0.0001 0.9996 
         027 181 0.0001 0.0000 0.0000 0.0000 0.9998 
         028 181 0.0000 0.0000 0.0000 0.0000 0.9998 
         029 181 0.0001 0.0001 0.0001 0.0001 0.9995 
         030 181 0.0001 0.0001 0.0001 0.0001 0.9995 
         001 182 0.3619 0.0001 0.0001 0.0001 0.6378 
         002 182 0.4065 0.0002 0.0002 0.0003 0.5928 
         003 182 0.4034 0.0616 0.0003 0.0003 0.5344 
         004 182 0.4535 0.0002 0.0004 0.0001 0.5459 
         005 182 0.4041 0.0038 0.0002 0.0013 0.5905 
         006 182 0.4260 0.0005 0.0012 0.0982 0.4741 
         007 182 0.4341 0.0256 0.0002 0.0010 0.5390 
         008 182 0.3978 0.0008 0.0001 0.0008 0.6005 
         009 182 0.3909 0.0009 0.0002 0.0003 0.6077 
         010 182 0.4275 0.0003 0.0005 0.0724 0.4993 
         011 182 0.4816 0.0002 0.0001 0.0003 0.5177 
         012 182 0.3878 0.0004 0.0012 0.0615 0.5492 
         013 182 0.5442 0.0005 0.0012 0.0019 0.4521 
         014 182 0.4372 0.0005 0.0040 0.0873 0.4710 
         015 182 0.3598 0.0001 0.0001 0.0001 0.6399 
         016 182 0.4191 0.0005 0.0001 0.0003 0.5800 
         017 182 0.3594 0.0004 0.0002 0.0576 0.5825 
         018 182 0.3681 0.0001 0.0001 0.0003 0.6313 
         019 182 0.3813 0.0001 0.0001 0.0001 0.6184 
         020 182 0.3333 0.0001 0.0001 0.0001 0.6665 
         021 182 0.4028 0.0725 0.0007 0.0006 0.5233 
         022 182 0.3618 0.0002 0.0001 0.0004 0.6375 
         023 182 0.4754 0.0002 0.0002 0.0003 0.5239 
         024 182 0.5032 0.0001 0.0001 0.0002 0.4964 
         025 182 0.3806 0.0009 0.0001 0.0002 0.6183 
         026 182 0.4250 0.0002 0.0001 0.0002 0.5746 
         027 182 0.4177 0.0002 0.0012 0.0008 0.5801 
         028 182 0.4514 0.0003 0.0002 0.0004 0.5476 
         029 182 0.4514 0.0074 0.0006 0.0010 0.5396 
         030 182 0.3785 0.0001 0.0001 0.0002 0.6211 
          10 183 0.0126 0.0016 0.0024 0.9830 0.0004 
          11 183 0.0180 0.0004 0.0706 0.9109 0.0001 
          12 183 0.0152 0.0012 0.0065 0.9768 0.0004 
          13 183 0.0414 0.0009 0.0006 0.9446 0.0124 
          14 183 0.0163 0.0233 0.0105 0.9496 0.0003 
          15 183 0.0369 0.0007 0.0430 0.9163 0.0031 
          16 183 0.0579 0.0055 0.0018 0.8930 0.0417 
          17 183 0.0058 0.0005 0.0023 0.9899 0.0014 
          18 183 0.0542 0.0011 0.0015 0.9428 0.0003 
          19 183 0.0339 0.0003 0.0011 0.9645 0.0002 
          20 183 0.0366 0.0008 0.0006 0.9589 0.0030 
          21 183 0.0236 0.0002 0.0107 0.9649 0.0007 
          22 183 0.1187 0.0028 0.0260 0.8506 0.0020 
          23 183 0.0129 0.0059 0.0005 0.9633 0.0173 
          24 183 0.1224 0.0005 0.0175 0.8594 0.0003 
          25 183 0.0213 0.0007 0.0102 0.9668 0.0009 
          26 183 0.1295 0.0008 0.0008 0.8674 0.0015 
          27 183 0.0639 0.0002 0.0090 0.9246 0.0023 
          28 183 0.0358 0.0004 0.0224 0.9407 0.0007 
          29 183 0.2985 0.0004 0.0226 0.2443 0.4341 
          30 183 0.3989 0.0006 0.0672 0.0837 0.4496 
          31 183 0.0228 0.0003 0.0069 0.9686 0.0014 
          32 183 0.0203 0.0015 0.0003 0.9776 0.0003 
          33 183 0.1408 0.0021 0.0011 0.8555 0.0005 
          34 183 0.0018 0.0028 0.0280 0.9672 0.0003 
          35 183 0.1056 0.0006 0.0149 0.8768 0.0021 
          36 183 0.0213 0.0012 0.0052 0.9717 0.0006 
          37 183 0.3925 0.0004 0.0254 0.1466 0.4351 
          54 183 0.0566 0.0003 0.0017 0.9275 0.0139 
          55 183 0.1225 0.0054 0.0619 0.7971 0.0132 
           6 183 0.1356 0.0013 0.0007 0.8608 0.0016 
           7 183 0.1919 0.0003 0.0042 0.7796 0.0241 
           8 183 0.1316 0.0025 0.0027 0.8568 0.0065 
           9 183 0.0018 0.0016 0.0164 0.9774 0.0028 
           4 184 0.0081 0.0005 0.0007 0.9880 0.0027 
           9 184 0.0041 0.0031 0.0006 0.9917 0.0005 
          12 184 0.0046 0.0005 0.0003 0.9674 0.0272 
          14 184 0.0013 0.0011 0.0066 0.9903 0.0007 
          15 184 0.0010 0.0007 0.0027 0.9951 0.0005 
          16 184 0.0345 0.0028 0.0010 0.9588 0.0029 
          17 184 0.0014 0.0022 0.0010 0.9910 0.0045 
          18 184 0.2099 0.0005 0.0008 0.7821 0.0067 
          22 184 0.0151 0.0009 0.0004 0.9829 0.0008 
          25 184 0.0175 0.0009 0.0008 0.9792 0.0015 
          26 184 0.0165 0.0202 0.0019 0.9598 0.0017 
          27 184 0.0480 0.0003 0.0003 0.9491 0.0024 
          28 184 0.0015 0.0004 0.0008 0.9967 0.0007 
          29 184 0.0007 0.0003 0.0006 0.9981 0.0003 
          31 184 0.0366 0.0005 0.0006 0.9603 0.0021 
          32 184 0.0093 0.0007 0.0024 0.9843 0.0033 
          33 184 0.0039 0.0019 0.0020 0.9916 0.0006 
          34 184 0.0014 0.0005 0.0006 0.9970 0.0005 
          36 184 0.3917 0.0003 0.0003 0.5038 0.1040 
          37 184 0.1338 0.0013 0.0006 0.8635 0.0009 
          39 184 0.0132 0.0007 0.0117 0.9645 0.0098 
          40 184 0.0275 0.0006 0.0027 0.9675 0.0018 
          41 184 0.0750 0.0008 0.0020 0.9215 0.0006 
          42 184 0.0051 0.0039 0.0004 0.9892 0.0014 
          43 184 0.0019 0.0006 0.0007 0.9963 0.0005 
          44 184 0.0731 0.0003 0.0035 0.9133 0.0098 
          45 184 0.0004 0.0020 0.0005 0.9969 0.0003 
          46 184 0.1045 0.0007 0.0003 0.8858 0.0087 
          47 184 0.0095 0.0003 0.0005 0.9893 0.0003 
          48 184 0.0091 0.0004 0.0019 0.9878 0.0007 
          52 184 0.1037 0.0005 0.0004 0.8839 0.0115 
          54 184 0.0020 0.0018 0.0002 0.9955 0.0005 
          57 184 0.0021 0.0005 0.0007 0.9956 0.0011 
          58 184 0.0187 0.0005 0.0009 0.9793 0.0006 
          59 184 0.0124 0.0002 0.0011 0.9402 0.0461 
          60 184 0.0013 0.0032 0.0105 0.9847 0.0003 
           3 185 0.0288 0.0009 0.0107 0.9533 0.0063 
           4 185 0.0018 0.0011 0.0022 0.9936 0.0012 
           5 185 0.0069 0.0057 0.0004 0.9853 0.0016 
           6 185 0.0013 0.0007 0.0006 0.9969 0.0005 
           7 185 0.1628 0.0031 0.0003 0.8230 0.0109 
           8 185 0.0427 0.0003 0.0013 0.9265 0.0293 
           9 185 0.0218 0.0006 0.0021 0.9747 0.0009 
          10 185 0.0027 0.0011 0.0043 0.9910 0.0009 
          11 185 0.0226 0.0010 0.0022 0.9511 0.0231 
          12 185 0.0906 0.0010 0.0017 0.8896 0.0172 
          13 185 0.0055 0.0007 0.0004 0.9927 0.0007 
          14 185 0.0009 0.0009 0.0007 0.9957 0.0019 
          15 185 0.0261 0.0460 0.2347 0.6926 0.0005 
          16 185 0.0050 0.0008 0.0016 0.9918 0.0007 
          17 185 0.0056 0.0019 0.0521 0.9395 0.0009 
          18 185 0.0859 0.0030 0.0006 0.9103 0.0002 
          19 185 0.0213 0.0005 0.0185 0.9594 0.0002 
          20 185 0.0921 0.0005 0.0005 0.8534 0.0535 
          21 185 0.0049 0.0017 0.0073 0.9842 0.0019 
          22 185 0.0325 0.0006 0.0504 0.9159 0.0007 
          23 185 0.0994 0.0002 0.0013 0.8953 0.0037 
          24 185 0.0059 0.0003 0.0004 0.9904 0.0029 
          25 185 0.0642 0.0002 0.0072 0.9161 0.0122 
          26 185 0.0489 0.0006 0.0017 0.9467 0.0021 
          27 185 0.0020 0.0020 0.0010 0.9944 0.0005 
          28 185 0.0031 0.0003 0.0002 0.9961 0.0004 
          29 185 0.2119 0.0144 0.0554 0.7010 0.0173 
          30 185 0.1149 0.0006 0.0007 0.8779 0.0058 
          31 185 0.0414 0.0003 0.0003 0.9559 0.0021 
          32 185 0.0016 0.0010 0.0003 0.9936 0.0036 
          33 185 0.0082 0.0005 0.0004 0.9864 0.0044 
          34 185 0.0012 0.0003 0.0023 0.9946 0.0015 
          35 185 0.0035 0.0452 0.0007 0.9498 0.0008 
          36 185 0.0012 0.0015 0.0008 0.9952 0.0013 
          37 185 0.0070 0.0003 0.0004 0.9809 0.0113 
          38 185 0.0517 0.0004 0.0003 0.9009 0.0467 
          39 185 0.0953 0.0005 0.0042 0.8945 0.0056 
          40 185 0.0037 0.0012 0.0012 0.9929 0.0010 
          41 185 0.0130 0.0016 0.0014 0.9836 0.0003 
          42 185 0.0037 0.0008 0.0005 0.9944 0.0007 
           5 186 0.0072 0.0054 0.0005 0.9864 0.0005 
           6 186 0.0808 0.0034 0.0005 0.9146 0.0007 
           7 186 0.0024 0.0005 0.0003 0.9889 0.0079 
           9 186 0.2060 0.0006 0.0014 0.7836 0.0084 
          10 186 0.0584 0.0015 0.0005 0.9197 0.0199 
          11 186 0.1150 0.0005 0.0007 0.8816 0.0022 
          12 186 0.0070 0.0008 0.0003 0.9911 0.0008 
          29 186 0.0012 0.0004 0.0129 0.9839 0.0016 
          30 186 0.0616 0.0021 0.0010 0.9351 0.0003 
          31 186 0.0442 0.0151 0.1595 0.7624 0.0187 
          32 186 0.1898 0.0005 0.0157 0.7906 0.0033 
          33 186 0.0018 0.0006 0.0040 0.9933 0.0003 
          34 186 0.0115 0.0169 0.0032 0.9512 0.0172 
          35 186 0.0018 0.0005 0.0008 0.9964 0.0005 
          36 186 0.0734 0.0003 0.0014 0.9243 0.0006 
          37 186 0.0085 0.0004 0.0009 0.9758 0.0145 
          38 186 0.0132 0.0006 0.0153 0.9618 0.0091 
          39 186 0.0025 0.0022 0.0004 0.9944 0.0005 
          40 186 0.0018 0.0004 0.0006 0.9969 0.0003 
          41 186 0.0042 0.0018 0.0005 0.9869 0.0066 
          42 186 0.0012 0.0005 0.0005 0.9974 0.0005 
          43 186 0.0179 0.0025 0.0007 0.9756 0.0033 
          44 186 0.0033 0.0033 0.0018 0.9911 0.0004 
          45 186 0.0471 0.0009 0.0004 0.9513 0.0003 
          46 186 0.0013 0.0085 0.0003 0.9891 0.0008 
          47 186 0.0063 0.0004 0.0015 0.9905 0.0013 
          48 186 0.0037 0.0010 0.0007 0.9943 0.0003 
          49 186 0.0563 0.0006 0.0002 0.9426 0.0003 
          50 186 0.0334 0.0004 0.0018 0.9607 0.0036 
          51 186 0.0175 0.0011 0.0004 0.9807 0.0003 
          52 186 0.0147 0.0025 0.0007 0.9813 0.0007 
          53 186 0.0615 0.0007 0.0025 0.9347 0.0006 
          54 186 0.0019 0.0032 0.0008 0.9936 0.0004 
          55 186 0.0158 0.0044 0.0007 0.9784 0.0007 
          56 186 0.1275 0.0003 0.0008 0.8687 0.0027 
          57 186 0.0236 0.0090 0.0707 0.8957 0.0009 
          58 186 0.0021 0.0010 0.0003 0.9960 0.0006 
          59 186 0.0013 0.0002 0.0006 0.9929 0.0049 
          60 186 0.0008 0.0016 0.0025 0.9947 0.0004 
           1 187 0.0263 0.0009 0.0033 0.9643 0.0052 
           2 187 0.0618 0.0009 0.0014 0.9344 0.0015 
           3 187 0.1411 0.0010 0.0138 0.8420 0.0020 
           4 187 0.1320 0.0004 0.0083 0.8414 0.0179 
           5 187 0.0088 0.0031 0.0005 0.9872 0.0004 
           6 187 0.0057 0.0040 0.0006 0.9883 0.0014 
           7 187 0.1454 0.0068 0.0010 0.8217 0.0251 
           8 187 0.0016 0.0031 0.0006 0.9934 0.0013 
           9 187 0.1255 0.0003 0.0011 0.8729 0.0002 
          10 187 0.0040 0.0009 0.0012 0.9725 0.0214 
          11 187 0.0005 0.0005 0.0002 0.9939 0.0049 
          12 187 0.0597 0.0004 0.0003 0.9390 0.0006 
          13 187 0.0205 0.0005 0.0015 0.9761 0.0014 
          14 187 0.0261 0.0017 0.0019 0.9694 0.0009 
          15 187 0.0403 0.0071 0.0005 0.9485 0.0036 
          16 187 0.1439 0.0019 0.0016 0.8501 0.0026 
          17 187 0.1006 0.0005 0.0075 0.8826 0.0088 
          18 187 0.0149 0.0006 0.0008 0.9831 0.0006 
          19 187 0.0008 0.0010 0.0003 0.9972 0.0007 
          20 187 0.0016 0.0074 0.0008 0.9897 0.0005 
          21 187 0.0636 0.0017 0.0013 0.8969 0.0365 
          22 187 0.0521 0.0005 0.0023 0.9435 0.0017 
          23 187 0.0027 0.0005 0.0007 0.9960 0.0002 
          24 187 0.1652 0.0007 0.0016 0.7917 0.0408 
          25 187 0.0011 0.0044 0.0022 0.9913 0.0009 
          26 187 0.0063 0.0014 0.0037 0.9883 0.0003 
          27 187 0.0717 0.0004 0.0005 0.9271 0.0002 
          28 187 0.0021 0.0016 0.0057 0.9659 0.0247 
          29 187 0.0093 0.0007 0.0009 0.9853 0.0038 
          30 187 0.0056 0.0008 0.0384 0.9532 0.0019 
          32 187 0.0372 0.0005 0.0002 0.9028 0.0592 
          33 187 0.0386 0.0003 0.0005 0.9534 0.0071 
          34 187 0.0070 0.0018 0.0005 0.9900 0.0006 
          35 187 0.0276 0.0020 0.0061 0.9626 0.0017 
          36 187 0.0022 0.0012 0.0015 0.9945 0.0005 
          37 187 0.0199 0.0005 0.0074 0.9703 0.0019 
          38 187 0.0894 0.0290 0.0588 0.8084 0.0143 
           1 188 0.0181 0.0006 0.0009 0.9772 0.0032 
           2 188 0.0059 0.0013 0.0007 0.9826 0.0095 
           3 188 0.1457 0.0043 0.0008 0.8434 0.0058 
           4 188 0.0338 0.0116 0.0005 0.9365 0.0176 
           5 188 0.0060 0.0009 0.0021 0.9887 0.0022 
           6 188 0.1271 0.0004 0.0010 0.8712 0.0003 
           7 188 0.0011 0.0013 0.0004 0.9969 0.0003 
           8 188 0.0118 0.0009 0.0003 0.9589 0.0281 
           9 188 0.0027 0.0215 0.0004 0.9750 0.0004 
          10 188 0.0381 0.0004 0.0011 0.9596 0.0007 
          11 188 0.0003 0.0014 0.0004 0.9974 0.0005 
          12 188 0.0033 0.0007 0.0450 0.9495 0.0014 
          13 188 0.0805 0.0006 0.0057 0.8899 0.0233 
          14 188 0.0671 0.0002 0.0027 0.9124 0.0176 
          15 188 0.0011 0.0018 0.0003 0.9963 0.0005 
          16 188 0.0585 0.0004 0.0008 0.9382 0.0021 
          17 188 0.1285 0.0005 0.0009 0.8692 0.0009 
          18 188 0.0287 0.0004 0.0479 0.9227 0.0004 
          19 188 0.0057 0.0009 0.0028 0.9900 0.0006 
          20 188 0.1122 0.0018 0.0063 0.8625 0.0173 
          21 188 0.0571 0.0027 0.0050 0.9345 0.0007 
          22 188 0.0008 0.0066 0.0099 0.9787 0.0040 
          23 188 0.0025 0.0004 0.0502 0.9445 0.0024 
          24 188 0.0032 0.0005 0.0344 0.9616 0.0003 
          25 188 0.0234 0.0030 0.0417 0.9314 0.0005 
          26 188 0.1692 0.0005 0.0013 0.8170 0.0120 
          27 188 0.0051 0.0006 0.0014 0.9408 0.0521 
          28 188 0.0575 0.0007 0.0004 0.9404 0.0012 
          29 188 0.2102 0.0014 0.0028 0.7845 0.0011 
          30 188 0.0702 0.0005 0.0014 0.9097 0.0183 
          31 188 0.0027 0.0008 0.0034 0.9914 0.0017 
          32 188 0.0086 0.0004 0.0004 0.9901 0.0005 
          33 188 0.0089 0.0002 0.0036 0.9870 0.0003 
          34 188 0.0050 0.0007 0.0053 0.9881 0.0010 
          35 188 0.0211 0.0064 0.0517 0.9172 0.0036 
          36 188 0.1651 0.0024 0.0010 0.7717 0.0599 
          37 188 0.0023 0.0015 0.0008 0.9947 0.0007 
          38 188 0.0129 0.0008 0.0010 0.9242 0.0612 
          39 188 0.0565 0.0042 0.0015 0.9335 0.0044 
          40 188 0.0035 0.0005 0.0005 0.9935 0.0020 
           7 189 0.0036 0.0005 0.0005 0.9927 0.0026 
           8 189 0.0056 0.0005 0.0007 0.9854 0.0079 
           9 189 0.0147 0.0006 0.0021 0.9792 0.0033 
          10 189 0.0856 0.0003 0.0004 0.9083 0.0054 
          11 189 0.0043 0.0190 0.0044 0.9711 0.0012 
          12 189 0.0355 0.0019 0.0007 0.9406 0.0213 
          13 189 0.0008 0.0009 0.0023 0.9955 0.0005 
          14 189 0.1290 0.0003 0.0050 0.8591 0.0067 
          16 189 0.1445 0.0055 0.0022 0.8286 0.0192 
          17 189 0.0027 0.0011 0.0009 0.9951 0.0002 
          18 189 0.0347 0.0006 0.0013 0.9522 0.0112 
          19 189 0.0035 0.0026 0.0073 0.9842 0.0024 
          20 189 0.1536 0.0004 0.0006 0.8312 0.0143 
          21 189 0.0059 0.0007 0.0009 0.9871 0.0054 
          23 189 0.0088 0.0010 0.0025 0.9872 0.0004 
          24 189 0.0025 0.0011 0.0006 0.9495 0.0463 
          25 189 0.0062 0.0007 0.0023 0.9894 0.0015 
          26 189 0.0058 0.0023 0.0016 0.9820 0.0082 
          27 189 0.0107 0.0024 0.0035 0.9827 0.0008 
          28 189 0.0613 0.0010 0.0004 0.9370 0.0003 
          29 189 0.0308 0.0008 0.0017 0.9565 0.0102 
          30 189 0.0052 0.0019 0.0137 0.9759 0.0034 
          31 189 0.0028 0.0003 0.0024 0.9939 0.0006 
          32 189 0.0308 0.0011 0.0003 0.9316 0.0362 
          33 189 0.0018 0.0014 0.0072 0.9885 0.0011 
          34 189 0.0114 0.0037 0.0002 0.9845 0.0002 
          35 189 0.0011 0.0004 0.0008 0.9972 0.0005 
          36 189 0.0190 0.0005 0.0013 0.9638 0.0154 
          37 189 0.0020 0.0014 0.0054 0.9908 0.0004 
          38 189 0.0238 0.0046 0.0020 0.9686 0.0009 
          39 189 0.0010 0.0007 0.0007 0.9760 0.0215 
          40 189 0.1331 0.0008 0.0014 0.8456 0.0191 
          41 189 0.0108 0.0003 0.0043 0.9774 0.0072 
          42 189 0.2624 0.0201 0.0040 0.6925 0.0211 
          43 189 0.1312 0.0015 0.0007 0.8661 0.0005 
           1 190 0.1180 0.0030 0.0008 0.8622 0.0160 
           3 190 0.0086 0.0013 0.0127 0.9768 0.0006 
           4 190 0.0230 0.0013 0.0007 0.9745 0.0005 
           5 190 0.0243 0.0005 0.0007 0.9720 0.0026 
           6 190 0.0067 0.0009 0.0007 0.9912 0.0005 
           7 190 0.0026 0.0002 0.0021 0.9942 0.0009 
           8 190 0.0019 0.0020 0.0398 0.9499 0.0064 
           9 190 0.3025 0.0113 0.0900 0.4546 0.1416 
          10 190 0.0043 0.0008 0.0004 0.9937 0.0008 
          11 190 0.0148 0.0140 0.0004 0.9598 0.0111 
          12 190 0.0391 0.0017 0.0010 0.9574 0.0008 
          13 190 0.1258 0.0010 0.0004 0.8720 0.0007 
          14 190 0.0026 0.0041 0.0005 0.9915 0.0013 
          15 190 0.1154 0.0299 0.0018 0.8521 0.0008 
          16 190 0.0033 0.0003 0.0005 0.9917 0.0042 
          17 190 0.0102 0.0035 0.0010 0.9803 0.0049 
          18 190 0.1377 0.0004 0.0044 0.8548 0.0026 
          19 190 0.0018 0.0006 0.0013 0.9956 0.0007 
          20 190 0.0044 0.0008 0.0093 0.9851 0.0005 
          22 190 0.1071 0.0006 0.0008 0.8397 0.0517 
          23 190 0.0022 0.0008 0.0009 0.9896 0.0065 
          24 190 0.1170 0.0007 0.0009 0.8751 0.0063 
          25 190 0.0104 0.0007 0.0004 0.9861 0.0024 
          26 190 0.0006 0.0020 0.0013 0.9958 0.0004 
          27 190 0.1291 0.0150 0.0009 0.8546 0.0004 
          28 190 0.0147 0.0063 0.0008 0.9769 0.0013 
          29 190 0.1353 0.0003 0.0002 0.8588 0.0053 
          31 190 0.1361 0.0008 0.0002 0.8371 0.0258 
           7 191 0.0034 0.0003 0.0005 0.9955 0.0003 
           8 191 0.0075 0.0004 0.0007 0.9881 0.0033 
           9 191 0.0013 0.0004 0.0005 0.9971 0.0006 
          10 191 0.0028 0.0003 0.0048 0.9915 0.0005 
          11 191 0.0065 0.0005 0.0005 0.9884 0.0040 
          12 191 0.0393 0.0735 0.0005 0.8843 0.0025 
          13 191 0.1220 0.0008 0.0011 0.8751 0.0009 
          14 191 0.0071 0.0013 0.0003 0.9867 0.0045 
          15 191 0.0732 0.0010 0.0017 0.9181 0.0061 
          16 191 0.0051 0.0007 0.0024 0.9910 0.0008 
          17 191 0.0426 0.0011 0.0500 0.8839 0.0224 
          18 191 0.0280 0.0007 0.0007 0.9679 0.0027 
          19 191 0.0042 0.0014 0.0040 0.9782 0.0123 
          20 191 0.0136 0.0003 0.0022 0.9789 0.0050 
          21 191 0.0530 0.0049 0.0209 0.9180 0.0032 
          22 191 0.0081 0.0003 0.0006 0.9898 0.0012 
          23 191 0.0154 0.0007 0.0010 0.9825 0.0004 
          24 191 0.0087 0.0004 0.0003 0.9899 0.0008 
          25 191 0.0362 0.0007 0.0006 0.9578 0.0047 
          26 191 0.1254 0.0009 0.0036 0.8506 0.0194 
          27 191 0.0618 0.0012 0.0008 0.9356 0.0006 
          28 191 0.1145 0.0007 0.0034 0.8785 0.0029 
          29 191 0.0123 0.0005 0.0164 0.9702 0.0007 
          30 191 0.0034 0.0006 0.0003 0.9954 0.0004 
          39 191 0.0024 0.0171 0.0004 0.9774 0.0026 
          40 191 0.0016 0.0005 0.0004 0.9960 0.0015 
          41 191 0.0890 0.0004 0.0036 0.8991 0.0079 
          42 191 0.0018 0.0005 0.0002 0.9971 0.0003 
          43 191 0.0538 0.0010 0.0016 0.9423 0.0013 
          44 191 0.0084 0.0002 0.0060 0.9799 0.0055 
          45 191 0.0060 0.0044 0.0025 0.9860 0.0012 
          46 191 0.1165 0.0003 0.0153 0.8513 0.0165 
          47 191 0.0043 0.0008 0.0013 0.9905 0.0030 
          48 191 0.0008 0.0031 0.0011 0.9940 0.0011 
          49 191 0.0012 0.0046 0.0102 0.9764 0.0075 
          50 191 0.0242 0.0007 0.0008 0.9735 0.0008 
           9 192 0.0035 0.0004 0.0003 0.9953 0.0004 
          10 192 0.0030 0.0013 0.0002 0.9934 0.0021 
          11 192 0.0822 0.0008 0.0042 0.9122 0.0006 
          12 192 0.0593 0.0005 0.0005 0.9388 0.0010 
          13 192 0.0459 0.0007 0.0006 0.9084 0.0444 
          14 192 0.0127 0.0003 0.0691 0.9168 0.0011 
          15 192 0.0009 0.0021 0.0015 0.9944 0.0010 
          16 192 0.0011 0.0004 0.0006 0.9911 0.0067 
          17 192 0.0134 0.0091 0.0015 0.9624 0.0137 
          18 192 0.1088 0.0005 0.0012 0.8886 0.0009 
          19 192 0.0024 0.0018 0.0006 0.9910 0.0042 
          20 192 0.0787 0.0241 0.0006 0.8954 0.0012 
          21 192 0.0023 0.0079 0.0004 0.9890 0.0003 
          22 192 0.0047 0.0023 0.0155 0.9624 0.0151 
          23 192 0.2115 0.0009 0.0050 0.7755 0.0072 
          24 192 0.0022 0.0026 0.0005 0.9917 0.0031 
          33 192 0.1801 0.0093 0.0005 0.8075 0.0026 
          35 192 0.0009 0.0065 0.0018 0.9901 0.0007 
          36 192 0.0042 0.0009 0.0004 0.9941 0.0005 
          37 192 0.0473 0.0008 0.0007 0.9507 0.0005 
          38 192 0.1108 0.0004 0.0005 0.8834 0.0048 
          39 192 0.0028 0.0005 0.0005 0.9950 0.0012 
          40 192 0.0662 0.0002 0.0004 0.9182 0.0150 
          41 192 0.0675 0.0003 0.0012 0.9161 0.0149 
          42 192 0.1259 0.0004 0.0026 0.8666 0.0046 
          43 192 0.0050 0.0030 0.0030 0.9879 0.0011 
          45 192 0.0013 0.0020 0.0010 0.9952 0.0005 
          46 192 0.0248 0.0255 0.0019 0.9442 0.0036 
          47 192 0.0190 0.0004 0.0005 0.9795 0.0006 
          48 192 0.0015 0.0003 0.0008 0.9968 0.0006 
          49 192 0.0068 0.0036 0.0010 0.9394 0.0492 
          50 192 0.0026 0.0008 0.0003 0.9959 0.0004 
