        001s  1 0.0013 0.9987 
        002s  1 0.0050 0.9950 
        003s  1 0.0078 0.9922 
        004s  1 0.0582 0.9418 
        005s  1 0.4279 0.5721 
        006s  1 0.0018 0.9982 
        007s  1 0.0034 0.9966 
        008s  1 0.0085 0.9915 
        009s  1 0.0770 0.9230 
        010s  1 0.0098 0.9902 
        011s  1 0.0071 0.9929 
        012s  1 0.1356 0.8644 
        013s  1 0.0437 0.9563 
        014s  1 0.0407 0.9593 
        015s  1 0.0016 0.9984 
        016s  1 0.0042 0.9958 
        018s  1 0.1402 0.8598 
        019s  1 0.0099 0.9901 
        020s  1 0.0012 0.9988 
        021s  1 0.0028 0.9972 
        022s  1 0.0008 0.9992 
        023s  1 0.0012 0.9988 
        024s  1 0.0035 0.9965 
        025s  1 0.0195 0.9805 
        026s  1 0.0032 0.9968 
        027s  1 0.0206 0.9794 
        028s  1 0.1133 0.8867 
        029s  1 0.0020 0.9980 
        030s  1 0.0082 0.9918 
        031s  1 0.0010 0.9990 
        032s  1 0.0020 0.9980 
        033s  1 0.0113 0.9887 
        034s  1 0.0067 0.9933 
        035s  1 0.0061 0.9939 
        036s  1 0.0796 0.9204 
        037s  1 0.1384 0.8616 
        038s  1 0.0038 0.9962 
        039s  1 0.0086 0.9914 
        040s  1 0.0062 0.9938 
        041s  1 0.0037 0.9963 
        042s  1 0.0747 0.9253 
        043s  1 0.0290 0.9710 
        044s  1 0.1163 0.8837 
        045s  1 0.0106 0.9894 
        046s  1 0.0024 0.9976 
        047s  1 0.0013 0.9987 
        048s  1 0.0132 0.9868 
        049s  1 0.0026 0.9974 
        050s  1 0.1003 0.8997 
        051s  1 0.0015 0.9985 
        052s  1 0.0392 0.9608 
        053s  1 0.0033 0.9967 
        054s  1 0.0019 0.9981 
        055s  1 0.1010 0.8990 
          01  2 0.1233 0.8767 
          02  2 0.0350 0.9650 
          03  2 0.0036 0.9964 
          04  2 0.0463 0.9537 
          05  2 0.0974 0.9026 
          06  2 0.0461 0.9539 
          07  2 0.0282 0.9718 
          08  2 0.0556 0.9444 
          09  2 0.0012 0.9988 
          10  2 0.0031 0.9969 
          11  2 0.0126 0.9874 
          12  2 0.0026 0.9974 
          13  2 0.0014 0.9986 
          14  2 0.0034 0.9966 
          15  2 0.0016 0.9984 
          16  2 0.0568 0.9432 
          17  2 0.0071 0.9929 
          18  2 0.0448 0.9552 
          19  2 0.0018 0.9982 
          20  2 0.0793 0.9207 
          21  2 0.0026 0.9974 
          22  2 0.0148 0.9852 
          23  2 0.0063 0.9937 
          24  2 0.0017 0.9983 
          25  2 0.0512 0.9488 
          26  2 0.0021 0.9979 
          27  2 0.0274 0.9726 
          28  2 0.0015 0.9985 
          29  2 0.0027 0.9973 
          30  2 0.1506 0.8494 
          01  3 0.6283 0.3717 
          02  3 0.7960 0.2040 
          03  3 0.6158 0.3842 
          04  3 0.7944 0.2056 
          05  3 0.7729 0.2271 
          06  3 0.9093 0.0907 
          07  3 0.5982 0.4018 
          08  3 0.6798 0.3202 
          09  3 0.6667 0.3333 
          10  3 0.6228 0.3772 
          11  3 0.6939 0.3061 
          12  3 0.7070 0.2930 
          13  3 0.9623 0.0377 
          14  3 0.7751 0.2249 
          15  3 0.6369 0.3631 
          16  3 0.9163 0.0837 
          17  3 0.5630 0.4370 
          18  3 0.5533 0.4467 
          19  3 0.8254 0.1746 
          20  3 0.7512 0.2488 
          21  3 0.7410 0.2590 
          22  3 0.6798 0.3202 
          23  3 0.7491 0.2509 
          24  3 0.7534 0.2466 
          25  3 0.6558 0.3442 
          26  3 0.7527 0.2473 
          27  3 0.6290 0.3710 
          28  3 0.8911 0.1089 
          29  3 0.8037 0.1963 
          30  3 0.6694 0.3306 
         001  4 0.9169 0.0831 
         002  4 0.8624 0.1376 
         003  4 0.8752 0.1248 
         004  4 0.9764 0.0236 
         005  4 0.8864 0.1136 
         006  4 0.8828 0.1172 
         007  4 0.8287 0.1713 
         008  4 0.8269 0.1731 
         009  4 0.9155 0.0845 
         010  4 0.9988 0.0012 
         011  4 0.8403 0.1597 
         012  4 0.8620 0.1380 
         013  4 0.9484 0.0516 
         014  4 0.8732 0.1268 
         015  4 0.9980 0.0020 
         016  4 0.9480 0.0520 
         017  4 0.9047 0.0953 
         019  4 0.9045 0.0955 
         020  4 0.8448 0.1552 
         021  4 0.8904 0.1096 
         001  5 0.8472 0.1528 
         002  5 0.7926 0.2074 
         003  5 0.7030 0.2970 
         004  5 0.7760 0.2240 
         005  5 0.8680 0.1320 
         006  5 0.8909 0.1091 
         007  5 0.9137 0.0863 
         008  5 0.9195 0.0805 
         009  5 0.7788 0.2212 
         010  5 0.8557 0.1443 
         011  5 0.8505 0.1495 
         012  5 0.8324 0.1676 
         013  5 0.6842 0.3158 
         014  5 0.6742 0.3258 
         015  5 0.9279 0.0721 
         016  5 0.8770 0.1230 
         017  5 0.8127 0.1873 
         018  5 0.7707 0.2293 
         019  5 0.8511 0.1489 
         020  5 0.8652 0.1348 
         021  5 0.6816 0.3184 
         022  5 0.7681 0.2319 
         023  5 0.9276 0.0724 
         024  5 0.7757 0.2243 
         025  5 0.8156 0.1844 
         026  5 0.7132 0.2868 
         027  5 0.9014 0.0986 
         028  5 0.8171 0.1829 
         029  5 0.8751 0.1249 
         030  5 0.8274 0.1726 
        001s  6 0.0375 0.9625 
        002s  6 0.0307 0.9693 
        003s  6 0.0109 0.9891 
        004s  6 0.0011 0.9989 
        006s  6 0.0961 0.9039 
        007s  6 0.0031 0.9969 
        008s  6 0.0043 0.9957 
        009s  6 0.0012 0.9988 
        010s  6 0.0469 0.9531 
        011s  6 0.0043 0.9957 
        012s  6 0.0044 0.9956 
        013s  6 0.0032 0.9968 
        014s  6 0.0578 0.9422 
        015s  6 0.0421 0.9579 
        016s  6 0.0019 0.9981 
        018s  6 0.2408 0.7592 
        019s  6 0.0284 0.9716 
        020s  6 0.0014 0.9986 
        021s  6 0.0244 0.9756 
        022s  6 0.0019 0.9981 
        023s  6 0.0139 0.9861 
        024s  6 0.0390 0.9610 
        025s  6 0.0090 0.9910 
        026s  6 0.0017 0.9983 
        027s  6 0.0021 0.9979 
        028s  6 0.0625 0.9375 
        029s  6 0.0012 0.9988 
        030s  6 0.0681 0.9319 
        031s  6 0.0103 0.9897 
        032s  6 0.0204 0.9796 
        033s  6 0.0459 0.9541 
        034s  6 0.0081 0.9919 
        035s  6 0.1194 0.8806 
        036s  6 0.0077 0.9923 
        037s  6 0.0028 0.9972 
        038s  6 0.0019 0.9981 
        039s  6 0.0010 0.9990 
        040s  6 0.0022 0.9978 
        041s  6 0.0048 0.9952 
        042s  6 0.0186 0.9814 
        043s  6 0.0029 0.9971 
        044s  6 0.0020 0.9980 
        045s  6 0.0042 0.9958 
        001s  7 0.0026 0.9974 
        002s  7 0.0238 0.9762 
        003s  7 0.0072 0.9928 
        004s  7 0.0070 0.9930 
        005s  7 0.0288 0.9712 
        006s  7 0.0576 0.9424 
        007s  7 0.0300 0.9700 
        008s  7 0.0072 0.9928 
        009s  7 0.0117 0.9883 
        010s  7 0.0016 0.9984 
        011s  7 0.0015 0.9985 
        012s  7 0.0016 0.9984 
        013s  7 0.0042 0.9958 
        014s  7 0.0220 0.9780 
        015s  7 0.0218 0.9782 
        016s  7 0.0632 0.9368 
        017s  7 0.0030 0.9970 
        018s  7 0.0039 0.9961 
        019s  7 0.0078 0.9922 
        020s  7 0.0028 0.9972 
        021s  7 0.0033 0.9967 
        022s  7 0.0114 0.9886 
        023s  7 0.0216 0.9784 
        024s  7 0.0029 0.9971 
        025s  7 0.0082 0.9918 
        026s  7 0.0021 0.9979 
        027s  7 0.0041 0.9959 
        028s  7 0.0084 0.9916 
        029s  7 0.0117 0.9883 
        030s  7 0.0014 0.9986 
        031s  7 0.0079 0.9921 
        032s  7 0.0671 0.9329 
        033s  7 0.0350 0.9650 
        034s  7 0.0429 0.9571 
        035s  7 0.0011 0.9989 
        036s  7 0.0042 0.9958 
        037s  7 0.0836 0.9164 
        038s  7 0.0109 0.9891 
        039s  7 0.0010 0.9990 
        040s  7 0.0710 0.9290 
        041s  7 0.0172 0.9828 
        042s  7 0.0065 0.9935 
        043s  7 0.0015 0.9985 
        044s  7 0.0879 0.9121 
         003  8 0.0121 0.9879 
         009  8 0.0027 0.9973 
         010  8 0.0009 0.9991 
         017  8 0.0025 0.9975 
         002  9 0.0014 0.9986 
         003  9 0.0006 0.9994 
         004  9 0.0008 0.9992 
         005  9 0.0018 0.9982 
         006  9 0.0032 0.9968 
         007  9 0.0025 0.9975 
         009  9 0.0016 0.9984 
         010  9 0.0009 0.9991 
         013  9 0.0030 0.9970 
         014  9 0.0009 0.9991 
         016  9 0.0006 0.9994 
         018  9 0.0028 0.9972 
         019  9 0.0026 0.9974 
         020  9 0.0012 0.9988 
         021  9 0.0010 0.9990 
         022  9 0.0010 0.9990 
         024  9 0.0015 0.9985 
         028  9 0.0017 0.9983 
         029  9 0.0009 0.9991 
         030  9 0.0010 0.9990 
         031  9 0.0021 0.9979 
         033  9 0.0042 0.9958 
         001 10 0.0012 0.9988 
         002 10 0.0008 0.9992 
         003 10 0.0016 0.9984 
         004 10 0.0010 0.9990 
         005 10 0.0012 0.9988 
         006 10 0.0025 0.9975 
         007 10 0.0015 0.9985 
         008 10 0.0021 0.9979 
         009 10 0.0025 0.9975 
         010 10 0.0015 0.9985 
         011 10 0.0026 0.9974 
         012 10 0.0027 0.9973 
         013 10 0.0018 0.9982 
         014 10 0.0019 0.9981 
         016 10 0.0025 0.9975 
         017 10 0.0023 0.9977 
         018 10 0.0065 0.9935 
         019 10 0.0013 0.9987 
         020 10 0.0039 0.9961 
         021 10 0.0014 0.9986 
         022 10 0.0012 0.9988 
         023 10 0.0012 0.9988 
         024 10 0.0008 0.9992 
         026 10 0.0012 0.9988 
        001s 11 0.0748 0.9252 
        002s 11 0.0055 0.9945 
        003s 11 0.0056 0.9944 
        004s 11 0.0018 0.9982 
        005s 11 0.0033 0.9967 
        006s 11 0.0185 0.9815 
        007s 11 0.0684 0.9316 
        008s 11 0.0014 0.9986 
        009s 11 0.0010 0.9990 
        010s 11 0.0025 0.9975 
        011s 11 0.1187 0.8813 
        012s 11 0.0806 0.9194 
        013s 11 0.0026 0.9974 
        014s 11 0.0311 0.9689 
        015s 11 0.0091 0.9909 
        016s 11 0.0285 0.9715 
        017s 11 0.0721 0.9279 
        018s 11 0.0110 0.9890 
        019s 11 0.0032 0.9968 
        020s 11 0.0044 0.9956 
        021s 11 0.0018 0.9982 
        022s 11 0.0307 0.9693 
        023s 11 0.0192 0.9808 
        025s 11 0.0012 0.9988 
        026s 11 0.0242 0.9758 
        027s 11 0.0053 0.9947 
        028s 11 0.0099 0.9901 
        029s 11 0.0239 0.9761 
        030s 11 0.0437 0.9563 
        031s 11 0.0013 0.9987 
        032s 11 0.0017 0.9983 
        033s 11 0.0056 0.9944 
        034s 11 0.0054 0.9946 
        035s 11 0.0088 0.9912 
        036s 11 0.0252 0.9748 
        037s 11 0.0037 0.9963 
        038s 11 0.0044 0.9956 
        039s 11 0.0019 0.9981 
        040s 11 0.0826 0.9174 
        041s 11 0.0035 0.9965 
        042s 11 0.0032 0.9968 
        043s 11 0.0339 0.9661 
        044s 11 0.0038 0.9962 
        045s 11 0.0027 0.9973 
        046s 11 0.0400 0.9600 
        047s 11 0.0034 0.9966 
        048s 11 0.0240 0.9760 
        049s 11 0.0024 0.9976 
        050s 11 0.0021 0.9979 
        051s 11 0.0114 0.9886 
        052s 11 0.0133 0.9867 
        053s 11 0.0011 0.9989 
        054s 11 0.0096 0.9904 
        055s 11 0.0579 0.9421 
        001s 12 0.0131 0.9869 
        002s 12 0.0020 0.9980 
        003s 12 0.0015 0.9985 
        004s 12 0.0251 0.9749 
        005s 12 0.0016 0.9984 
        006s 12 0.0540 0.9460 
        007s 12 0.0047 0.9953 
        008s 12 0.0194 0.9806 
        009s 12 0.0308 0.9692 
        010s 12 0.0629 0.9371 
        011s 12 0.0076 0.9924 
        012s 12 0.0138 0.9862 
        013s 12 0.0024 0.9976 
        014s 12 0.0612 0.9388 
        015s 12 0.0075 0.9925 
        016s 12 0.0016 0.9984 
        017s 12 0.0072 0.9928 
        018s 12 0.0023 0.9977 
        019s 12 0.0039 0.9961 
        020s 12 0.0567 0.9433 
        021s 12 0.0045 0.9955 
        022s 12 0.0455 0.9545 
        023s 12 0.0011 0.9989 
        024s 12 0.0016 0.9984 
        025s 12 0.0155 0.9845 
        026s 12 0.0182 0.9818 
        027s 12 0.0069 0.9931 
        028s 12 0.0029 0.9971 
        029s 12 0.0016 0.9984 
        030s 12 0.0039 0.9961 
        031s 12 0.0081 0.9919 
        032s 12 0.0014 0.9986 
        033s 12 0.0128 0.9872 
        034s 12 0.0013 0.9987 
        035s 12 0.0166 0.9834 
        036s 12 0.0263 0.9737 
        037s 12 0.0017 0.9983 
        001s 13 0.0098 0.9902 
        002s 13 0.0701 0.9299 
        003s 13 0.0019 0.9981 
        004s 13 0.0016 0.9984 
        005s 13 0.0210 0.9790 
        006s 13 0.0041 0.9959 
        007s 13 0.0317 0.9683 
        008s 13 0.0580 0.9420 
        009s 13 0.1207 0.8793 
        010s 13 0.0581 0.9419 
        011s 13 0.0573 0.9427 
        012s 13 0.0675 0.9325 
        013s 13 0.0611 0.9389 
        014s 13 0.0305 0.9695 
        015s 13 0.0073 0.9927 
        016s 13 0.0012 0.9988 
        017s 13 0.0584 0.9416 
        018s 13 0.0014 0.9986 
        019s 13 0.0027 0.9973 
        020s 13 0.0132 0.9868 
        021s 13 0.0014 0.9986 
        022s 13 0.0037 0.9963 
        023s 13 0.0020 0.9980 
        024s 13 0.0511 0.9489 
        025s 13 0.0023 0.9977 
        026s 13 0.1111 0.8889 
        027s 13 0.0504 0.9496 
        028s 13 0.0500 0.9500 
        029s 13 0.0246 0.9754 
        030s 13 0.0581 0.9419 
        031s 13 0.0397 0.9603 
        032s 13 0.0032 0.9968 
        033s 13 0.0576 0.9424 
        034s 13 0.0634 0.9366 
        035s 13 0.0022 0.9978 
        036s 13 0.0036 0.9964 
        037s 13 0.0016 0.9984 
        038s 13 0.0062 0.9938 
        039s 13 0.1099 0.8901 
        040s 13 0.0040 0.9960 
        041s 13 0.0739 0.9261 
        042s 13 0.0021 0.9979 
        001s 14 0.0202 0.9798 
        002s 14 0.0727 0.9273 
        003s 14 0.0022 0.9978 
        004s 14 0.0397 0.9603 
        005s 14 0.0007 0.9993 
        006s 14 0.0013 0.9987 
        007s 14 0.0032 0.9968 
        008s 14 0.0953 0.9047 
        009s 14 0.0046 0.9954 
        010s 14 0.0250 0.9750 
        011s 14 0.0690 0.9310 
        012s 14 0.0038 0.9962 
        013s 14 0.0074 0.9926 
        014s 14 0.0209 0.9791 
        015s 14 0.0023 0.9977 
        016s 14 0.0020 0.9980 
        017s 14 0.0801 0.9199 
        018s 14 0.0020 0.9980 
        019s 14 0.0065 0.9935 
        020s 14 0.0016 0.9984 
        021s 14 0.0034 0.9966 
        022s 14 0.0229 0.9771 
        023s 14 0.0072 0.9928 
        024s 14 0.0576 0.9424 
        025s 14 0.0096 0.9904 
        026s 14 0.0012 0.9988 
        027s 14 0.0034 0.9966 
        028s 14 0.0040 0.9960 
        029s 14 0.0008 0.9992 
        030s 14 0.0116 0.9884 
        031s 14 0.0075 0.9925 
        032s 14 0.0036 0.9964 
        033s 14 0.0376 0.9624 
        034s 14 0.0010 0.9990 
        035s 14 0.1628 0.8372 
        036s 14 0.1174 0.8826 
        037s 14 0.0019 0.9981 
        038s 14 0.0024 0.9976 
        039s 14 0.0100 0.9900 
        040s 14 0.0098 0.9902 
        041s 14 0.0035 0.9965 
        042s 14 0.0429 0.9571 
        001s 15 0.0019 0.9981 
        002s 15 0.1016 0.8984 
        003s 15 0.0125 0.9875 
        004s 15 0.0015 0.9985 
        005s 15 0.0316 0.9684 
        006s 15 0.0214 0.9786 
        007s 15 0.0012 0.9988 
        008s 15 0.0015 0.9985 
        009s 15 0.0665 0.9335 
        010s 15 0.0020 0.9980 
        011s 15 0.0689 0.9311 
        012s 15 0.0114 0.9886 
        013s 15 0.0019 0.9981 
        014s 15 0.0065 0.9935 
        015s 15 0.0906 0.9094 
        016s 15 0.0941 0.9059 
        017s 15 0.0038 0.9962 
        018s 15 0.0018 0.9982 
        019s 15 0.0071 0.9929 
        020s 15 0.0018 0.9982 
        021s 15 0.0726 0.9274 
        022s 15 0.0046 0.9954 
        023s 15 0.0425 0.9575 
        024s 15 0.0067 0.9933 
        025s 15 0.0225 0.9775 
        026s 15 0.0054 0.9946 
        027s 15 0.0272 0.9728 
        028s 15 0.0023 0.9977 
        029s 15 0.0024 0.9976 
        030s 15 0.0012 0.9988 
        031s 15 0.0653 0.9347 
        032s 15 0.0011 0.9989 
        033s 15 0.0555 0.9445 
        035s 15 0.0131 0.9869 
        036s 15 0.0041 0.9959 
        037s 15 0.0095 0.9905 
        038s 15 0.0067 0.9933 
        039s 15 0.0438 0.9562 
        040s 15 0.0132 0.9868 
        041s 15 0.0868 0.9132 
        042s 15 0.0043 0.9957 
        043s 15 0.0172 0.9828 
        044s 15 0.0083 0.9917 
        045s 15 0.0721 0.9279 
        046s 15 0.0485 0.9515 
        047s 15 0.0410 0.9590 
        048s 15 0.0025 0.9975 
        049s 15 0.0273 0.9727 
        050s 15 0.1118 0.8882 
         001 16 0.1903 0.8097 
         002 16 0.0410 0.9590 
         003 16 0.0258 0.9742 
         004 16 0.0034 0.9966 
         005 16 0.0764 0.9236 
         006 16 0.0359 0.9641 
         007 16 0.0077 0.9923 
         008 16 0.1414 0.8586 
         009 16 0.0026 0.9974 
         010 16 0.0151 0.9849 
         011 16 0.0161 0.9839 
         012 16 0.0047 0.9953 
         013 16 0.0020 0.9980 
         014 16 0.0326 0.9674 
         015 16 0.0460 0.9540 
         016 16 0.0021 0.9979 
         017 16 0.0355 0.9645 
         018 16 0.0647 0.9353 
         019 16 0.0763 0.9237 
         020 16 0.0012 0.9988 
         021 16 0.1311 0.8689 
         022 16 0.0070 0.9930 
         023 16 0.0192 0.9808 
         024 16 0.0072 0.9928 
         025 16 0.0813 0.9187 
         026 16 0.1102 0.8898 
         027 16 0.0072 0.9928 
         028 16 0.1663 0.8337 
         029 16 0.0523 0.9477 
         030 16 0.0060 0.9940 
         031 16 0.0040 0.9960 
         032 16 0.0784 0.9216 
         033 16 0.0021 0.9979 
         034 16 0.0170 0.9830 
         035 16 0.0011 0.9989 
         036 16 0.0015 0.9985 
         037 16 0.0655 0.9345 
         038 16 0.0060 0.9940 
         039 16 0.0021 0.9979 
         040 16 0.0049 0.9951 
         041 16 0.0025 0.9975 
         042 16 0.0034 0.9966 
         043 16 0.0022 0.9978 
         044 16 0.0093 0.9907 
         045 16 0.0210 0.9790 
         047 16 0.0543 0.9457 
         048 16 0.0131 0.9869 
         049 16 0.0035 0.9965 
         050 16 0.0020 0.9980 
         051 16 0.0060 0.9940 
         052 16 0.0008 0.9992 
         053 16 0.0014 0.9986 
         054 16 0.0579 0.9421 
         055 16 0.0839 0.9161 
         056 16 0.0022 0.9978 
         057 16 0.0591 0.9409 
         058 16 0.1127 0.8873 
         059 16 0.1288 0.8712 
         060 16 0.0068 0.9932 
         061 16 0.0055 0.9945 
         062 16 0.0076 0.9924 
         063 16 0.0050 0.9950 
         064 16 0.0014 0.9986 
         065 16 0.0101 0.9899 
         066 16 0.0014 0.9986 
         067 16 0.0147 0.9853 
         068 16 0.0149 0.9851 
         069 16 0.0022 0.9978 
         070 16 0.0093 0.9907 
         071 16 0.1001 0.8999 
         072 16 0.0096 0.9904 
         073 16 0.0058 0.9942 
         074 16 0.0015 0.9985 
         075 16 0.0522 0.9478 
         076 16 0.0032 0.9968 
         077 16 0.0672 0.9328 
         078 16 0.0142 0.9858 
         079 16 0.0975 0.9025 
         080 16 0.0021 0.9979 
         081 16 0.0666 0.9334 
         082 16 0.0496 0.9504 
         083 16 0.0025 0.9975 
         084 16 0.0081 0.9919 
         085 16 0.0031 0.9969 
         086 16 0.1217 0.8783 
         087 16 0.0303 0.9697 
         088 16 0.0015 0.9985 
         089 16 0.0129 0.9871 
         090 16 0.0084 0.9916 
         091 16 0.0044 0.9956 
         092 16 0.0260 0.9740 
         093 16 0.0027 0.9973 
         094 16 0.0157 0.9843 
         095 16 0.0010 0.9990 
         096 16 0.0292 0.9708 
         097 16 0.1227 0.8773 
         098 16 0.0031 0.9969 
         099 16 0.0012 0.9988 
         100 16 0.0022 0.9978 
         101 16 0.0219 0.9781 
         102 16 0.0071 0.9929 
         103 16 0.0073 0.9927 
         104 16 0.0048 0.9952 
         105 16 0.1120 0.8880 
         106 16 0.0032 0.9968 
         107 16 0.0086 0.9914 
         108 16 0.1326 0.8674 
         109 16 0.0418 0.9582 
         110 16 0.0012 0.9988 
         111 16 0.0345 0.9655 
         112 16 0.0250 0.9750 
         113 16 0.0679 0.9321 
         114 16 0.0088 0.9912 
         115 16 0.0017 0.9983 
         116 16 0.0151 0.9849 
         117 16 0.0337 0.9663 
         118 16 0.0043 0.9957 
         119 16 0.0065 0.9935 
         120 16 0.0057 0.9943 
         121 16 0.0089 0.9911 
         122 16 0.0012 0.9988 
         123 16 0.0096 0.9904 
         124 16 0.0148 0.9852 
         126 16 0.1420 0.8580 
         001 17 0.0051 0.9949 
         002 17 0.0036 0.9964 
         003 17 0.0018 0.9982 
         005 17 0.0011 0.9989 
         006 17 0.0540 0.9460 
         007 17 0.1480 0.8520 
         008 17 0.1277 0.8723 
         009 17 0.0009 0.9991 
         010 17 0.0029 0.9971 
         011 17 0.1811 0.8189 
         012 17 0.0052 0.9948 
         013 17 0.0008 0.9992 
         014 17 0.0015 0.9985 
         015 17 0.0084 0.9916 
         016 17 0.0027 0.9973 
         017 17 0.0073 0.9927 
         018 17 0.0409 0.9591 
         019 17 0.0009 0.9991 
         020 17 0.0033 0.9967 
         021 17 0.0014 0.9986 
         022 17 0.0641 0.9359 
         023 17 0.0045 0.9955 
         024 17 0.0878 0.9122 
         025 17 0.0017 0.9983 
         002 18 0.0012 0.9988 
         003 18 0.0010 0.9990 
         004 18 0.0340 0.9660 
         005 18 0.0084 0.9916 
         006 18 0.0010 0.9990 
         007 18 0.0090 0.9910 
         008 18 0.0014 0.9986 
         009 18 0.0367 0.9633 
         010 18 0.0028 0.9972 
         011 18 0.0024 0.9976 
         012 18 0.0146 0.9854 
         015 18 0.0032 0.9968 
         016 18 0.0143 0.9857 
         018 18 0.0012 0.9988 
         026 18 0.0052 0.9948 
         027 18 0.0010 0.9990 
         028 18 0.0037 0.9963 
         029 18 0.0035 0.9965 
         031 18 0.1021 0.8979 
         032 18 0.0014 0.9986 
         033 18 0.0022 0.9978 
         035 18 0.0028 0.9972 
         036 18 0.0020 0.9980 
         037 18 0.0202 0.9798 
         038 18 0.0470 0.9530 
         039 18 0.0012 0.9988 
         044 18 0.1348 0.8652 
         046 18 0.0037 0.9963 
         049 18 0.0016 0.9984 
         053 18 0.0052 0.9948 
         054 18 0.0188 0.9812 
         056 18 0.0182 0.9818 
         057 18 0.0025 0.9975 
         058 18 0.0029 0.9971 
        001s 19 0.0666 0.9334 
        002s 19 0.0055 0.9945 
        003s 19 0.0092 0.9908 
        004s 19 0.0081 0.9919 
        005s 19 0.0707 0.9293 
        006s 19 0.0056 0.9944 
        007s 19 0.0422 0.9578 
        008s 19 0.0582 0.9418 
        009s 19 0.0049 0.9951 
        010s 19 0.0158 0.9842 
        011s 19 0.0035 0.9965 
        012s 19 0.0095 0.9905 
        013s 19 0.0303 0.9697 
        014s 19 0.0844 0.9156 
        015s 19 0.0050 0.9950 
        016s 19 0.0083 0.9917 
        017s 19 0.0446 0.9554 
        018s 19 0.0056 0.9944 
        019s 19 0.0945 0.9055 
        020s 19 0.0840 0.9160 
        021s 19 0.0133 0.9867 
        022s 19 0.0238 0.9762 
        023s 19 0.0063 0.9937 
        024s 19 0.0014 0.9986 
        025s 19 0.0967 0.9033 
        026s 19 0.0261 0.9739 
        027s 19 0.0066 0.9934 
        028s 19 0.0142 0.9858 
        029s 19 0.0012 0.9988 
        030s 19 0.0088 0.9912 
        031s 19 0.0083 0.9917 
        032s 19 0.0035 0.9965 
        033s 19 0.0014 0.9986 
        034s 19 0.0029 0.9971 
        035s 19 0.0280 0.9720 
        036s 19 0.0020 0.9980 
        037s 19 0.0012 0.9988 
        038s 19 0.0069 0.9931 
        039s 19 0.0021 0.9979 
        040s 19 0.0157 0.9843 
        041s 19 0.0014 0.9986 
        042s 19 0.0101 0.9899 
        043s 19 0.0536 0.9464 
        044s 19 0.0013 0.9987 
        045s 19 0.0012 0.9988 
        046s 19 0.0083 0.9917 
        047s 19 0.0092 0.9908 
        048s 19 0.0999 0.9001 
        049s 19 0.0409 0.9591 
        050s 19 0.0015 0.9985 
        051s 19 0.0758 0.9242 
        052s 19 0.0029 0.9971 
      LIW2-4 20 0.0048 0.9952 
     LIW2-12 21 0.0035 0.9965 
     LIW2-20 22 0.0039 0.9961 
     LIW2-28 23 0.0663 0.9337 
      LIW1-5 24 0.0031 0.9969 
     LIW1-13 25 0.0831 0.9169 
     LIW1-21 26 0.0097 0.9903 
     LIW1-29 27 0.0440 0.9560 
      LIW2-5 28 0.0025 0.9975 
     LIW2-34 29 0.0011 0.9989 
     LIW2-21 30 0.0978 0.9022 
     LIW2-29 31 0.1853 0.8147 
      LIW1-6 32 0.0020 0.9980 
     LIW1-14 33 0.0601 0.9399 
     LIW1-22 34 0.0022 0.9978 
     LIW1-30 35 0.0028 0.9972 
      LIW2-6 36 0.0286 0.9714 
     LIW2-14 37 0.0035 0.9965 
     LIW2-22 38 0.0735 0.9265 
     LIW2-30 39 0.0020 0.9980 
      LIW1-7 40 0.0462 0.9538 
     LIW1-15 41 0.0012 0.9988 
     LIW1-23 42 0.0128 0.9872 
     LIW1-31 43 0.0088 0.9912 
      LIW2-7 44 0.0868 0.9132 
     LIW2-15 45 0.0027 0.9973 
     LIW2-23 46 0.0129 0.9871 
      LIW1-8 47 0.0021 0.9979 
     LIW1-16 48 0.0021 0.9979 
      LIW2-8 49 0.0016 0.9984 
     LIW2-16 50 0.3229 0.6771 
     LIW2-24 51 0.1932 0.8068 
     LIW2-32 52 0.0334 0.9666 
     LIW1-47 53 0.0249 0.9751 
      UMFS-1 54 0.0726 0.9274 
     UMFS-19 55 0.1461 0.8539 
     UMFS-31 56 0.0019 0.9981 
      UMFS-2 57 0.0034 0.9966 
     UMFS-10 58 0.0374 0.9626 
     UMFS-20 59 0.0735 0.9265 
     UMFS-32 60 0.0966 0.9034 
      UMFS-3 61 0.1155 0.8845 
     UMFS-11 62 0.4105 0.5895 
     UMFS-21 63 0.1034 0.8966 
     UMFS-33 64 0.0601 0.9399 
      UMFS-4 65 0.0546 0.9454 
     UMFS-22 66 0.0545 0.9455 
     UMFS-34 67 0.0878 0.9122 
      UMFS-5 68 0.0417 0.9583 
     UMFS-13 69 0.0943 0.9057 
     UMFS-23 70 0.0632 0.9368 
     UMFS-35 71 0.0714 0.9286 
      UMFS-6 72 0.0624 0.9376 
     UMFS-14 73 0.0505 0.9495 
     UMFS-24 74 0.0585 0.9415 
     UMFS-36 75 0.1017 0.8983 
      UMFS-7 76 0.5796 0.4204 
     UMFS-15 77 0.1050 0.8950 
     UMFS-25 78 0.1077 0.8923 
     UMFS-37 79 0.1027 0.8973 
      UMFS-8 80 0.0692 0.9308 
     UMFS-16 81 0.1030 0.8970 
     UMFS-26 82 0.0996 0.9004 
     UMFS-38 83 0.0341 0.9659 
      NEH1-2 84 0.2030 0.7970 
     NEH1-11 85 0.1780 0.8220 
     NEH1-20 86 0.1275 0.8725 
     NEH1-29 87 0.1076 0.8924 
      NEH2-2 88 0.1291 0.8709 
     NEH2-10 89 0.0737 0.9263 
     NEH2-18 90 0.2313 0.7687 
     NEH2-26 91 0.1358 0.8642 
      NEH1-3 92 0.0808 0.9192 
     NEH1-12 93 0.2522 0.7478 
     NEH1-21 94 0.1233 0.8767 
     NEH1-30 95 0.1605 0.8395 
      NEH2-3 96 0.1244 0.8756 
     NEH2-11 97 0.1912 0.8088 
     NEH2-19 98 0.1135 0.8865 
     NEH2-27 99 0.1622 0.8378 
      NEH1-4 100 0.2427 0.7573 
     NEH1-13 101 0.1102 0.8898 
     NEH1-22 102 0.1134 0.8866 
     NEH1-31 103 0.1169 0.8831 
      NEH2-4 104 0.1281 0.8719 
     NEH2-12 105 0.2144 0.7856 
     NEH2-20 106 0.0356 0.9644 
     NEH2-28 107 0.1466 0.8534 
      NEH1-5 108 0.1580 0.8420 
     NEH1-14 109 0.1857 0.8143 
     NEH1-23 110 0.0845 0.9155 
     NEH1-32 111 0.1701 0.8299 
      NEH2-5 112 0.1170 0.8830 
     NEH2-13 113 0.1689 0.8311 
     NEH2-22 114 0.1495 0.8505 
     NEH2-29 115 0.1161 0.8839 
      NEH1-6 116 0.1590 0.8410 
     NEH1-15 117 0.2133 0.7867 
     NEH1-24 118 0.2082 0.7918 
     NEH1-33 119 0.0837 0.9163 
      NEH2-6 120 0.0718 0.9282 
     NEH2-14 121 0.1533 0.8467 
     NEH2-21 122 0.0728 0.9272 
     NEH2-30 123 0.1346 0.8654 
      NEH1-7 124 0.2001 0.7999 
     NEH1-16 125 0.1414 0.8586 
     NEH1-25 126 0.1021 0.8979 
     NEH1-34 127 0.1362 0.8638 
      NEH2-7 128 0.1383 0.8617 
     NEH2-15 129 0.1632 0.8368 
     NEH2-23 130 0.2354 0.7646 
     NEH2-31 131 0.1294 0.8706 
      NEH1-8 132 0.1713 0.8287 
     NEH1-17 133 0.2806 0.7194 
     NEH1-26 134 0.1026 0.8974 
     NEH1-35 135 0.1186 0.8814 
      NEH2-8 136 0.0937 0.9063 
     NEH2-16 137 0.1073 0.8927 
     NEH2-24 138 0.1281 0.8719 
     NEH2-32 139 0.2605 0.7395 
      NEH1-1 140 0.2397 0.7603 
     NEH1-10 141 0.1686 0.8314 
     NEH1-19 142 0.1407 0.8593 
     NEH1-28 143 0.2119 0.7881 
      NEH2-1 144 0.1681 0.8319 
      NEH2-9 145 0.1141 0.8859 
     NEH2-17 146 0.1854 0.8146 
     NEH2-25 147 0.2116 0.7884 
      LIW1-1 148 0.1166 0.8834 
      LIW1-9 149 0.1652 0.8348 
     LIW1-17 150 0.0023 0.9977 
     LIW1-25 151 0.0014 0.9986 
      LIW2-9 152 0.0679 0.9321 
     LIW2-17 153 0.0043 0.9957 
     LIW2-25 154 0.0028 0.9972 
      LIW1-2 155 0.0026 0.9974 
     LIW1-10 156 0.0125 0.9875 
     LIW1-18 157 0.0092 0.9908 
     LIW1-26 158 0.0027 0.9973 
      LIW2-2 159 0.0015 0.9985 
     LIW2-10 160 0.0042 0.9958 
     LIW2-18 161 0.0632 0.9368 
     LIW2-26 162 0.0031 0.9969 
      LIW1-3 163 0.0190 0.9810 
     LIW1-11 164 0.0232 0.9768 
     LIW1-19 165 0.0684 0.9316 
     LIW1-27 166 0.0130 0.9870 
      LIW2-3 167 0.0252 0.9748 
     LIW2-11 168 0.0011 0.9989 
     LIW2-19 169 0.0060 0.9940 
     LIW2-27 170 0.0011 0.9989 
      LIW1-4 171 0.0025 0.9975 
     LIW1-12 172 0.0412 0.9588 
     LIW1-20 173 0.0070 0.9930 
     LIW1-28 174 0.0089 0.9911 
        001s 175 0.0069 0.9931 
        002s 175 0.0709 0.9291 
        003s 175 0.0015 0.9985 
        004s 175 0.0450 0.9550 
        005s 175 0.0049 0.9951 
        006s 175 0.1595 0.8405 
        007s 175 0.0016 0.9984 
        008s 175 0.0063 0.9937 
        009s 175 0.1162 0.8838 
        010s 175 0.0033 0.9967 
        011s 175 0.0080 0.9920 
        012s 175 0.0018 0.9982 
        013s 175 0.0076 0.9924 
        014s 175 0.0818 0.9182 
        015s 175 0.0045 0.9955 
        016s 175 0.0221 0.9779 
        017s 175 0.0233 0.9767 
        018s 175 0.0112 0.9888 
        019s 175 0.0036 0.9964 
        020s 175 0.0038 0.9962 
        021s 175 0.0031 0.9969 
        022s 175 0.0238 0.9762 
        023s 175 0.0146 0.9854 
        024s 175 0.0449 0.9551 
        025s 175 0.0567 0.9433 
        026s 175 0.0097 0.9903 
        027s 175 0.0054 0.9946 
        028s 175 0.0040 0.9960 
        029s 175 0.0022 0.9978 
        030s 175 0.1005 0.8995 
        031s 175 0.0049 0.9951 
        032s 175 0.0053 0.9947 
        033s 175 0.0325 0.9675 
        034s 175 0.0089 0.9911 
        035s 175 0.0147 0.9853 
        036s 175 0.0021 0.9979 
        037s 175 0.0034 0.9966 
        038s 175 0.0199 0.9801 
        039s 175 0.0050 0.9950 
        040s 175 0.0026 0.9974 
        041s 175 0.0069 0.9931 
        042s 175 0.0058 0.9942 
        043s 175 0.0104 0.9896 
        044s 175 0.0026 0.9974 
        045s 175 0.0724 0.9276 
        046s 175 0.0046 0.9954 
        047s 175 0.0018 0.9982 
        048s 175 0.0121 0.9879 
        049s 175 0.0361 0.9639 
        050s 175 0.0786 0.9214 
        001s 176 0.0867 0.9133 
        002s 176 0.0312 0.9688 
        003s 176 0.0037 0.9963 
        004s 176 0.0052 0.9948 
        005s 176 0.0017 0.9983 
        006s 176 0.0025 0.9975 
        007s 176 0.0786 0.9214 
        008s 176 0.0016 0.9984 
        009s 176 0.0022 0.9978 
        010s 176 0.0027 0.9973 
        011s 176 0.0016 0.9984 
        012s 176 0.0692 0.9308 
        013s 176 0.0313 0.9687 
        014s 176 0.0081 0.9919 
        015s 176 0.0024 0.9976 
        016s 176 0.0020 0.9980 
        017s 176 0.0008 0.9992 
        018s 176 0.0015 0.9985 
        019s 176 0.0609 0.9391 
        020s 176 0.0037 0.9963 
        021s 176 0.0110 0.9890 
        022s 176 0.0039 0.9961 
        023s 176 0.0023 0.9977 
        024s 176 0.0579 0.9421 
        025s 176 0.0206 0.9794 
        026s 176 0.0185 0.9815 
        027s 176 0.0014 0.9986 
        028s 176 0.0045 0.9955 
        029s 176 0.0035 0.9965 
        030s 176 0.0595 0.9405 
        031s 176 0.0174 0.9826 
        032s 176 0.0397 0.9603 
        033s 176 0.1312 0.8688 
        034s 176 0.0028 0.9972 
        035s 176 0.0292 0.9708 
        036s 176 0.0029 0.9971 
        037s 176 0.0730 0.9270 
        038s 176 0.0023 0.9977 
        039s 176 0.0018 0.9982 
        040s 176 0.0013 0.9987 
        041s 176 0.0030 0.9970 
        042s 176 0.0018 0.9982 
        043s 176 0.0349 0.9651 
        044s 176 0.0059 0.9941 
        045s 176 0.0240 0.9760 
        046s 176 0.0034 0.9966 
        047s 176 0.0020 0.9980 
        048s 176 0.0150 0.9850 
        050s 176 0.0036 0.9964 
        001s 177 0.0599 0.9401 
        002s 177 0.0015 0.9985 
        003s 177 0.0593 0.9407 
        004s 177 0.0026 0.9974 
        005s 177 0.0044 0.9956 
        006s 177 0.0064 0.9936 
        007s 177 0.0107 0.9893 
        008s 177 0.1507 0.8493 
        009s 177 0.0013 0.9987 
        010s 177 0.0387 0.9613 
        011s 177 0.0031 0.9969 
        012s 177 0.0064 0.9936 
        013s 177 0.0031 0.9969 
        014s 177 0.0448 0.9552 
        015s 177 0.0087 0.9913 
        016s 177 0.0010 0.9990 
        017s 177 0.0482 0.9518 
        018s 177 0.0198 0.9802 
        019s 177 0.0028 0.9972 
        020s 177 0.0071 0.9929 
        021s 177 0.0014 0.9986 
        022s 177 0.0160 0.9840 
        023s 177 0.0260 0.9740 
        024s 177 0.0022 0.9978 
        025s 177 0.0081 0.9919 
        026s 177 0.0024 0.9976 
        027s 177 0.0015 0.9985 
        028s 177 0.0013 0.9987 
        029s 177 0.0956 0.9044 
        030s 177 0.0178 0.9822 
        031s 177 0.0032 0.9968 
        032s 177 0.0398 0.9602 
        033s 177 0.0016 0.9984 
        034s 177 0.0042 0.9958 
        035s 177 0.0011 0.9989 
        036s 177 0.0321 0.9679 
        037s 177 0.0452 0.9548 
        038s 177 0.0204 0.9796 
        039s 177 0.0035 0.9965 
        040s 177 0.0427 0.9573 
        041s 177 0.1090 0.8910 
        042s 177 0.0423 0.9577 
        043s 177 0.0011 0.9989 
        044s 177 0.0027 0.9973 
        045s 177 0.0272 0.9728 
        046s 177 0.0021 0.9979 
        047s 177 0.0054 0.9946 
        048s 177 0.0164 0.9836 
        049s 177 0.0613 0.9387 
        050s 177 0.0013 0.9987 
        001s 178 0.0422 0.9578 
        002s 178 0.0107 0.9893 
        003s 178 0.0097 0.9903 
        004s 178 0.0076 0.9924 
        005s 178 0.0043 0.9957 
        006s 178 0.0743 0.9257 
        007s 178 0.0030 0.9970 
        008s 178 0.0884 0.9116 
        009s 178 0.0101 0.9899 
        010s 178 0.0019 0.9981 
        011s 178 0.0035 0.9965 
        012s 178 0.0060 0.9940 
        013s 178 0.0010 0.9990 
        014s 178 0.0459 0.9541 
        015s 178 0.0112 0.9888 
        016s 178 0.0240 0.9760 
        017s 178 0.0441 0.9559 
        018s 178 0.0042 0.9958 
        019s 178 0.0045 0.9955 
        020s 178 0.0016 0.9984 
        021s 178 0.0458 0.9542 
        022s 178 0.0043 0.9957 
        023s 178 0.1104 0.8896 
        024s 178 0.0018 0.9982 
        025s 178 0.0405 0.9595 
        026s 178 0.0013 0.9987 
        027s 178 0.0527 0.9473 
        028s 178 0.0533 0.9467 
        029s 178 0.0079 0.9921 
        030s 178 0.0211 0.9789 
        031s 178 0.0010 0.9990 
        032s 178 0.0019 0.9981 
        033s 178 0.0515 0.9485 
        034s 178 0.0012 0.9988 
        035s 178 0.0035 0.9965 
        036s 178 0.0012 0.9988 
        037s 178 0.0014 0.9986 
        039s 178 0.0345 0.9655 
        040s 178 0.0787 0.9213 
        041s 178 0.0018 0.9982 
        042s 178 0.0523 0.9477 
        043s 178 0.0533 0.9467 
        044s 178 0.1189 0.8811 
        045s 178 0.0032 0.9968 
        046s 178 0.0035 0.9965 
        047s 178 0.0339 0.9661 
        048s 178 0.0418 0.9582 
        049s 178 0.0133 0.9867 
        050s 178 0.0995 0.9005 
          01 179 0.0878 0.9122 
          02 179 0.0032 0.9968 
          03 179 0.1414 0.8586 
          04 179 0.0062 0.9938 
          05 179 0.0639 0.9361 
          06 179 0.0030 0.9970 
          07 179 0.0075 0.9925 
          08 179 0.0019 0.9981 
          09 179 0.0015 0.9985 
          10 179 0.0200 0.9800 
          11 179 0.0924 0.9076 
          12 179 0.0027 0.9973 
          13 179 0.0020 0.9980 
          14 179 0.0875 0.9125 
          15 179 0.0275 0.9725 
          16 179 0.0265 0.9735 
          17 179 0.0047 0.9953 
          18 179 0.0021 0.9979 
          19 179 0.0441 0.9559 
          20 179 0.0695 0.9305 
          21 179 0.0007 0.9993 
          22 179 0.0270 0.9730 
          23 179 0.0047 0.9953 
        001s 180 0.0483 0.9517 
        002s 180 0.0040 0.9960 
        003s 180 0.0028 0.9972 
        004s 180 0.0020 0.9980 
        005s 180 0.0184 0.9816 
        006s 180 0.0932 0.9068 
        007s 180 0.0022 0.9978 
        008s 180 0.0077 0.9923 
        009s 180 0.0024 0.9976 
        010s 180 0.0023 0.9977 
        011s 180 0.0041 0.9959 
        012s 180 0.0175 0.9825 
        013s 180 0.0042 0.9958 
        014s 180 0.0156 0.9844 
        015s 180 0.0032 0.9968 
        016s 180 0.0320 0.9680 
        017s 180 0.0035 0.9965 
        018s 180 0.0723 0.9277 
        019s 180 0.0045 0.9955 
        020s 180 0.0076 0.9924 
        021s 180 0.0061 0.9939 
        022s 180 0.0166 0.9834 
        023s 180 0.0014 0.9986 
        024s 180 0.0093 0.9907 
        025s 180 0.0186 0.9814 
        026s 180 0.0061 0.9939 
        027s 180 0.0109 0.9891 
        028s 180 0.0069 0.9931 
        029s 180 0.0441 0.9559 
        030s 180 0.0038 0.9962 
        031s 180 0.0017 0.9983 
        032s 180 0.0071 0.9929 
        033s 180 0.0056 0.9944 
        034s 180 0.0105 0.9895 
        035s 180 0.0222 0.9778 
        036s 180 0.0015 0.9985 
        037s 180 0.0039 0.9961 
        038s 180 0.0054 0.9946 
        039s 180 0.0052 0.9948 
        041s 180 0.0026 0.9974 
        042s 180 0.0054 0.9946 
        043s 180 0.0115 0.9885 
        044s 180 0.0024 0.9976 
        045s 180 0.0096 0.9904 
        046s 180 0.0259 0.9741 
        047s 180 0.0214 0.9786 
        048s 180 0.0035 0.9965 
        049s 180 0.0023 0.9977 
        050s 180 0.0023 0.9977 
         001 181 0.9996 0.0004 
         002 181 0.9997 0.0003 
         003 181 0.9996 0.0004 
         004 181 0.9861 0.0139 
         005 181 0.9960 0.0040 
         006 181 0.9997 0.0003 
         007 181 0.9996 0.0004 
         008 181 0.9995 0.0005 
         009 181 0.9998 0.0002 
         010 181 0.9976 0.0024 
         011 181 0.9997 0.0003 
         012 181 0.9993 0.0007 
         013 181 0.9982 0.0018 
         014 181 0.9995 0.0005 
         015 181 0.9997 0.0003 
         016 181 0.9993 0.0007 
         017 181 0.9997 0.0003 
         018 181 0.9993 0.0007 
         019 181 0.9961 0.0039 
         020 181 0.9996 0.0004 
         021 181 0.9997 0.0003 
         022 181 0.9998 0.0002 
         023 181 0.9997 0.0003 
         024 181 0.9931 0.0069 
         025 181 0.9996 0.0004 
         026 181 0.9997 0.0003 
         027 181 0.9998 0.0002 
         028 181 0.9998 0.0002 
         029 181 0.9996 0.0004 
         030 181 0.9996 0.0004 
         001 182 0.9997 0.0003 
         002 182 0.9992 0.0008 
         003 182 0.9838 0.0162 
         004 182 0.9995 0.0005 
         005 182 0.9969 0.0031 
         006 182 0.8800 0.1200 
         007 182 0.9918 0.0082 
         008 182 0.9984 0.0016 
         009 182 0.9993 0.0007 
         010 182 0.8963 0.1037 
         011 182 0.9993 0.0007 
         012 182 0.9236 0.0764 
         013 182 0.9956 0.0044 
         014 182 0.8965 0.1035 
         015 182 0.9997 0.0003 
         016 182 0.9994 0.0006 
         017 182 0.9297 0.0703 
         018 182 0.9992 0.0008 
         019 182 0.9996 0.0004 
         020 182 0.9998 0.0002 
         021 182 0.9291 0.0709 
         022 182 0.9993 0.0007 
         023 182 0.9993 0.0007 
         024 182 0.9992 0.0008 
         025 182 0.9995 0.0005 
         026 182 0.9997 0.0003 
         027 182 0.9983 0.0017 
         028 182 0.9990 0.0010 
         029 182 0.9974 0.0026 
         030 182 0.9997 0.0003 
          10 183 0.0011 0.9989 
          11 183 0.0015 0.9985 
          12 183 0.0013 0.9987 
          13 183 0.0566 0.9434 
          14 183 0.0010 0.9990 
          15 183 0.0260 0.9740 
          16 183 0.0752 0.9248 
          17 183 0.0023 0.9977 
          18 183 0.0014 0.9986 
          19 183 0.0008 0.9992 
          20 183 0.0338 0.9662 
          21 183 0.0044 0.9956 
          22 183 0.0182 0.9818 
          23 183 0.0165 0.9835 
          24 183 0.0009 0.9991 
          25 183 0.0047 0.9953 
          26 183 0.0120 0.9880 
          27 183 0.0311 0.9689 
          28 183 0.0065 0.9935 
          29 183 0.6939 0.3061 
          30 183 0.8308 0.1692 
          31 183 0.0025 0.9975 
          32 183 0.0008 0.9992 
          33 183 0.0072 0.9928 
          34 183 0.0013 0.9987 
          35 183 0.0266 0.9734 
          36 183 0.0013 0.9987 
          37 183 0.7859 0.2141 
          54 183 0.0695 0.9305 
          55 183 0.1193 0.8807 
           6 183 0.0147 0.9853 
           7 183 0.1190 0.8810 
           8 183 0.0544 0.9456 
           9 183 0.0107 0.9893 
           4 184 0.0071 0.9929 
           9 184 0.0024 0.9976 
          12 184 0.0225 0.9775 
          14 184 0.0038 0.9962 
          15 184 0.0013 0.9987 
          16 184 0.0030 0.9970 
          17 184 0.0084 0.9916 
          18 184 0.0976 0.9024 
          22 184 0.0018 0.9982 
          25 184 0.0122 0.9878 
          26 184 0.0036 0.9964 
          27 184 0.0024 0.9976 
          28 184 0.0015 0.9985 
          29 184 0.0008 0.9992 
          31 184 0.0062 0.9938 
          32 184 0.0125 0.9875 
          33 184 0.0024 0.9976 
          34 184 0.0013 0.9987 
          36 184 0.3773 0.6227 
          37 184 0.0084 0.9916 
          39 184 0.0353 0.9647 
          40 184 0.0098 0.9902 
          41 184 0.0120 0.9880 
          42 184 0.0045 0.9955 
          43 184 0.0022 0.9978 
          44 184 0.0828 0.9172 
          45 184 0.0008 0.9992 
          46 184 0.0038 0.9962 
          47 184 0.0008 0.9992 
          48 184 0.0018 0.9982 
          52 184 0.0874 0.9126 
          54 184 0.0022 0.9978 
          57 184 0.0031 0.9969 
          58 184 0.0042 0.9958 
          59 184 0.0762 0.9238 
          60 184 0.0021 0.9979 
           3 185 0.0460 0.9540 
           4 185 0.0030 0.9970 
           5 185 0.0038 0.9962 
           6 185 0.0023 0.9977 
           7 185 0.0919 0.9081 
           8 185 0.0810 0.9190 
           9 185 0.0055 0.9945 
          10 185 0.0037 0.9963 
          11 185 0.0700 0.9300 
          12 185 0.1075 0.8925 
          13 185 0.0019 0.9981 
          14 185 0.0030 0.9970 
          15 185 0.0574 0.9426 
          16 185 0.0046 0.9954 
          17 185 0.0094 0.9906 
          18 185 0.0011 0.9989 
          19 185 0.0012 0.9988 
          20 185 0.1358 0.8642 
          21 185 0.0114 0.9886 
          22 185 0.0177 0.9823 
          23 185 0.0397 0.9603 
          24 185 0.0017 0.9983 
          25 185 0.0836 0.9164 
          26 185 0.0052 0.9948 
          27 185 0.0015 0.9985 
          28 185 0.0024 0.9976 
          29 185 0.1431 0.8569 
          30 185 0.0170 0.9830 
          31 185 0.0168 0.9832 
          32 185 0.0103 0.9897 
          33 185 0.0288 0.9712 
          34 185 0.0020 0.9980 
          35 185 0.0047 0.9953 
          36 185 0.0035 0.9965 
          37 185 0.0371 0.9629 
          38 185 0.1054 0.8946 
          39 185 0.0640 0.9360 
          40 185 0.0021 0.9979 
          41 185 0.0016 0.9984 
          42 185 0.0020 0.9980 
           5 186 0.0021 0.9979 
           6 186 0.0032 0.9968 
           7 186 0.0057 0.9943 
           9 186 0.0893 0.9107 
          10 186 0.0608 0.9392 
          11 186 0.0075 0.9925 
          12 186 0.0039 0.9961 
          29 186 0.0050 0.9950 
          30 186 0.0011 0.9989 
          31 186 0.1112 0.8888 
          32 186 0.0695 0.9305 
          33 186 0.0014 0.9986 
          34 186 0.0402 0.9598 
          35 186 0.0009 0.9991 
          36 186 0.0034 0.9966 
          37 186 0.0475 0.9525 
          38 186 0.0417 0.9583 
          39 186 0.0020 0.9980 
          40 186 0.0017 0.9983 
          41 186 0.0115 0.9885 
          42 186 0.0018 0.9982 
          43 186 0.0199 0.9801 
          44 186 0.0010 0.9990 
          45 186 0.0013 0.9987 
          46 186 0.0016 0.9984 
          47 186 0.0091 0.9909 
          48 186 0.0019 0.9981 
          49 186 0.0009 0.9991 
          50 186 0.0317 0.9683 
          51 186 0.0013 0.9987 
          52 186 0.0030 0.9970 
          53 186 0.0019 0.9981 
          54 186 0.0018 0.9982 
          55 186 0.0052 0.9948 
          56 186 0.0045 0.9955 
          57 186 0.0229 0.9771 
          58 186 0.0025 0.9975 
          59 186 0.0128 0.9872 
          60 186 0.0010 0.9990 
           1 187 0.0406 0.9594 
           2 187 0.0100 0.9900 
           3 187 0.0362 0.9638 
           4 187 0.1275 0.8725 
           5 187 0.0016 0.9984 
           6 187 0.0078 0.9922 
           7 187 0.1519 0.8481 
           8 187 0.0042 0.9958 
           9 187 0.0010 0.9990 
          10 187 0.0485 0.9515 
          11 187 0.0025 0.9975 
          12 187 0.0024 0.9976 
          13 187 0.0146 0.9854 
          14 187 0.0028 0.9972 
          15 187 0.0091 0.9909 
          16 187 0.0280 0.9720 
          17 187 0.0799 0.9201 
          18 187 0.0036 0.9964 
          19 187 0.0016 0.9984 
          20 187 0.0026 0.9974 
          21 187 0.1033 0.8967 
          22 187 0.0043 0.9957 
          23 187 0.0011 0.9989 
          24 187 0.1028 0.8972 
          25 187 0.0038 0.9962 
          26 187 0.0012 0.9988 
          27 187 0.0009 0.9991 
          28 187 0.0107 0.9893 
          29 187 0.0123 0.9877 
          30 187 0.0053 0.9947 
          32 187 0.0961 0.9039 
          33 187 0.0345 0.9655 
          34 187 0.0028 0.9972 
          35 187 0.0214 0.9786 
          36 187 0.0018 0.9982 
          37 187 0.0106 0.9894 
          38 187 0.1268 0.8732 
           1 188 0.0143 0.9857 
           2 188 0.0354 0.9646 
           3 188 0.0552 0.9448 
           4 188 0.0701 0.9299 
           5 188 0.0054 0.9946 
           6 188 0.0012 0.9988 
           7 188 0.0014 0.9986 
           8 188 0.0603 0.9397 
           9 188 0.0029 0.9971 
          10 188 0.0113 0.9887 
          11 188 0.0011 0.9989 
          12 188 0.0040 0.9960 
          13 188 0.1129 0.8871 
          14 188 0.0936 0.9064 
          15 188 0.0014 0.9986 
          16 188 0.0369 0.9631 
          17 188 0.0052 0.9948 
          18 188 0.0068 0.9932 
          19 188 0.0039 0.9961 
          20 188 0.1213 0.8787 
          21 188 0.0097 0.9903 
          22 188 0.0058 0.9942 
          23 188 0.0165 0.9835 
          24 188 0.0007 0.9993 
          25 188 0.0029 0.9971 
          26 188 0.0892 0.9108 
          27 188 0.0667 0.9333 
          28 188 0.0039 0.9961 
          29 188 0.0579 0.9421 
          30 188 0.1060 0.8940 
          31 188 0.0099 0.9901 
          32 188 0.0021 0.9979 
          33 188 0.0024 0.9976 
          34 188 0.0018 0.9982 
          35 188 0.0376 0.9624 
          36 188 0.1151 0.8849 
          37 188 0.0030 0.9970 
          38 188 0.0925 0.9075 
          39 188 0.0445 0.9555 
          40 188 0.0028 0.9972 
           7 189 0.0092 0.9908 
           8 189 0.0058 0.9942 
           9 189 0.0099 0.9901 
          10 189 0.0118 0.9882 
          11 189 0.0037 0.9963 
          12 189 0.0776 0.9224 
          13 189 0.0013 0.9987 
          14 189 0.0537 0.9463 
          16 189 0.1497 0.8503 
          17 189 0.0013 0.9987 
          18 189 0.0566 0.9434 
          19 189 0.0045 0.9955 
          20 189 0.0729 0.9271 
          21 189 0.0234 0.9766 
          23 189 0.0017 0.9983 
          24 189 0.0525 0.9475 
          25 189 0.0136 0.9864 
          26 189 0.0371 0.9629 
          27 189 0.0040 0.9960 
          28 189 0.0006 0.9994 
          29 189 0.0061 0.9939 
          30 189 0.0058 0.9942 
          31 189 0.0013 0.9987 
          32 189 0.0839 0.9161 
          33 189 0.0028 0.9972 
          34 189 0.0009 0.9991 
          35 189 0.0014 0.9986 
          36 189 0.0561 0.9439 
          37 189 0.0014 0.9986 
          38 189 0.0096 0.9904 
          39 189 0.0215 0.9785 
          40 189 0.1470 0.8530 
          41 189 0.0338 0.9662 
          42 189 0.1806 0.8194 
          43 189 0.0037 0.9963 
           1 190 0.1218 0.8782 
           3 190 0.0024 0.9976 
           4 190 0.0028 0.9972 
           5 190 0.0249 0.9751 
           6 190 0.0019 0.9981 
           7 190 0.0032 0.9968 
           8 190 0.0332 0.9668 
           9 190 0.3708 0.6292 
          10 190 0.0036 0.9964 
          11 190 0.0458 0.9542 
          12 190 0.0020 0.9980 
          13 190 0.0034 0.9966 
          14 190 0.0047 0.9953 
          15 190 0.0138 0.9862 
          16 190 0.0122 0.9878 
          17 190 0.0088 0.9912 
          18 190 0.0392 0.9608 
          19 190 0.0025 0.9975 
          20 190 0.0014 0.9986 
          22 190 0.1295 0.8705 
          23 190 0.0148 0.9852 
          24 190 0.0612 0.9388 
          25 190 0.0117 0.9883 
          26 190 0.0011 0.9989 
          27 190 0.0033 0.9967 
          28 190 0.0108 0.9892 
          29 190 0.0287 0.9713 
          31 190 0.0618 0.9382 
           7 191 0.0015 0.9985 
           8 191 0.0074 0.9926 
           9 191 0.0013 0.9987 
          10 191 0.0022 0.9978 
          11 191 0.0085 0.9915 
          12 191 0.0350 0.9650 
          13 191 0.0067 0.9933 
          14 191 0.0177 0.9823 
          15 191 0.0683 0.9317 
          16 191 0.0044 0.9956 
          17 191 0.0939 0.9061 
          18 191 0.0037 0.9963 
          19 191 0.0464 0.9536 
          20 191 0.0372 0.9628 
          21 191 0.0455 0.9545 
          22 191 0.0051 0.9949 
          23 191 0.0042 0.9958 
          24 191 0.0042 0.9958 
          25 191 0.0364 0.9636 
          26 191 0.1119 0.8881 
          27 191 0.0031 0.9969 
          28 191 0.0031 0.9969 
          29 191 0.0038 0.9962 
          30 191 0.0015 0.9985 
          39 191 0.0048 0.9952 
          40 191 0.0033 0.9967 
          41 191 0.0621 0.9379 
          42 191 0.0011 0.9989 
          43 191 0.0219 0.9781 
          44 191 0.0260 0.9740 
          45 191 0.0027 0.9973 
          46 191 0.1301 0.8699 
          47 191 0.0177 0.9823 
          48 191 0.0021 0.9979 
          49 191 0.0135 0.9865 
          50 191 0.0036 0.9964 
           9 192 0.0013 0.9987 
          10 192 0.0064 0.9936 
          11 192 0.0056 0.9944 
          12 192 0.0051 0.9949 
          13 192 0.0971 0.9029 
          14 192 0.0241 0.9759 
          15 192 0.0015 0.9985 
          16 192 0.0080 0.9920 
          17 192 0.0520 0.9480 
          18 192 0.0076 0.9924 
          19 192 0.0122 0.9878 
          20 192 0.0143 0.9857 
          21 192 0.0012 0.9988 
          22 192 0.0396 0.9604 
          23 192 0.0898 0.9102 
          24 192 0.0047 0.9953 
          33 192 0.0584 0.9416 
          35 192 0.0022 0.9978 
          36 192 0.0014 0.9986 
          37 192 0.0020 0.9980 
          38 192 0.0559 0.9441 
          39 192 0.0051 0.9949 
          40 192 0.0827 0.9173 
          41 192 0.0713 0.9287 
          42 192 0.0594 0.9406 
          43 192 0.0025 0.9975 
          45 192 0.0017 0.9983 
          46 192 0.0064 0.9936 
          47 192 0.0030 0.9970 
          48 192 0.0024 0.9976 
          49 192 0.0656 0.9344 
          50 192 0.0019 0.9981 
