        001s  1 0.9987 0.0013 
        002s  1 0.9953 0.0047 
        003s  1 0.9919 0.0081 
        004s  1 0.9433 0.0567 
        005s  1 0.5717 0.4283 
        006s  1 0.9981 0.0019 
        007s  1 0.9964 0.0036 
        008s  1 0.9912 0.0088 
        009s  1 0.9212 0.0788 
        010s  1 0.9897 0.0103 
        011s  1 0.9927 0.0073 
        012s  1 0.8642 0.1358 
        013s  1 0.9574 0.0426 
        014s  1 0.9582 0.0418 
        015s  1 0.9983 0.0017 
        016s  1 0.9953 0.0047 
        018s  1 0.8596 0.1404 
        019s  1 0.9901 0.0099 
        020s  1 0.9987 0.0013 
        021s  1 0.9970 0.0030 
        022s  1 0.9992 0.0008 
        023s  1 0.9987 0.0013 
        024s  1 0.9962 0.0038 
        025s  1 0.9808 0.0192 
        026s  1 0.9966 0.0034 
        027s  1 0.9790 0.0210 
        028s  1 0.8869 0.1131 
        029s  1 0.9979 0.0021 
        030s  1 0.9916 0.0084 
        031s  1 0.9992 0.0008 
        032s  1 0.9982 0.0018 
        033s  1 0.9887 0.0113 
        034s  1 0.9932 0.0068 
        035s  1 0.9939 0.0061 
        036s  1 0.9192 0.0808 
        037s  1 0.8613 0.1387 
        038s  1 0.9963 0.0037 
        039s  1 0.9915 0.0085 
        040s  1 0.9934 0.0066 
        041s  1 0.9962 0.0038 
        042s  1 0.9265 0.0735 
        043s  1 0.9708 0.0292 
        044s  1 0.8835 0.1165 
        045s  1 0.9882 0.0118 
        046s  1 0.9974 0.0026 
        047s  1 0.9985 0.0015 
        048s  1 0.9879 0.0121 
        049s  1 0.9974 0.0026 
        050s  1 0.8990 0.1010 
        051s  1 0.9985 0.0015 
        052s  1 0.9585 0.0415 
        053s  1 0.9971 0.0029 
        054s  1 0.9983 0.0017 
        055s  1 0.8989 0.1011 
          01  2 0.8762 0.1238 
          02  2 0.9649 0.0351 
          03  2 0.9962 0.0038 
          04  2 0.9548 0.0452 
          05  2 0.9013 0.0987 
          06  2 0.9555 0.0445 
          07  2 0.9723 0.0277 
          08  2 0.9448 0.0552 
          09  2 0.9989 0.0011 
          10  2 0.9967 0.0033 
          11  2 0.9869 0.0131 
          12  2 0.9975 0.0025 
          13  2 0.9987 0.0013 
          14  2 0.9962 0.0038 
          15  2 0.9983 0.0017 
          16  2 0.9439 0.0561 
          17  2 0.9929 0.0071 
          18  2 0.9559 0.0441 
          19  2 0.9981 0.0019 
          20  2 0.9204 0.0796 
          21  2 0.9973 0.0027 
          22  2 0.9847 0.0153 
          23  2 0.9934 0.0066 
          24  2 0.9982 0.0018 
          25  2 0.9497 0.0503 
          26  2 0.9981 0.0019 
          27  2 0.9715 0.0285 
          28  2 0.9983 0.0017 
          29  2 0.9974 0.0026 
          30  2 0.8499 0.1501 
          01  3 0.3721 0.6279 
          02  3 0.2033 0.7967 
          03  3 0.3853 0.6147 
          04  3 0.2066 0.7934 
          05  3 0.2290 0.7710 
          06  3 0.0918 0.9082 
          07  3 0.4019 0.5981 
          08  3 0.3192 0.6808 
          09  3 0.3348 0.6652 
          10  3 0.3773 0.6227 
          11  3 0.3069 0.6931 
          12  3 0.2936 0.7064 
          13  3 0.0396 0.9604 
          14  3 0.2251 0.7749 
          15  3 0.3633 0.6367 
          16  3 0.0854 0.9146 
          17  3 0.4373 0.5627 
          18  3 0.4451 0.5549 
          19  3 0.1737 0.8263 
          20  3 0.2467 0.7533 
          21  3 0.2615 0.7385 
          22  3 0.3201 0.6799 
          23  3 0.2508 0.7492 
          24  3 0.2484 0.7516 
          25  3 0.3434 0.6566 
          26  3 0.2465 0.7535 
          27  3 0.3707 0.6293 
          28  3 0.1073 0.8927 
          29  3 0.1955 0.8045 
          30  3 0.3317 0.6683 
         001  4 0.0831 0.9169 
         002  4 0.1395 0.8605 
         003  4 0.1247 0.8753 
         004  4 0.0243 0.9757 
         005  4 0.1155 0.8845 
         006  4 0.1174 0.8826 
         007  4 0.1701 0.8299 
         008  4 0.1728 0.8272 
         009  4 0.0837 0.9163 
         010  4 0.0012 0.9988 
         011  4 0.1607 0.8393 
         012  4 0.1392 0.8608 
         013  4 0.0518 0.9482 
         014  4 0.1272 0.8728 
         015  4 0.0019 0.9981 
         016  4 0.0521 0.9479 
         017  4 0.0951 0.9049 
         019  4 0.0963 0.9037 
         020  4 0.1549 0.8451 
         021  4 0.1095 0.8905 
         001  5 0.1531 0.8469 
         002  5 0.2086 0.7914 
         003  5 0.2971 0.7029 
         004  5 0.2239 0.7761 
         005  5 0.1324 0.8676 
         006  5 0.1096 0.8904 
         007  5 0.0863 0.9137 
         008  5 0.0799 0.9201 
         009  5 0.2220 0.7780 
         010  5 0.1443 0.8557 
         011  5 0.1496 0.8504 
         012  5 0.1688 0.8312 
         013  5 0.3158 0.6842 
         014  5 0.3250 0.6750 
         015  5 0.0727 0.9273 
         016  5 0.1223 0.8777 
         017  5 0.1894 0.8106 
         018  5 0.2283 0.7717 
         019  5 0.1493 0.8507 
         020  5 0.1356 0.8644 
         021  5 0.3183 0.6817 
         022  5 0.2318 0.7682 
         023  5 0.0725 0.9275 
         024  5 0.2240 0.7760 
         025  5 0.1865 0.8135 
         026  5 0.2856 0.7144 
         027  5 0.1007 0.8993 
         028  5 0.1815 0.8185 
         029  5 0.1245 0.8755 
         030  5 0.1725 0.8275 
        001s  6 0.9611 0.0389 
        002s  6 0.9700 0.0300 
        003s  6 0.9892 0.0108 
        004s  6 0.9987 0.0013 
        006s  6 0.9037 0.0963 
        007s  6 0.9970 0.0030 
        008s  6 0.9956 0.0044 
        009s  6 0.9988 0.0012 
        010s  6 0.9543 0.0457 
        011s  6 0.9960 0.0040 
        012s  6 0.9956 0.0044 
        013s  6 0.9969 0.0031 
        014s  6 0.9429 0.0571 
        015s  6 0.9595 0.0405 
        016s  6 0.9978 0.0022 
        018s  6 0.7608 0.2392 
        019s  6 0.9715 0.0285 
        020s  6 0.9986 0.0014 
        021s  6 0.9760 0.0240 
        022s  6 0.9982 0.0018 
        023s  6 0.9871 0.0129 
        024s  6 0.9604 0.0396 
        025s  6 0.9909 0.0091 
        026s  6 0.9983 0.0017 
        027s  6 0.9980 0.0020 
        028s  6 0.9383 0.0617 
        029s  6 0.9987 0.0013 
        030s  6 0.9325 0.0675 
        031s  6 0.9891 0.0109 
        032s  6 0.9804 0.0196 
        033s  6 0.9521 0.0479 
        034s  6 0.9921 0.0079 
        035s  6 0.8802 0.1198 
        036s  6 0.9918 0.0082 
        037s  6 0.9968 0.0032 
        038s  6 0.9980 0.0020 
        039s  6 0.9991 0.0009 
        040s  6 0.9979 0.0021 
        041s  6 0.9954 0.0046 
        042s  6 0.9808 0.0192 
        043s  6 0.9969 0.0031 
        044s  6 0.9980 0.0020 
        045s  6 0.9956 0.0044 
        001s  7 0.9974 0.0026 
        002s  7 0.9759 0.0241 
        003s  7 0.9933 0.0067 
        004s  7 0.9923 0.0077 
        005s  7 0.9732 0.0268 
        006s  7 0.9427 0.0573 
        007s  7 0.9694 0.0306 
        008s  7 0.9921 0.0079 
        009s  7 0.9874 0.0126 
        010s  7 0.9982 0.0018 
        011s  7 0.9985 0.0015 
        012s  7 0.9985 0.0015 
        013s  7 0.9963 0.0037 
        014s  7 0.9801 0.0199 
        015s  7 0.9780 0.0220 
        016s  7 0.9354 0.0646 
        017s  7 0.9972 0.0028 
        018s  7 0.9959 0.0041 
        019s  7 0.9920 0.0080 
        020s  7 0.9970 0.0030 
        021s  7 0.9964 0.0036 
        022s  7 0.9888 0.0112 
        023s  7 0.9783 0.0217 
        024s  7 0.9971 0.0029 
        025s  7 0.9918 0.0082 
        026s  7 0.9979 0.0021 
        027s  7 0.9956 0.0044 
        028s  7 0.9915 0.0085 
        029s  7 0.9880 0.0120 
        030s  7 0.9987 0.0013 
        031s  7 0.9917 0.0083 
        032s  7 0.9308 0.0692 
        033s  7 0.9648 0.0352 
        034s  7 0.9578 0.0422 
        035s  7 0.9990 0.0010 
        036s  7 0.9959 0.0041 
        037s  7 0.9168 0.0832 
        038s  7 0.9888 0.0112 
        039s  7 0.9990 0.0010 
        040s  7 0.9270 0.0730 
        041s  7 0.9846 0.0154 
        042s  7 0.9935 0.0065 
        043s  7 0.9986 0.0014 
        044s  7 0.9115 0.0885 
         003  8 0.9882 0.0118 
         009  8 0.9972 0.0028 
         010  8 0.9991 0.0009 
         017  8 0.9978 0.0022 
         002  9 0.9986 0.0014 
         003  9 0.9994 0.0006 
         004  9 0.9993 0.0007 
         005  9 0.9982 0.0018 
         006  9 0.9968 0.0032 
         007  9 0.9973 0.0027 
         009  9 0.9984 0.0016 
         010  9 0.9990 0.0010 
         013  9 0.9971 0.0029 
         014  9 0.9991 0.0009 
         016  9 0.9994 0.0006 
         018  9 0.9969 0.0031 
         019  9 0.9978 0.0022 
         020  9 0.9990 0.0010 
         021  9 0.9990 0.0010 
         022  9 0.9991 0.0009 
         024  9 0.9986 0.0014 
         028  9 0.9985 0.0015 
         029  9 0.9990 0.0010 
         030  9 0.9989 0.0011 
         031  9 0.9975 0.0025 
         033  9 0.9955 0.0045 
         001 10 0.9987 0.0013 
         002 10 0.9991 0.0009 
         003 10 0.9985 0.0015 
         004 10 0.9990 0.0010 
         005 10 0.9988 0.0012 
         006 10 0.9974 0.0026 
         007 10 0.9986 0.0014 
         008 10 0.9976 0.0024 
         009 10 0.9977 0.0023 
         010 10 0.9985 0.0015 
         011 10 0.9973 0.0027 
         012 10 0.9974 0.0026 
         013 10 0.9982 0.0018 
         014 10 0.9980 0.0020 
         016 10 0.9976 0.0024 
         017 10 0.9979 0.0021 
         018 10 0.9935 0.0065 
         019 10 0.9987 0.0013 
         020 10 0.9963 0.0037 
         021 10 0.9985 0.0015 
         022 10 0.9988 0.0012 
         023 10 0.9987 0.0013 
         024 10 0.9992 0.0008 
         026 10 0.9985 0.0015 
        001s 11 0.9265 0.0735 
        002s 11 0.9942 0.0058 
        003s 11 0.9942 0.0058 
        004s 11 0.9979 0.0021 
        005s 11 0.9965 0.0035 
        006s 11 0.9799 0.0201 
        007s 11 0.9283 0.0717 
        008s 11 0.9985 0.0015 
        009s 11 0.9989 0.0011 
        010s 11 0.9974 0.0026 
        011s 11 0.8786 0.1214 
        012s 11 0.9192 0.0808 
        013s 11 0.9975 0.0025 
        014s 11 0.9697 0.0303 
        015s 11 0.9910 0.0090 
        016s 11 0.9711 0.0289 
        017s 11 0.9288 0.0712 
        018s 11 0.9886 0.0114 
        019s 11 0.9967 0.0033 
        020s 11 0.9951 0.0049 
        021s 11 0.9983 0.0017 
        022s 11 0.9693 0.0307 
        023s 11 0.9797 0.0203 
        025s 11 0.9987 0.0013 
        026s 11 0.9751 0.0249 
        027s 11 0.9946 0.0054 
        028s 11 0.9899 0.0101 
        029s 11 0.9772 0.0228 
        030s 11 0.9564 0.0436 
        031s 11 0.9986 0.0014 
        032s 11 0.9984 0.0016 
        033s 11 0.9948 0.0052 
        034s 11 0.9942 0.0058 
        035s 11 0.9912 0.0088 
        036s 11 0.9740 0.0260 
        037s 11 0.9969 0.0031 
        038s 11 0.9955 0.0045 
        039s 11 0.9983 0.0017 
        040s 11 0.9164 0.0836 
        041s 11 0.9961 0.0039 
        042s 11 0.9967 0.0033 
        043s 11 0.9658 0.0342 
        044s 11 0.9964 0.0036 
        045s 11 0.9971 0.0029 
        046s 11 0.9597 0.0403 
        047s 11 0.9969 0.0031 
        048s 11 0.9759 0.0241 
        049s 11 0.9977 0.0023 
        050s 11 0.9982 0.0018 
        051s 11 0.9888 0.0112 
        052s 11 0.9878 0.0122 
        053s 11 0.9989 0.0011 
        054s 11 0.9903 0.0097 
        055s 11 0.9426 0.0574 
        001s 12 0.9875 0.0125 
        002s 12 0.9978 0.0022 
        003s 12 0.9985 0.0015 
        004s 12 0.9741 0.0259 
        005s 12 0.9985 0.0015 
        006s 12 0.9483 0.0517 
        007s 12 0.9956 0.0044 
        008s 12 0.9810 0.0190 
        009s 12 0.9677 0.0323 
        010s 12 0.9374 0.0626 
        011s 12 0.9926 0.0074 
        012s 12 0.9864 0.0136 
        013s 12 0.9978 0.0022 
        014s 12 0.9369 0.0631 
        015s 12 0.9930 0.0070 
        016s 12 0.9981 0.0019 
        017s 12 0.9927 0.0073 
        018s 12 0.9980 0.0020 
        019s 12 0.9962 0.0038 
        020s 12 0.9423 0.0577 
        021s 12 0.9958 0.0042 
        022s 12 0.9542 0.0458 
        023s 12 0.9987 0.0013 
        024s 12 0.9986 0.0014 
        025s 12 0.9839 0.0161 
        026s 12 0.9830 0.0170 
        027s 12 0.9929 0.0071 
        028s 12 0.9971 0.0029 
        029s 12 0.9983 0.0017 
        030s 12 0.9965 0.0035 
        031s 12 0.9917 0.0083 
        032s 12 0.9986 0.0014 
        033s 12 0.9867 0.0133 
        034s 12 0.9989 0.0011 
        035s 12 0.9826 0.0174 
        036s 12 0.9714 0.0286 
        037s 12 0.9982 0.0018 
        001s 13 0.9903 0.0097 
        002s 13 0.9289 0.0711 
        003s 13 0.9981 0.0019 
        004s 13 0.9983 0.0017 
        005s 13 0.9789 0.0211 
        006s 13 0.9960 0.0040 
        007s 13 0.9675 0.0325 
        008s 13 0.9438 0.0562 
        009s 13 0.8783 0.1217 
        010s 13 0.9403 0.0597 
        011s 13 0.9438 0.0562 
        012s 13 0.9334 0.0666 
        013s 13 0.9398 0.0602 
        014s 13 0.9691 0.0309 
        015s 13 0.9932 0.0068 
        016s 13 0.9988 0.0012 
        017s 13 0.9415 0.0585 
        018s 13 0.9986 0.0014 
        019s 13 0.9973 0.0027 
        020s 13 0.9877 0.0123 
        021s 13 0.9985 0.0015 
        022s 13 0.9962 0.0038 
        023s 13 0.9982 0.0018 
        024s 13 0.9490 0.0510 
        025s 13 0.9979 0.0021 
        026s 13 0.8888 0.1112 
        027s 13 0.9519 0.0481 
        028s 13 0.9506 0.0494 
        029s 13 0.9755 0.0245 
        030s 13 0.9430 0.0570 
        031s 13 0.9596 0.0404 
        032s 13 0.9966 0.0034 
        033s 13 0.9407 0.0593 
        034s 13 0.9349 0.0651 
        035s 13 0.9977 0.0023 
        036s 13 0.9963 0.0037 
        037s 13 0.9987 0.0013 
        038s 13 0.9934 0.0066 
        039s 13 0.8903 0.1097 
        040s 13 0.9963 0.0037 
        041s 13 0.9263 0.0737 
        042s 13 0.9980 0.0020 
        001s 14 0.9782 0.0218 
        002s 14 0.9279 0.0721 
        003s 14 0.9979 0.0021 
        004s 14 0.9583 0.0417 
        005s 14 0.9993 0.0007 
        006s 14 0.9984 0.0016 
        007s 14 0.9969 0.0031 
        008s 14 0.9065 0.0935 
        009s 14 0.9954 0.0046 
        010s 14 0.9788 0.0212 
        011s 14 0.9326 0.0674 
        012s 14 0.9958 0.0042 
        013s 14 0.9931 0.0069 
        014s 14 0.9781 0.0219 
        015s 14 0.9975 0.0025 
        016s 14 0.9984 0.0016 
        017s 14 0.9193 0.0807 
        018s 14 0.9980 0.0020 
        019s 14 0.9933 0.0067 
        020s 14 0.9984 0.0016 
        021s 14 0.9967 0.0033 
        022s 14 0.9788 0.0212 
        023s 14 0.9929 0.0071 
        024s 14 0.9431 0.0569 
        025s 14 0.9902 0.0098 
        026s 14 0.9989 0.0011 
        027s 14 0.9962 0.0038 
        028s 14 0.9961 0.0039 
        029s 14 0.9992 0.0008 
        030s 14 0.9880 0.0120 
        031s 14 0.9929 0.0071 
        032s 14 0.9962 0.0038 
        033s 14 0.9615 0.0385 
        034s 14 0.9991 0.0009 
        035s 14 0.8367 0.1633 
        036s 14 0.8820 0.1180 
        037s 14 0.9979 0.0021 
        038s 14 0.9975 0.0025 
        039s 14 0.9906 0.0094 
        040s 14 0.9899 0.0101 
        041s 14 0.9966 0.0034 
        042s 14 0.9562 0.0438 
        001s 15 0.9981 0.0019 
        002s 15 0.8972 0.1028 
        003s 15 0.9867 0.0133 
        004s 15 0.9984 0.0016 
        005s 15 0.9689 0.0311 
        006s 15 0.9783 0.0217 
        007s 15 0.9989 0.0011 
        008s 15 0.9985 0.0015 
        009s 15 0.9345 0.0655 
        010s 15 0.9979 0.0021 
        011s 15 0.9322 0.0678 
        012s 15 0.9886 0.0114 
        013s 15 0.9984 0.0016 
        014s 15 0.9943 0.0057 
        015s 15 0.9085 0.0915 
        016s 15 0.9049 0.0951 
        017s 15 0.9958 0.0042 
        018s 15 0.9983 0.0017 
        019s 15 0.9938 0.0062 
        020s 15 0.9981 0.0019 
        021s 15 0.9267 0.0733 
        022s 15 0.9954 0.0046 
        023s 15 0.9581 0.0419 
        024s 15 0.9936 0.0064 
        025s 15 0.9782 0.0218 
        026s 15 0.9951 0.0049 
        027s 15 0.9717 0.0283 
        028s 15 0.9975 0.0025 
        029s 15 0.9975 0.0025 
        030s 15 0.9988 0.0012 
        031s 15 0.9343 0.0657 
        032s 15 0.9989 0.0011 
        033s 15 0.9453 0.0547 
        035s 15 0.9878 0.0122 
        036s 15 0.9959 0.0041 
        037s 15 0.9905 0.0095 
        038s 15 0.9923 0.0077 
        039s 15 0.9560 0.0440 
        040s 15 0.9853 0.0147 
        041s 15 0.9138 0.0862 
        042s 15 0.9960 0.0040 
        043s 15 0.9812 0.0188 
        044s 15 0.9920 0.0080 
        045s 15 0.9307 0.0693 
        046s 15 0.9508 0.0492 
        047s 15 0.9618 0.0382 
        048s 15 0.9977 0.0023 
        049s 15 0.9732 0.0268 
        050s 15 0.8874 0.1126 
         001 16 0.8091 0.1909 
         002 16 0.9576 0.0424 
         003 16 0.9729 0.0271 
         004 16 0.9966 0.0034 
         005 16 0.9230 0.0770 
         006 16 0.9623 0.0377 
         007 16 0.9935 0.0065 
         008 16 0.8599 0.1401 
         009 16 0.9972 0.0028 
         010 16 0.9855 0.0145 
         011 16 0.9837 0.0163 
         012 16 0.9955 0.0045 
         013 16 0.9980 0.0020 
         014 16 0.9659 0.0341 
         015 16 0.9539 0.0461 
         016 16 0.9979 0.0021 
         017 16 0.9660 0.0340 
         018 16 0.9363 0.0637 
         019 16 0.9229 0.0771 
         020 16 0.9988 0.0012 
         021 16 0.8685 0.1315 
         022 16 0.9930 0.0070 
         023 16 0.9799 0.0201 
         024 16 0.9932 0.0068 
         025 16 0.9188 0.0812 
         026 16 0.8906 0.1094 
         027 16 0.9929 0.0071 
         028 16 0.8337 0.1663 
         029 16 0.9494 0.0506 
         030 16 0.9938 0.0062 
         031 16 0.9960 0.0040 
         032 16 0.9218 0.0782 
         033 16 0.9978 0.0022 
         034 16 0.9841 0.0159 
         035 16 0.9990 0.0010 
         036 16 0.9985 0.0015 
         037 16 0.9344 0.0656 
         038 16 0.9934 0.0066 
         039 16 0.9978 0.0022 
         040 16 0.9948 0.0052 
         041 16 0.9977 0.0023 
         042 16 0.9963 0.0037 
         043 16 0.9977 0.0023 
         044 16 0.9896 0.0104 
         045 16 0.9800 0.0200 
         047 16 0.9453 0.0547 
         048 16 0.9868 0.0132 
         049 16 0.9970 0.0030 
         050 16 0.9983 0.0017 
         051 16 0.9937 0.0063 
         052 16 0.9992 0.0008 
         053 16 0.9988 0.0012 
         054 16 0.9439 0.0561 
         055 16 0.9150 0.0850 
         056 16 0.9977 0.0023 
         057 16 0.9402 0.0598 
         058 16 0.8858 0.1142 
         059 16 0.8709 0.1291 
         060 16 0.9937 0.0063 
         061 16 0.9947 0.0053 
         062 16 0.9917 0.0083 
         063 16 0.9946 0.0054 
         064 16 0.9985 0.0015 
         065 16 0.9899 0.0101 
         066 16 0.9987 0.0013 
         067 16 0.9855 0.0145 
         068 16 0.9838 0.0162 
         069 16 0.9978 0.0022 
         070 16 0.9907 0.0093 
         071 16 0.8999 0.1001 
         072 16 0.9900 0.0100 
         073 16 0.9945 0.0055 
         074 16 0.9985 0.0015 
         075 16 0.9497 0.0503 
         076 16 0.9973 0.0027 
         077 16 0.9327 0.0673 
         078 16 0.9864 0.0136 
         079 16 0.9017 0.0983 
         080 16 0.9980 0.0020 
         081 16 0.9358 0.0642 
         082 16 0.9499 0.0501 
         083 16 0.9973 0.0027 
         084 16 0.9916 0.0084 
         085 16 0.9972 0.0028 
         086 16 0.8798 0.1202 
         087 16 0.9699 0.0301 
         088 16 0.9985 0.0015 
         089 16 0.9871 0.0129 
         090 16 0.9913 0.0087 
         091 16 0.9956 0.0044 
         092 16 0.9747 0.0253 
         093 16 0.9972 0.0028 
         094 16 0.9839 0.0161 
         095 16 0.9990 0.0010 
         096 16 0.9714 0.0286 
         097 16 0.8768 0.1232 
         098 16 0.9974 0.0026 
         099 16 0.9986 0.0014 
         100 16 0.9981 0.0019 
         101 16 0.9779 0.0221 
         102 16 0.9934 0.0066 
         103 16 0.9929 0.0071 
         104 16 0.9952 0.0048 
         105 16 0.8859 0.1141 
         106 16 0.9964 0.0036 
         107 16 0.9913 0.0087 
         108 16 0.8662 0.1338 
         109 16 0.9578 0.0422 
         110 16 0.9987 0.0013 
         111 16 0.9659 0.0341 
         112 16 0.9744 0.0256 
         113 16 0.9320 0.0680 
         114 16 0.9907 0.0093 
         115 16 0.9983 0.0017 
         116 16 0.9840 0.0160 
         117 16 0.9655 0.0345 
         118 16 0.9958 0.0042 
         119 16 0.9931 0.0069 
         120 16 0.9941 0.0059 
         121 16 0.9912 0.0088 
         122 16 0.9988 0.0012 
         123 16 0.9906 0.0094 
         124 16 0.9855 0.0145 
         126 16 0.8575 0.1425 
         001 17 0.9945 0.0055 
         002 17 0.9965 0.0035 
         003 17 0.9982 0.0018 
         005 17 0.9988 0.0012 
         006 17 0.9460 0.0540 
         007 17 0.8534 0.1466 
         008 17 0.8719 0.1281 
         009 17 0.9990 0.0010 
         010 17 0.9973 0.0027 
         011 17 0.8183 0.1817 
         012 17 0.9952 0.0048 
         013 17 0.9991 0.0009 
         014 17 0.9986 0.0014 
         015 17 0.9915 0.0085 
         016 17 0.9975 0.0025 
         017 17 0.9921 0.0079 
         018 17 0.9604 0.0396 
         019 17 0.9992 0.0008 
         020 17 0.9967 0.0033 
         021 17 0.9986 0.0014 
         022 17 0.9372 0.0628 
         023 17 0.9955 0.0045 
         024 17 0.9135 0.0865 
         025 17 0.9981 0.0019 
         002 18 0.9986 0.0014 
         003 18 0.9991 0.0009 
         004 18 0.9684 0.0316 
         005 18 0.9907 0.0093 
         006 18 0.9988 0.0012 
         007 18 0.9905 0.0095 
         008 18 0.9985 0.0015 
         009 18 0.9635 0.0365 
         010 18 0.9972 0.0028 
         011 18 0.9977 0.0023 
         012 18 0.9849 0.0151 
         015 18 0.9965 0.0035 
         016 18 0.9856 0.0144 
         018 18 0.9988 0.0012 
         026 18 0.9941 0.0059 
         027 18 0.9990 0.0010 
         028 18 0.9960 0.0040 
         029 18 0.9966 0.0034 
         031 18 0.8988 0.1012 
         032 18 0.9986 0.0014 
         033 18 0.9981 0.0019 
         035 18 0.9970 0.0030 
         036 18 0.9980 0.0020 
         037 18 0.9796 0.0204 
         038 18 0.9531 0.0469 
         039 18 0.9988 0.0012 
         044 18 0.8646 0.1354 
         046 18 0.9963 0.0037 
         049 18 0.9983 0.0017 
         053 18 0.9948 0.0052 
         054 18 0.9813 0.0187 
         056 18 0.9815 0.0185 
         057 18 0.9976 0.0024 
         058 18 0.9966 0.0034 
        001s 19 0.9368 0.0632 
        002s 19 0.9943 0.0057 
        003s 19 0.9912 0.0088 
        004s 19 0.9930 0.0070 
        005s 19 0.9280 0.0720 
        006s 19 0.9941 0.0059 
        007s 19 0.9559 0.0441 
        008s 19 0.9405 0.0595 
        009s 19 0.9955 0.0045 
        010s 19 0.9833 0.0167 
        011s 19 0.9964 0.0036 
        012s 19 0.9903 0.0097 
        013s 19 0.9693 0.0307 
        014s 19 0.9158 0.0842 
        015s 19 0.9948 0.0052 
        016s 19 0.9913 0.0087 
        017s 19 0.9544 0.0456 
        018s 19 0.9941 0.0059 
        019s 19 0.9046 0.0954 
        020s 19 0.9155 0.0845 
        021s 19 0.9884 0.0116 
        022s 19 0.9766 0.0234 
        023s 19 0.9935 0.0065 
        024s 19 0.9986 0.0014 
        025s 19 0.9026 0.0974 
        026s 19 0.9748 0.0252 
        027s 19 0.9938 0.0062 
        028s 19 0.9860 0.0140 
        029s 19 0.9988 0.0012 
        030s 19 0.9914 0.0086 
        031s 19 0.9915 0.0085 
        032s 19 0.9967 0.0033 
        033s 19 0.9984 0.0016 
        034s 19 0.9968 0.0032 
        035s 19 0.9716 0.0284 
        036s 19 0.9979 0.0021 
        037s 19 0.9987 0.0013 
        038s 19 0.9932 0.0068 
        039s 19 0.9981 0.0019 
        040s 19 0.9834 0.0166 
        041s 19 0.9986 0.0014 
        042s 19 0.9904 0.0096 
        043s 19 0.9482 0.0518 
        044s 19 0.9986 0.0014 
        045s 19 0.9989 0.0011 
        046s 19 0.9912 0.0088 
        047s 19 0.9904 0.0096 
        048s 19 0.8973 0.1027 
        049s 19 0.9616 0.0384 
        050s 19 0.9983 0.0017 
        051s 19 0.9247 0.0753 
        052s 19 0.9972 0.0028 
      LIW2-4 20 0.9954 0.0046 
     LIW2-12 21 0.9965 0.0035 
     LIW2-20 22 0.9962 0.0038 
     LIW2-28 23 0.9330 0.0670 
      LIW1-5 24 0.9971 0.0029 
     LIW1-13 25 0.9168 0.0832 
     LIW1-21 26 0.9899 0.0101 
     LIW1-29 27 0.9566 0.0434 
      LIW2-5 28 0.9978 0.0022 
     LIW2-34 29 0.9989 0.0011 
     LIW2-21 30 0.9015 0.0985 
     LIW2-29 31 0.8154 0.1846 
      LIW1-6 32 0.9981 0.0019 
     LIW1-14 33 0.9384 0.0616 
     LIW1-22 34 0.9978 0.0022 
     LIW1-30 35 0.9974 0.0026 
      LIW2-6 36 0.9722 0.0278 
     LIW2-14 37 0.9963 0.0037 
     LIW2-22 38 0.9271 0.0729 
     LIW2-30 39 0.9980 0.0020 
      LIW1-7 40 0.9544 0.0456 
     LIW1-15 41 0.9987 0.0013 
     LIW1-23 42 0.9880 0.0120 
     LIW1-31 43 0.9909 0.0091 
      LIW2-7 44 0.9144 0.0856 
     LIW2-15 45 0.9975 0.0025 
     LIW2-23 46 0.9878 0.0122 
      LIW1-8 47 0.9979 0.0021 
     LIW1-16 48 0.9981 0.0019 
      LIW2-8 49 0.9983 0.0017 
     LIW2-16 50 0.6785 0.3215 
     LIW2-24 51 0.8069 0.1931 
     LIW2-32 52 0.9663 0.0337 
     LIW1-47 53 0.9761 0.0239 
      UMFS-1 54 0.9284 0.0716 
     UMFS-19 55 0.8556 0.1444 
     UMFS-31 56 0.9983 0.0017 
      UMFS-2 57 0.9970 0.0030 
     UMFS-10 58 0.9639 0.0361 
     UMFS-20 59 0.9248 0.0752 
     UMFS-32 60 0.9033 0.0967 
      UMFS-3 61 0.8842 0.1158 
     UMFS-11 62 0.5883 0.4117 
     UMFS-21 63 0.8974 0.1026 
     UMFS-33 64 0.9399 0.0601 
      UMFS-4 65 0.9459 0.0541 
     UMFS-22 66 0.9438 0.0562 
     UMFS-34 67 0.9120 0.0880 
      UMFS-5 68 0.9590 0.0410 
     UMFS-13 69 0.9064 0.0936 
     UMFS-23 70 0.9382 0.0618 
     UMFS-35 71 0.9308 0.0692 
      UMFS-6 72 0.9371 0.0629 
     UMFS-14 73 0.9489 0.0511 
     UMFS-24 74 0.9404 0.0596 
     UMFS-36 75 0.8991 0.1009 
      UMFS-7 76 0.4191 0.5809 
     UMFS-15 77 0.8957 0.1043 
     UMFS-25 78 0.8913 0.1087 
     UMFS-37 79 0.8977 0.1023 
      UMFS-8 80 0.9309 0.0691 
     UMFS-16 81 0.8989 0.1011 
     UMFS-26 82 0.9011 0.0989 
     UMFS-38 83 0.9657 0.0343 
      NEH1-2 84 0.7963 0.2037 
     NEH1-11 85 0.8216 0.1784 
     NEH1-20 86 0.8702 0.1298 
     NEH1-29 87 0.8920 0.1080 
      NEH2-2 88 0.8706 0.1294 
     NEH2-10 89 0.9265 0.0735 
     NEH2-18 90 0.7681 0.2319 
     NEH2-26 91 0.8656 0.1344 
      NEH1-3 92 0.9183 0.0817 
     NEH1-12 93 0.7460 0.2540 
     NEH1-21 94 0.8767 0.1233 
     NEH1-30 95 0.8383 0.1617 
      NEH2-3 96 0.8729 0.1271 
     NEH2-11 97 0.8075 0.1925 
     NEH2-19 98 0.8866 0.1134 
     NEH2-27 99 0.8378 0.1622 
      NEH1-4 100 0.7559 0.2441 
     NEH1-13 101 0.8893 0.1107 
     NEH1-22 102 0.8864 0.1136 
     NEH1-31 103 0.8834 0.1166 
      NEH2-4 104 0.8719 0.1281 
     NEH2-12 105 0.7846 0.2154 
     NEH2-20 106 0.9637 0.0363 
     NEH2-28 107 0.8528 0.1472 
      NEH1-5 108 0.8414 0.1586 
     NEH1-14 109 0.8142 0.1858 
     NEH1-23 110 0.9154 0.0846 
     NEH1-32 111 0.8300 0.1700 
      NEH2-5 112 0.8818 0.1182 
     NEH2-13 113 0.8320 0.1680 
     NEH2-22 114 0.8493 0.1507 
     NEH2-29 115 0.8819 0.1181 
      NEH1-6 116 0.8379 0.1621 
     NEH1-15 117 0.7864 0.2136 
     NEH1-24 118 0.7906 0.2094 
     NEH1-33 119 0.9154 0.0846 
      NEH2-6 120 0.9273 0.0727 
     NEH2-14 121 0.8465 0.1535 
     NEH2-21 122 0.9250 0.0750 
     NEH2-30 123 0.8663 0.1337 
      NEH1-7 124 0.7999 0.2001 
     NEH1-16 125 0.8579 0.1421 
     NEH1-25 126 0.8977 0.1023 
     NEH1-34 127 0.8626 0.1374 
      NEH2-7 128 0.8596 0.1404 
     NEH2-15 129 0.8376 0.1624 
     NEH2-23 130 0.7651 0.2349 
     NEH2-31 131 0.8684 0.1316 
      NEH1-8 132 0.8289 0.1711 
     NEH1-17 133 0.7194 0.2806 
     NEH1-26 134 0.8968 0.1032 
     NEH1-35 135 0.8802 0.1198 
      NEH2-8 136 0.9050 0.0950 
     NEH2-16 137 0.8934 0.1066 
     NEH2-24 138 0.8701 0.1299 
     NEH2-32 139 0.7388 0.2612 
      NEH1-1 140 0.7609 0.2391 
     NEH1-10 141 0.8291 0.1709 
     NEH1-19 142 0.8590 0.1410 
     NEH1-28 143 0.7874 0.2126 
      NEH2-1 144 0.8319 0.1681 
      NEH2-9 145 0.8859 0.1141 
     NEH2-17 146 0.8140 0.1860 
     NEH2-25 147 0.7874 0.2126 
      LIW1-1 148 0.8817 0.1183 
      LIW1-9 149 0.8334 0.1666 
     LIW1-17 150 0.9976 0.0024 
     LIW1-25 151 0.9986 0.0014 
      LIW2-9 152 0.9316 0.0684 
     LIW2-17 153 0.9953 0.0047 
     LIW2-25 154 0.9973 0.0027 
      LIW1-2 155 0.9976 0.0024 
     LIW1-10 156 0.9878 0.0122 
     LIW1-18 157 0.9910 0.0090 
     LIW1-26 158 0.9971 0.0029 
      LIW2-2 159 0.9985 0.0015 
     LIW2-10 160 0.9957 0.0043 
     LIW2-18 161 0.9367 0.0633 
     LIW2-26 162 0.9967 0.0033 
      LIW1-3 163 0.9812 0.0188 
     LIW1-11 164 0.9770 0.0230 
     LIW1-19 165 0.9314 0.0686 
     LIW1-27 166 0.9876 0.0124 
      LIW2-3 167 0.9755 0.0245 
     LIW2-11 168 0.9988 0.0012 
     LIW2-19 169 0.9940 0.0060 
     LIW2-27 170 0.9988 0.0012 
      LIW1-4 171 0.9976 0.0024 
     LIW1-12 172 0.9592 0.0408 
     LIW1-20 173 0.9930 0.0070 
     LIW1-28 174 0.9922 0.0078 
        001s 175 0.9927 0.0073 
        002s 175 0.9253 0.0747 
        003s 175 0.9986 0.0014 
        004s 175 0.9573 0.0427 
        005s 175 0.9955 0.0045 
        006s 175 0.8401 0.1599 
        007s 175 0.9984 0.0016 
        008s 175 0.9939 0.0061 
        009s 175 0.8828 0.1172 
        010s 175 0.9971 0.0029 
        011s 175 0.9920 0.0080 
        012s 175 0.9983 0.0017 
        013s 175 0.9928 0.0072 
        014s 175 0.9190 0.0810 
        015s 175 0.9958 0.0042 
        016s 175 0.9772 0.0228 
        017s 175 0.9774 0.0226 
        018s 175 0.9882 0.0118 
        019s 175 0.9965 0.0035 
        020s 175 0.9962 0.0038 
        021s 175 0.9971 0.0029 
        022s 175 0.9768 0.0232 
        023s 175 0.9847 0.0153 
        024s 175 0.9569 0.0431 
        025s 175 0.9433 0.0567 
        026s 175 0.9906 0.0094 
        027s 175 0.9941 0.0059 
        028s 175 0.9962 0.0038 
        029s 175 0.9977 0.0023 
        030s 175 0.9012 0.0988 
        031s 175 0.9952 0.0048 
        032s 175 0.9944 0.0056 
        033s 175 0.9670 0.0330 
        034s 175 0.9911 0.0089 
        035s 175 0.9842 0.0158 
        036s 175 0.9978 0.0022 
        037s 175 0.9964 0.0036 
        038s 175 0.9805 0.0195 
        039s 175 0.9949 0.0051 
        040s 175 0.9973 0.0027 
        041s 175 0.9930 0.0070 
        042s 175 0.9937 0.0063 
        043s 175 0.9895 0.0105 
        044s 175 0.9975 0.0025 
        045s 175 0.9275 0.0725 
        046s 175 0.9956 0.0044 
        047s 175 0.9979 0.0021 
        048s 175 0.9878 0.0122 
        049s 175 0.9641 0.0359 
        050s 175 0.9215 0.0785 
        001s 176 0.9127 0.0873 
        002s 176 0.9705 0.0295 
        003s 176 0.9959 0.0041 
        004s 176 0.9947 0.0053 
        005s 176 0.9982 0.0018 
        006s 176 0.9975 0.0025 
        007s 176 0.9240 0.0760 
        008s 176 0.9984 0.0016 
        009s 176 0.9981 0.0019 
        010s 176 0.9975 0.0025 
        011s 176 0.9984 0.0016 
        012s 176 0.9313 0.0687 
        013s 176 0.9707 0.0293 
        014s 176 0.9926 0.0074 
        015s 176 0.9977 0.0023 
        016s 176 0.9980 0.0020 
        017s 176 0.9991 0.0009 
        018s 176 0.9983 0.0017 
        019s 176 0.9392 0.0608 
        020s 176 0.9960 0.0040 
        021s 176 0.9904 0.0096 
        022s 176 0.9962 0.0038 
        023s 176 0.9977 0.0023 
        024s 176 0.9422 0.0578 
        025s 176 0.9801 0.0199 
        026s 176 0.9818 0.0182 
        027s 176 0.9987 0.0013 
        028s 176 0.9955 0.0045 
        029s 176 0.9966 0.0034 
        030s 176 0.9411 0.0589 
        031s 176 0.9815 0.0185 
        032s 176 0.9595 0.0405 
        033s 176 0.8688 0.1312 
        034s 176 0.9970 0.0030 
        035s 176 0.9704 0.0296 
        036s 176 0.9968 0.0032 
        037s 176 0.9258 0.0742 
        038s 176 0.9977 0.0023 
        039s 176 0.9985 0.0015 
        040s 176 0.9988 0.0012 
        041s 176 0.9969 0.0031 
        042s 176 0.9983 0.0017 
        043s 176 0.9658 0.0342 
        044s 176 0.9940 0.0060 
        045s 176 0.9756 0.0244 
        046s 176 0.9960 0.0040 
        047s 176 0.9980 0.0020 
        048s 176 0.9845 0.0155 
        050s 176 0.9963 0.0037 
        001s 177 0.9404 0.0596 
        002s 177 0.9985 0.0015 
        003s 177 0.9394 0.0606 
        004s 177 0.9974 0.0026 
        005s 177 0.9955 0.0045 
        006s 177 0.9937 0.0063 
        007s 177 0.9890 0.0110 
        008s 177 0.8491 0.1509 
        009s 177 0.9988 0.0012 
        010s 177 0.9607 0.0393 
        011s 177 0.9965 0.0035 
        012s 177 0.9938 0.0062 
        013s 177 0.9970 0.0030 
        014s 177 0.9545 0.0455 
        015s 177 0.9916 0.0084 
        016s 177 0.9990 0.0010 
        017s 177 0.9538 0.0462 
        018s 177 0.9819 0.0181 
        019s 177 0.9971 0.0029 
        020s 177 0.9935 0.0065 
        021s 177 0.9984 0.0016 
        022s 177 0.9845 0.0155 
        023s 177 0.9727 0.0273 
        024s 177 0.9981 0.0019 
        025s 177 0.9920 0.0080 
        026s 177 0.9976 0.0024 
        027s 177 0.9985 0.0015 
        028s 177 0.9987 0.0013 
        029s 177 0.9057 0.0943 
        030s 177 0.9810 0.0190 
        031s 177 0.9972 0.0028 
        032s 177 0.9614 0.0386 
        033s 177 0.9983 0.0017 
        034s 177 0.9960 0.0040 
        035s 177 0.9990 0.0010 
        036s 177 0.9679 0.0321 
        037s 177 0.9543 0.0457 
        038s 177 0.9793 0.0207 
        039s 177 0.9966 0.0034 
        040s 177 0.9581 0.0419 
        041s 177 0.8907 0.1093 
        042s 177 0.9603 0.0397 
        043s 177 0.9990 0.0010 
        044s 177 0.9972 0.0028 
        045s 177 0.9748 0.0252 
        046s 177 0.9976 0.0024 
        047s 177 0.9945 0.0055 
        048s 177 0.9835 0.0165 
        049s 177 0.9384 0.0616 
        050s 177 0.9985 0.0015 
        001s 178 0.9574 0.0426 
        002s 178 0.9893 0.0107 
        003s 178 0.9902 0.0098 
        004s 178 0.9924 0.0076 
        005s 178 0.9957 0.0043 
        006s 178 0.9240 0.0760 
        007s 178 0.9974 0.0026 
        008s 178 0.9113 0.0887 
        009s 178 0.9905 0.0095 
        010s 178 0.9981 0.0019 
        011s 178 0.9964 0.0036 
        012s 178 0.9947 0.0053 
        013s 178 0.9989 0.0011 
        014s 178 0.9531 0.0469 
        015s 178 0.9889 0.0111 
        016s 178 0.9755 0.0245 
        017s 178 0.9568 0.0432 
        018s 178 0.9958 0.0042 
        019s 178 0.9953 0.0047 
        020s 178 0.9985 0.0015 
        021s 178 0.9551 0.0449 
        022s 178 0.9956 0.0044 
        023s 178 0.8902 0.1098 
        024s 178 0.9982 0.0018 
        025s 178 0.9614 0.0386 
        026s 178 0.9985 0.0015 
        027s 178 0.9498 0.0502 
        028s 178 0.9465 0.0535 
        029s 178 0.9925 0.0075 
        030s 178 0.9803 0.0197 
        031s 178 0.9990 0.0010 
        032s 178 0.9982 0.0018 
        033s 178 0.9488 0.0512 
        034s 178 0.9990 0.0010 
        035s 178 0.9967 0.0033 
        036s 178 0.9988 0.0012 
        037s 178 0.9986 0.0014 
        039s 178 0.9656 0.0344 
        040s 178 0.9208 0.0792 
        041s 178 0.9982 0.0018 
        042s 178 0.9474 0.0526 
        043s 178 0.9468 0.0532 
        044s 178 0.8788 0.1212 
        045s 178 0.9966 0.0034 
        046s 178 0.9969 0.0031 
        047s 178 0.9660 0.0340 
        048s 178 0.9589 0.0411 
        049s 178 0.9875 0.0125 
        050s 178 0.9000 0.1000 
          01 179 0.9145 0.0855 
          02 179 0.9966 0.0034 
          03 179 0.8592 0.1408 
          04 179 0.9933 0.0067 
          05 179 0.9364 0.0636 
          06 179 0.9971 0.0029 
          07 179 0.9919 0.0081 
          08 179 0.9981 0.0019 
          09 179 0.9987 0.0013 
          10 179 0.9811 0.0189 
          11 179 0.9085 0.0915 
          12 179 0.9975 0.0025 
          13 179 0.9983 0.0017 
          14 179 0.9120 0.0880 
          15 179 0.9737 0.0263 
          16 179 0.9738 0.0262 
          17 179 0.9955 0.0045 
          18 179 0.9976 0.0024 
          19 179 0.9593 0.0407 
          20 179 0.9301 0.0699 
          21 179 0.9993 0.0007 
          22 179 0.9728 0.0272 
          23 179 0.9951 0.0049 
        001s 180 0.9477 0.0523 
        002s 180 0.9958 0.0042 
        003s 180 0.9971 0.0029 
        004s 180 0.9977 0.0023 
        005s 180 0.9794 0.0206 
        006s 180 0.9066 0.0934 
        007s 180 0.9980 0.0020 
        008s 180 0.9922 0.0078 
        009s 180 0.9977 0.0023 
        010s 180 0.9977 0.0023 
        011s 180 0.9954 0.0046 
        012s 180 0.9830 0.0170 
        013s 180 0.9961 0.0039 
        014s 180 0.9834 0.0166 
        015s 180 0.9967 0.0033 
        016s 180 0.9692 0.0308 
        017s 180 0.9960 0.0040 
        018s 180 0.9289 0.0711 
        019s 180 0.9958 0.0042 
        020s 180 0.9921 0.0079 
        021s 180 0.9938 0.0062 
        022s 180 0.9835 0.0165 
        023s 180 0.9986 0.0014 
        024s 180 0.9907 0.0093 
        025s 180 0.9830 0.0170 
        026s 180 0.9936 0.0064 
        027s 180 0.9879 0.0121 
        028s 180 0.9931 0.0069 
        029s 180 0.9577 0.0423 
        030s 180 0.9962 0.0038 
        031s 180 0.9980 0.0020 
        032s 180 0.9931 0.0069 
        033s 180 0.9948 0.0052 
        034s 180 0.9892 0.0108 
        035s 180 0.9780 0.0220 
        036s 180 0.9984 0.0016 
        037s 180 0.9961 0.0039 
        038s 180 0.9945 0.0055 
        039s 180 0.9945 0.0055 
        041s 180 0.9974 0.0026 
        042s 180 0.9946 0.0054 
        043s 180 0.9885 0.0115 
        044s 180 0.9977 0.0023 
        045s 180 0.9900 0.0100 
        046s 180 0.9756 0.0244 
        047s 180 0.9793 0.0207 
        048s 180 0.9966 0.0034 
        049s 180 0.9973 0.0027 
        050s 180 0.9979 0.0021 
         001 181 0.0005 0.9995 
         002 181 0.0003 0.9997 
         003 181 0.0004 0.9996 
         004 181 0.0151 0.9849 
         005 181 0.0041 0.9959 
         006 181 0.0003 0.9997 
         007 181 0.0004 0.9996 
         008 181 0.0006 0.9994 
         009 181 0.0002 0.9998 
         010 181 0.0022 0.9978 
         011 181 0.0003 0.9997 
         012 181 0.0008 0.9992 
         013 181 0.0017 0.9983 
         014 181 0.0005 0.9995 
         015 181 0.0003 0.9997 
         016 181 0.0007 0.9993 
         017 181 0.0003 0.9997 
         018 181 0.0007 0.9993 
         019 181 0.0038 0.9962 
         020 181 0.0004 0.9996 
         021 181 0.0003 0.9997 
         022 181 0.0002 0.9998 
         023 181 0.0003 0.9997 
         024 181 0.0072 0.9928 
         025 181 0.0003 0.9997 
         026 181 0.0003 0.9997 
         027 181 0.0002 0.9998 
         028 181 0.0002 0.9998 
         029 181 0.0004 0.9996 
         030 181 0.0005 0.9995 
         001 182 0.0003 0.9997 
         002 182 0.0009 0.9991 
         003 182 0.0167 0.9833 
         004 182 0.0005 0.9995 
         005 182 0.0024 0.9976 
         006 182 0.1198 0.8802 
         007 182 0.0081 0.9919 
         008 182 0.0016 0.9984 
         009 182 0.0007 0.9993 
         010 182 0.1042 0.8958 
         011 182 0.0008 0.9992 
         012 182 0.0760 0.9240 
         013 182 0.0041 0.9959 
         014 182 0.1059 0.8941 
         015 182 0.0004 0.9996 
         016 182 0.0007 0.9993 
         017 182 0.0690 0.9310 
         018 182 0.0008 0.9992 
         019 182 0.0005 0.9995 
         020 182 0.0002 0.9998 
         021 182 0.0711 0.9289 
         022 182 0.0007 0.9993 
         023 182 0.0007 0.9993 
         024 182 0.0008 0.9992 
         025 182 0.0005 0.9995 
         026 182 0.0003 0.9997 
         027 182 0.0019 0.9981 
         028 182 0.0010 0.9990 
         029 182 0.0026 0.9974 
         030 182 0.0003 0.9997 
          10 183 0.9989 0.0011 
          11 183 0.9986 0.0014 
          12 183 0.9988 0.0012 
          13 183 0.9406 0.0594 
          14 183 0.9989 0.0011 
          15 183 0.9719 0.0281 
          16 183 0.9225 0.0775 
          17 183 0.9979 0.0021 
          18 183 0.9985 0.0015 
          19 183 0.9991 0.0009 
          20 183 0.9659 0.0341 
          21 183 0.9960 0.0040 
          22 183 0.9816 0.0184 
          23 183 0.9831 0.0169 
          24 183 0.9990 0.0010 
          25 183 0.9954 0.0046 
          26 183 0.9883 0.0117 
          27 183 0.9673 0.0327 
          28 183 0.9929 0.0071 
          29 183 0.3067 0.6933 
          30 183 0.1699 0.8301 
          31 183 0.9975 0.0025 
          32 183 0.9993 0.0007 
          33 183 0.9923 0.0077 
          34 183 0.9986 0.0014 
          35 183 0.9726 0.0274 
          36 183 0.9986 0.0014 
          37 183 0.2147 0.7853 
          54 183 0.9295 0.0705 
          55 183 0.8817 0.1183 
           6 183 0.9853 0.0147 
           7 183 0.8790 0.1210 
           8 183 0.9469 0.0531 
           9 183 0.9895 0.0105 
           4 184 0.9934 0.0066 
           9 184 0.9975 0.0025 
          12 184 0.9774 0.0226 
          14 184 0.9967 0.0033 
          15 184 0.9987 0.0013 
          16 184 0.9970 0.0030 
          17 184 0.9912 0.0088 
          18 184 0.9027 0.0973 
          22 184 0.9982 0.0018 
          25 184 0.9881 0.0119 
          26 184 0.9968 0.0032 
          27 184 0.9975 0.0025 
          28 184 0.9983 0.0017 
          29 184 0.9992 0.0008 
          31 184 0.9939 0.0061 
          32 184 0.9877 0.0123 
          33 184 0.9975 0.0025 
          34 184 0.9987 0.0013 
          36 184 0.6233 0.3767 
          37 184 0.9906 0.0094 
          39 184 0.9646 0.0354 
          40 184 0.9905 0.0095 
          41 184 0.9885 0.0115 
          42 184 0.9958 0.0042 
          43 184 0.9979 0.0021 
          44 184 0.9179 0.0821 
          45 184 0.9989 0.0011 
          46 184 0.9960 0.0040 
          47 184 0.9993 0.0007 
          48 184 0.9985 0.0015 
          52 184 0.9139 0.0861 
          54 184 0.9976 0.0024 
          57 184 0.9970 0.0030 
          58 184 0.9961 0.0039 
          59 184 0.9254 0.0746 
          60 184 0.9977 0.0023 
           3 185 0.9560 0.0440 
           4 185 0.9969 0.0031 
           5 185 0.9963 0.0037 
           6 185 0.9976 0.0024 
           7 185 0.9087 0.0913 
           8 185 0.9189 0.0811 
           9 185 0.9944 0.0056 
          10 185 0.9963 0.0037 
          11 185 0.9306 0.0694 
          12 185 0.8930 0.1070 
          13 185 0.9984 0.0016 
          14 185 0.9973 0.0027 
          15 185 0.9422 0.0578 
          16 185 0.9956 0.0044 
          17 185 0.9905 0.0095 
          18 185 0.9989 0.0011 
          19 185 0.9988 0.0012 
          20 185 0.8650 0.1350 
          21 185 0.9889 0.0111 
          22 185 0.9833 0.0167 
          23 185 0.9613 0.0387 
          24 185 0.9982 0.0018 
          25 185 0.9161 0.0839 
          26 185 0.9949 0.0051 
          27 185 0.9986 0.0014 
          28 185 0.9975 0.0025 
          29 185 0.8562 0.1438 
          30 185 0.9828 0.0172 
          31 185 0.9825 0.0175 
          32 185 0.9894 0.0106 
          33 185 0.9719 0.0281 
          34 185 0.9982 0.0018 
          35 185 0.9950 0.0050 
          36 185 0.9966 0.0034 
          37 185 0.9625 0.0375 
          38 185 0.8942 0.1058 
          39 185 0.9381 0.0619 
          40 185 0.9978 0.0022 
          41 185 0.9983 0.0017 
          42 185 0.9981 0.0019 
           5 186 0.9980 0.0020 
           6 186 0.9969 0.0031 
           7 186 0.9934 0.0066 
           9 186 0.9111 0.0889 
          10 186 0.9382 0.0618 
          11 186 0.9919 0.0081 
          12 186 0.9959 0.0041 
          29 186 0.9952 0.0048 
          30 186 0.9990 0.0010 
          31 186 0.8886 0.1114 
          32 186 0.9314 0.0686 
          33 186 0.9987 0.0013 
          34 186 0.9588 0.0412 
          35 186 0.9992 0.0008 
          36 186 0.9966 0.0034 
          37 186 0.9534 0.0466 
          38 186 0.9583 0.0417 
          39 186 0.9976 0.0024 
          40 186 0.9983 0.0017 
          41 186 0.9891 0.0109 
          42 186 0.9979 0.0021 
          43 186 0.9802 0.0198 
          44 186 0.9989 0.0011 
          45 186 0.9987 0.0013 
          46 186 0.9983 0.0017 
          47 186 0.9906 0.0094 
          48 186 0.9980 0.0020 
          49 186 0.9990 0.0010 
          50 186 0.9703 0.0297 
          51 186 0.9986 0.0014 
          52 186 0.9968 0.0032 
          53 186 0.9983 0.0017 
          54 186 0.9981 0.0019 
          55 186 0.9950 0.0050 
          56 186 0.9956 0.0044 
          57 186 0.9779 0.0221 
          58 186 0.9974 0.0026 
          59 186 0.9878 0.0122 
          60 186 0.9989 0.0011 
           1 187 0.9601 0.0399 
           2 187 0.9900 0.0100 
           3 187 0.9629 0.0371 
           4 187 0.8734 0.1266 
           5 187 0.9984 0.0016 
           6 187 0.9928 0.0072 
           7 187 0.8490 0.1510 
           8 187 0.9953 0.0047 
           9 187 0.9991 0.0009 
          10 187 0.9518 0.0482 
          11 187 0.9975 0.0025 
          12 187 0.9978 0.0022 
          13 187 0.9858 0.0142 
          14 187 0.9972 0.0028 
          15 187 0.9917 0.0083 
          16 187 0.9712 0.0288 
          17 187 0.9201 0.0799 
          18 187 0.9961 0.0039 
          19 187 0.9985 0.0015 
          20 187 0.9975 0.0025 
          21 187 0.8977 0.1023 
          22 187 0.9955 0.0045 
          23 187 0.9990 0.0010 
          24 187 0.8975 0.1025 
          25 187 0.9959 0.0041 
          26 187 0.9988 0.0012 
          27 187 0.9991 0.0009 
          28 187 0.9892 0.0108 
          29 187 0.9867 0.0133 
          30 187 0.9945 0.0055 
          32 187 0.9033 0.0967 
          33 187 0.9643 0.0357 
          34 187 0.9972 0.0028 
          35 187 0.9794 0.0206 
          36 187 0.9981 0.0019 
          37 187 0.9891 0.0109 
          38 187 0.8726 0.1274 
           1 188 0.9865 0.0135 
           2 188 0.9639 0.0361 
           3 188 0.9432 0.0568 
           4 188 0.9285 0.0715 
           5 188 0.9942 0.0058 
           6 188 0.9989 0.0011 
           7 188 0.9987 0.0013 
           8 188 0.9409 0.0591 
           9 188 0.9972 0.0028 
          10 188 0.9891 0.0109 
          11 188 0.9989 0.0011 
          12 188 0.9959 0.0041 
          13 188 0.8863 0.1137 
          14 188 0.9071 0.0929 
          15 188 0.9984 0.0016 
          16 188 0.9637 0.0363 
          17 188 0.9945 0.0055 
          18 188 0.9931 0.0069 
          19 188 0.9959 0.0041 
          20 188 0.8773 0.1227 
          21 188 0.9896 0.0104 
          22 188 0.9937 0.0063 
          23 188 0.9844 0.0156 
          24 188 0.9992 0.0008 
          25 188 0.9970 0.0030 
          26 188 0.9115 0.0885 
          27 188 0.9338 0.0662 
          28 188 0.9961 0.0039 
          29 188 0.9424 0.0576 
          30 188 0.8937 0.1063 
          31 188 0.9894 0.0106 
          32 188 0.9979 0.0021 
          33 188 0.9979 0.0021 
          34 188 0.9982 0.0018 
          35 188 0.9631 0.0369 
          36 188 0.8837 0.1163 
          37 188 0.9967 0.0033 
          38 188 0.9061 0.0939 
          39 188 0.9556 0.0444 
          40 188 0.9970 0.0030 
           7 189 0.9907 0.0093 
           8 189 0.9938 0.0062 
           9 189 0.9899 0.0101 
          10 189 0.9886 0.0114 
          11 189 0.9962 0.0038 
          12 189 0.9241 0.0759 
          13 189 0.9986 0.0014 
          14 189 0.9462 0.0538 
          16 189 0.8501 0.1499 
          17 189 0.9987 0.0013 
          18 189 0.9448 0.0552 
          19 189 0.9953 0.0047 
          20 189 0.9271 0.0729 
          21 189 0.9745 0.0255 
          23 189 0.9981 0.0019 
          24 189 0.9463 0.0537 
          25 189 0.9864 0.0136 
          26 189 0.9598 0.0402 
          27 189 0.9962 0.0038 
          28 189 0.9994 0.0006 
          29 189 0.9942 0.0058 
          30 189 0.9938 0.0062 
          31 189 0.9986 0.0014 
          32 189 0.9149 0.0851 
          33 189 0.9976 0.0024 
          34 189 0.9990 0.0010 
          35 189 0.9985 0.0015 
          36 189 0.9454 0.0546 
          37 189 0.9985 0.0015 
          38 189 0.9901 0.0099 
          39 189 0.9784 0.0216 
          40 189 0.8523 0.1477 
          41 189 0.9655 0.0345 
          42 189 0.8200 0.1800 
          43 189 0.9966 0.0034 
           1 190 0.8779 0.1221 
           3 190 0.9977 0.0023 
           4 190 0.9975 0.0025 
           5 190 0.9734 0.0266 
           6 190 0.9984 0.0016 
           7 190 0.9968 0.0032 
           8 190 0.9667 0.0333 
           9 190 0.6291 0.3709 
          10 190 0.9965 0.0035 
          11 190 0.9552 0.0448 
          12 190 0.9982 0.0018 
          13 190 0.9967 0.0033 
          14 190 0.9954 0.0046 
          15 190 0.9862 0.0138 
          16 190 0.9876 0.0124 
          17 190 0.9912 0.0088 
          18 190 0.9625 0.0375 
          19 190 0.9976 0.0024 
          20 190 0.9983 0.0017 
          22 190 0.8693 0.1307 
          23 190 0.9850 0.0150 
          24 190 0.9369 0.0631 
          25 190 0.9879 0.0121 
          26 190 0.9990 0.0010 
          27 190 0.9970 0.0030 
          28 190 0.9890 0.0110 
          29 190 0.9711 0.0289 
          31 190 0.9363 0.0637 
           7 191 0.9986 0.0014 
           8 191 0.9933 0.0067 
           9 191 0.9983 0.0017 
          10 191 0.9979 0.0021 
          11 191 0.9907 0.0093 
          12 191 0.9661 0.0339 
          13 191 0.9932 0.0068 
          14 191 0.9838 0.0162 
          15 191 0.9323 0.0677 
          16 191 0.9958 0.0042 
          17 191 0.9051 0.0949 
          18 191 0.9966 0.0034 
          19 191 0.9562 0.0438 
          20 191 0.9635 0.0365 
          21 191 0.9550 0.0450 
          22 191 0.9949 0.0051 
          23 191 0.9954 0.0046 
          24 191 0.9959 0.0041 
          25 191 0.9631 0.0369 
          26 191 0.8884 0.1116 
          27 191 0.9972 0.0028 
          28 191 0.9969 0.0031 
          29 191 0.9960 0.0040 
          30 191 0.9985 0.0015 
          39 191 0.9949 0.0051 
          40 191 0.9969 0.0031 
          41 191 0.9377 0.0623 
          42 191 0.9989 0.0011 
          43 191 0.9772 0.0228 
          44 191 0.9731 0.0269 
          45 191 0.9977 0.0023 
          46 191 0.8689 0.1311 
          47 191 0.9835 0.0165 
          48 191 0.9980 0.0020 
          49 191 0.9863 0.0137 
          50 191 0.9961 0.0039 
           9 192 0.9988 0.0012 
          10 192 0.9938 0.0062 
          11 192 0.9945 0.0055 
          12 192 0.9950 0.0050 
          13 192 0.9022 0.0978 
          14 192 0.9757 0.0243 
          15 192 0.9983 0.0017 
          16 192 0.9927 0.0073 
          17 192 0.9467 0.0533 
          18 192 0.9932 0.0068 
          19 192 0.9882 0.0118 
          20 192 0.9854 0.0146 
          21 192 0.9987 0.0013 
          22 192 0.9591 0.0409 
          23 192 0.9094 0.0906 
          24 192 0.9951 0.0049 
          33 192 0.9421 0.0579 
          35 192 0.9975 0.0025 
          36 192 0.9986 0.0014 
          37 192 0.9981 0.0019 
          38 192 0.9429 0.0571 
          39 192 0.9950 0.0050 
          40 192 0.9168 0.0832 
          41 192 0.9277 0.0723 
          42 192 0.9404 0.0596 
          43 192 0.9978 0.0022 
          45 192 0.9983 0.0017 
          46 192 0.9939 0.0061 
          47 192 0.9968 0.0032 
          48 192 0.9978 0.0022 
          49 192 0.9333 0.0667 
          50 192 0.9980 0.0020 
