        001s  1 0.0063 0.0004 0.0005 0.9916 0.0009 0.0003 
        002s  1 0.0067 0.0006 0.0010 0.9888 0.0005 0.0024 
        003s  1 0.0105 0.0017 0.0059 0.9700 0.0113 0.0006 
        004s  1 0.0049 0.0035 0.0059 0.9552 0.0004 0.0302 
        005s  1 0.5716 0.0009 0.2205 0.0009 0.0003 0.2058 
        006s  1 0.0027 0.0004 0.0003 0.9951 0.0004 0.0011 
        007s  1 0.0069 0.0030 0.0025 0.9867 0.0007 0.0003 
        008s  1 0.0481 0.0008 0.0033 0.9457 0.0009 0.0010 
        009s  1 0.0231 0.0058 0.0610 0.9036 0.0018 0.0047 
        010s  1 0.0058 0.0004 0.0076 0.9846 0.0006 0.0010 
        011s  1 0.0090 0.0023 0.0014 0.9812 0.0043 0.0017 
        012s  1 0.0096 0.0009 0.1208 0.8581 0.0066 0.0040 
        013s  1 0.0060 0.0083 0.0014 0.9575 0.0008 0.0260 
        014s  1 0.0050 0.0053 0.0213 0.9471 0.0192 0.0021 
        015s  1 0.0099 0.0004 0.0005 0.9880 0.0008 0.0004 
        016s  1 0.0135 0.0076 0.0024 0.9750 0.0010 0.0006 
        018s  1 0.2642 0.0014 0.1466 0.5861 0.0008 0.0010 
        019s  1 0.0343 0.0007 0.0159 0.9437 0.0049 0.0005 
        020s  1 0.0238 0.0095 0.0007 0.9568 0.0090 0.0003 
        021s  1 0.0080 0.0055 0.0003 0.9776 0.0008 0.0078 
        022s  1 0.0128 0.0006 0.0003 0.9857 0.0004 0.0003 
        023s  1 0.0505 0.0102 0.0004 0.9378 0.0009 0.0002 
        024s  1 0.0082 0.0007 0.0010 0.9887 0.0004 0.0009 
        025s  1 0.9143 0.0010 0.0049 0.0781 0.0004 0.0013 
        026s  1 0.0093 0.0075 0.0008 0.9773 0.0042 0.0008 
        027s  1 0.9813 0.0026 0.0012 0.0078 0.0006 0.0066 
        028s  1 0.8577 0.0007 0.0435 0.0459 0.0029 0.0493 
        029s  1 0.0080 0.0007 0.0008 0.9839 0.0061 0.0005 
        030s  1 0.8395 0.0005 0.0009 0.1500 0.0065 0.0025 
        031s  1 0.0054 0.0014 0.0004 0.9922 0.0003 0.0002 
        032s  1 0.0051 0.0005 0.0008 0.9919 0.0012 0.0005 
        033s  1 0.0064 0.0010 0.0048 0.9858 0.0010 0.0010 
        034s  1 0.0211 0.0517 0.0009 0.9220 0.0033 0.0010 
        035s  1 0.0051 0.0010 0.0013 0.9890 0.0017 0.0019 
        036s  1 0.0086 0.0010 0.0910 0.8983 0.0003 0.0009 
        037s  1 0.0078 0.0412 0.1082 0.8333 0.0009 0.0087 
        038s  1 0.0114 0.0009 0.0019 0.9843 0.0006 0.0009 
        039s  1 0.0794 0.0004 0.0006 0.8985 0.0006 0.0206 
        040s  1 0.0109 0.0028 0.0010 0.9818 0.0006 0.0029 
        041s  1 0.0120 0.0036 0.0027 0.9808 0.0007 0.0003 
        042s  1 0.0181 0.0788 0.0771 0.8245 0.0009 0.0006 
        043s  1 0.6933 0.0005 0.0112 0.2922 0.0015 0.0013 
        044s  1 0.0550 0.0078 0.0901 0.8324 0.0021 0.0127 
        045s  1 0.0121 0.0007 0.0051 0.9804 0.0010 0.0007 
        046s  1 0.0059 0.0009 0.0012 0.9898 0.0018 0.0003 
        047s  1 0.0132 0.0043 0.0007 0.9800 0.0016 0.0003 
        048s  1 0.0052 0.0010 0.0636 0.9296 0.0004 0.0002 
        049s  1 0.0186 0.0004 0.0005 0.9790 0.0004 0.0010 
        050s  1 0.0091 0.0004 0.0991 0.8874 0.0004 0.0035 
        051s  1 0.0030 0.0009 0.0004 0.9726 0.0227 0.0005 
        052s  1 0.2330 0.0022 0.0072 0.7303 0.0188 0.0084 
        053s  1 0.0019 0.0005 0.0013 0.9955 0.0003 0.0004 
        054s  1 0.0043 0.0009 0.0003 0.9892 0.0026 0.0027 
        055s  1 0.0013 0.0670 0.0868 0.8419 0.0020 0.0011 
          01  2 0.0079 0.0024 0.1185 0.8368 0.0330 0.0015 
          02  2 0.0793 0.0007 0.0153 0.9013 0.0015 0.0019 
          03  2 0.0390 0.0016 0.0012 0.9571 0.0004 0.0008 
          04  2 0.9022 0.0118 0.0023 0.0671 0.0010 0.0156 
          05  2 0.8537 0.0004 0.1233 0.0219 0.0003 0.0004 
          06  2 0.0610 0.0008 0.0309 0.9042 0.0009 0.0022 
          07  2 0.0034 0.0004 0.0064 0.9865 0.0010 0.0023 
          08  2 0.4356 0.0006 0.0849 0.4777 0.0008 0.0005 
          09  2 0.0052 0.0004 0.0006 0.9870 0.0065 0.0004 
          10  2 0.0425 0.0004 0.0010 0.9549 0.0006 0.0006 
          11  2 0.0085 0.0028 0.0089 0.9691 0.0096 0.0011 
          12  2 0.0573 0.0005 0.0008 0.9392 0.0016 0.0005 
          13  2 0.0049 0.0006 0.0004 0.9931 0.0006 0.0004 
          14  2 0.0164 0.0205 0.0004 0.9529 0.0033 0.0065 
          15  2 0.0041 0.0012 0.0003 0.9926 0.0010 0.0007 
          16  2 0.0051 0.0036 0.0009 0.9295 0.0027 0.0582 
          17  2 0.2078 0.0010 0.0013 0.7877 0.0009 0.0012 
          18  2 0.0044 0.0009 0.0176 0.9725 0.0016 0.0030 
          19  2 0.0397 0.0045 0.0012 0.9525 0.0018 0.0002 
          20  2 0.0045 0.0049 0.0546 0.9295 0.0018 0.0046 
          21  2 0.0056 0.0006 0.0012 0.9734 0.0187 0.0004 
          22  2 0.4198 0.0092 0.0014 0.5607 0.0057 0.0032 
          23  2 0.0101 0.0020 0.0010 0.9839 0.0011 0.0019 
          24  2 0.0231 0.0007 0.0003 0.9743 0.0009 0.0006 
          25  2 0.0038 0.0009 0.0026 0.9620 0.0019 0.0287 
          26  2 0.0187 0.0003 0.0006 0.9795 0.0007 0.0003 
          27  2 0.0047 0.0029 0.0008 0.9600 0.0011 0.0304 
          28  2 0.0380 0.0038 0.0014 0.9557 0.0009 0.0003 
          29  2 0.0073 0.0004 0.0007 0.9900 0.0008 0.0008 
          30  2 0.0035 0.0825 0.1577 0.7490 0.0067 0.0005 
          01  3 0.2189 0.0084 0.4263 0.1252 0.0004 0.2209 
          02  3 0.1191 0.0024 0.3311 0.0089 0.0743 0.4642 
          03  3 0.3655 0.0005 0.3112 0.0096 0.0007 0.3125 
          04  3 0.1867 0.0008 0.4569 0.0037 0.0008 0.3510 
          05  3 0.0004 0.1210 0.3603 0.0006 0.1151 0.4026 
          06  3 0.0450 0.0007 0.4169 0.0382 0.0002 0.4989 
          07  3 0.3650 0.0003 0.3714 0.0135 0.0010 0.2488 
          08  3 0.3090 0.0016 0.3651 0.0016 0.0018 0.3210 
          09  3 0.3082 0.0027 0.4217 0.0011 0.0002 0.2661 
          10  3 0.0121 0.1313 0.1976 0.0215 0.2188 0.4186 
          11  3 0.2937 0.0003 0.4029 0.0011 0.0003 0.3017 
          12  3 0.2761 0.0005 0.4104 0.0023 0.0003 0.3104 
          13  3 0.0045 0.0002 0.4550 0.0010 0.0154 0.5239 
          14  3 0.0100 0.1562 0.3310 0.0017 0.0418 0.4591 
          15  3 0.3523 0.0012 0.3726 0.0006 0.0003 0.2730 
          16  3 0.0627 0.0026 0.3075 0.0196 0.0034 0.6042 
          17  3 0.4019 0.0006 0.4142 0.0052 0.0009 0.1772 
          18  3 0.0083 0.2773 0.2046 0.0091 0.1647 0.3360 
          19  3 0.1709 0.0027 0.3618 0.0014 0.0005 0.4627 
          20  3 0.1640 0.0459 0.4521 0.0286 0.0002 0.3092 
          21  3 0.2489 0.0044 0.3648 0.0036 0.0015 0.3768 
          22  3 0.3008 0.0008 0.4738 0.0005 0.0003 0.2237 
          23  3 0.2390 0.0009 0.4022 0.0022 0.0003 0.3555 
          24  3 0.0493 0.0024 0.4880 0.0087 0.1660 0.2855 
          25  3 0.0003 0.1309 0.3109 0.0003 0.2502 0.3074 
          26  3 0.2274 0.0003 0.4294 0.0039 0.0004 0.3387 
          27  3 0.0683 0.1706 0.2509 0.0136 0.1279 0.3687 
          28  3 0.0682 0.0003 0.4424 0.0219 0.0018 0.4654 
          29  3 0.1799 0.0066 0.3883 0.0015 0.0032 0.4205 
          30  3 0.3080 0.0003 0.4417 0.0013 0.0006 0.2481 
         001  4 0.0001 0.0001 0.9996 0.0001 0.0001 0.0001 
         002  4 0.0002 0.0001 0.9990 0.0002 0.0002 0.0002 
         003  4 0.0001 0.0001 0.9995 0.0001 0.0001 0.0001 
         004  4 0.0001 0.0001 0.9995 0.0001 0.0001 0.0002 
         005  4 0.0002 0.0001 0.9991 0.0001 0.0003 0.0002 
         006  4 0.0005 0.0002 0.9259 0.0004 0.0002 0.0728 
         007  4 0.0012 0.0005 0.9414 0.0034 0.0002 0.0533 
         008  4 0.0006 0.0048 0.9901 0.0008 0.0033 0.0004 
         009  4 0.0001 0.0001 0.9994 0.0001 0.0001 0.0002 
         010  4 0.0001 0.0001 0.9959 0.0001 0.0001 0.0038 
         011  4 0.0006 0.0344 0.9436 0.0008 0.0004 0.0201 
         012  4 0.0001 0.0001 0.9996 0.0001 0.0001 0.0001 
         013  4 0.0001 0.0001 0.9997 0.0001 0.0001 0.0001 
         014  4 0.0001 0.0001 0.9994 0.0002 0.0001 0.0001 
         015  4 0.0001 0.0000 0.9997 0.0001 0.0001 0.0001 
         016  4 0.0001 0.0001 0.9995 0.0001 0.0001 0.0001 
         017  4 0.0002 0.0001 0.9994 0.0001 0.0001 0.0001 
         019  4 0.0003 0.0007 0.9137 0.0002 0.0004 0.0847 
         020  4 0.0001 0.0001 0.9993 0.0001 0.0002 0.0001 
         021  4 0.0004 0.0004 0.9904 0.0004 0.0004 0.0081 
         001  5 0.0003 0.0361 0.9617 0.0005 0.0010 0.0004 
         002  5 0.0049 0.0041 0.9570 0.0325 0.0009 0.0005 
         003  5 0.1312 0.0054 0.7564 0.0306 0.0002 0.0763 
         004  5 0.0098 0.0044 0.9348 0.0501 0.0002 0.0007 
         005  5 0.0004 0.0006 0.9969 0.0003 0.0001 0.0017 
         006  5 0.0004 0.0002 0.8961 0.0005 0.0004 0.1024 
         007  5 0.0003 0.0001 0.9099 0.0003 0.0003 0.0891 
         008  5 0.0002 0.0001 0.9949 0.0001 0.0003 0.0044 
         009  5 0.0163 0.0013 0.9295 0.0492 0.0002 0.0036 
         010  5 0.0020 0.0022 0.9248 0.0026 0.0003 0.0682 
         011  5 0.0010 0.0050 0.9912 0.0016 0.0002 0.0010 
         012  5 0.0073 0.0056 0.8681 0.0382 0.0006 0.0801 
         013  5 0.1966 0.0006 0.7477 0.0047 0.0006 0.0497 
         014  5 0.0071 0.0184 0.7026 0.1636 0.0131 0.0952 
         015  5 0.0001 0.0002 0.9686 0.0002 0.0002 0.0307 
         016  5 0.0007 0.0004 0.9373 0.0012 0.0006 0.0598 
         017  5 0.0056 0.0002 0.8826 0.0264 0.0026 0.0826 
         018  5 0.0201 0.0249 0.8755 0.0134 0.0265 0.0396 
         019  5 0.0005 0.0021 0.9903 0.0004 0.0067 0.0002 
         020  5 0.0001 0.0001 0.9994 0.0001 0.0001 0.0001 
         021  5 0.0014 0.0030 0.8578 0.1372 0.0004 0.0003 
         022  5 0.0047 0.0441 0.9243 0.0225 0.0012 0.0032 
         023  5 0.0008 0.0025 0.9660 0.0011 0.0004 0.0291 
         024  5 0.0035 0.0005 0.8864 0.0453 0.0002 0.0641 
         025  5 0.0146 0.0009 0.8930 0.0175 0.0010 0.0729 
         026  5 0.0065 0.0002 0.8387 0.1451 0.0004 0.0091 
         027  5 0.0002 0.0001 0.9992 0.0001 0.0001 0.0002 
         028  5 0.0061 0.0095 0.9265 0.0060 0.0012 0.0508 
         029  5 0.0004 0.0002 0.9961 0.0004 0.0003 0.0026 
         030  5 0.0009 0.0019 0.9901 0.0011 0.0048 0.0012 
        001s  6 0.0062 0.0166 0.0012 0.9477 0.0009 0.0274 
        002s  6 0.0315 0.0009 0.0416 0.9122 0.0136 0.0003 
        003s  6 0.0138 0.0026 0.0117 0.9708 0.0006 0.0004 
        004s  6 0.0048 0.0005 0.0003 0.9935 0.0005 0.0004 
        006s  6 0.0074 0.0118 0.0582 0.9052 0.0017 0.0158 
        007s  6 0.0770 0.0006 0.0007 0.9184 0.0006 0.0027 
        008s  6 0.0450 0.0056 0.0028 0.9438 0.0022 0.0007 
        009s  6 0.2149 0.0009 0.0003 0.7824 0.0011 0.0004 
        010s  6 0.0186 0.0118 0.0095 0.9426 0.0107 0.0068 
        011s  6 0.0348 0.0017 0.0005 0.9604 0.0003 0.0023 
        012s  6 0.0058 0.0012 0.0004 0.9866 0.0022 0.0038 
        013s  6 0.0071 0.0004 0.0011 0.9903 0.0005 0.0006 
        014s  6 0.0039 0.0003 0.0834 0.9119 0.0003 0.0003 
        015s  6 0.0883 0.0054 0.0093 0.8904 0.0006 0.0061 
        016s  6 0.0028 0.0010 0.0004 0.9946 0.0005 0.0008 
        018s  6 0.0054 0.0015 0.2671 0.7245 0.0005 0.0011 
        019s  6 0.5505 0.0032 0.0049 0.4392 0.0006 0.0016 
        020s  6 0.0404 0.0005 0.0004 0.9572 0.0008 0.0008 
        021s  6 0.0038 0.0031 0.0007 0.9764 0.0013 0.0147 
        022s  6 0.0391 0.0034 0.0009 0.9558 0.0004 0.0004 
        023s  6 0.8220 0.0006 0.0183 0.1582 0.0003 0.0005 
        024s  6 0.0344 0.0006 0.0245 0.9375 0.0016 0.0015 
        025s  6 0.0073 0.0681 0.0021 0.9214 0.0006 0.0005 
        026s  6 0.0035 0.0004 0.0004 0.9930 0.0020 0.0007 
        027s  6 0.0098 0.0004 0.0008 0.9871 0.0014 0.0004 
        028s  6 0.0070 0.0056 0.0136 0.9215 0.0455 0.0068 
        029s  6 0.1129 0.0012 0.0006 0.8833 0.0017 0.0003 
        030s  6 0.0866 0.0064 0.0721 0.8325 0.0018 0.0006 
        031s  6 0.0832 0.0005 0.0015 0.9106 0.0004 0.0038 
        032s  6 0.0021 0.0005 0.0057 0.9897 0.0003 0.0016 
        033s  6 0.0008 0.0008 0.0917 0.9059 0.0005 0.0003 
        034s  6 0.1253 0.0108 0.0010 0.8600 0.0006 0.0023 
        035s  6 0.0222 0.0009 0.1464 0.8288 0.0012 0.0005 
        036s  6 0.0082 0.0011 0.0006 0.9836 0.0003 0.0062 
        037s  6 0.0059 0.0018 0.0009 0.9885 0.0023 0.0007 
        038s  6 0.0123 0.0007 0.0003 0.9833 0.0013 0.0021 
        039s  6 0.0125 0.0007 0.0002 0.9857 0.0006 0.0003 
        040s  6 0.0429 0.0005 0.0003 0.9530 0.0004 0.0028 
        041s  6 0.0711 0.0044 0.0478 0.8733 0.0032 0.0002 
        042s  6 0.0135 0.0545 0.0091 0.9194 0.0024 0.0012 
        043s  6 0.0139 0.0074 0.0007 0.9769 0.0003 0.0008 
        044s  6 0.0052 0.0007 0.0010 0.9908 0.0020 0.0004 
        045s  6 0.0111 0.0020 0.0048 0.9811 0.0007 0.0004 
        001s  7 0.2114 0.0011 0.0013 0.7852 0.0004 0.0006 
        002s  7 0.0110 0.0012 0.0264 0.9595 0.0010 0.0007 
        003s  7 0.0124 0.0009 0.0017 0.9826 0.0010 0.0014 
        004s  7 0.0069 0.0005 0.0009 0.9875 0.0011 0.0031 
        005s  7 0.0173 0.0016 0.0111 0.9672 0.0007 0.0021 
        006s  7 0.0276 0.0033 0.0578 0.9102 0.0006 0.0006 
        007s  7 0.0033 0.0016 0.0062 0.9686 0.0146 0.0057 
        008s  7 0.1312 0.0010 0.0216 0.8439 0.0021 0.0002 
        009s  7 0.0033 0.0104 0.0035 0.9801 0.0006 0.0021 
        010s  7 0.0143 0.0010 0.0015 0.9821 0.0007 0.0003 
        011s  7 0.0125 0.0008 0.0005 0.9848 0.0010 0.0005 
        012s  7 0.0072 0.0006 0.0007 0.9907 0.0004 0.0005 
        013s  7 0.0059 0.0039 0.0003 0.9831 0.0007 0.0061 
        014s  7 0.0048 0.0004 0.0387 0.9551 0.0004 0.0006 
        015s  7 0.0068 0.0009 0.0130 0.9764 0.0013 0.0015 
        016s  7 0.0237 0.0013 0.1179 0.8567 0.0002 0.0001 
        017s  7 0.0132 0.0004 0.0010 0.9844 0.0004 0.0007 
        018s  7 0.9851 0.0005 0.0012 0.0082 0.0047 0.0003 
        019s  7 0.0093 0.0101 0.0017 0.9757 0.0021 0.0012 
        020s  7 0.0025 0.0003 0.0005 0.9951 0.0003 0.0013 
        021s  7 0.0083 0.0007 0.0019 0.9875 0.0010 0.0005 
        022s  7 0.0149 0.0011 0.0023 0.9791 0.0003 0.0023 
        023s  7 0.0152 0.0160 0.0093 0.9568 0.0013 0.0014 
        024s  7 0.0425 0.0006 0.0013 0.9533 0.0016 0.0008 
        025s  7 0.0115 0.0010 0.0008 0.9803 0.0014 0.0050 
        026s  7 0.0189 0.0008 0.0027 0.9762 0.0010 0.0003 
        027s  7 0.0043 0.0004 0.0013 0.9918 0.0013 0.0008 
        028s  7 0.8175 0.0004 0.0032 0.1780 0.0002 0.0007 
        029s  7 0.0125 0.0020 0.0106 0.9734 0.0006 0.0009 
        030s  7 0.0145 0.0040 0.0003 0.9764 0.0043 0.0006 
        031s  7 0.1069 0.0119 0.0015 0.8780 0.0005 0.0012 
        032s  7 0.0095 0.0003 0.0997 0.8867 0.0034 0.0004 
        033s  7 0.0100 0.0016 0.0348 0.9483 0.0042 0.0010 
        034s  7 0.0058 0.0006 0.0005 0.9484 0.0016 0.0431 
        035s  7 0.0058 0.0012 0.0004 0.9920 0.0003 0.0003 
        036s  7 0.0022 0.0058 0.0004 0.9867 0.0007 0.0042 
        037s  7 0.8666 0.0033 0.0611 0.0654 0.0006 0.0031 
        038s  7 0.3148 0.0015 0.0114 0.6705 0.0010 0.0008 
        039s  7 0.8676 0.0004 0.0004 0.1310 0.0003 0.0003 
        040s  7 0.0037 0.0008 0.0159 0.9539 0.0004 0.0253 
        041s  7 0.0057 0.0011 0.0333 0.9575 0.0018 0.0004 
        042s  7 0.0172 0.0003 0.0049 0.9767 0.0003 0.0005 
        043s  7 0.0083 0.0028 0.0014 0.9869 0.0005 0.0002 
        044s  7 0.0084 0.0224 0.0519 0.8994 0.0013 0.0165 
         003  8 0.0035 0.0006 0.0041 0.9778 0.0127 0.0013 
         009  8 0.0052 0.0010 0.0014 0.9911 0.0007 0.0006 
         010  8 0.0145 0.0017 0.0003 0.9830 0.0004 0.0002 
         017  8 0.0089 0.0036 0.0005 0.9852 0.0011 0.0007 
         002  9 0.0064 0.0012 0.0003 0.9909 0.0005 0.0007 
         003  9 0.0060 0.0004 0.0001 0.9929 0.0003 0.0003 
         004  9 0.0028 0.0011 0.0004 0.9952 0.0003 0.0002 
         005  9 0.0145 0.0043 0.0004 0.9789 0.0011 0.0009 
         006  9 0.0042 0.0013 0.0007 0.9924 0.0006 0.0009 
         007  9 0.0056 0.0011 0.0029 0.9894 0.0008 0.0002 
         009  9 0.0022 0.0016 0.0011 0.9936 0.0012 0.0003 
         010  9 0.0076 0.0015 0.0002 0.9882 0.0020 0.0005 
         013  9 0.0094 0.0012 0.0011 0.9874 0.0003 0.0006 
         014  9 0.0334 0.0016 0.0004 0.9585 0.0058 0.0002 
         016  9 0.0027 0.0005 0.0003 0.9951 0.0012 0.0002 
         018  9 0.0698 0.0013 0.0006 0.9230 0.0045 0.0009 
         019  9 0.0044 0.0004 0.0007 0.9893 0.0044 0.0008 
         020  9 0.0084 0.0003 0.0003 0.9903 0.0004 0.0003 
         021  9 0.0570 0.0007 0.0004 0.9414 0.0003 0.0002 
         022  9 0.1775 0.0006 0.0003 0.8201 0.0013 0.0003 
         024  9 0.0076 0.0030 0.0005 0.9863 0.0022 0.0005 
         028  9 0.0105 0.0012 0.0003 0.9870 0.0005 0.0006 
         029  9 0.0113 0.0005 0.0003 0.9869 0.0007 0.0004 
         030  9 0.0328 0.0012 0.0004 0.9643 0.0011 0.0004 
         031  9 0.0038 0.0004 0.0015 0.9928 0.0011 0.0004 
         033  9 0.0033 0.0005 0.0047 0.9904 0.0007 0.0004 
         001 10 0.0087 0.0003 0.0003 0.9890 0.0011 0.0005 
         002 10 0.0068 0.0005 0.0003 0.9907 0.0017 0.0002 
         003 10 0.0091 0.0112 0.0003 0.9778 0.0006 0.0010 
         004 10 0.0055 0.0015 0.0003 0.9917 0.0007 0.0003 
         005 10 0.0078 0.0008 0.0003 0.9890 0.0017 0.0003 
         006 10 0.0027 0.0007 0.0011 0.9943 0.0006 0.0005 
         007 10 0.0035 0.0021 0.0006 0.9930 0.0005 0.0004 
         008 10 0.0104 0.0040 0.0005 0.9836 0.0008 0.0006 
         009 10 0.0049 0.0004 0.0006 0.9884 0.0042 0.0015 
         010 10 0.0056 0.0008 0.0006 0.9899 0.0029 0.0004 
         011 10 0.0058 0.0339 0.0005 0.9581 0.0004 0.0012 
         012 10 0.0102 0.0031 0.0004 0.9847 0.0004 0.0011 
         013 10 0.0104 0.0008 0.0003 0.9861 0.0006 0.0018 
         014 10 0.0043 0.0009 0.0004 0.9932 0.0005 0.0008 
         016 10 0.0071 0.0008 0.0005 0.9892 0.0014 0.0010 
         017 10 0.0109 0.0008 0.0005 0.9855 0.0013 0.0010 
         018 10 0.0052 0.0007 0.0065 0.9850 0.0022 0.0004 
         019 10 0.0043 0.0011 0.0003 0.9891 0.0048 0.0004 
         020 10 0.0084 0.0017 0.0011 0.9800 0.0079 0.0009 
         021 10 0.0044 0.0005 0.0009 0.9916 0.0024 0.0003 
         022 10 0.0030 0.0009 0.0003 0.9952 0.0002 0.0005 
         023 10 0.0048 0.0006 0.0002 0.9934 0.0004 0.0006 
         024 10 0.0040 0.0020 0.0003 0.9921 0.0015 0.0002 
         026 10 0.0166 0.0006 0.0003 0.9814 0.0006 0.0004 
        001s 11 0.0681 0.0069 0.0890 0.8345 0.0007 0.0007 
        002s 11 0.0048 0.0019 0.0005 0.9828 0.0033 0.0066 
        003s 11 0.6183 0.0005 0.0055 0.3739 0.0012 0.0005 
        004s 11 0.0836 0.0012 0.0003 0.9128 0.0003 0.0019 
        005s 11 0.0560 0.0006 0.0018 0.9363 0.0048 0.0006 
        006s 11 0.0036 0.0021 0.0012 0.9818 0.0016 0.0098 
        007s 11 0.0035 0.0007 0.0074 0.9491 0.0014 0.0379 
        008s 11 0.0344 0.0004 0.0005 0.9639 0.0004 0.0003 
        009s 11 0.0098 0.0005 0.0003 0.9744 0.0147 0.0003 
        010s 11 0.0018 0.0009 0.0014 0.9954 0.0003 0.0003 
        011s 11 0.0179 0.0204 0.1066 0.8511 0.0003 0.0038 
        012s 11 0.8742 0.0003 0.1047 0.0197 0.0009 0.0002 
        013s 11 0.0201 0.0012 0.0009 0.9771 0.0003 0.0005 
        014s 11 0.3300 0.0009 0.0027 0.6602 0.0011 0.0052 
        015s 11 0.0199 0.0032 0.0021 0.9715 0.0013 0.0021 
        016s 11 0.0168 0.0506 0.0449 0.8819 0.0054 0.0004 
        017s 11 0.9113 0.0020 0.0809 0.0050 0.0005 0.0003 
        018s 11 0.0390 0.0007 0.0049 0.9532 0.0011 0.0011 
        019s 11 0.0139 0.0238 0.0006 0.9608 0.0002 0.0006 
        020s 11 0.0114 0.0011 0.0018 0.9828 0.0018 0.0011 
        021s 11 0.0052 0.0012 0.0004 0.9923 0.0004 0.0005 
        022s 11 0.2380 0.0004 0.0017 0.7289 0.0007 0.0302 
        023s 11 0.0141 0.0129 0.0496 0.9228 0.0003 0.0003 
        025s 11 0.0070 0.0013 0.0004 0.9907 0.0002 0.0004 
        026s 11 0.0038 0.0526 0.0317 0.9110 0.0005 0.0005 
        027s 11 0.0310 0.0005 0.0008 0.9651 0.0005 0.0021 
        028s 11 0.0254 0.0009 0.0065 0.9659 0.0004 0.0009 
        029s 11 0.0287 0.0003 0.0530 0.9165 0.0012 0.0004 
        030s 11 0.8933 0.0016 0.0357 0.0671 0.0012 0.0010 
        031s 11 0.0177 0.0003 0.0004 0.9802 0.0006 0.0008 
        032s 11 0.0168 0.0026 0.0011 0.9785 0.0007 0.0003 
        033s 11 0.0199 0.0008 0.0045 0.9729 0.0012 0.0007 
        034s 11 0.0044 0.0004 0.0010 0.9921 0.0004 0.0017 
        035s 11 0.0115 0.0003 0.0025 0.9829 0.0011 0.0017 
        036s 11 0.9586 0.0005 0.0114 0.0267 0.0016 0.0012 
        037s 11 0.1300 0.0015 0.0027 0.8645 0.0010 0.0003 
        038s 11 0.3344 0.0005 0.0024 0.6618 0.0005 0.0004 
        039s 11 0.0058 0.0007 0.0016 0.9907 0.0007 0.0004 
        040s 11 0.0399 0.0008 0.0696 0.8854 0.0009 0.0035 
        041s 11 0.0126 0.0032 0.0006 0.9614 0.0213 0.0009 
        042s 11 0.1904 0.0102 0.0006 0.7972 0.0007 0.0008 
        043s 11 0.0098 0.0196 0.0347 0.9350 0.0006 0.0004 
        044s 11 0.0475 0.0037 0.0003 0.9439 0.0008 0.0037 
        045s 11 0.1147 0.0116 0.0004 0.8712 0.0003 0.0019 
        046s 11 0.5063 0.0247 0.0238 0.4433 0.0007 0.0011 
        047s 11 0.1387 0.0013 0.0006 0.8576 0.0005 0.0015 
        048s 11 0.0044 0.0329 0.0038 0.9563 0.0014 0.0012 
        049s 11 0.0313 0.0015 0.0011 0.9646 0.0011 0.0005 
        050s 11 0.0031 0.0012 0.0003 0.9934 0.0003 0.0016 
        051s 11 0.0106 0.0470 0.0007 0.9184 0.0005 0.0229 
        052s 11 0.0914 0.0019 0.0027 0.9000 0.0013 0.0026 
        053s 11 0.0068 0.0009 0.0004 0.9901 0.0015 0.0003 
        054s 11 0.0063 0.0006 0.0011 0.9865 0.0005 0.0051 
        055s 11 0.0063 0.0004 0.0698 0.9220 0.0003 0.0012 
        001s 12 0.0071 0.0010 0.0012 0.9854 0.0008 0.0045 
        002s 12 0.0035 0.0008 0.0008 0.9922 0.0022 0.0004 
        003s 12 0.0051 0.0003 0.0003 0.9928 0.0008 0.0007 
        004s 12 0.1075 0.0062 0.0490 0.8350 0.0020 0.0003 
        005s 12 0.0075 0.0006 0.0004 0.9901 0.0007 0.0007 
        006s 12 0.1995 0.0012 0.0338 0.7624 0.0009 0.0023 
        007s 12 0.0072 0.0018 0.0011 0.9854 0.0034 0.0011 
        008s 12 0.0596 0.0005 0.0094 0.9289 0.0005 0.0011 
        009s 12 0.0878 0.0041 0.0205 0.8679 0.0189 0.0009 
        010s 12 0.0764 0.0003 0.0068 0.8828 0.0008 0.0329 
        011s 12 0.0070 0.0009 0.0012 0.9884 0.0008 0.0017 
        012s 12 0.4620 0.0042 0.0010 0.5256 0.0005 0.0067 
        013s 12 0.0631 0.0361 0.0010 0.8988 0.0007 0.0003 
        014s 12 0.0918 0.0449 0.0019 0.8217 0.0014 0.0384 
        015s 12 0.0074 0.0010 0.0037 0.9855 0.0017 0.0007 
        016s 12 0.0530 0.0040 0.0005 0.9415 0.0005 0.0005 
        017s 12 0.0095 0.0008 0.0038 0.9846 0.0004 0.0009 
        018s 12 0.6768 0.0014 0.0015 0.3179 0.0023 0.0002 
        019s 12 0.0113 0.0005 0.0029 0.9820 0.0027 0.0006 
        020s 12 0.0054 0.0005 0.0826 0.9110 0.0002 0.0003 
        021s 12 0.1727 0.0021 0.0035 0.8205 0.0006 0.0006 
        022s 12 0.0301 0.0038 0.0452 0.9164 0.0034 0.0011 
        023s 12 0.0087 0.0008 0.0003 0.9889 0.0008 0.0005 
        024s 12 0.4444 0.0004 0.0008 0.5536 0.0005 0.0003 
        025s 12 0.0026 0.0010 0.0021 0.9878 0.0037 0.0027 
        026s 12 0.0067 0.0006 0.0257 0.9544 0.0120 0.0006 
        027s 12 0.0042 0.0004 0.0027 0.9918 0.0004 0.0006 
        028s 12 0.0062 0.0024 0.0018 0.9803 0.0088 0.0005 
        029s 12 0.0033 0.0008 0.0005 0.9946 0.0003 0.0004 
        030s 12 0.0092 0.0005 0.0010 0.9878 0.0005 0.0011 
        031s 12 0.0131 0.0019 0.0043 0.9785 0.0008 0.0014 
        032s 12 0.1040 0.0007 0.0004 0.8875 0.0070 0.0004 
        033s 12 0.0077 0.0004 0.0011 0.9835 0.0006 0.0067 
        034s 12 0.0022 0.0002 0.0003 0.9963 0.0006 0.0004 
        035s 12 0.0309 0.0005 0.0113 0.9560 0.0006 0.0007 
        036s 12 0.3270 0.0010 0.0023 0.6598 0.0032 0.0066 
        037s 12 0.0054 0.0010 0.0010 0.9911 0.0012 0.0003 
        001s 13 0.0091 0.0022 0.0065 0.9803 0.0012 0.0008 
        002s 13 0.0092 0.0007 0.0873 0.9018 0.0002 0.0008 
        003s 13 0.0289 0.0011 0.0009 0.9678 0.0009 0.0003 
        004s 13 0.0606 0.0032 0.0006 0.9251 0.0102 0.0004 
        005s 13 0.0070 0.0017 0.0028 0.9808 0.0024 0.0053 
        006s 13 0.0252 0.0007 0.0008 0.9705 0.0012 0.0015 
        007s 13 0.0031 0.0010 0.0015 0.9607 0.0003 0.0334 
        008s 13 0.0069 0.0006 0.0546 0.9345 0.0027 0.0007 
        009s 13 0.0586 0.0007 0.1264 0.7991 0.0131 0.0022 
        010s 13 0.9029 0.0007 0.0651 0.0294 0.0014 0.0004 
        011s 13 0.0078 0.0026 0.0055 0.9530 0.0057 0.0254 
        012s 13 0.9350 0.0144 0.0437 0.0027 0.0025 0.0017 
        013s 13 0.0158 0.0052 0.0169 0.9487 0.0008 0.0126 
        014s 13 0.3759 0.0043 0.0008 0.5837 0.0006 0.0347 
        015s 13 0.0028 0.0083 0.0067 0.9720 0.0097 0.0005 
        016s 13 0.0150 0.0010 0.0004 0.9824 0.0007 0.0005 
        017s 13 0.0190 0.0005 0.0126 0.9514 0.0048 0.0117 
        018s 13 0.0174 0.0008 0.0004 0.9804 0.0006 0.0003 
        019s 13 0.0816 0.0011 0.0005 0.9150 0.0005 0.0013 
        020s 13 0.0033 0.0003 0.0012 0.9903 0.0018 0.0031 
        021s 13 0.0044 0.0011 0.0006 0.9930 0.0005 0.0003 
        022s 13 0.0033 0.0006 0.0011 0.9942 0.0003 0.0006 
        023s 13 0.0052 0.0004 0.0010 0.9926 0.0005 0.0002 
        024s 13 0.0047 0.0374 0.0189 0.9346 0.0010 0.0034 
        025s 13 0.0071 0.0021 0.0008 0.9885 0.0009 0.0006 
        026s 13 0.8873 0.0055 0.0850 0.0152 0.0004 0.0066 
        027s 13 0.0051 0.0015 0.0412 0.9470 0.0037 0.0015 
        028s 13 0.0406 0.0032 0.0085 0.9299 0.0078 0.0099 
        029s 13 0.7307 0.0018 0.0127 0.2532 0.0006 0.0009 
        030s 13 0.1591 0.0176 0.0729 0.7492 0.0008 0.0004 
        031s 13 0.0144 0.1009 0.0031 0.8783 0.0008 0.0026 
        032s 13 0.0052 0.0003 0.0004 0.9920 0.0003 0.0018 
        033s 13 0.0918 0.0004 0.0037 0.8656 0.0006 0.0379 
        034s 13 0.0070 0.0008 0.0467 0.9411 0.0015 0.0030 
        035s 13 0.0046 0.0033 0.0005 0.9894 0.0017 0.0005 
        036s 13 0.0368 0.0004 0.0019 0.9597 0.0005 0.0006 
        037s 13 0.0067 0.0020 0.0003 0.9900 0.0007 0.0005 
        038s 13 0.1288 0.0009 0.0014 0.8666 0.0007 0.0016 
        039s 13 0.0040 0.0735 0.1005 0.8210 0.0005 0.0006 
        040s 13 0.0664 0.0010 0.0010 0.9299 0.0005 0.0011 
        041s 13 0.0219 0.0019 0.0583 0.9146 0.0005 0.0029 
        042s 13 0.0142 0.0008 0.0004 0.9831 0.0007 0.0007 
        001s 14 0.7146 0.0006 0.0230 0.2590 0.0020 0.0007 
        002s 14 0.0102 0.0008 0.0630 0.9203 0.0032 0.0024 
        003s 14 0.0120 0.0007 0.0009 0.9855 0.0005 0.0004 
        004s 14 0.0020 0.0033 0.0085 0.9784 0.0009 0.0069 
        005s 14 0.0109 0.0006 0.0003 0.9874 0.0006 0.0002 
        006s 14 0.0068 0.0004 0.0004 0.9915 0.0003 0.0005 
        007s 14 0.0029 0.0015 0.0006 0.9939 0.0004 0.0007 
        008s 14 0.1259 0.0021 0.0966 0.7579 0.0159 0.0017 
        009s 14 0.0051 0.0010 0.0017 0.9864 0.0051 0.0007 
        010s 14 0.0683 0.0015 0.0529 0.8603 0.0167 0.0003 
        011s 14 0.0308 0.0008 0.0065 0.9264 0.0004 0.0350 
        012s 14 0.0854 0.0014 0.0007 0.9091 0.0019 0.0016 
        013s 14 0.8546 0.0051 0.0006 0.1366 0.0007 0.0023 
        014s 14 0.0617 0.0006 0.0346 0.8965 0.0061 0.0006 
        015s 14 0.0203 0.0022 0.0007 0.9704 0.0058 0.0006 
        016s 14 0.1012 0.0134 0.0014 0.8832 0.0005 0.0002 
        017s 14 0.1478 0.0008 0.0537 0.7822 0.0010 0.0145 
        018s 14 0.0068 0.0012 0.0009 0.9898 0.0008 0.0004 
        019s 14 0.0064 0.0006 0.0011 0.9896 0.0004 0.0020 
        020s 14 0.0047 0.0011 0.0007 0.9869 0.0064 0.0002 
        021s 14 0.0131 0.0005 0.0051 0.9721 0.0090 0.0003 
        022s 14 0.0572 0.0012 0.0050 0.9327 0.0018 0.0022 
        023s 14 0.0333 0.0032 0.0041 0.9564 0.0023 0.0007 
        024s 14 0.0582 0.0016 0.0527 0.8830 0.0029 0.0016 
        025s 14 0.0090 0.0004 0.0615 0.9284 0.0005 0.0003 
        026s 14 0.2940 0.0009 0.0006 0.7022 0.0020 0.0003 
        027s 14 0.0112 0.0028 0.0024 0.9823 0.0008 0.0005 
        028s 14 0.0563 0.0008 0.0006 0.9375 0.0020 0.0028 
        029s 14 0.0328 0.0011 0.0003 0.9649 0.0006 0.0003 
        030s 14 0.9447 0.0005 0.0005 0.0454 0.0004 0.0084 
        031s 14 0.0245 0.0013 0.0005 0.9557 0.0006 0.0174 
        032s 14 0.0128 0.0026 0.0009 0.9823 0.0003 0.0011 
        033s 14 0.0094 0.0004 0.0007 0.9366 0.0009 0.0520 
        034s 14 0.0139 0.0006 0.0003 0.9844 0.0005 0.0003 
        035s 14 0.8425 0.0006 0.0732 0.0037 0.0003 0.0796 
        036s 14 0.0047 0.0038 0.0726 0.8827 0.0017 0.0344 
        037s 14 0.0054 0.0033 0.0010 0.9892 0.0008 0.0003 
        038s 14 0.0419 0.0004 0.0006 0.9559 0.0005 0.0007 
        039s 14 0.0079 0.0061 0.0019 0.9790 0.0036 0.0015 
        040s 14 0.0114 0.0012 0.0113 0.9750 0.0003 0.0007 
        041s 14 0.9561 0.0005 0.0007 0.0411 0.0005 0.0010 
        042s 14 0.0782 0.0029 0.0759 0.8419 0.0008 0.0004 
        001s 15 0.0168 0.0013 0.0009 0.9799 0.0006 0.0003 
        002s 15 0.0203 0.0095 0.0916 0.8690 0.0079 0.0016 
        003s 15 0.0045 0.0061 0.0094 0.9787 0.0008 0.0005 
        004s 15 0.2007 0.0003 0.0007 0.7879 0.0100 0.0004 
        005s 15 0.0070 0.0061 0.0134 0.9703 0.0008 0.0023 
        006s 15 0.0258 0.0013 0.0154 0.9555 0.0006 0.0014 
        007s 15 0.0260 0.0004 0.0004 0.9720 0.0007 0.0004 
        008s 15 0.1314 0.0004 0.0004 0.8665 0.0007 0.0005 
        009s 15 0.9270 0.0379 0.0156 0.0162 0.0007 0.0024 
        010s 15 0.0861 0.0015 0.0007 0.9108 0.0004 0.0005 
        011s 15 0.9351 0.0005 0.0008 0.0040 0.0004 0.0591 
        012s 15 0.0119 0.0018 0.0028 0.9809 0.0010 0.0017 
        013s 15 0.0155 0.0009 0.0009 0.9791 0.0034 0.0003 
        014s 15 0.0065 0.0040 0.0018 0.9836 0.0033 0.0007 
        015s 15 0.0142 0.0042 0.0759 0.9006 0.0008 0.0043 
        016s 15 0.1442 0.0004 0.0123 0.7504 0.0302 0.0626 
        017s 15 0.0039 0.0017 0.0014 0.9778 0.0147 0.0005 
        018s 15 0.1283 0.0004 0.0027 0.8668 0.0017 0.0002 
        019s 15 0.9815 0.0033 0.0046 0.0095 0.0006 0.0004 
        020s 15 0.0320 0.0006 0.0005 0.9660 0.0005 0.0005 
        021s 15 0.2594 0.0035 0.0767 0.6579 0.0015 0.0009 
        022s 15 0.9260 0.0004 0.0006 0.0706 0.0008 0.0017 
        023s 15 0.5997 0.0012 0.0245 0.3714 0.0006 0.0026 
        024s 15 0.0223 0.0007 0.0013 0.9736 0.0004 0.0017 
        025s 15 0.0040 0.0206 0.0055 0.9672 0.0012 0.0015 
        026s 15 0.0085 0.0196 0.0012 0.9668 0.0030 0.0008 
        027s 15 0.0076 0.0008 0.0032 0.9726 0.0085 0.0074 
        028s 15 0.0052 0.0013 0.0004 0.9896 0.0022 0.0012 
        029s 15 0.0038 0.0010 0.0005 0.9924 0.0014 0.0010 
        030s 15 0.0184 0.0006 0.0004 0.9789 0.0015 0.0004 
        031s 15 0.0022 0.0045 0.0609 0.9302 0.0009 0.0014 
        032s 15 0.0319 0.0016 0.0005 0.9647 0.0011 0.0002 
        033s 15 0.1588 0.0002 0.0625 0.7773 0.0006 0.0005 
        035s 15 0.0867 0.0006 0.0016 0.9062 0.0019 0.0030 
        036s 15 0.1131 0.0054 0.0009 0.8791 0.0002 0.0012 
        037s 15 0.0709 0.0012 0.0007 0.9181 0.0006 0.0086 
        038s 15 0.0581 0.0003 0.0039 0.9359 0.0011 0.0008 
        039s 15 0.8918 0.0003 0.0725 0.0346 0.0005 0.0003 
        040s 15 0.0208 0.0006 0.0032 0.9702 0.0031 0.0021 
        041s 15 0.0103 0.0010 0.0697 0.9113 0.0006 0.0071 
        042s 15 0.0064 0.0008 0.0049 0.9851 0.0023 0.0004 
        043s 15 0.0085 0.0017 0.0079 0.9804 0.0003 0.0012 
        044s 15 0.0311 0.0007 0.0066 0.9597 0.0011 0.0008 
        045s 15 0.4478 0.0771 0.0035 0.4402 0.0013 0.0301 
        046s 15 0.0073 0.0012 0.0161 0.9681 0.0005 0.0068 
        047s 15 0.1373 0.0005 0.0235 0.8356 0.0006 0.0024 
        048s 15 0.0101 0.0169 0.0004 0.9714 0.0008 0.0005 
        049s 15 0.0207 0.0007 0.0137 0.9631 0.0004 0.0014 
        050s 15 0.0118 0.0032 0.1319 0.8392 0.0132 0.0006 
         001 16 0.0071 0.0003 0.1679 0.8068 0.0033 0.0145 
         002 16 0.1076 0.0005 0.0470 0.8437 0.0002 0.0010 
         003 16 0.0713 0.0022 0.0036 0.9145 0.0029 0.0055 
         004 16 0.2900 0.0013 0.0009 0.7062 0.0006 0.0011 
         005 16 0.0068 0.0226 0.0491 0.9156 0.0019 0.0039 
         006 16 0.0471 0.0150 0.0172 0.9185 0.0010 0.0013 
         007 16 0.1003 0.0018 0.0050 0.8913 0.0008 0.0007 
         008 16 0.1446 0.0006 0.1401 0.7100 0.0011 0.0036 
         009 16 0.0127 0.0005 0.0022 0.9831 0.0011 0.0004 
         010 16 0.0874 0.0011 0.0266 0.8837 0.0008 0.0004 
         011 16 0.8780 0.0017 0.0049 0.1138 0.0005 0.0011 
         012 16 0.0666 0.0011 0.0007 0.9283 0.0009 0.0023 
         013 16 0.0101 0.0005 0.0005 0.9877 0.0006 0.0006 
         014 16 0.0098 0.0003 0.0345 0.9529 0.0014 0.0011 
         015 16 0.0229 0.3669 0.0004 0.6044 0.0021 0.0033 
         016 16 0.0475 0.0139 0.0018 0.9323 0.0042 0.0003 
         017 16 0.0236 0.0010 0.0070 0.9609 0.0007 0.0068 
         018 16 0.0052 0.0307 0.0368 0.9187 0.0065 0.0022 
         019 16 0.0142 0.0007 0.0644 0.9165 0.0010 0.0033 
         020 16 0.0161 0.0008 0.0003 0.9814 0.0009 0.0005 
         021 16 0.0398 0.0004 0.0939 0.8317 0.0028 0.0314 
         022 16 0.0147 0.0026 0.0310 0.9505 0.0010 0.0002 
         023 16 0.0333 0.0092 0.0276 0.9286 0.0006 0.0007 
         024 16 0.0097 0.0235 0.0082 0.9565 0.0016 0.0005 
         025 16 0.0437 0.0026 0.0437 0.9004 0.0011 0.0086 
         026 16 0.7036 0.0027 0.1023 0.1902 0.0005 0.0007 
         027 16 0.0195 0.0009 0.0101 0.9580 0.0108 0.0006 
         028 16 0.0058 0.0002 0.1461 0.8199 0.0072 0.0209 
         029 16 0.9203 0.0006 0.0019 0.0437 0.0019 0.0316 
         030 16 0.0261 0.0003 0.0007 0.9667 0.0004 0.0058 
         031 16 0.0130 0.0005 0.0010 0.9711 0.0136 0.0007 
         032 16 0.0293 0.0041 0.0900 0.8748 0.0010 0.0008 
         033 16 0.0042 0.0003 0.0004 0.9939 0.0004 0.0009 
         034 16 0.0219 0.0012 0.0035 0.9701 0.0003 0.0030 
         035 16 0.0085 0.0002 0.0003 0.9895 0.0007 0.0008 
         036 16 0.0384 0.0016 0.0004 0.9575 0.0015 0.0005 
         037 16 0.1306 0.0029 0.0217 0.8320 0.0006 0.0123 
         038 16 0.0046 0.0059 0.0020 0.9859 0.0009 0.0007 
         039 16 0.0072 0.0005 0.0016 0.9895 0.0008 0.0004 
         040 16 0.0032 0.0014 0.0008 0.9927 0.0004 0.0015 
         041 16 0.2286 0.0009 0.0007 0.7687 0.0004 0.0007 
         042 16 0.0050 0.0005 0.0013 0.9901 0.0022 0.0009 
         043 16 0.0033 0.0007 0.0007 0.9938 0.0012 0.0004 
         044 16 0.0097 0.0009 0.0070 0.9799 0.0017 0.0008 
         045 16 0.0174 0.0003 0.0023 0.9719 0.0025 0.0057 
         047 16 0.0073 0.0010 0.0023 0.9470 0.0056 0.0368 
         048 16 0.0058 0.0008 0.0017 0.9868 0.0006 0.0042 
         049 16 0.0083 0.0035 0.0005 0.9849 0.0006 0.0022 
         050 16 0.2142 0.0003 0.0004 0.7839 0.0005 0.0007 
         051 16 0.0084 0.0003 0.0008 0.9868 0.0019 0.0017 
         052 16 0.0052 0.0006 0.0002 0.9932 0.0004 0.0004 
         053 16 0.0249 0.0007 0.0002 0.9730 0.0007 0.0004 
         054 16 0.0028 0.0004 0.0658 0.9295 0.0010 0.0005 
         055 16 0.1449 0.0003 0.0090 0.7920 0.0007 0.0531 
         056 16 0.9716 0.0078 0.0009 0.0187 0.0007 0.0003 
         057 16 0.0082 0.0002 0.0902 0.9005 0.0005 0.0004 
         058 16 0.0024 0.0128 0.0927 0.8854 0.0004 0.0064 
         059 16 0.0044 0.0850 0.0853 0.8120 0.0047 0.0086 
         060 16 0.0139 0.0095 0.0025 0.9724 0.0011 0.0007 
         061 16 0.0349 0.0014 0.0022 0.9600 0.0006 0.0009 
         062 16 0.0133 0.0004 0.0008 0.9759 0.0014 0.0082 
         063 16 0.0062 0.0007 0.0027 0.9893 0.0005 0.0006 
         064 16 0.0481 0.0028 0.0003 0.9476 0.0007 0.0005 
         065 16 0.0060 0.0027 0.0016 0.9867 0.0015 0.0016 
         066 16 0.0071 0.0005 0.0004 0.9905 0.0010 0.0005 
         067 16 0.0103 0.0756 0.0006 0.9108 0.0007 0.0020 
         068 16 0.0175 0.0279 0.0040 0.9486 0.0006 0.0015 
         069 16 0.0903 0.0006 0.0007 0.9024 0.0055 0.0006 
         070 16 0.0500 0.0006 0.0047 0.9417 0.0022 0.0008 
         071 16 0.0028 0.0004 0.0758 0.9133 0.0004 0.0072 
         072 16 0.0199 0.0011 0.0059 0.9716 0.0009 0.0007 
         073 16 0.0522 0.0003 0.0012 0.9441 0.0007 0.0016 
         074 16 0.0088 0.0003 0.0003 0.9894 0.0004 0.0007 
         075 16 0.9786 0.0010 0.0113 0.0040 0.0007 0.0043 
         076 16 0.0047 0.0003 0.0009 0.9926 0.0007 0.0008 
         077 16 0.0042 0.0566 0.0099 0.8918 0.0316 0.0059 
         078 16 0.0144 0.0018 0.0342 0.9485 0.0006 0.0004 
         079 16 0.0110 0.0016 0.0881 0.8945 0.0016 0.0031 
         080 16 0.0068 0.0014 0.0046 0.9865 0.0003 0.0003 
         081 16 0.8472 0.0005 0.0053 0.1082 0.0011 0.0376 
         082 16 0.0188 0.0003 0.0130 0.9564 0.0006 0.0108 
         083 16 0.0079 0.0020 0.0004 0.9880 0.0007 0.0009 
         084 16 0.0336 0.0011 0.0015 0.9595 0.0028 0.0015 
         085 16 0.0552 0.0071 0.0011 0.9347 0.0012 0.0006 
         086 16 0.0018 0.0006 0.1072 0.8847 0.0007 0.0050 
         087 16 0.0032 0.0003 0.0157 0.9779 0.0010 0.0019 
         088 16 0.0266 0.0017 0.0010 0.9698 0.0006 0.0004 
         089 16 0.3270 0.0008 0.0010 0.6605 0.0010 0.0098 
         090 16 0.0045 0.0006 0.0064 0.9864 0.0014 0.0007 
         091 16 0.0036 0.0007 0.0005 0.9933 0.0007 0.0012 
         092 16 0.0115 0.0009 0.0386 0.9478 0.0004 0.0007 
         093 16 0.0053 0.0004 0.0014 0.9902 0.0023 0.0005 
         094 16 0.0103 0.0355 0.0051 0.9427 0.0058 0.0006 
         095 16 0.0060 0.0005 0.0006 0.9914 0.0012 0.0003 
         096 16 0.0362 0.0020 0.0014 0.9331 0.0005 0.0269 
         097 16 0.1001 0.0101 0.0069 0.7941 0.0023 0.0865 
         098 16 0.0121 0.0031 0.0009 0.9764 0.0070 0.0005 
         099 16 0.0070 0.0056 0.0004 0.9858 0.0008 0.0004 
         100 16 0.0024 0.0019 0.0008 0.9939 0.0006 0.0004 
         101 16 0.0033 0.0036 0.0321 0.9600 0.0004 0.0006 
         102 16 0.0872 0.0015 0.0015 0.9080 0.0004 0.0014 
         103 16 0.0049 0.0023 0.0011 0.9868 0.0027 0.0023 
         104 16 0.1514 0.0040 0.0025 0.8413 0.0004 0.0005 
         105 16 0.0027 0.0017 0.0754 0.8946 0.0034 0.0222 
         106 16 0.0090 0.0024 0.0021 0.9856 0.0003 0.0005 
         107 16 0.0108 0.0060 0.0133 0.9234 0.0460 0.0004 
         108 16 0.0027 0.1622 0.1202 0.6473 0.0665 0.0011 
         109 16 0.0155 0.0006 0.0151 0.9647 0.0007 0.0034 
         110 16 0.0041 0.0014 0.0004 0.9934 0.0003 0.0005 
         111 16 0.0048 0.0011 0.0589 0.9341 0.0007 0.0004 
         112 16 0.0078 0.0014 0.0466 0.9430 0.0007 0.0004 
         113 16 0.0042 0.0012 0.0506 0.9385 0.0005 0.0051 
         114 16 0.0055 0.0016 0.0154 0.9735 0.0036 0.0004 
         115 16 0.0111 0.0006 0.0003 0.9865 0.0004 0.0011 
         116 16 0.0055 0.0007 0.0131 0.9794 0.0005 0.0008 
         117 16 0.0087 0.0006 0.0070 0.9748 0.0045 0.0044 
         118 16 0.0409 0.0125 0.0062 0.9391 0.0010 0.0003 
         119 16 0.0277 0.0009 0.0020 0.9671 0.0014 0.0009 
         120 16 0.0119 0.0007 0.0003 0.9669 0.0010 0.0191 
         121 16 0.0080 0.0294 0.0007 0.9528 0.0004 0.0086 
         122 16 0.0448 0.0006 0.0003 0.9534 0.0003 0.0006 
         123 16 0.1248 0.0004 0.0038 0.8670 0.0027 0.0013 
         124 16 0.0042 0.0011 0.0111 0.9825 0.0004 0.0007 
         126 16 0.0373 0.0022 0.1623 0.7937 0.0041 0.0005 
         001 17 0.0030 0.0005 0.0009 0.9846 0.0084 0.0026 
         002 17 0.0044 0.0005 0.0031 0.9910 0.0005 0.0005 
         003 17 0.0040 0.0004 0.0005 0.9933 0.0012 0.0006 
         005 17 0.0030 0.0003 0.0003 0.9713 0.0243 0.0009 
         006 17 0.0049 0.0005 0.0011 0.9392 0.0016 0.0526 
         007 17 0.1167 0.0198 0.1184 0.7304 0.0032 0.0115 
         008 17 0.0268 0.0006 0.1061 0.8507 0.0006 0.0153 
         009 17 0.0039 0.0004 0.0003 0.9944 0.0007 0.0004 
         010 17 0.0822 0.0011 0.0005 0.9149 0.0004 0.0008 
         011 17 0.0106 0.3771 0.1373 0.4720 0.0016 0.0014 
         012 17 0.0181 0.0015 0.0045 0.9745 0.0007 0.0006 
         013 17 0.0067 0.0004 0.0003 0.9917 0.0007 0.0002 
         014 17 0.0025 0.0004 0.0005 0.9949 0.0013 0.0004 
         015 17 0.0029 0.0003 0.0010 0.9906 0.0008 0.0044 
         016 17 0.0121 0.0006 0.0008 0.9852 0.0005 0.0008 
         017 17 0.0116 0.0009 0.0011 0.9834 0.0007 0.0023 
         018 17 0.0258 0.0004 0.0260 0.9241 0.0220 0.0019 
         019 17 0.0501 0.0010 0.0007 0.9475 0.0005 0.0002 
         020 17 0.0032 0.0007 0.0008 0.9942 0.0003 0.0008 
         021 17 0.0101 0.0008 0.0002 0.9875 0.0005 0.0008 
         022 17 0.0085 0.0012 0.0317 0.9409 0.0111 0.0066 
         023 17 0.2176 0.0005 0.0097 0.7695 0.0024 0.0003 
         024 17 0.0050 0.0033 0.0209 0.9297 0.0011 0.0402 
         025 17 0.0099 0.0003 0.0004 0.9885 0.0004 0.0005 
         002 18 0.0084 0.0015 0.0003 0.9847 0.0044 0.0007 
         003 18 0.0130 0.0009 0.0003 0.9851 0.0004 0.0002 
         004 18 0.0286 0.0008 0.0606 0.9074 0.0023 0.0002 
         005 18 0.0069 0.0358 0.0069 0.9492 0.0007 0.0005 
         006 18 0.0039 0.0007 0.0004 0.9944 0.0004 0.0002 
         007 18 0.0043 0.0004 0.0013 0.9883 0.0019 0.0038 
         008 18 0.0763 0.0018 0.0003 0.9201 0.0003 0.0012 
         009 18 0.0286 0.0023 0.0097 0.9536 0.0010 0.0048 
         010 18 0.0053 0.0069 0.0004 0.9836 0.0015 0.0023 
         011 18 0.0202 0.0023 0.0008 0.9746 0.0015 0.0006 
         012 18 0.0116 0.0022 0.0149 0.9701 0.0006 0.0006 
         015 18 0.0144 0.0022 0.0012 0.9813 0.0003 0.0006 
         016 18 0.0181 0.0005 0.0022 0.9748 0.0007 0.0037 
         018 18 0.0034 0.0052 0.0005 0.9847 0.0058 0.0004 
         026 18 0.0149 0.0005 0.0005 0.9686 0.0026 0.0128 
         027 18 0.0047 0.0011 0.0002 0.9909 0.0026 0.0005 
         028 18 0.1943 0.0002 0.0027 0.7702 0.0321 0.0005 
         029 18 0.1257 0.0004 0.0013 0.8711 0.0009 0.0006 
         031 18 0.0267 0.0751 0.0682 0.7950 0.0302 0.0047 
         032 18 0.0071 0.0003 0.0003 0.9907 0.0011 0.0005 
         033 18 0.0239 0.0007 0.0010 0.9729 0.0011 0.0004 
         035 18 0.0829 0.0005 0.0019 0.9137 0.0006 0.0005 
         036 18 0.0202 0.0065 0.0006 0.9712 0.0008 0.0007 
         037 18 0.0038 0.0093 0.0010 0.9587 0.0161 0.0110 
         038 18 0.0063 0.0024 0.0038 0.9194 0.0500 0.0181 
         039 18 0.0059 0.0011 0.0004 0.9919 0.0003 0.0004 
         044 18 0.0845 0.0005 0.1167 0.7890 0.0008 0.0085 
         046 18 0.0069 0.0288 0.0039 0.9552 0.0048 0.0003 
         049 18 0.0365 0.0004 0.0005 0.9612 0.0010 0.0004 
         053 18 0.0059 0.0005 0.0019 0.9903 0.0009 0.0005 
         054 18 0.0096 0.0010 0.0011 0.9753 0.0009 0.0122 
         056 18 0.8522 0.0020 0.0632 0.0795 0.0029 0.0002 
         057 18 0.0068 0.0034 0.0004 0.9847 0.0007 0.0040 
         058 18 0.0103 0.0038 0.0020 0.9791 0.0040 0.0007 
        001s 19 0.2308 0.0006 0.0677 0.6995 0.0005 0.0008 
        002s 19 0.0123 0.0010 0.0088 0.9763 0.0009 0.0006 
        003s 19 0.9596 0.0004 0.0203 0.0186 0.0007 0.0003 
        004s 19 0.0061 0.0207 0.0009 0.9670 0.0044 0.0008 
        005s 19 0.0090 0.0755 0.0041 0.8908 0.0040 0.0166 
        006s 19 0.0059 0.0015 0.0014 0.9882 0.0014 0.0017 
        007s 19 0.0067 0.0176 0.0017 0.9590 0.0004 0.0146 
        008s 19 0.0190 0.0145 0.0412 0.9214 0.0014 0.0025 
        009s 19 0.0307 0.0026 0.0015 0.9636 0.0007 0.0009 
        010s 19 0.0765 0.0005 0.0026 0.9029 0.0143 0.0031 
        011s 19 0.0142 0.0011 0.0004 0.9762 0.0041 0.0039 
        012s 19 0.5048 0.0006 0.0019 0.4884 0.0019 0.0025 
        013s 19 0.3112 0.0006 0.0028 0.6763 0.0009 0.0081 
        014s 19 0.1138 0.0168 0.0625 0.7991 0.0007 0.0072 
        015s 19 0.0157 0.0004 0.0007 0.9803 0.0007 0.0022 
        016s 19 0.1740 0.0461 0.0007 0.7527 0.0249 0.0016 
        017s 19 0.0083 0.0036 0.0589 0.9271 0.0015 0.0005 
        018s 19 0.0064 0.0022 0.0016 0.9878 0.0012 0.0007 
        019s 19 0.0073 0.0018 0.0814 0.9040 0.0006 0.0050 
        020s 19 0.0076 0.0003 0.0739 0.9143 0.0007 0.0032 
        021s 19 0.0092 0.0006 0.0039 0.9836 0.0013 0.0014 
        022s 19 0.9373 0.0007 0.0100 0.0498 0.0012 0.0011 
        023s 19 0.0970 0.0035 0.0008 0.8930 0.0022 0.0035 
        024s 19 0.0079 0.0018 0.0004 0.9877 0.0018 0.0003 
        025s 19 0.0549 0.0029 0.1280 0.8122 0.0015 0.0004 
        026s 19 0.0175 0.0044 0.0042 0.9671 0.0028 0.0040 
        027s 19 0.0134 0.0009 0.0042 0.9801 0.0006 0.0007 
        028s 19 0.0268 0.0004 0.0053 0.9655 0.0005 0.0014 
        029s 19 0.0295 0.0006 0.0003 0.9670 0.0016 0.0010 
        030s 19 0.0618 0.0006 0.0022 0.9312 0.0031 0.0011 
        031s 19 0.0228 0.0005 0.0024 0.9723 0.0005 0.0015 
        032s 19 0.0039 0.0003 0.0006 0.9936 0.0005 0.0010 
        033s 19 0.0431 0.0049 0.0002 0.9494 0.0010 0.0014 
        034s 19 0.2967 0.0013 0.0008 0.6993 0.0006 0.0012 
        035s 19 0.0252 0.0040 0.0127 0.9539 0.0026 0.0015 
        036s 19 0.0094 0.0017 0.0005 0.9867 0.0003 0.0015 
        037s 19 0.0169 0.0004 0.0004 0.9809 0.0011 0.0003 
        038s 19 0.0063 0.0018 0.0014 0.9879 0.0015 0.0012 
        039s 19 0.0116 0.0003 0.0007 0.9860 0.0006 0.0009 
        040s 19 0.0114 0.0005 0.0007 0.9572 0.0006 0.0296 
        041s 19 0.0034 0.0006 0.0003 0.9945 0.0004 0.0008 
        042s 19 0.0142 0.0115 0.0038 0.9577 0.0117 0.0011 
        043s 19 0.1469 0.0005 0.0328 0.8165 0.0018 0.0015 
        044s 19 0.0146 0.0015 0.0004 0.9818 0.0011 0.0006 
        045s 19 0.0097 0.0013 0.0008 0.9869 0.0011 0.0003 
        046s 19 0.0191 0.0056 0.0019 0.9705 0.0017 0.0013 
        047s 19 0.0154 0.0003 0.0007 0.9751 0.0005 0.0081 
        048s 19 0.0284 0.0006 0.0874 0.8782 0.0010 0.0045 
        049s 19 0.0705 0.0073 0.0052 0.9077 0.0004 0.0088 
        050s 19 0.0083 0.0007 0.0023 0.9879 0.0005 0.0003 
        051s 19 0.0058 0.0110 0.0083 0.9359 0.0008 0.0382 
        052s 19 0.0052 0.0007 0.0007 0.9915 0.0011 0.0008 
      LIW2-4 20 0.0172 0.0020 0.0006 0.9761 0.0018 0.0024 
     LIW2-12 21 0.0061 0.0762 0.0008 0.9086 0.0080 0.0002 
     LIW2-20 22 0.0184 0.0008 0.0028 0.9733 0.0041 0.0005 
     LIW2-28 23 0.0097 0.0610 0.0458 0.8808 0.0009 0.0017 
      LIW1-5 24 0.0029 0.0025 0.0010 0.9913 0.0017 0.0006 
     LIW1-13 25 0.8956 0.0237 0.0510 0.0226 0.0006 0.0066 
     LIW1-21 26 0.0527 0.0316 0.0126 0.8942 0.0082 0.0007 
     LIW1-29 27 0.0277 0.0162 0.0182 0.9332 0.0021 0.0025 
      LIW2-5 28 0.0191 0.0025 0.0005 0.9696 0.0074 0.0008 
     LIW2-34 29 0.0274 0.0041 0.0002 0.9590 0.0087 0.0007 
     LIW2-21 30 0.0641 0.0124 0.1000 0.8215 0.0010 0.0010 
     LIW2-29 31 0.0256 0.0023 0.1835 0.7763 0.0055 0.0068 
      LIW1-6 32 0.0304 0.0034 0.0006 0.9644 0.0007 0.0004 
     LIW1-14 33 0.2590 0.0007 0.0540 0.6443 0.0405 0.0015 
     LIW1-22 34 0.0061 0.0063 0.0006 0.9609 0.0258 0.0003 
     LIW1-30 35 0.0212 0.0031 0.0016 0.9724 0.0012 0.0004 
      LIW2-6 36 0.0137 0.0195 0.0011 0.9466 0.0035 0.0156 
     LIW2-14 37 0.0150 0.0040 0.0029 0.9772 0.0004 0.0005 
     LIW2-22 38 0.1736 0.0788 0.0717 0.6749 0.0005 0.0005 
     LIW2-30 39 0.0060 0.0032 0.0008 0.9505 0.0390 0.0004 
      LIW1-7 40 0.5710 0.0563 0.0251 0.3326 0.0145 0.0006 
     LIW1-15 41 0.0064 0.0111 0.0003 0.9768 0.0049 0.0004 
     LIW1-23 42 0.0083 0.0034 0.0047 0.9793 0.0028 0.0015 
     LIW1-31 43 0.9028 0.0066 0.0022 0.0810 0.0059 0.0014 
      LIW2-7 44 0.1265 0.0009 0.0867 0.7778 0.0064 0.0017 
     LIW2-15 45 0.0059 0.0024 0.0012 0.9370 0.0531 0.0004 
     LIW2-23 46 0.0021 0.0860 0.0006 0.9051 0.0010 0.0052 
      LIW1-8 47 0.9883 0.0040 0.0005 0.0055 0.0010 0.0008 
     LIW1-16 48 0.9883 0.0031 0.0004 0.0060 0.0011 0.0011 
      LIW2-8 49 0.0185 0.0026 0.0004 0.9751 0.0027 0.0006 
     LIW2-16 50 0.6431 0.0110 0.3068 0.0105 0.0058 0.0228 
     LIW2-24 51 0.0776 0.0062 0.1762 0.7161 0.0028 0.0211 
     LIW2-32 52 0.0045 0.0468 0.0072 0.9347 0.0051 0.0017 
     LIW1-47 53 0.8583 0.0180 0.0023 0.1159 0.0025 0.0030 
      UMFS-1 54 0.0003 0.0001 0.0002 0.0003 0.9985 0.0005 
     UMFS-19 55 0.0002 0.0002 0.0002 0.0002 0.9991 0.0002 
     UMFS-31 56 0.0436 0.0010 0.0003 0.1450 0.8099 0.0002 
      UMFS-2 57 0.0317 0.0002 0.0002 0.0288 0.9387 0.0004 
     UMFS-10 58 0.0144 0.0005 0.0002 0.0909 0.8935 0.0005 
     UMFS-20 59 0.0902 0.0005 0.0067 0.0576 0.8440 0.0010 
     UMFS-32 60 0.0005 0.0002 0.0005 0.0004 0.9981 0.0003 
      UMFS-3 61 0.0001 0.0001 0.0001 0.0001 0.9996 0.0001 
     UMFS-11 62 0.2088 0.0035 0.2731 0.3542 0.0004 0.1600 
     UMFS-21 63 0.0107 0.0073 0.0284 0.0175 0.9353 0.0008 
     UMFS-33 64 0.0001 0.0000 0.0000 0.0000 0.9998 0.0000 
      UMFS-4 65 0.0001 0.0000 0.0000 0.0001 0.9998 0.0000 
     UMFS-22 66 0.0140 0.0014 0.0008 0.0318 0.9498 0.0023 
     UMFS-34 67 0.3088 0.0850 0.0054 0.0115 0.5877 0.0016 
      UMFS-5 68 0.0184 0.0011 0.0009 0.0566 0.9176 0.0054 
     UMFS-13 69 0.0009 0.0030 0.0006 0.0010 0.9935 0.0010 
     UMFS-23 70 0.0064 0.0009 0.0007 0.2218 0.7683 0.0018 
     UMFS-35 71 0.0001 0.0001 0.0001 0.0002 0.9994 0.0001 
      UMFS-6 72 0.0001 0.0001 0.0001 0.0001 0.9997 0.0001 
     UMFS-14 73 0.0000 0.0000 0.0000 0.0000 0.9998 0.0000 
     UMFS-24 74 0.1598 0.0002 0.0052 0.0827 0.7513 0.0008 
     UMFS-36 75 0.0001 0.0000 0.0000 0.0000 0.9998 0.0000 
      UMFS-7 76 0.2971 0.0962 0.3077 0.0176 0.0003 0.2811 
     UMFS-15 77 0.0001 0.0001 0.0001 0.0001 0.9996 0.0001 
     UMFS-25 78 0.0445 0.0005 0.0049 0.1562 0.7913 0.0026 
     UMFS-37 79 0.0001 0.0000 0.0001 0.0001 0.9997 0.0000 
      UMFS-8 80 0.0064 0.0013 0.0020 0.0069 0.9827 0.0009 
     UMFS-16 81 0.0001 0.0001 0.0001 0.0001 0.9995 0.0001 
     UMFS-26 82 0.0044 0.1387 0.0123 0.3599 0.4825 0.0023 
     UMFS-38 83 0.0001 0.0001 0.0001 0.0001 0.9995 0.0001 
      NEH1-2 84 0.0006 0.9632 0.0323 0.0006 0.0006 0.0026 
     NEH1-11 85 0.0006 0.9476 0.0498 0.0005 0.0005 0.0010 
     NEH1-20 86 0.1004 0.8744 0.0005 0.0166 0.0064 0.0017 
     NEH1-29 87 0.0008 0.9973 0.0005 0.0009 0.0003 0.0002 
      NEH2-2 88 0.0004 0.9988 0.0002 0.0003 0.0002 0.0001 
     NEH2-10 89 0.0055 0.9876 0.0007 0.0054 0.0003 0.0004 
     NEH2-18 90 0.0002 0.9954 0.0039 0.0001 0.0003 0.0001 
     NEH2-26 91 0.0013 0.9936 0.0030 0.0013 0.0004 0.0004 
      NEH1-3 92 0.0322 0.8403 0.0008 0.1251 0.0004 0.0012 
     NEH1-12 93 0.0005 0.9455 0.0023 0.0005 0.0005 0.0506 
     NEH1-21 94 0.0386 0.9297 0.0003 0.0055 0.0003 0.0256 
     NEH1-30 95 0.0103 0.9124 0.0692 0.0076 0.0003 0.0003 
      NEH2-3 96 0.0001 0.9992 0.0001 0.0001 0.0002 0.0002 
     NEH2-11 97 0.0002 0.9645 0.0310 0.0004 0.0036 0.0003 
     NEH2-19 98 0.0028 0.9869 0.0019 0.0042 0.0034 0.0008 
     NEH2-27 99 0.0001 0.9995 0.0001 0.0001 0.0001 0.0001 
      NEH1-4 100 0.0001 0.9960 0.0035 0.0001 0.0002 0.0001 
     NEH1-13 101 0.1901 0.7654 0.0024 0.0400 0.0005 0.0016 
     NEH1-22 102 0.1328 0.7970 0.0003 0.0687 0.0005 0.0007 
     NEH1-31 103 0.0009 0.9958 0.0023 0.0007 0.0001 0.0002 
      NEH2-4 104 0.0030 0.9879 0.0025 0.0032 0.0029 0.0005 
     NEH2-12 105 0.0004 0.9288 0.0603 0.0003 0.0096 0.0005 
     NEH2-20 106 0.0042 0.7997 0.0004 0.1947 0.0009 0.0002 
     NEH2-28 107 0.0010 0.9829 0.0014 0.0012 0.0005 0.0129 
      NEH1-5 108 0.0868 0.8521 0.0260 0.0344 0.0002 0.0004 
     NEH1-14 109 0.1757 0.7596 0.0574 0.0010 0.0007 0.0057 
     NEH1-23 110 0.1801 0.7669 0.0005 0.0471 0.0050 0.0003 
     NEH1-32 111 0.0009 0.9930 0.0016 0.0010 0.0002 0.0031 
      NEH2-5 112 0.0002 0.9992 0.0002 0.0001 0.0001 0.0001 
     NEH2-13 113 0.0009 0.9699 0.0273 0.0010 0.0003 0.0007 
     NEH2-22 114 0.0006 0.9967 0.0006 0.0007 0.0008 0.0006 
     NEH2-29 115 0.0164 0.9544 0.0003 0.0275 0.0006 0.0007 
      NEH1-6 116 0.0002 0.9990 0.0002 0.0001 0.0001 0.0004 
     NEH1-15 117 0.0009 0.9540 0.0037 0.0008 0.0003 0.0403 
     NEH1-24 118 0.0006 0.9789 0.0007 0.0005 0.0017 0.0177 
     NEH1-33 119 0.0694 0.8712 0.0006 0.0576 0.0009 0.0004 
      NEH2-6 120 0.0085 0.9730 0.0005 0.0117 0.0058 0.0005 
     NEH2-14 121 0.0040 0.9861 0.0027 0.0042 0.0009 0.0020 
     NEH2-21 122 0.0268 0.9447 0.0003 0.0268 0.0011 0.0002 
     NEH2-30 123 0.0002 0.9989 0.0002 0.0002 0.0003 0.0001 
      NEH1-7 124 0.0419 0.8334 0.0950 0.0271 0.0008 0.0018 
     NEH1-16 125 0.0003 0.9988 0.0003 0.0003 0.0001 0.0002 
     NEH1-25 126 0.0397 0.8711 0.0005 0.0857 0.0020 0.0010 
     NEH1-34 127 0.0216 0.9280 0.0295 0.0186 0.0006 0.0017 
      NEH2-7 128 0.0024 0.9896 0.0015 0.0017 0.0038 0.0009 
     NEH2-15 129 0.0001 0.9995 0.0001 0.0001 0.0001 0.0001 
     NEH2-23 130 0.0069 0.9345 0.0438 0.0067 0.0018 0.0063 
     NEH2-31 131 0.0002 0.9990 0.0001 0.0002 0.0003 0.0002 
      NEH1-8 132 0.0377 0.8235 0.0788 0.0590 0.0003 0.0006 
     NEH1-17 133 0.0011 0.8808 0.1153 0.0010 0.0003 0.0015 
     NEH1-26 134 0.0776 0.8459 0.0003 0.0695 0.0022 0.0045 
     NEH1-35 135 0.0072 0.8057 0.0032 0.1824 0.0004 0.0010 
      NEH2-8 136 0.0001 0.9995 0.0001 0.0001 0.0001 0.0001 
     NEH2-16 137 0.0007 0.9958 0.0003 0.0005 0.0013 0.0014 
     NEH2-24 138 0.0002 0.9988 0.0002 0.0002 0.0005 0.0001 
     NEH2-32 139 0.0003 0.9249 0.0726 0.0005 0.0005 0.0012 
      NEH1-1 140 0.0006 0.8790 0.1193 0.0003 0.0007 0.0002 
     NEH1-10 141 0.0002 0.9985 0.0003 0.0003 0.0001 0.0006 
     NEH1-19 142 0.0753 0.8732 0.0026 0.0475 0.0002 0.0012 
     NEH1-28 143 0.0004 0.9494 0.0460 0.0005 0.0002 0.0034 
      NEH2-1 144 0.0015 0.9779 0.0180 0.0019 0.0004 0.0003 
      NEH2-9 145 0.0004 0.9982 0.0002 0.0005 0.0003 0.0003 
     NEH2-17 146 0.0024 0.9564 0.0015 0.0015 0.0004 0.0378 
     NEH2-25 147 0.0003 0.9667 0.0325 0.0002 0.0001 0.0003 
      LIW1-1 148 0.0220 0.1021 0.0848 0.7828 0.0056 0.0027 
      LIW1-9 149 0.0444 0.0694 0.0864 0.7280 0.0005 0.0714 
     LIW1-17 150 0.0599 0.0478 0.0014 0.8893 0.0014 0.0003 
     LIW1-25 151 0.0198 0.0025 0.0002 0.9687 0.0078 0.0010 
      LIW2-9 152 0.2162 0.0018 0.0531 0.7237 0.0012 0.0040 
     LIW2-17 153 0.0203 0.0029 0.0010 0.9719 0.0019 0.0020 
     LIW2-25 154 0.0281 0.0031 0.0018 0.9639 0.0029 0.0003 
      LIW1-2 155 0.0120 0.0112 0.0039 0.9714 0.0013 0.0002 
     LIW1-10 156 0.0029 0.0038 0.0055 0.9829 0.0040 0.0010 
     LIW1-18 157 0.1248 0.0059 0.0097 0.8569 0.0023 0.0004 
     LIW1-26 158 0.0058 0.0231 0.0004 0.9665 0.0009 0.0033 
      LIW2-2 159 0.0085 0.0036 0.0004 0.9824 0.0045 0.0006 
     LIW2-10 160 0.0355 0.0013 0.0030 0.9588 0.0010 0.0003 
     LIW2-18 161 0.0435 0.0629 0.0063 0.8651 0.0063 0.0159 
     LIW2-26 162 0.0121 0.0015 0.0006 0.9358 0.0482 0.0018 
      LIW1-3 163 0.0033 0.0096 0.0200 0.9329 0.0337 0.0004 
     LIW1-11 164 0.1107 0.0061 0.0086 0.8660 0.0064 0.0022 
     LIW1-19 165 0.0034 0.0643 0.0407 0.8827 0.0080 0.0009 
     LIW1-27 166 0.3216 0.0005 0.0294 0.6464 0.0016 0.0005 
      LIW2-3 167 0.2425 0.0023 0.0029 0.7372 0.0088 0.0063 
     LIW2-11 168 0.0421 0.0007 0.0004 0.9555 0.0009 0.0004 
     LIW2-19 169 0.8686 0.0350 0.0011 0.0936 0.0010 0.0007 
     LIW2-27 170 0.0125 0.0145 0.0004 0.9614 0.0107 0.0005 
      LIW1-4 171 0.0054 0.0057 0.0004 0.9851 0.0022 0.0012 
     LIW1-12 172 0.0437 0.0020 0.0233 0.8956 0.0337 0.0017 
     LIW1-20 173 0.0072 0.0014 0.0011 0.9871 0.0010 0.0022 
     LIW1-28 174 0.0055 0.0105 0.0037 0.9769 0.0027 0.0007 
        001s 175 0.0104 0.0015 0.0006 0.9726 0.0004 0.0144 
        002s 175 0.0019 0.0016 0.0805 0.9147 0.0005 0.0009 
        003s 175 0.0029 0.0005 0.0003 0.9947 0.0008 0.0009 
        004s 175 0.0925 0.0013 0.0148 0.8817 0.0045 0.0052 
        005s 175 0.0077 0.0015 0.0027 0.9843 0.0032 0.0006 
        006s 175 0.5866 0.0011 0.1662 0.2375 0.0073 0.0014 
        007s 175 0.3228 0.0008 0.0006 0.6746 0.0009 0.0002 
        008s 175 0.0056 0.0005 0.0012 0.9886 0.0026 0.0015 
        009s 175 0.0579 0.0010 0.1137 0.8231 0.0025 0.0019 
        010s 175 0.0118 0.0011 0.0007 0.9850 0.0003 0.0011 
        011s 175 0.0048 0.0008 0.0031 0.9896 0.0006 0.0011 
        012s 175 0.1001 0.0006 0.0002 0.8932 0.0006 0.0053 
        013s 175 0.6283 0.0002 0.0026 0.3675 0.0006 0.0008 
        014s 175 0.0703 0.0003 0.0896 0.8376 0.0009 0.0013 
        015s 175 0.0052 0.0015 0.0009 0.9905 0.0006 0.0013 
        016s 175 0.0369 0.0003 0.0443 0.9175 0.0005 0.0005 
        017s 175 0.6406 0.0051 0.0016 0.3425 0.0014 0.0088 
        018s 175 0.9845 0.0008 0.0021 0.0051 0.0066 0.0009 
        019s 175 0.0141 0.0030 0.0005 0.9624 0.0192 0.0008 
        020s 175 0.0023 0.0006 0.0007 0.9948 0.0006 0.0011 
        021s 175 0.0289 0.0021 0.0004 0.9665 0.0006 0.0015 
        022s 175 0.0139 0.0022 0.0003 0.9363 0.0005 0.0469 
        023s 175 0.0400 0.0030 0.0019 0.9437 0.0050 0.0064 
        024s 175 0.0250 0.0009 0.0194 0.9486 0.0008 0.0053 
        025s 175 0.0049 0.0006 0.0155 0.9617 0.0030 0.0143 
        026s 175 0.0523 0.0012 0.0073 0.9378 0.0005 0.0010 
        027s 175 0.0074 0.0013 0.0009 0.9870 0.0009 0.0026 
        028s 175 0.0028 0.0563 0.0014 0.9384 0.0004 0.0007 
        029s 175 0.0240 0.0005 0.0005 0.9725 0.0017 0.0008 
        030s 175 0.0059 0.0011 0.1093 0.8819 0.0007 0.0012 
        031s 175 0.0428 0.0004 0.0011 0.9457 0.0086 0.0014 
        032s 175 0.0084 0.0160 0.0021 0.9704 0.0023 0.0007 
        033s 175 0.0342 0.0008 0.0113 0.9469 0.0026 0.0043 
        034s 175 0.0056 0.0003 0.0054 0.9876 0.0003 0.0008 
        035s 175 0.8847 0.0004 0.0067 0.1066 0.0008 0.0009 
        036s 175 0.0057 0.0004 0.0005 0.9895 0.0032 0.0007 
        037s 175 0.0249 0.0106 0.0003 0.9522 0.0003 0.0117 
        038s 175 0.0230 0.0010 0.0074 0.9669 0.0003 0.0014 
        039s 175 0.0295 0.0030 0.0020 0.9640 0.0008 0.0008 
        040s 175 0.0535 0.0023 0.0008 0.9421 0.0005 0.0008 
        041s 175 0.0041 0.0005 0.0023 0.9912 0.0007 0.0011 
        042s 175 0.1185 0.0011 0.0008 0.8554 0.0210 0.0031 
        043s 175 0.3534 0.0034 0.0026 0.6382 0.0006 0.0018 
        044s 175 0.0039 0.0018 0.0013 0.9921 0.0006 0.0005 
        045s 175 0.7455 0.0012 0.0766 0.1747 0.0015 0.0005 
        046s 175 0.0127 0.0014 0.0010 0.9828 0.0009 0.0012 
        047s 175 0.0613 0.0071 0.0005 0.9269 0.0037 0.0005 
        048s 175 0.0156 0.0004 0.0017 0.9788 0.0014 0.0021 
        049s 175 0.0125 0.0006 0.0459 0.9388 0.0016 0.0005 
        050s 175 0.0021 0.0799 0.0744 0.8414 0.0015 0.0006 
        001s 176 0.7850 0.0004 0.0456 0.1534 0.0016 0.0140 
        002s 176 0.0063 0.0031 0.0019 0.9774 0.0003 0.0110 
        003s 176 0.0090 0.0009 0.0026 0.9860 0.0010 0.0005 
        004s 176 0.0148 0.0017 0.0024 0.9781 0.0024 0.0006 
        005s 176 0.0307 0.0189 0.0011 0.9485 0.0005 0.0004 
        006s 176 0.0160 0.0007 0.0003 0.9769 0.0024 0.0037 
        007s 176 0.0939 0.0012 0.0840 0.8185 0.0016 0.0007 
        008s 176 0.0093 0.0003 0.0004 0.9880 0.0010 0.0010 
        009s 176 0.0120 0.0077 0.0008 0.9780 0.0009 0.0005 
        010s 176 0.0267 0.0005 0.0014 0.9699 0.0011 0.0003 
        011s 176 0.0095 0.0038 0.0003 0.9837 0.0005 0.0022 
        012s 176 0.3172 0.0010 0.0703 0.6098 0.0006 0.0011 
        013s 176 0.9739 0.0031 0.0031 0.0160 0.0013 0.0025 
        014s 176 0.0065 0.0006 0.0007 0.9836 0.0010 0.0076 
        015s 176 0.0165 0.0011 0.0022 0.9730 0.0069 0.0004 
        016s 176 0.0027 0.0010 0.0009 0.9911 0.0041 0.0003 
        017s 176 0.0082 0.0006 0.0002 0.9899 0.0007 0.0003 
        018s 176 0.0048 0.0098 0.0006 0.9833 0.0012 0.0003 
        019s 176 0.0223 0.0006 0.0102 0.9446 0.0014 0.0209 
        020s 176 0.0110 0.0012 0.0036 0.9825 0.0011 0.0006 
        021s 176 0.0396 0.0016 0.0013 0.9541 0.0007 0.0027 
        022s 176 0.0442 0.0010 0.0003 0.9385 0.0010 0.0149 
        023s 176 0.0045 0.0003 0.0004 0.9150 0.0769 0.0028 
        024s 176 0.0357 0.0009 0.0030 0.9313 0.0013 0.0277 
        025s 176 0.0062 0.0024 0.0026 0.9846 0.0015 0.0028 
        026s 176 0.0955 0.0020 0.0014 0.8903 0.0008 0.0100 
        027s 176 0.0493 0.0004 0.0005 0.9491 0.0005 0.0003 
        028s 176 0.0199 0.0008 0.0010 0.9756 0.0013 0.0014 
        029s 176 0.0145 0.0025 0.0003 0.9750 0.0007 0.0069 
        030s 176 0.0061 0.0004 0.0652 0.9270 0.0007 0.0006 
        031s 176 0.0205 0.0009 0.0049 0.9703 0.0004 0.0030 
        032s 176 0.0285 0.0160 0.0515 0.9026 0.0010 0.0004 
        033s 176 0.0139 0.0170 0.0810 0.8489 0.0051 0.0341 
        034s 176 0.1469 0.0007 0.0009 0.8506 0.0002 0.0007 
        035s 176 0.0070 0.0635 0.0158 0.9124 0.0005 0.0009 
        036s 176 0.0033 0.0004 0.0004 0.9940 0.0004 0.0015 
        037s 176 0.0037 0.0128 0.0581 0.9208 0.0019 0.0027 
        038s 176 0.0030 0.0006 0.0005 0.9939 0.0013 0.0008 
        039s 176 0.0073 0.0003 0.0009 0.9905 0.0006 0.0005 
        040s 176 0.0120 0.0006 0.0008 0.9860 0.0003 0.0003 
        041s 176 0.0039 0.0006 0.0010 0.9901 0.0037 0.0006 
        042s 176 0.0093 0.0005 0.0005 0.9880 0.0010 0.0006 
        043s 176 0.0058 0.0055 0.0021 0.9627 0.0029 0.0210 
        044s 176 0.0052 0.0003 0.0013 0.9916 0.0003 0.0012 
        045s 176 0.0246 0.0006 0.0057 0.9652 0.0010 0.0028 
        046s 176 0.0048 0.0004 0.0015 0.9920 0.0006 0.0007 
        047s 176 0.0144 0.0014 0.0003 0.9774 0.0052 0.0013 
        048s 176 0.0622 0.0005 0.0044 0.9217 0.0092 0.0020 
        050s 176 0.0155 0.0098 0.0010 0.9728 0.0004 0.0006 
        001s 177 0.0017 0.0077 0.0414 0.9397 0.0070 0.0024 
        002s 177 0.0067 0.0016 0.0004 0.9903 0.0006 0.0004 
        003s 177 0.0111 0.0045 0.0233 0.9134 0.0407 0.0069 
        004s 177 0.0133 0.0015 0.0004 0.9824 0.0003 0.0020 
        005s 177 0.4716 0.0003 0.0048 0.5224 0.0006 0.0004 
        006s 177 0.0452 0.0015 0.0230 0.9282 0.0018 0.0003 
        007s 177 0.7495 0.0009 0.0072 0.2414 0.0004 0.0006 
        008s 177 0.1240 0.0008 0.1091 0.7092 0.0147 0.0422 
        009s 177 0.0036 0.0006 0.0002 0.9941 0.0005 0.0010 
        010s 177 0.0023 0.0011 0.0264 0.9673 0.0010 0.0018 
        011s 177 0.0072 0.0005 0.0008 0.9905 0.0003 0.0008 
        012s 177 0.3241 0.0007 0.0042 0.6700 0.0004 0.0005 
        013s 177 0.0033 0.0017 0.0005 0.9870 0.0066 0.0008 
        014s 177 0.0941 0.0014 0.0572 0.8455 0.0015 0.0004 
        015s 177 0.0618 0.0018 0.0008 0.9313 0.0006 0.0038 
        016s 177 0.0058 0.0004 0.0004 0.9924 0.0007 0.0003 
        017s 177 0.0055 0.0010 0.0019 0.9535 0.0013 0.0367 
        018s 177 0.1931 0.0003 0.0211 0.7824 0.0026 0.0005 
        019s 177 0.0324 0.0042 0.0008 0.9615 0.0005 0.0007 
        020s 177 0.0071 0.0026 0.0018 0.9868 0.0008 0.0009 
        021s 177 0.6551 0.0014 0.0003 0.3422 0.0004 0.0007 
        022s 177 0.0041 0.0132 0.0027 0.9765 0.0007 0.0029 
        023s 177 0.0356 0.0019 0.0003 0.9076 0.0019 0.0527 
        024s 177 0.4562 0.0022 0.0007 0.5400 0.0005 0.0004 
        025s 177 0.0070 0.0009 0.0012 0.9877 0.0006 0.0026 
        026s 177 0.0344 0.0030 0.0013 0.9603 0.0007 0.0003 
        027s 177 0.0051 0.0010 0.0004 0.9920 0.0010 0.0006 
        028s 177 0.0317 0.0006 0.0004 0.9651 0.0018 0.0004 
        029s 177 0.0637 0.0014 0.0423 0.8476 0.0003 0.0447 
        030s 177 0.0079 0.0017 0.0095 0.9783 0.0015 0.0010 
        031s 177 0.0221 0.0110 0.0006 0.9636 0.0009 0.0017 
        032s 177 0.2763 0.0006 0.0254 0.6950 0.0003 0.0024 
        033s 177 0.0295 0.0028 0.0010 0.9657 0.0006 0.0003 
        034s 177 0.0410 0.0008 0.0015 0.9554 0.0004 0.0009 
        035s 177 0.0355 0.0005 0.0006 0.9624 0.0008 0.0003 
        036s 177 0.2419 0.0584 0.0024 0.6923 0.0005 0.0046 
        037s 177 0.0095 0.0032 0.0082 0.9674 0.0006 0.0112 
        038s 177 0.0234 0.0010 0.0198 0.9535 0.0017 0.0007 
        039s 177 0.0631 0.0016 0.0009 0.9293 0.0047 0.0005 
        040s 177 0.1171 0.0015 0.0014 0.8424 0.0003 0.0373 
        041s 177 0.0154 0.0005 0.0808 0.8818 0.0004 0.0211 
        042s 177 0.0421 0.0004 0.0652 0.8910 0.0007 0.0005 
        043s 177 0.0082 0.0005 0.0005 0.9901 0.0004 0.0002 
        044s 177 0.4029 0.0008 0.0011 0.5943 0.0005 0.0003 
        045s 177 0.0326 0.0018 0.0179 0.9370 0.0089 0.0018 
        046s 177 0.0061 0.0006 0.0004 0.9905 0.0004 0.0020 
        047s 177 0.0097 0.0028 0.0010 0.9832 0.0014 0.0019 
        048s 177 0.9015 0.0006 0.0007 0.0800 0.0006 0.0167 
        049s 177 0.0231 0.0009 0.0100 0.9449 0.0004 0.0206 
        050s 177 0.0087 0.0007 0.0003 0.9852 0.0041 0.0009 
        001s 178 0.0237 0.0009 0.0670 0.9070 0.0010 0.0004 
        002s 178 0.0082 0.0030 0.0019 0.9842 0.0005 0.0022 
        003s 178 0.0063 0.0007 0.0043 0.9862 0.0013 0.0013 
        004s 178 0.3494 0.0004 0.0038 0.6340 0.0116 0.0008 
        005s 178 0.0031 0.0004 0.0009 0.9925 0.0018 0.0013 
        006s 178 0.1567 0.0562 0.0279 0.7327 0.0169 0.0097 
        007s 178 0.0179 0.0006 0.0003 0.9753 0.0005 0.0053 
        008s 178 0.1261 0.0004 0.1117 0.7597 0.0018 0.0003 
        009s 178 0.0321 0.0014 0.0009 0.9536 0.0013 0.0106 
        010s 178 0.0139 0.0011 0.0008 0.9833 0.0005 0.0004 
        011s 178 0.0103 0.0007 0.0011 0.9863 0.0009 0.0007 
        012s 178 0.0062 0.0004 0.0017 0.9898 0.0006 0.0012 
        013s 178 0.0067 0.0025 0.0004 0.9862 0.0038 0.0003 
        014s 178 0.1028 0.0122 0.0472 0.8359 0.0003 0.0016 
        015s 178 0.5537 0.0007 0.0023 0.4414 0.0007 0.0011 
        016s 178 0.1258 0.0010 0.0048 0.8625 0.0035 0.0024 
        017s 178 0.0028 0.0017 0.0487 0.9450 0.0011 0.0008 
        018s 178 0.0070 0.0015 0.0014 0.9883 0.0010 0.0009 
        019s 178 0.0052 0.0006 0.0015 0.9917 0.0004 0.0006 
        020s 178 0.1816 0.0002 0.0009 0.8158 0.0013 0.0003 
        021s 178 0.0254 0.0010 0.0064 0.9523 0.0007 0.0142 
        022s 178 0.4202 0.0005 0.0015 0.5766 0.0005 0.0008 
        023s 178 0.0111 0.0317 0.0885 0.8623 0.0005 0.0059 
        024s 178 0.0727 0.0008 0.0007 0.9246 0.0008 0.0004 
        025s 178 0.1340 0.0007 0.0619 0.8023 0.0004 0.0006 
        026s 178 0.0325 0.0005 0.0003 0.9639 0.0019 0.0010 
        027s 178 0.0105 0.0011 0.0346 0.9507 0.0007 0.0023 
        028s 178 0.0043 0.0055 0.0023 0.9416 0.0067 0.0396 
        029s 178 0.1242 0.0009 0.0004 0.8459 0.0005 0.0281 
        030s 178 0.0085 0.0047 0.0018 0.9769 0.0005 0.0077 
        031s 178 0.0221 0.0003 0.0003 0.9563 0.0206 0.0005 
        032s 178 0.0023 0.0005 0.0004 0.9939 0.0020 0.0008 
        033s 178 0.9674 0.0005 0.0152 0.0116 0.0019 0.0034 
        034s 178 0.0221 0.0004 0.0006 0.9755 0.0010 0.0003 
        035s 178 0.0114 0.0024 0.0011 0.9832 0.0014 0.0006 
        036s 178 0.3383 0.0005 0.0003 0.6599 0.0005 0.0006 
        037s 178 0.0213 0.0050 0.0005 0.9726 0.0004 0.0002 
        039s 178 0.0068 0.0068 0.0019 0.9646 0.0022 0.0177 
        040s 178 0.8649 0.0024 0.0855 0.0455 0.0009 0.0008 
        041s 178 0.5526 0.0006 0.0002 0.4441 0.0005 0.0021 
        042s 178 0.0015 0.0038 0.0306 0.9491 0.0138 0.0013 
        043s 178 0.0030 0.0087 0.0022 0.9198 0.0450 0.0212 
        044s 178 0.1360 0.0008 0.0066 0.7675 0.0002 0.0888 
        045s 178 0.0707 0.0014 0.0005 0.9257 0.0005 0.0012 
        046s 178 0.0026 0.0003 0.0005 0.9951 0.0008 0.0006 
        047s 178 0.5566 0.0010 0.0022 0.4257 0.0011 0.0134 
        048s 178 0.0040 0.0125 0.0233 0.9573 0.0017 0.0012 
        049s 178 0.9850 0.0037 0.0015 0.0076 0.0006 0.0016 
        050s 178 0.0054 0.0017 0.0729 0.8935 0.0111 0.0154 
          01 179 0.0310 0.0210 0.0465 0.8860 0.0005 0.0150 
          02 179 0.0049 0.0019 0.0008 0.9903 0.0011 0.0010 
          03 179 0.0596 0.0009 0.1305 0.8021 0.0003 0.0066 
          04 179 0.0026 0.0039 0.0014 0.9900 0.0004 0.0017 
          05 179 0.0533 0.0009 0.0654 0.8767 0.0020 0.0017 
          06 179 0.0503 0.0004 0.0030 0.9357 0.0103 0.0003 
          07 179 0.0050 0.0037 0.0011 0.9881 0.0003 0.0018 
          08 179 0.0034 0.0046 0.0004 0.9891 0.0018 0.0008 
          09 179 0.0098 0.0009 0.0012 0.9874 0.0006 0.0002 
          10 179 0.0293 0.0031 0.0289 0.9377 0.0003 0.0006 
          11 179 0.0231 0.0006 0.0860 0.8863 0.0005 0.0036 
          12 179 0.0384 0.0028 0.0019 0.9545 0.0021 0.0002 
          13 179 0.0719 0.0006 0.0003 0.9239 0.0016 0.0017 
          14 179 0.0039 0.0024 0.1122 0.8802 0.0010 0.0003 
          15 179 0.0269 0.0010 0.0017 0.9563 0.0008 0.0133 
          16 179 0.0160 0.0007 0.0287 0.9513 0.0026 0.0008 
          17 179 0.0414 0.0189 0.0013 0.9370 0.0008 0.0006 
          18 179 0.0455 0.0025 0.0008 0.9492 0.0015 0.0006 
          19 179 0.0693 0.0007 0.0148 0.9097 0.0014 0.0041 
          20 179 0.0064 0.0874 0.0353 0.8651 0.0043 0.0015 
          21 179 0.0043 0.0005 0.0002 0.9944 0.0004 0.0002 
          22 179 0.0627 0.0007 0.0299 0.8868 0.0192 0.0006 
          23 179 0.0024 0.0006 0.0018 0.9939 0.0005 0.0009 
        001s 180 0.0051 0.0259 0.0406 0.9272 0.0004 0.0008 
        002s 180 0.0354 0.0025 0.0015 0.9592 0.0005 0.0008 
        003s 180 0.9845 0.0011 0.0006 0.0110 0.0025 0.0004 
        004s 180 0.0339 0.0005 0.0003 0.9638 0.0003 0.0013 
        005s 180 0.0133 0.0268 0.0046 0.9520 0.0003 0.0031 
        006s 180 0.0338 0.0004 0.0997 0.8640 0.0006 0.0015 
        007s 180 0.0466 0.0006 0.0005 0.9508 0.0008 0.0007 
        008s 180 0.9357 0.0008 0.0017 0.0598 0.0006 0.0014 
        009s 180 0.0663 0.0013 0.0025 0.9289 0.0007 0.0003 
        010s 180 0.0153 0.0005 0.0011 0.9716 0.0112 0.0003 
        011s 180 0.0288 0.0006 0.0011 0.9681 0.0006 0.0008 
        012s 180 0.0097 0.0007 0.0106 0.9773 0.0009 0.0008 
        013s 180 0.0196 0.0049 0.0010 0.9716 0.0020 0.0010 
        014s 180 0.0019 0.0011 0.0219 0.9741 0.0003 0.0007 
        015s 180 0.0432 0.0018 0.0015 0.9526 0.0004 0.0005 
        016s 180 0.0584 0.0134 0.0378 0.8875 0.0024 0.0005 
        017s 180 0.0080 0.0008 0.0011 0.9886 0.0006 0.0009 
        018s 180 0.0027 0.0005 0.0862 0.9093 0.0007 0.0005 
        019s 180 0.6467 0.0015 0.0011 0.3485 0.0011 0.0011 
        020s 180 0.0527 0.0090 0.0015 0.9330 0.0023 0.0016 
        021s 180 0.0109 0.0018 0.0030 0.9829 0.0009 0.0006 
        022s 180 0.0231 0.0010 0.0119 0.9625 0.0003 0.0013 
        023s 180 0.0184 0.0025 0.0011 0.9773 0.0003 0.0002 
        024s 180 0.0284 0.0040 0.0210 0.9455 0.0007 0.0004 
        025s 180 0.2023 0.0005 0.0061 0.7869 0.0010 0.0032 
        026s 180 0.0205 0.0006 0.0008 0.9718 0.0036 0.0028 
        027s 180 0.0068 0.0010 0.0083 0.9823 0.0006 0.0010 
        028s 180 0.0168 0.0009 0.0020 0.9777 0.0012 0.0014 
        029s 180 0.0094 0.0630 0.0031 0.9102 0.0087 0.0056 
        030s 180 0.0400 0.0005 0.0005 0.9497 0.0053 0.0040 
        031s 180 0.0341 0.0020 0.0008 0.9622 0.0005 0.0004 
        032s 180 0.0083 0.0006 0.0011 0.9721 0.0165 0.0014 
        033s 180 0.0627 0.0002 0.0061 0.9270 0.0034 0.0006 
        034s 180 0.0265 0.0006 0.0013 0.9654 0.0017 0.0046 
        035s 180 0.6323 0.0131 0.0178 0.3350 0.0010 0.0009 
        036s 180 0.0077 0.0009 0.0007 0.9844 0.0059 0.0003 
        037s 180 0.0057 0.0009 0.0022 0.9865 0.0043 0.0005 
        038s 180 0.5717 0.0003 0.0015 0.4246 0.0010 0.0008 
        039s 180 0.0309 0.0015 0.0008 0.9637 0.0008 0.0024 
        041s 180 0.0641 0.0003 0.0008 0.9332 0.0004 0.0013 
        042s 180 0.0181 0.0050 0.0010 0.9736 0.0007 0.0014 
        043s 180 0.0062 0.0018 0.0016 0.9796 0.0091 0.0017 
        044s 180 0.9026 0.0005 0.0008 0.0944 0.0011 0.0006 
        045s 180 0.0424 0.0037 0.0003 0.9245 0.0022 0.0268 
        046s 180 0.0092 0.0020 0.0037 0.9815 0.0016 0.0020 
        047s 180 0.0328 0.0017 0.0295 0.9342 0.0011 0.0007 
        048s 180 0.0653 0.0006 0.0005 0.9320 0.0005 0.0010 
        049s 180 0.0041 0.0004 0.0003 0.9932 0.0011 0.0009 
        050s 180 0.0085 0.0004 0.0003 0.9866 0.0019 0.0024 
         001 181 0.0003 0.0002 0.2008 0.0001 0.0003 0.7983 
         002 181 0.0001 0.0001 0.0001 0.0000 0.0001 0.9997 
         003 181 0.0001 0.0000 0.0001 0.0001 0.0001 0.9997 
         004 181 0.0055 0.0002 0.2204 0.0066 0.0020 0.7653 
         005 181 0.0054 0.0019 0.1314 0.0044 0.0003 0.8565 
         006 181 0.0001 0.0001 0.0001 0.0001 0.0001 0.9997 
         007 181 0.0000 0.0001 0.0001 0.0001 0.0000 0.9997 
         008 181 0.0001 0.0001 0.0003 0.0001 0.0002 0.9991 
         009 181 0.0000 0.0000 0.0000 0.0000 0.0000 0.9998 
         010 181 0.0002 0.0001 0.1284 0.0002 0.0513 0.8198 
         011 181 0.0001 0.0001 0.0001 0.0001 0.0001 0.9996 
         012 181 0.0003 0.0052 0.1383 0.0003 0.0002 0.8556 
         013 181 0.0030 0.0004 0.1036 0.0038 0.0005 0.8887 
         014 181 0.0003 0.0003 0.1420 0.0002 0.0001 0.8571 
         015 181 0.0000 0.0000 0.0001 0.0001 0.0001 0.9997 
         016 181 0.0005 0.0005 0.1360 0.0007 0.0002 0.8621 
         017 181 0.0001 0.0000 0.0001 0.0001 0.0001 0.9997 
         018 181 0.0004 0.0002 0.1945 0.0004 0.0006 0.8038 
         019 181 0.0046 0.0008 0.1410 0.0050 0.0002 0.8485 
         020 181 0.0000 0.0000 0.0001 0.0000 0.0001 0.9998 
         021 181 0.0001 0.0001 0.0001 0.0001 0.0001 0.9997 
         022 181 0.0000 0.0000 0.0001 0.0000 0.0000 0.9998 
         023 181 0.0001 0.0001 0.0002 0.0001 0.0001 0.9996 
         024 181 0.0083 0.0012 0.0005 0.0161 0.0020 0.9719 
         025 181 0.0002 0.0002 0.0338 0.0002 0.0001 0.9655 
         026 181 0.0001 0.0001 0.0001 0.0001 0.0001 0.9996 
         027 181 0.0000 0.0000 0.0000 0.0000 0.0000 0.9998 
         028 181 0.0000 0.0000 0.0000 0.0000 0.0000 0.9998 
         029 181 0.0001 0.0001 0.0002 0.0002 0.0001 0.9994 
         030 181 0.0001 0.0001 0.0001 0.0001 0.0001 0.9994 
         001 182 0.0001 0.0001 0.4332 0.0001 0.0001 0.5664 
         002 182 0.0005 0.0003 0.4841 0.0003 0.0003 0.5146 
         003 182 0.0006 0.0003 0.4780 0.0004 0.0619 0.4589 
         004 182 0.0002 0.0003 0.5332 0.0002 0.0002 0.4660 
         005 182 0.0012 0.0001 0.4796 0.0016 0.0017 0.5157 
         006 182 0.0841 0.0015 0.4792 0.0279 0.0006 0.4067 
         007 182 0.0010 0.0003 0.5136 0.0012 0.0227 0.4612 
         008 182 0.0012 0.0001 0.4737 0.0008 0.0007 0.5235 
         009 182 0.0004 0.0001 0.4671 0.0002 0.0008 0.5314 
         010 182 0.0690 0.0003 0.4745 0.0220 0.0005 0.4336 
         011 182 0.0003 0.0001 0.5679 0.0002 0.0002 0.4313 
         012 182 0.0023 0.0006 0.4414 0.0699 0.0006 0.4852 
         013 182 0.0006 0.0007 0.6377 0.0010 0.0006 0.3595 
         014 182 0.0630 0.0060 0.5042 0.0266 0.0005 0.3997 
         015 182 0.0002 0.0001 0.4311 0.0002 0.0001 0.5683 
         016 182 0.0002 0.0001 0.4992 0.0002 0.0007 0.4995 
         017 182 0.0540 0.0002 0.4123 0.0146 0.0005 0.5184 
         018 182 0.0003 0.0001 0.4406 0.0004 0.0002 0.5584 
         019 182 0.0002 0.0001 0.4554 0.0002 0.0001 0.5440 
         020 182 0.0001 0.0001 0.3990 0.0001 0.0001 0.6007 
         021 182 0.0011 0.0010 0.4758 0.0018 0.0717 0.4487 
         022 182 0.0004 0.0002 0.4327 0.0003 0.0003 0.5660 
         023 182 0.0002 0.0001 0.5577 0.0002 0.0001 0.4416 
         024 182 0.0003 0.0001 0.5901 0.0002 0.0002 0.4091 
         025 182 0.0002 0.0001 0.4530 0.0002 0.0008 0.5456 
         026 182 0.0001 0.0001 0.5053 0.0001 0.0001 0.4942 
         027 182 0.0005 0.0006 0.4901 0.0006 0.0001 0.5080 
         028 182 0.0003 0.0001 0.5327 0.0002 0.0004 0.4662 
         029 182 0.0004 0.0004 0.5304 0.0004 0.0082 0.4601 
         030 182 0.0001 0.0001 0.4534 0.0001 0.0001 0.5461 
          10 183 0.9576 0.0015 0.0003 0.0384 0.0018 0.0005 
          11 183 0.9140 0.0644 0.0051 0.0160 0.0004 0.0001 
          12 183 0.9802 0.0030 0.0005 0.0149 0.0011 0.0003 
          13 183 0.9718 0.0004 0.0180 0.0041 0.0007 0.0050 
          14 183 0.9358 0.0065 0.0003 0.0317 0.0254 0.0003 
          15 183 0.9452 0.0297 0.0054 0.0172 0.0010 0.0015 
          16 183 0.9466 0.0005 0.0074 0.0039 0.0052 0.0363 
          17 183 0.9206 0.0019 0.0003 0.0750 0.0006 0.0016 
          18 183 0.9149 0.0014 0.0003 0.0820 0.0010 0.0004 
          19 183 0.9787 0.0008 0.0002 0.0198 0.0003 0.0002 
          20 183 0.9650 0.0005 0.0224 0.0105 0.0004 0.0011 
          21 183 0.9369 0.0065 0.0015 0.0540 0.0002 0.0009 
          22 183 0.9468 0.0157 0.0045 0.0280 0.0036 0.0014 
          23 183 0.9500 0.0003 0.0006 0.0208 0.0084 0.0199 
          24 183 0.9435 0.0106 0.0003 0.0446 0.0008 0.0003 
          25 183 0.9408 0.0077 0.0012 0.0487 0.0010 0.0005 
          26 183 0.9844 0.0008 0.0020 0.0110 0.0007 0.0012 
          27 183 0.9261 0.0066 0.0493 0.0173 0.0002 0.0005 
          28 183 0.9307 0.0147 0.0066 0.0470 0.0006 0.0004 
          29 183 0.3264 0.0022 0.2861 0.0004 0.0005 0.3844 
          30 183 0.1219 0.0526 0.4372 0.0005 0.0006 0.3872 
          31 183 0.9472 0.0040 0.0004 0.0469 0.0004 0.0011 
          32 183 0.9697 0.0003 0.0002 0.0282 0.0014 0.0003 
          33 183 0.9845 0.0007 0.0068 0.0059 0.0017 0.0004 
          34 183 0.8914 0.0161 0.0006 0.0886 0.0032 0.0002 
          35 183 0.9620 0.0067 0.0071 0.0215 0.0008 0.0020 
          36 183 0.9202 0.0029 0.0004 0.0754 0.0009 0.0003 
          37 183 0.2171 0.0058 0.4046 0.0004 0.0004 0.3716 
          54 183 0.9081 0.0008 0.0392 0.0449 0.0004 0.0067 
          55 183 0.8035 0.0633 0.1033 0.0220 0.0065 0.0014 
           6 183 0.9785 0.0009 0.0101 0.0082 0.0016 0.0007 
           7 183 0.9188 0.0015 0.0729 0.0012 0.0005 0.0052 
           8 183 0.9673 0.0022 0.0143 0.0098 0.0020 0.0044 
           9 183 0.9289 0.0089 0.0008 0.0565 0.0016 0.0032 
           4 184 0.8235 0.0007 0.0017 0.1710 0.0006 0.0025 
           9 184 0.8887 0.0004 0.0006 0.1064 0.0033 0.0005 
          12 184 0.7883 0.0003 0.0011 0.1825 0.0004 0.0274 
          14 184 0.9120 0.0080 0.0009 0.0773 0.0009 0.0008 
          15 184 0.7671 0.0024 0.0007 0.2284 0.0008 0.0006 
          16 184 0.8091 0.0017 0.0006 0.1810 0.0037 0.0040 
          17 184 0.4663 0.0008 0.0013 0.5241 0.0021 0.0055 
          18 184 0.8085 0.0010 0.0980 0.0908 0.0004 0.0013 
          22 184 0.9927 0.0003 0.0004 0.0048 0.0012 0.0005 
          25 184 0.9504 0.0009 0.0094 0.0379 0.0008 0.0006 
          26 184 0.8029 0.0030 0.0005 0.1713 0.0211 0.0013 
          27 184 0.7171 0.0003 0.0004 0.2792 0.0003 0.0027 
          28 184 0.9860 0.0007 0.0003 0.0119 0.0005 0.0006 
          29 184 0.9241 0.0006 0.0002 0.0746 0.0003 0.0003 
          31 184 0.9787 0.0005 0.0013 0.0169 0.0005 0.0022 
          32 184 0.7887 0.0032 0.0017 0.2018 0.0012 0.0034 
          33 184 0.6378 0.0019 0.0012 0.3561 0.0025 0.0004 
          34 184 0.7887 0.0006 0.0005 0.2088 0.0008 0.0005 
          36 184 0.5732 0.0002 0.3446 0.0107 0.0005 0.0708 
          37 184 0.9833 0.0005 0.0050 0.0096 0.0012 0.0004 
          39 184 0.8922 0.0109 0.0029 0.0854 0.0009 0.0077 
          40 184 0.9618 0.0035 0.0020 0.0303 0.0008 0.0016 
          41 184 0.9512 0.0022 0.0176 0.0277 0.0009 0.0006 
          42 184 0.9134 0.0005 0.0007 0.0800 0.0043 0.0011 
          43 184 0.7887 0.0008 0.0005 0.2086 0.0005 0.0009 
          44 184 0.9167 0.0034 0.0724 0.0056 0.0004 0.0014 
          45 184 0.9147 0.0008 0.0002 0.0810 0.0030 0.0003 
          46 184 0.7184 0.0004 0.0003 0.2717 0.0008 0.0084 
          47 184 0.7493 0.0007 0.0003 0.2492 0.0003 0.0003 
          48 184 0.8829 0.0017 0.0004 0.1139 0.0004 0.0007 
          52 184 0.9222 0.0007 0.0732 0.0020 0.0008 0.0012 
          54 184 0.9934 0.0002 0.0010 0.0028 0.0022 0.0004 
          57 184 0.9956 0.0004 0.0004 0.0021 0.0006 0.0008 
          58 184 0.8284 0.0010 0.0016 0.1678 0.0006 0.0007 
          59 184 0.8389 0.0009 0.0114 0.1095 0.0002 0.0392 
          60 184 0.6367 0.0134 0.0012 0.3453 0.0031 0.0003 
           3 185 0.9001 0.0098 0.0183 0.0676 0.0011 0.0031 
           4 185 0.7307 0.0023 0.0005 0.2637 0.0011 0.0016 
           5 185 0.6853 0.0006 0.0005 0.3047 0.0070 0.0019 
           6 185 0.9047 0.0005 0.0010 0.0926 0.0008 0.0004 
           7 185 0.7973 0.0002 0.0972 0.0992 0.0051 0.0010 
           8 185 0.7055 0.0015 0.0405 0.2350 0.0004 0.0170 
           9 185 0.9910 0.0022 0.0013 0.0043 0.0006 0.0006 
          10 185 0.6079 0.0041 0.0015 0.3841 0.0017 0.0007 
          11 185 0.8356 0.0023 0.0203 0.1221 0.0008 0.0189 
          12 185 0.8961 0.0018 0.0928 0.0051 0.0017 0.0025 
          13 185 0.8401 0.0004 0.0005 0.1577 0.0007 0.0006 
          14 185 0.9870 0.0006 0.0003 0.0099 0.0007 0.0014 
          15 185 0.6727 0.2328 0.0282 0.0277 0.0383 0.0004 
          16 185 0.9321 0.0021 0.0016 0.0629 0.0007 0.0006 
          17 185 0.9073 0.0512 0.0011 0.0375 0.0018 0.0013 
          18 185 0.5998 0.0005 0.0016 0.3948 0.0031 0.0001 
          19 185 0.8571 0.0249 0.0005 0.1164 0.0008 0.0002 
          20 185 0.8706 0.0010 0.0895 0.0043 0.0002 0.0344 
          21 185 0.9311 0.0090 0.0034 0.0537 0.0016 0.0012 
          22 185 0.8437 0.0489 0.0030 0.1029 0.0006 0.0009 
          23 185 0.9059 0.0008 0.0765 0.0162 0.0003 0.0003 
          24 185 0.7068 0.0005 0.0003 0.2885 0.0004 0.0035 
          25 185 0.5852 0.0067 0.0723 0.3341 0.0002 0.0015 
          26 185 0.8663 0.0015 0.0010 0.1269 0.0013 0.0030 
          27 185 0.7452 0.0014 0.0008 0.2492 0.0029 0.0003 
          28 185 0.5640 0.0002 0.0011 0.4341 0.0002 0.0003 
          29 185 0.6822 0.0595 0.1219 0.1227 0.0097 0.0040 
          30 185 0.9841 0.0010 0.0009 0.0078 0.0007 0.0054 
          31 185 0.8060 0.0008 0.0198 0.1722 0.0003 0.0010 
          32 185 0.9910 0.0004 0.0009 0.0040 0.0010 0.0027 
          33 185 0.9906 0.0005 0.0025 0.0030 0.0007 0.0027 
          34 185 0.7769 0.0025 0.0003 0.2181 0.0004 0.0018 
          35 185 0.8885 0.0012 0.0008 0.0605 0.0483 0.0007 
          36 185 0.8537 0.0008 0.0008 0.1424 0.0015 0.0008 
          37 185 0.7687 0.0005 0.0074 0.2156 0.0004 0.0074 
          38 185 0.6742 0.0003 0.0617 0.2295 0.0005 0.0339 
          39 185 0.8926 0.0032 0.0950 0.0085 0.0005 0.0002 
          40 185 0.8342 0.0011 0.0003 0.1620 0.0014 0.0010 
          41 185 0.8928 0.0012 0.0011 0.1034 0.0013 0.0002 
          42 185 0.8865 0.0006 0.0005 0.1107 0.0007 0.0011 
           5 186 0.8883 0.0006 0.0012 0.1025 0.0071 0.0004 
           6 186 0.7010 0.0005 0.0015 0.2930 0.0034 0.0007 
           7 186 0.9898 0.0004 0.0005 0.0029 0.0005 0.0059 
           9 186 0.7728 0.0014 0.1050 0.1192 0.0009 0.0007 
          10 186 0.7624 0.0008 0.0161 0.1990 0.0014 0.0203 
          11 186 0.6707 0.0006 0.0014 0.3250 0.0004 0.0019 
          12 186 0.9933 0.0004 0.0012 0.0038 0.0009 0.0004 
          29 186 0.9451 0.0154 0.0007 0.0369 0.0005 0.0014 
          30 186 0.8207 0.0009 0.0002 0.1750 0.0028 0.0003 
          31 186 0.7462 0.1601 0.0395 0.0283 0.0173 0.0086 
          32 186 0.8334 0.0299 0.0743 0.0617 0.0004 0.0003 
          33 186 0.8053 0.0050 0.0006 0.1880 0.0007 0.0003 
          34 186 0.7504 0.0060 0.0035 0.2087 0.0202 0.0112 
          35 186 0.8618 0.0010 0.0002 0.1359 0.0006 0.0005 
          36 186 0.8373 0.0023 0.0043 0.1552 0.0004 0.0005 
          37 186 0.9741 0.0010 0.0059 0.0095 0.0005 0.0091 
          38 186 0.8849 0.0186 0.0038 0.0824 0.0008 0.0095 
          39 186 0.9176 0.0003 0.0006 0.0793 0.0018 0.0004 
          40 186 0.8296 0.0009 0.0006 0.1682 0.0004 0.0004 
          41 186 0.7774 0.0005 0.0014 0.2103 0.0015 0.0089 
          42 186 0.6587 0.0005 0.0011 0.3387 0.0006 0.0004 
          43 186 0.6459 0.0008 0.0068 0.3415 0.0033 0.0018 
          44 186 0.8027 0.0023 0.0004 0.1907 0.0034 0.0004 
          45 186 0.9613 0.0004 0.0005 0.0368 0.0007 0.0003 
          46 186 0.7548 0.0006 0.0004 0.2359 0.0077 0.0006 
          47 186 0.8878 0.0013 0.0072 0.1029 0.0003 0.0006 
          48 186 0.7728 0.0011 0.0022 0.2228 0.0010 0.0003 
          49 186 0.8201 0.0003 0.0003 0.1781 0.0007 0.0005 
          50 186 0.8801 0.0013 0.0107 0.1050 0.0006 0.0023 
          51 186 0.9429 0.0004 0.0005 0.0548 0.0010 0.0004 
          52 186 0.8020 0.0009 0.0006 0.1919 0.0036 0.0010 
          53 186 0.8858 0.0021 0.0004 0.1102 0.0008 0.0008 
          54 186 0.7500 0.0010 0.0007 0.2423 0.0055 0.0004 
          55 186 0.8352 0.0008 0.0042 0.1542 0.0050 0.0006 
          56 186 0.9752 0.0008 0.0007 0.0206 0.0004 0.0023 
          57 186 0.7402 0.0697 0.0219 0.1561 0.0117 0.0004 
          58 186 0.8837 0.0005 0.0006 0.1137 0.0008 0.0007 
          59 186 0.7929 0.0006 0.0013 0.2001 0.0003 0.0048 
          60 186 0.7327 0.0037 0.0003 0.2612 0.0017 0.0004 
           1 187 0.9636 0.0049 0.0181 0.0107 0.0009 0.0017 
           2 187 0.6039 0.0018 0.0036 0.3888 0.0007 0.0012 
           3 187 0.4971 0.0179 0.0172 0.4660 0.0010 0.0009 
           4 187 0.7735 0.0051 0.1097 0.1076 0.0005 0.0035 
           5 187 0.5696 0.0005 0.0008 0.4261 0.0028 0.0003 
           6 187 0.8082 0.0007 0.0014 0.1832 0.0046 0.0018 
           7 187 0.7859 0.0007 0.1324 0.0656 0.0079 0.0077 
           8 187 0.8394 0.0006 0.0009 0.1557 0.0026 0.0009 
           9 187 0.8459 0.0015 0.0004 0.1518 0.0002 0.0002 
          10 187 0.9815 0.0010 0.0028 0.0039 0.0011 0.0097 
          11 187 0.8615 0.0002 0.0004 0.1325 0.0004 0.0050 
          12 187 0.9358 0.0006 0.0004 0.0623 0.0004 0.0006 
          13 187 0.9081 0.0017 0.0216 0.0671 0.0009 0.0006 
          14 187 0.9092 0.0026 0.0008 0.0848 0.0017 0.0009 
          15 187 0.8076 0.0005 0.0011 0.1806 0.0075 0.0027 
          16 187 0.9242 0.0018 0.0155 0.0548 0.0018 0.0019 
          17 187 0.8999 0.0060 0.0843 0.0088 0.0005 0.0004 
          18 187 0.8946 0.0007 0.0022 0.1011 0.0005 0.0009 
          19 187 0.8790 0.0005 0.0004 0.1175 0.0020 0.0006 
          20 187 0.8351 0.0010 0.0009 0.1526 0.0100 0.0004 
          21 187 0.4754 0.0037 0.0667 0.4257 0.0033 0.0253 
          22 187 0.7397 0.0032 0.0006 0.2542 0.0004 0.0020 
          23 187 0.8485 0.0005 0.0006 0.1499 0.0003 0.0003 
          24 187 0.8957 0.0013 0.0576 0.0144 0.0012 0.0298 
          25 187 0.5376 0.0025 0.0010 0.4549 0.0033 0.0006 
          26 187 0.9213 0.0030 0.0004 0.0735 0.0015 0.0003 
          27 187 0.8363 0.0009 0.0003 0.1615 0.0007 0.0003 
          28 187 0.8910 0.0043 0.0005 0.0783 0.0016 0.0243 
          29 187 0.8491 0.0013 0.0023 0.1423 0.0004 0.0047 
          30 187 0.8733 0.0398 0.0005 0.0834 0.0011 0.0019 
          32 187 0.9301 0.0002 0.0138 0.0069 0.0006 0.0484 
          33 187 0.9584 0.0009 0.0086 0.0278 0.0004 0.0039 
          34 187 0.7620 0.0007 0.0019 0.2332 0.0018 0.0004 
          35 187 0.8262 0.0065 0.0164 0.1475 0.0025 0.0009 
          36 187 0.8843 0.0016 0.0006 0.1118 0.0012 0.0005 
          37 187 0.9790 0.0077 0.0014 0.0094 0.0007 0.0018 
          38 187 0.5701 0.0482 0.0982 0.2475 0.0328 0.0031 
           1 188 0.8284 0.0012 0.0024 0.1644 0.0008 0.0028 
           2 188 0.8090 0.0007 0.0049 0.1769 0.0025 0.0060 
           3 188 0.8492 0.0015 0.0305 0.1083 0.0065 0.0041 
           4 188 0.8059 0.0005 0.0333 0.1424 0.0075 0.0104 
           5 188 0.8679 0.0027 0.0010 0.1256 0.0013 0.0016 
           6 188 0.9463 0.0009 0.0004 0.0516 0.0004 0.0004 
           7 188 0.9760 0.0005 0.0005 0.0216 0.0011 0.0003 
           8 188 0.9289 0.0003 0.0076 0.0419 0.0007 0.0206 
           9 188 0.9794 0.0005 0.0010 0.0019 0.0168 0.0004 
          10 188 0.8297 0.0010 0.0297 0.1384 0.0008 0.0004 
          11 188 0.8076 0.0005 0.0003 0.1892 0.0019 0.0006 
          12 188 0.5287 0.0488 0.0006 0.4198 0.0007 0.0014 
          13 188 0.7000 0.0103 0.0904 0.1878 0.0003 0.0111 
          14 188 0.8405 0.0046 0.0712 0.0775 0.0002 0.0060 
          15 188 0.9806 0.0005 0.0005 0.0153 0.0028 0.0003 
          16 188 0.8196 0.0007 0.0591 0.1192 0.0007 0.0007 
          17 188 0.8843 0.0009 0.0011 0.1123 0.0005 0.0007 
          18 188 0.6959 0.0543 0.0016 0.2474 0.0004 0.0003 
          19 188 0.8373 0.0035 0.0029 0.1550 0.0009 0.0004 
          20 188 0.7065 0.0063 0.1226 0.1606 0.0017 0.0024 
          21 188 0.5727 0.0083 0.0120 0.4035 0.0031 0.0004 
          22 188 0.9538 0.0097 0.0008 0.0259 0.0071 0.0027 
          23 188 0.9081 0.0463 0.0016 0.0417 0.0003 0.0020 
          24 188 0.8122 0.0371 0.0003 0.1497 0.0004 0.0002 
          25 188 0.8827 0.0458 0.0005 0.0675 0.0030 0.0004 
          26 188 0.8810 0.0007 0.0767 0.0376 0.0007 0.0034 
          27 188 0.9431 0.0017 0.0023 0.0040 0.0005 0.0485 
          28 188 0.7115 0.0003 0.0013 0.2852 0.0006 0.0010 
          29 188 0.6042 0.0024 0.0943 0.2974 0.0015 0.0002 
          30 188 0.8665 0.0010 0.0811 0.0439 0.0003 0.0072 
          31 188 0.6230 0.0055 0.0030 0.3668 0.0008 0.0009 
          32 188 0.5307 0.0010 0.0014 0.4660 0.0006 0.0004 
          33 188 0.8390 0.0054 0.0042 0.1509 0.0002 0.0003 
          34 188 0.8693 0.0107 0.0003 0.1175 0.0007 0.0015 
          35 188 0.7873 0.0523 0.0154 0.1376 0.0063 0.0012 
          36 188 0.8651 0.0011 0.0577 0.0156 0.0026 0.0579 
          37 188 0.7978 0.0006 0.0011 0.1982 0.0014 0.0008 
          38 188 0.6218 0.0008 0.0191 0.3035 0.0013 0.0534 
          39 188 0.9099 0.0008 0.0579 0.0259 0.0051 0.0003 
          40 188 0.7230 0.0005 0.0005 0.2727 0.0003 0.0030 
           7 189 0.9748 0.0006 0.0014 0.0206 0.0005 0.0021 
           8 189 0.7510 0.0009 0.0006 0.2369 0.0004 0.0102 
           9 189 0.8951 0.0018 0.0011 0.0976 0.0010 0.0033 
          10 189 0.8437 0.0003 0.0010 0.1489 0.0005 0.0055 
          11 189 0.9159 0.0051 0.0006 0.0554 0.0214 0.0016 
          12 189 0.9207 0.0010 0.0384 0.0288 0.0014 0.0097 
          13 189 0.8107 0.0026 0.0005 0.1847 0.0011 0.0003 
          14 189 0.8463 0.0076 0.0289 0.1111 0.0002 0.0060 
          16 189 0.8369 0.0036 0.1535 0.0029 0.0025 0.0006 
          17 189 0.8585 0.0011 0.0007 0.1379 0.0015 0.0003 
          18 189 0.8626 0.0022 0.0424 0.0880 0.0007 0.0041 
          19 189 0.9525 0.0065 0.0006 0.0350 0.0032 0.0021 
          20 189 0.7812 0.0007 0.0418 0.1677 0.0003 0.0082 
          21 189 0.8904 0.0008 0.0035 0.1007 0.0009 0.0037 
          23 189 0.8644 0.0026 0.0005 0.1306 0.0012 0.0006 
          24 189 0.7639 0.0005 0.0016 0.1852 0.0017 0.0471 
          25 189 0.8352 0.0020 0.0062 0.1541 0.0009 0.0016 
          26 189 0.8920 0.0010 0.0061 0.0900 0.0028 0.0082 
          27 189 0.9004 0.0052 0.0008 0.0883 0.0045 0.0007 
          28 189 0.3828 0.0004 0.0001 0.6151 0.0011 0.0004 
          29 189 0.9328 0.0013 0.0004 0.0544 0.0009 0.0102 
          30 189 0.8082 0.0161 0.0008 0.1700 0.0016 0.0033 
          31 189 0.9462 0.0041 0.0004 0.0482 0.0003 0.0008 
          32 189 0.8540 0.0004 0.0229 0.0936 0.0014 0.0278 
          33 189 0.6615 0.0093 0.0005 0.3255 0.0023 0.0010 
          34 189 0.7156 0.0003 0.0006 0.2799 0.0034 0.0002 
          35 189 0.8774 0.0009 0.0003 0.1203 0.0006 0.0005 
          36 189 0.9436 0.0011 0.0132 0.0313 0.0003 0.0105 
          37 189 0.8954 0.0052 0.0004 0.0969 0.0016 0.0004 
          38 189 0.8536 0.0028 0.0256 0.1119 0.0058 0.0005 
          39 189 0.8616 0.0012 0.0007 0.1132 0.0008 0.0225 
          40 189 0.7142 0.0024 0.1542 0.1266 0.0005 0.0020 
          41 189 0.6953 0.0053 0.0035 0.2898 0.0003 0.0057 
          42 189 0.7187 0.0022 0.1789 0.0729 0.0239 0.0034 
          43 189 0.8949 0.0007 0.0048 0.0978 0.0015 0.0004 
           1 190 0.7622 0.0005 0.1288 0.1044 0.0031 0.0011 
           3 190 0.9657 0.0118 0.0030 0.0180 0.0014 0.0002 
           4 190 0.8814 0.0009 0.0008 0.1145 0.0019 0.0005 
           5 190 0.9571 0.0006 0.0230 0.0184 0.0005 0.0005 
           6 190 0.8704 0.0010 0.0005 0.1261 0.0012 0.0009 
           7 190 0.7590 0.0022 0.0004 0.2375 0.0002 0.0007 
           8 190 0.7744 0.0407 0.0059 0.1701 0.0023 0.0066 
           9 190 0.5274 0.0860 0.2587 0.0027 0.0130 0.1122 
          10 190 0.7529 0.0006 0.0009 0.2441 0.0008 0.0007 
          11 190 0.9672 0.0006 0.0038 0.0073 0.0154 0.0057 
          12 190 0.6893 0.0014 0.0004 0.3065 0.0013 0.0010 
          13 190 0.8644 0.0003 0.0008 0.1321 0.0017 0.0007 
          14 190 0.8435 0.0007 0.0008 0.1496 0.0043 0.0011 
          15 190 0.8843 0.0032 0.0135 0.0596 0.0387 0.0008 
          16 190 0.9884 0.0005 0.0009 0.0079 0.0002 0.0020 
          17 190 0.7972 0.0010 0.0008 0.1912 0.0058 0.0041 
          18 190 0.5512 0.0039 0.0339 0.4095 0.0004 0.0011 
          19 190 0.9832 0.0012 0.0008 0.0132 0.0010 0.0006 
          20 190 0.9844 0.0070 0.0007 0.0068 0.0007 0.0004 
          22 190 0.8396 0.0009 0.0859 0.0331 0.0003 0.0402 
          23 190 0.8016 0.0012 0.0014 0.1882 0.0007 0.0069 
          24 190 0.9271 0.0006 0.0669 0.0041 0.0005 0.0009 
          25 190 0.6455 0.0004 0.0035 0.3478 0.0009 0.0018 
          26 190 0.7370 0.0017 0.0004 0.2587 0.0019 0.0003 
          27 190 0.9553 0.0008 0.0029 0.0216 0.0191 0.0003 
          28 190 0.9647 0.0006 0.0026 0.0246 0.0059 0.0017 
          29 190 0.9413 0.0005 0.0045 0.0468 0.0003 0.0067 
          31 190 0.9584 0.0002 0.0055 0.0106 0.0008 0.0244 
           7 191 0.6906 0.0008 0.0004 0.3074 0.0003 0.0004 
           8 191 0.9502 0.0007 0.0007 0.0445 0.0006 0.0034 
           9 191 0.7022 0.0006 0.0004 0.2956 0.0005 0.0007 
          10 191 0.8178 0.0064 0.0009 0.1743 0.0005 0.0003 
          11 191 0.9036 0.0006 0.0005 0.0897 0.0005 0.0050 
          12 191 0.8369 0.0011 0.0344 0.0540 0.0730 0.0006 
          13 191 0.9764 0.0007 0.0022 0.0194 0.0006 0.0006 
          14 191 0.7135 0.0005 0.0033 0.2784 0.0015 0.0029 
          15 191 0.8992 0.0016 0.0780 0.0191 0.0014 0.0007 
          16 191 0.7130 0.0028 0.0011 0.2809 0.0011 0.0011 
          17 191 0.9044 0.0450 0.0318 0.0033 0.0013 0.0143 
          18 191 0.8451 0.0006 0.0006 0.1490 0.0010 0.0039 
          19 191 0.8049 0.0054 0.0034 0.1758 0.0016 0.0089 
          20 191 0.8821 0.0015 0.0104 0.1027 0.0003 0.0030 
          21 191 0.6768 0.0293 0.0305 0.2579 0.0045 0.0011 
          22 191 0.9703 0.0006 0.0006 0.0267 0.0003 0.0013 
          23 191 0.9553 0.0007 0.0053 0.0374 0.0008 0.0004 
          24 191 0.8775 0.0004 0.0014 0.1197 0.0003 0.0005 
          25 191 0.9735 0.0006 0.0157 0.0079 0.0007 0.0016 
          26 191 0.8597 0.0025 0.0956 0.0312 0.0007 0.0103 
          27 191 0.9060 0.0006 0.0008 0.0913 0.0007 0.0006 
          28 191 0.5488 0.0059 0.0004 0.4414 0.0007 0.0028 
          29 191 0.9016 0.0214 0.0012 0.0746 0.0005 0.0007 
          30 191 0.8933 0.0004 0.0009 0.1041 0.0011 0.0002 
          39 191 0.9673 0.0006 0.0004 0.0104 0.0177 0.0035 
          40 191 0.8580 0.0004 0.0006 0.1393 0.0007 0.0011 
          41 191 0.9126 0.0049 0.0546 0.0263 0.0003 0.0014 
          42 191 0.5435 0.0004 0.0004 0.4546 0.0009 0.0003 
          43 191 0.9440 0.0004 0.0501 0.0040 0.0013 0.0002 
          44 191 0.9169 0.0064 0.0035 0.0700 0.0002 0.0030 
          45 191 0.8385 0.0033 0.0004 0.1512 0.0054 0.0012 
          46 191 0.8604 0.0160 0.1198 0.0024 0.0004 0.0010 
          47 191 0.9737 0.0024 0.0033 0.0172 0.0011 0.0023 
          48 191 0.6514 0.0013 0.0004 0.3419 0.0040 0.0010 
          49 191 0.8552 0.0160 0.0014 0.1157 0.0043 0.0075 
          50 191 0.9487 0.0009 0.0009 0.0474 0.0010 0.0011 
           9 192 0.8251 0.0002 0.0004 0.1734 0.0004 0.0004 
          10 192 0.7538 0.0002 0.0014 0.2402 0.0020 0.0025 
          11 192 0.9614 0.0067 0.0249 0.0060 0.0008 0.0002 
          12 192 0.8547 0.0008 0.0012 0.1416 0.0007 0.0010 
          13 192 0.5832 0.0008 0.0505 0.3304 0.0011 0.0340 
          14 192 0.8106 0.0690 0.0163 0.1032 0.0003 0.0007 
          15 192 0.8088 0.0021 0.0002 0.1857 0.0023 0.0009 
          16 192 0.8946 0.0006 0.0007 0.0957 0.0006 0.0078 
          17 192 0.8406 0.0012 0.0086 0.1327 0.0088 0.0081 
          18 192 0.7876 0.0013 0.0071 0.2030 0.0005 0.0005 
          19 192 0.8635 0.0005 0.0015 0.1293 0.0016 0.0036 
          20 192 0.9668 0.0015 0.0085 0.0021 0.0206 0.0006 
          21 192 0.9874 0.0005 0.0002 0.0042 0.0073 0.0004 
          22 192 0.9744 0.0102 0.0019 0.0034 0.0014 0.0087 
          23 192 0.8305 0.0041 0.1017 0.0626 0.0006 0.0003 
          24 192 0.8389 0.0005 0.0008 0.1536 0.0031 0.0031 
          33 192 0.5234 0.0009 0.0725 0.3916 0.0107 0.0008 
          35 192 0.8215 0.0018 0.0004 0.1661 0.0097 0.0005 
          36 192 0.5199 0.0004 0.0004 0.4778 0.0009 0.0005 
          37 192 0.7714 0.0010 0.0006 0.2256 0.0007 0.0007 
          38 192 0.9628 0.0009 0.0274 0.0059 0.0003 0.0028 
          39 192 0.7846 0.0004 0.0012 0.2124 0.0007 0.0007 
          40 192 0.5099 0.0003 0.0732 0.4131 0.0002 0.0031 
          41 192 0.8114 0.0013 0.0460 0.1326 0.0002 0.0084 
          42 192 0.8434 0.0046 0.0423 0.1064 0.0004 0.0030 
          43 192 0.8038 0.0031 0.0003 0.1874 0.0044 0.0010 
          45 192 0.8240 0.0015 0.0006 0.1693 0.0042 0.0004 
          46 192 0.8229 0.0013 0.0008 0.1467 0.0247 0.0035 
          47 192 0.8226 0.0008 0.0011 0.1746 0.0003 0.0006 
          48 192 0.8923 0.0006 0.0005 0.1054 0.0003 0.0008 
          49 192 0.7597 0.0009 0.0029 0.1819 0.0066 0.0480 
          50 192 0.8666 0.0005 0.0008 0.1309 0.0007 0.0005 
