        001s  1 0.0003 0.9976 0.0006 0.0002 0.0009 0.0003 
        002s  1 0.0012 0.9950 0.0006 0.0021 0.0005 0.0006 
        003s  1 0.0006 0.9809 0.0059 0.0008 0.0103 0.0015 
        004s  1 0.0019 0.9601 0.0068 0.0258 0.0002 0.0052 
        005s  1 0.1380 0.5596 0.1741 0.1272 0.0002 0.0009 
        006s  1 0.0004 0.9974 0.0004 0.0011 0.0004 0.0003 
        007s  1 0.0007 0.9935 0.0026 0.0004 0.0005 0.0024 
        008s  1 0.0005 0.9919 0.0046 0.0011 0.0011 0.0008 
        009s  1 0.0177 0.9300 0.0427 0.0018 0.0022 0.0056 
        010s  1 0.0005 0.9892 0.0088 0.0006 0.0006 0.0003 
        011s  1 0.0006 0.9915 0.0010 0.0014 0.0033 0.0022 
        012s  1 0.0035 0.8698 0.1152 0.0043 0.0064 0.0008 
        013s  1 0.0173 0.9662 0.0011 0.0076 0.0008 0.0069 
        014s  1 0.0005 0.9421 0.0312 0.0022 0.0188 0.0051 
        015s  1 0.0005 0.9975 0.0004 0.0004 0.0007 0.0004 
        016s  1 0.0004 0.9896 0.0035 0.0005 0.0010 0.0051 
        018s  1 0.0057 0.8521 0.1403 0.0006 0.0006 0.0008 
        019s  1 0.0008 0.9778 0.0162 0.0005 0.0038 0.0008 
        020s  1 0.0003 0.9816 0.0005 0.0002 0.0081 0.0094 
        021s  1 0.0006 0.9873 0.0002 0.0052 0.0008 0.0059 
        022s  1 0.0001 0.9984 0.0003 0.0003 0.0003 0.0005 
        023s  1 0.0003 0.9888 0.0003 0.0004 0.0009 0.0092 
        024s  1 0.0003 0.9959 0.0013 0.0014 0.0005 0.0006 
        025s  1 0.0010 0.9880 0.0084 0.0015 0.0003 0.0009 
        026s  1 0.0014 0.9845 0.0005 0.0004 0.0040 0.0092 
        027s  1 0.0006 0.9791 0.0016 0.0159 0.0004 0.0024 
        028s  1 0.0030 0.9029 0.0350 0.0568 0.0019 0.0004 
        029s  1 0.0003 0.9922 0.0008 0.0006 0.0055 0.0006 
        030s  1 0.0006 0.9837 0.0007 0.0064 0.0080 0.0006 
        031s  1 0.0002 0.9980 0.0003 0.0002 0.0003 0.0010 
        032s  1 0.0002 0.9971 0.0005 0.0008 0.0008 0.0006 
        033s  1 0.0136 0.9822 0.0022 0.0005 0.0008 0.0006 
        034s  1 0.0002 0.9478 0.0016 0.0018 0.0029 0.0456 
        035s  1 0.0004 0.9936 0.0018 0.0016 0.0018 0.0007 
        036s  1 0.0006 0.8960 0.1014 0.0006 0.0002 0.0012 
        037s  1 0.0032 0.8380 0.1100 0.0022 0.0020 0.0446 
        038s  1 0.0014 0.9961 0.0010 0.0004 0.0005 0.0006 
        039s  1 0.0356 0.9624 0.0003 0.0009 0.0005 0.0003 
        040s  1 0.0005 0.9923 0.0011 0.0027 0.0005 0.0028 
        041s  1 0.0015 0.9935 0.0017 0.0002 0.0006 0.0025 
        042s  1 0.0002 0.8402 0.0790 0.0006 0.0007 0.0792 
        043s  1 0.0286 0.9666 0.0029 0.0006 0.0008 0.0004 
        044s  1 0.0335 0.8877 0.0679 0.0034 0.0026 0.0048 
        045s  1 0.0003 0.9870 0.0091 0.0017 0.0011 0.0007 
        046s  1 0.0004 0.9953 0.0015 0.0004 0.0018 0.0005 
        047s  1 0.0004 0.9929 0.0006 0.0002 0.0011 0.0048 
        048s  1 0.0071 0.9537 0.0385 0.0001 0.0002 0.0004 
        049s  1 0.0002 0.9970 0.0006 0.0013 0.0005 0.0004 
        050s  1 0.0009 0.8982 0.0974 0.0027 0.0003 0.0006 
        051s  1 0.0002 0.9709 0.0004 0.0005 0.0270 0.0009 
        052s  1 0.0022 0.9673 0.0083 0.0043 0.0167 0.0012 
        053s  1 0.0033 0.9944 0.0014 0.0002 0.0003 0.0005 
        054s  1 0.0008 0.9937 0.0001 0.0021 0.0025 0.0008 
        055s  1 0.0354 0.8232 0.0647 0.0004 0.0013 0.0750 
          01  2 0.0023 0.8501 0.1201 0.0011 0.0252 0.0012 
          02  2 0.0276 0.9666 0.0029 0.0007 0.0017 0.0004 
          03  2 0.0008 0.9959 0.0013 0.0005 0.0003 0.0012 
          04  2 0.0027 0.9691 0.0030 0.0159 0.0010 0.0084 
          05  2 0.0022 0.8784 0.1187 0.0001 0.0003 0.0003 
          06  2 0.0071 0.9746 0.0157 0.0014 0.0005 0.0007 
          07  2 0.0046 0.9884 0.0036 0.0019 0.0009 0.0006 
          08  2 0.0006 0.9119 0.0857 0.0004 0.0004 0.0010 
          09  2 0.0003 0.9905 0.0005 0.0003 0.0082 0.0003 
          10  2 0.0006 0.9962 0.0014 0.0006 0.0008 0.0005 
          11  2 0.0005 0.9694 0.0180 0.0008 0.0091 0.0023 
          12  2 0.0007 0.9961 0.0005 0.0006 0.0015 0.0005 
          13  2 0.0015 0.9967 0.0004 0.0003 0.0007 0.0005 
          14  2 0.0010 0.9634 0.0002 0.0075 0.0025 0.0252 
          15  2 0.0006 0.9963 0.0005 0.0004 0.0013 0.0009 
          16  2 0.0006 0.9284 0.0011 0.0574 0.0077 0.0049 
          17  2 0.0028 0.9936 0.0012 0.0004 0.0009 0.0011 
          18  2 0.0105 0.9788 0.0066 0.0019 0.0014 0.0008 
          19  2 0.0004 0.9934 0.0013 0.0002 0.0012 0.0035 
          20  2 0.0007 0.9258 0.0619 0.0066 0.0014 0.0035 
          21  2 0.0005 0.9815 0.0010 0.0004 0.0163 0.0004 
          22  2 0.0010 0.9814 0.0020 0.0048 0.0043 0.0064 
          23  2 0.0016 0.9936 0.0008 0.0014 0.0007 0.0019 
          24  2 0.0004 0.9965 0.0005 0.0004 0.0015 0.0006 
          25  2 0.0020 0.9646 0.0055 0.0264 0.0009 0.0006 
          26  2 0.0005 0.9975 0.0008 0.0004 0.0006 0.0003 
          27  2 0.0027 0.9737 0.0012 0.0178 0.0010 0.0037 
          28  2 0.0006 0.9936 0.0010 0.0002 0.0009 0.0037 
          29  2 0.0003 0.9970 0.0008 0.0010 0.0007 0.0002 
          30  2 0.0024 0.7619 0.1490 0.0003 0.0040 0.0825 
          01  3 0.4729 0.3227 0.1892 0.0008 0.0003 0.0142 
          02  3 0.3030 0.1250 0.2008 0.2963 0.0731 0.0019 
          03  3 0.0961 0.3688 0.2741 0.2601 0.0003 0.0007 
          04  3 0.2989 0.1750 0.3175 0.2068 0.0006 0.0013 
          05  3 0.2549 0.0005 0.2347 0.2725 0.1150 0.1224 
          06  3 0.3391 0.0766 0.2513 0.3322 0.0002 0.0006 
          07  3 0.0606 0.3738 0.3475 0.2170 0.0008 0.0002 
          08  3 0.1955 0.2938 0.2776 0.2263 0.0012 0.0056 
          09  3 0.0765 0.3001 0.3918 0.2295 0.0002 0.0019 
          10  3 0.2489 0.0452 0.0772 0.2828 0.2166 0.1292 
          11  3 0.1116 0.2838 0.3625 0.2416 0.0003 0.0002 
          12  3 0.1192 0.2675 0.3640 0.2488 0.0003 0.0003 
          13  3 0.3714 0.0011 0.2752 0.3336 0.0185 0.0002 
          14  3 0.2797 0.0028 0.1942 0.3185 0.0465 0.1583 
          15  3 0.1803 0.3406 0.2954 0.1829 0.0002 0.0006 
          16  3 0.5106 0.0851 0.0669 0.3337 0.0016 0.0021 
          17  3 0.1355 0.3970 0.3586 0.1079 0.0007 0.0004 
          18  3 0.2021 0.0085 0.1067 0.2302 0.1671 0.2853 
          19  3 0.3921 0.1638 0.1684 0.2727 0.0004 0.0026 
          20  3 0.3205 0.1726 0.2930 0.1566 0.0002 0.0572 
          21  3 0.4100 0.2351 0.1724 0.1739 0.0010 0.0076 
          22  3 0.1409 0.2788 0.4191 0.1594 0.0004 0.0014 
          23  3 0.3289 0.2238 0.2535 0.1925 0.0003 0.0011 
          24  3 0.2577 0.0484 0.3686 0.1560 0.1679 0.0013 
          25  3 0.3234 0.0002 0.1542 0.1367 0.2505 0.1350 
          26  3 0.1577 0.2196 0.3686 0.2533 0.0005 0.0004 
          27  3 0.3105 0.0658 0.1069 0.2031 0.1353 0.1784 
          28  3 0.4286 0.0878 0.2314 0.2510 0.0011 0.0001 
          29  3 0.3611 0.1676 0.2387 0.2221 0.0052 0.0053 
          30  3 0.3026 0.2983 0.2983 0.0996 0.0010 0.0002 
         001  4 0.0001 0.0001 0.9997 0.0001 0.0000 0.0001 
         002  4 0.0005 0.0001 0.9989 0.0002 0.0001 0.0001 
         003  4 0.0001 0.0001 0.9996 0.0001 0.0001 0.0000 
         004  4 0.0001 0.0001 0.9995 0.0002 0.0000 0.0001 
         005  4 0.0001 0.0001 0.9995 0.0001 0.0002 0.0001 
         006  4 0.0211 0.0002 0.9145 0.0638 0.0002 0.0002 
         007  4 0.0001 0.0003 0.9375 0.0617 0.0001 0.0003 
         008  4 0.0003 0.0004 0.9960 0.0006 0.0013 0.0015 
         009  4 0.0001 0.0000 0.9995 0.0002 0.0001 0.0001 
         010  4 0.0001 0.0001 0.9876 0.0121 0.0000 0.0000 
         011  4 0.0009 0.0006 0.9569 0.0364 0.0003 0.0049 
         012  4 0.0001 0.0001 0.9997 0.0000 0.0001 0.0001 
         013  4 0.0001 0.0001 0.9997 0.0001 0.0000 0.0000 
         014  4 0.0001 0.0001 0.9996 0.0001 0.0001 0.0001 
         015  4 0.0002 0.0001 0.9995 0.0001 0.0000 0.0000 
         016  4 0.0001 0.0000 0.9996 0.0001 0.0001 0.0001 
         017  4 0.0003 0.0001 0.9993 0.0001 0.0001 0.0001 
         019  4 0.0025 0.0001 0.9095 0.0875 0.0002 0.0002 
         020  4 0.0001 0.0001 0.9995 0.0001 0.0001 0.0001 
         021  4 0.0001 0.0001 0.9759 0.0236 0.0002 0.0001 
         001  5 0.0046 0.0009 0.9636 0.0004 0.0007 0.0297 
         002  5 0.0315 0.0141 0.9517 0.0002 0.0012 0.0013 
         003  5 0.0882 0.1618 0.7138 0.0342 0.0002 0.0018 
         004  5 0.0015 0.0567 0.9405 0.0007 0.0001 0.0004 
         005  5 0.0516 0.0002 0.9474 0.0004 0.0001 0.0002 
         006  5 0.1408 0.0006 0.8240 0.0342 0.0003 0.0001 
         007  5 0.0718 0.0003 0.8773 0.0503 0.0001 0.0002 
         008  5 0.0737 0.0001 0.9257 0.0003 0.0001 0.0001 
         009  5 0.0138 0.0550 0.9261 0.0037 0.0002 0.0012 
         010  5 0.0981 0.0012 0.8769 0.0227 0.0003 0.0008 
         011  5 0.0568 0.0004 0.9419 0.0002 0.0001 0.0006 
         012  5 0.0277 0.0372 0.8552 0.0768 0.0012 0.0019 
         013  5 0.0894 0.1938 0.7134 0.0027 0.0003 0.0003 
         014  5 0.0538 0.1721 0.6898 0.0697 0.0103 0.0042 
         015  5 0.0344 0.0001 0.9516 0.0136 0.0001 0.0001 
         016  5 0.0384 0.0015 0.9143 0.0451 0.0004 0.0002 
         017  5 0.0754 0.0260 0.8411 0.0560 0.0013 0.0001 
         018  5 0.0730 0.0393 0.8418 0.0045 0.0211 0.0203 
         019  5 0.0006 0.0004 0.9940 0.0002 0.0043 0.0006 
         020  5 0.0002 0.0001 0.9994 0.0001 0.0001 0.0001 
         021  5 0.0023 0.1360 0.8593 0.0003 0.0004 0.0017 
         022  5 0.0019 0.0315 0.9358 0.0100 0.0009 0.0199 
         023  5 0.0708 0.0005 0.9261 0.0013 0.0004 0.0011 
         024  5 0.0013 0.0248 0.9013 0.0720 0.0002 0.0004 
         025  5 0.0374 0.0132 0.8825 0.0654 0.0008 0.0007 
         026  5 0.0144 0.1327 0.8351 0.0173 0.0003 0.0002 
         027  5 0.0001 0.0001 0.9993 0.0003 0.0001 0.0001 
         028  5 0.0038 0.0095 0.9254 0.0550 0.0014 0.0049 
         029  5 0.0254 0.0003 0.9734 0.0005 0.0002 0.0002 
         030  5 0.0214 0.0007 0.9716 0.0005 0.0049 0.0009 
        001s  6 0.0087 0.9556 0.0005 0.0118 0.0005 0.0230 
        002s  6 0.0037 0.9529 0.0260 0.0003 0.0165 0.0007 
        003s  6 0.0069 0.9824 0.0073 0.0002 0.0004 0.0028 
        004s  6 0.0002 0.9979 0.0004 0.0003 0.0006 0.0005 
        006s  6 0.0021 0.9125 0.0643 0.0145 0.0010 0.0056 
        007s  6 0.0007 0.9949 0.0004 0.0029 0.0007 0.0004 
        008s  6 0.0007 0.9889 0.0032 0.0004 0.0019 0.0049 
        009s  6 0.0005 0.9973 0.0003 0.0004 0.0007 0.0009 
        010s  6 0.0011 0.9512 0.0203 0.0037 0.0145 0.0092 
        011s  6 0.0098 0.9876 0.0003 0.0009 0.0002 0.0013 
        012s  6 0.0011 0.9922 0.0005 0.0022 0.0026 0.0014 
        013s  6 0.0005 0.9970 0.0008 0.0008 0.0005 0.0003 
        014s  6 0.0070 0.9251 0.0673 0.0002 0.0002 0.0002 
        015s  6 0.0008 0.9697 0.0121 0.0115 0.0012 0.0048 
        016s  6 0.0005 0.9970 0.0002 0.0009 0.0003 0.0011 
        018s  6 0.0652 0.7081 0.2244 0.0004 0.0004 0.0015 
        019s  6 0.0090 0.9823 0.0042 0.0009 0.0007 0.0029 
        020s  6 0.0006 0.9978 0.0002 0.0003 0.0007 0.0004 
        021s  6 0.0059 0.9825 0.0009 0.0054 0.0012 0.0041 
        022s  6 0.0005 0.9940 0.0009 0.0002 0.0004 0.0039 
        023s  6 0.0006 0.9720 0.0262 0.0005 0.0002 0.0006 
        024s  6 0.0005 0.9529 0.0436 0.0013 0.0009 0.0007 
        025s  6 0.0030 0.9244 0.0009 0.0006 0.0003 0.0707 
        026s  6 0.0007 0.9965 0.0004 0.0005 0.0014 0.0004 
        027s  6 0.0003 0.9970 0.0010 0.0004 0.0010 0.0004 
        028s  6 0.0059 0.9305 0.0054 0.0070 0.0464 0.0047 
        029s  6 0.0003 0.9966 0.0003 0.0004 0.0012 0.0011 
        030s  6 0.0022 0.9185 0.0679 0.0004 0.0014 0.0097 
        031s  6 0.0004 0.9934 0.0024 0.0031 0.0004 0.0003 
        032s  6 0.0415 0.9564 0.0011 0.0004 0.0003 0.0003 
        033s  6 0.0011 0.9127 0.0850 0.0003 0.0004 0.0006 
        034s  6 0.0003 0.9813 0.0018 0.0038 0.0004 0.0124 
        035s  6 0.0003 0.8444 0.1531 0.0003 0.0008 0.0010 
        036s  6 0.0096 0.9877 0.0003 0.0013 0.0002 0.0008 
        037s  6 0.0022 0.9935 0.0006 0.0004 0.0019 0.0013 
        038s  6 0.0004 0.9960 0.0003 0.0019 0.0009 0.0005 
        039s  6 0.0004 0.9981 0.0002 0.0002 0.0006 0.0006 
        040s  6 0.0010 0.9968 0.0002 0.0014 0.0003 0.0003 
        041s  6 0.0001 0.9198 0.0766 0.0002 0.0019 0.0014 
        042s  6 0.0008 0.9287 0.0068 0.0010 0.0028 0.0599 
        043s  6 0.0003 0.9931 0.0008 0.0015 0.0003 0.0040 
        044s  6 0.0004 0.9959 0.0007 0.0003 0.0021 0.0007 
        045s  6 0.0006 0.9929 0.0032 0.0006 0.0006 0.0021 
        001s  7 0.0004 0.9968 0.0013 0.0004 0.0003 0.0008 
        002s  7 0.0037 0.9748 0.0188 0.0007 0.0009 0.0011 
        003s  7 0.0010 0.9941 0.0021 0.0013 0.0007 0.0008 
        004s  7 0.0010 0.9942 0.0008 0.0024 0.0012 0.0004 
        005s  7 0.0010 0.9804 0.0146 0.0017 0.0005 0.0018 
        006s  7 0.0007 0.9363 0.0587 0.0008 0.0006 0.0028 
        007s  7 0.0010 0.9680 0.0052 0.0078 0.0164 0.0015 
        008s  7 0.0010 0.9760 0.0200 0.0004 0.0015 0.0011 
        009s  7 0.0020 0.9859 0.0021 0.0011 0.0005 0.0084 
        010s  7 0.0006 0.9960 0.0010 0.0002 0.0010 0.0012 
        011s  7 0.0008 0.9970 0.0004 0.0004 0.0007 0.0006 
        012s  7 0.0002 0.9974 0.0005 0.0010 0.0004 0.0004 
        013s  7 0.0005 0.9860 0.0002 0.0084 0.0006 0.0044 
        014s  7 0.0005 0.9489 0.0493 0.0006 0.0004 0.0003 
        015s  7 0.0006 0.9742 0.0215 0.0015 0.0009 0.0013 
        016s  7 0.0003 0.8781 0.1193 0.0002 0.0002 0.0020 
        017s  7 0.0003 0.9966 0.0013 0.0011 0.0003 0.0004 
        018s  7 0.0005 0.9929 0.0025 0.0005 0.0029 0.0007 
        019s  7 0.0028 0.9818 0.0008 0.0006 0.0021 0.0118 
        020s  7 0.0007 0.9973 0.0005 0.0008 0.0003 0.0004 
        021s  7 0.0014 0.9955 0.0009 0.0004 0.0011 0.0007 
        022s  7 0.0005 0.9931 0.0026 0.0030 0.0003 0.0005 
        023s  7 0.0017 0.9711 0.0070 0.0011 0.0011 0.0181 
        024s  7 0.0005 0.9953 0.0014 0.0005 0.0017 0.0006 
        025s  7 0.0022 0.9926 0.0005 0.0027 0.0011 0.0010 
        026s  7 0.0002 0.9951 0.0031 0.0003 0.0006 0.0007 
        027s  7 0.0007 0.9957 0.0012 0.0008 0.0012 0.0004 
        028s  7 0.0016 0.9928 0.0044 0.0006 0.0002 0.0004 
        029s  7 0.0018 0.9878 0.0065 0.0006 0.0009 0.0024 
        030s  7 0.0003 0.9899 0.0002 0.0006 0.0047 0.0043 
        031s  7 0.0009 0.9859 0.0013 0.0009 0.0004 0.0108 
        032s  7 0.0013 0.8955 0.0993 0.0002 0.0034 0.0003 
        033s  7 0.0061 0.9608 0.0277 0.0003 0.0034 0.0017 
        034s  7 0.0048 0.9622 0.0014 0.0297 0.0013 0.0005 
        035s  7 0.0002 0.9979 0.0003 0.0002 0.0005 0.0009 
        036s  7 0.0006 0.9847 0.0005 0.0038 0.0006 0.0098 
        037s  7 0.0553 0.9289 0.0109 0.0004 0.0007 0.0039 
        038s  7 0.0169 0.9790 0.0021 0.0003 0.0008 0.0009 
        039s  7 0.0004 0.9986 0.0003 0.0002 0.0002 0.0003 
        040s  7 0.0011 0.9444 0.0202 0.0336 0.0003 0.0004 
        041s  7 0.0088 0.9776 0.0105 0.0003 0.0014 0.0014 
        042s  7 0.0005 0.9928 0.0053 0.0007 0.0003 0.0004 
        043s  7 0.0003 0.9958 0.0012 0.0002 0.0004 0.0021 
        044s  7 0.0207 0.9064 0.0452 0.0048 0.0007 0.0222 
         003  8 0.0010 0.9792 0.0056 0.0009 0.0126 0.0008 
         009  8 0.0003 0.9965 0.0010 0.0006 0.0005 0.0010 
         010  8 0.0003 0.9975 0.0004 0.0002 0.0003 0.0013 
         017  8 0.0011 0.9939 0.0005 0.0004 0.0012 0.0029 
         002  9 0.0003 0.9975 0.0004 0.0006 0.0004 0.0009 
         003  9 0.0002 0.9988 0.0001 0.0003 0.0002 0.0003 
         004  9 0.0002 0.9983 0.0003 0.0002 0.0003 0.0006 
         005  9 0.0003 0.9938 0.0003 0.0009 0.0008 0.0039 
         006  9 0.0005 0.9957 0.0005 0.0008 0.0005 0.0019 
         007  9 0.0002 0.9929 0.0045 0.0005 0.0010 0.0009 
         009  9 0.0008 0.9956 0.0007 0.0002 0.0009 0.0019 
         010  9 0.0002 0.9964 0.0002 0.0004 0.0015 0.0013 
         013  9 0.0004 0.9957 0.0012 0.0010 0.0003 0.0015 
         014  9 0.0002 0.9941 0.0005 0.0003 0.0037 0.0013 
         016  9 0.0002 0.9979 0.0002 0.0002 0.0009 0.0005 
         018  9 0.0014 0.9917 0.0004 0.0005 0.0051 0.0009 
         019  9 0.0007 0.9939 0.0008 0.0005 0.0036 0.0006 
         020  9 0.0004 0.9986 0.0002 0.0002 0.0003 0.0003 
         021  9 0.0005 0.9981 0.0003 0.0002 0.0003 0.0006 
         022  9 0.0004 0.9976 0.0003 0.0003 0.0010 0.0004 
         024  9 0.0008 0.9937 0.0003 0.0003 0.0018 0.0030 
         028  9 0.0003 0.9970 0.0004 0.0007 0.0005 0.0012 
         029  9 0.0004 0.9976 0.0003 0.0003 0.0008 0.0005 
         030  9 0.0003 0.9975 0.0004 0.0003 0.0008 0.0008 
         031  9 0.0008 0.9965 0.0009 0.0003 0.0011 0.0004 
         033  9 0.0010 0.9917 0.0057 0.0003 0.0005 0.0008 
         001 10 0.0003 0.9973 0.0006 0.0005 0.0010 0.0003 
         002 10 0.0004 0.9977 0.0002 0.0002 0.0012 0.0004 
         003 10 0.0004 0.9852 0.0002 0.0004 0.0003 0.0135 
         004 10 0.0004 0.9964 0.0004 0.0002 0.0006 0.0020 
         005 10 0.0003 0.9963 0.0004 0.0004 0.0017 0.0009 
         006 10 0.0009 0.9971 0.0006 0.0003 0.0004 0.0007 
         007 10 0.0004 0.9968 0.0005 0.0002 0.0003 0.0018 
         008 10 0.0009 0.9944 0.0006 0.0004 0.0006 0.0031 
         009 10 0.0006 0.9936 0.0003 0.0010 0.0040 0.0005 
         010 10 0.0005 0.9954 0.0004 0.0004 0.0027 0.0007 
         011 10 0.0004 0.9617 0.0006 0.0006 0.0002 0.0364 
         012 10 0.0015 0.9946 0.0004 0.0006 0.0003 0.0025 
         013 10 0.0006 0.9967 0.0003 0.0013 0.0006 0.0005 
         014 10 0.0006 0.9968 0.0003 0.0006 0.0007 0.0009 
         016 10 0.0020 0.9953 0.0003 0.0005 0.0014 0.0005 
         017 10 0.0005 0.9970 0.0004 0.0006 0.0009 0.0006 
         018 10 0.0024 0.9909 0.0028 0.0004 0.0031 0.0004 
         019 10 0.0010 0.9936 0.0003 0.0003 0.0038 0.0010 
         020 10 0.0018 0.9892 0.0005 0.0006 0.0059 0.0019 
         021 10 0.0005 0.9959 0.0006 0.0002 0.0026 0.0002 
         022 10 0.0004 0.9980 0.0003 0.0005 0.0002 0.0006 
         023 10 0.0005 0.9980 0.0002 0.0005 0.0003 0.0005 
         024 10 0.0005 0.9960 0.0003 0.0002 0.0009 0.0021 
         026 10 0.0008 0.9977 0.0003 0.0002 0.0006 0.0004 
        001s 11 0.0003 0.8923 0.1010 0.0006 0.0006 0.0053 
        002s 11 0.0008 0.9888 0.0003 0.0055 0.0031 0.0015 
        003s 11 0.0005 0.9929 0.0049 0.0004 0.0008 0.0005 
        004s 11 0.0004 0.9968 0.0004 0.0010 0.0002 0.0012 
        005s 11 0.0004 0.9928 0.0013 0.0005 0.0045 0.0004 
        006s 11 0.0193 0.9752 0.0007 0.0019 0.0014 0.0017 
        007s 11 0.0032 0.9544 0.0049 0.0356 0.0011 0.0009 
        008s 11 0.0004 0.9979 0.0003 0.0004 0.0006 0.0004 
        009s 11 0.0003 0.9832 0.0004 0.0002 0.0157 0.0003 
        010s 11 0.0021 0.9959 0.0008 0.0002 0.0005 0.0005 
        011s 11 0.0007 0.8680 0.1137 0.0067 0.0002 0.0107 
        012s 11 0.0011 0.8945 0.1033 0.0002 0.0005 0.0004 
        013s 11 0.0005 0.9969 0.0010 0.0005 0.0002 0.0010 
        014s 11 0.0014 0.9881 0.0033 0.0052 0.0013 0.0008 
        015s 11 0.0010 0.9907 0.0014 0.0018 0.0013 0.0037 
        016s 11 0.0005 0.8910 0.0462 0.0004 0.0063 0.0555 
        017s 11 0.0003 0.9037 0.0943 0.0005 0.0005 0.0006 
        018s 11 0.0019 0.9899 0.0056 0.0006 0.0011 0.0008 
        019s 11 0.0009 0.9743 0.0004 0.0007 0.0003 0.0235 
        020s 11 0.0003 0.9929 0.0024 0.0015 0.0018 0.0011 
        021s 11 0.0005 0.9973 0.0005 0.0004 0.0003 0.0009 
        022s 11 0.0011 0.9657 0.0013 0.0309 0.0007 0.0004 
        023s 11 0.0005 0.9319 0.0479 0.0004 0.0003 0.0191 
        025s 11 0.0004 0.9979 0.0003 0.0003 0.0002 0.0009 
        026s 11 0.0005 0.9092 0.0367 0.0006 0.0004 0.0527 
        027s 11 0.0007 0.9959 0.0006 0.0020 0.0004 0.0004 
        028s 11 0.0012 0.9924 0.0044 0.0007 0.0003 0.0009 
        029s 11 0.0045 0.9605 0.0331 0.0003 0.0012 0.0004 
        030s 11 0.0004 0.9464 0.0510 0.0007 0.0008 0.0007 
        031s 11 0.0002 0.9971 0.0003 0.0016 0.0006 0.0002 
        032s 11 0.0003 0.9959 0.0010 0.0003 0.0006 0.0019 
        033s 11 0.0009 0.9938 0.0031 0.0004 0.0010 0.0007 
        034s 11 0.0004 0.9968 0.0011 0.0012 0.0002 0.0003 
        035s 11 0.0009 0.9920 0.0036 0.0020 0.0013 0.0002 
        036s 11 0.0026 0.9809 0.0139 0.0011 0.0011 0.0003 
        037s 11 0.0022 0.9943 0.0008 0.0002 0.0008 0.0015 
        038s 11 0.0025 0.9943 0.0017 0.0003 0.0005 0.0007 
        039s 11 0.0006 0.9969 0.0013 0.0002 0.0003 0.0006 
        040s 11 0.0230 0.9268 0.0478 0.0009 0.0006 0.0008 
        041s 11 0.0007 0.9740 0.0009 0.0006 0.0207 0.0030 
        042s 11 0.0005 0.9911 0.0007 0.0010 0.0005 0.0062 
        043s 11 0.0232 0.9506 0.0047 0.0003 0.0005 0.0207 
        044s 11 0.0005 0.9861 0.0004 0.0089 0.0007 0.0035 
        045s 11 0.0013 0.9871 0.0003 0.0009 0.0003 0.0101 
        046s 11 0.0002 0.9265 0.0456 0.0035 0.0004 0.0239 
        047s 11 0.0003 0.9964 0.0005 0.0014 0.0004 0.0010 
        048s 11 0.0022 0.9571 0.0027 0.0014 0.0016 0.0349 
        049s 11 0.0003 0.9957 0.0013 0.0003 0.0011 0.0013 
        050s 11 0.0002 0.9936 0.0004 0.0041 0.0004 0.0014 
        051s 11 0.0006 0.9228 0.0006 0.0261 0.0004 0.0495 
        052s 11 0.0015 0.9915 0.0014 0.0032 0.0008 0.0016 
        053s 11 0.0004 0.9972 0.0003 0.0003 0.0012 0.0007 
        054s 11 0.0029 0.9922 0.0005 0.0035 0.0004 0.0005 
        055s 11 0.0525 0.9385 0.0080 0.0004 0.0003 0.0003 
        001s 12 0.0038 0.9913 0.0013 0.0014 0.0010 0.0011 
        002s 12 0.0004 0.9955 0.0010 0.0004 0.0020 0.0007 
        003s 12 0.0003 0.9979 0.0003 0.0005 0.0007 0.0002 
        004s 12 0.0001 0.9213 0.0717 0.0006 0.0011 0.0052 
        005s 12 0.0006 0.9971 0.0004 0.0003 0.0009 0.0006 
        006s 12 0.0027 0.9745 0.0181 0.0027 0.0008 0.0014 
        007s 12 0.0006 0.9925 0.0007 0.0015 0.0033 0.0014 
        008s 12 0.0527 0.9449 0.0011 0.0002 0.0004 0.0006 
        009s 12 0.0020 0.9576 0.0131 0.0012 0.0209 0.0053 
        010s 12 0.0020 0.9624 0.0057 0.0289 0.0006 0.0003 
        011s 12 0.0008 0.9937 0.0010 0.0033 0.0006 0.0006 
        012s 12 0.0006 0.9903 0.0015 0.0047 0.0004 0.0025 
        013s 12 0.0002 0.9597 0.0005 0.0005 0.0005 0.0385 
        014s 12 0.0014 0.9046 0.0018 0.0430 0.0028 0.0465 
        015s 12 0.0009 0.9926 0.0033 0.0005 0.0017 0.0010 
        016s 12 0.0003 0.9935 0.0006 0.0006 0.0003 0.0048 
        017s 12 0.0003 0.9911 0.0065 0.0009 0.0004 0.0007 
        018s 12 0.0017 0.9940 0.0009 0.0002 0.0023 0.0010 
        019s 12 0.0005 0.9920 0.0035 0.0004 0.0031 0.0005 
        020s 12 0.0038 0.9229 0.0724 0.0001 0.0002 0.0006 
        021s 12 0.0008 0.9943 0.0025 0.0004 0.0004 0.0016 
        022s 12 0.0127 0.9587 0.0196 0.0006 0.0039 0.0046 
        023s 12 0.0004 0.9971 0.0004 0.0002 0.0009 0.0010 
        024s 12 0.0005 0.9979 0.0006 0.0003 0.0003 0.0004 
        025s 12 0.0223 0.9713 0.0008 0.0008 0.0035 0.0013 
        026s 12 0.0005 0.9520 0.0312 0.0007 0.0151 0.0005 
        027s 12 0.0058 0.9919 0.0014 0.0004 0.0002 0.0003 
        028s 12 0.0004 0.9842 0.0027 0.0005 0.0093 0.0030 
        029s 12 0.0002 0.9970 0.0005 0.0008 0.0003 0.0012 
        030s 12 0.0004 0.9955 0.0010 0.0023 0.0003 0.0005 
        031s 12 0.0012 0.9916 0.0038 0.0005 0.0008 0.0020 
        032s 12 0.0002 0.9920 0.0007 0.0004 0.0060 0.0006 
        033s 12 0.0044 0.9923 0.0011 0.0016 0.0003 0.0003 
        034s 12 0.0004 0.9982 0.0002 0.0004 0.0006 0.0003 
        035s 12 0.0017 0.9885 0.0080 0.0010 0.0005 0.0003 
        036s 12 0.0138 0.9779 0.0016 0.0034 0.0027 0.0007 
        037s 12 0.0003 0.9963 0.0013 0.0003 0.0008 0.0010 
        001s 13 0.0006 0.9871 0.0090 0.0004 0.0009 0.0019 
        002s 13 0.0076 0.9127 0.0787 0.0004 0.0002 0.0004 
        003s 13 0.0024 0.9951 0.0004 0.0002 0.0009 0.0009 
        004s 13 0.0002 0.9843 0.0008 0.0005 0.0115 0.0026 
        005s 13 0.0056 0.9860 0.0019 0.0023 0.0024 0.0018 
        006s 13 0.0015 0.9954 0.0004 0.0012 0.0008 0.0006 
        007s 13 0.0044 0.9704 0.0004 0.0235 0.0003 0.0010 
        008s 13 0.0022 0.9438 0.0502 0.0014 0.0019 0.0006 
        009s 13 0.0041 0.8600 0.1241 0.0007 0.0107 0.0004 
        010s 13 0.0031 0.9301 0.0646 0.0005 0.0012 0.0006 
        011s 13 0.0051 0.9625 0.0032 0.0203 0.0056 0.0033 
        012s 13 0.0035 0.9297 0.0490 0.0011 0.0025 0.0143 
        013s 13 0.0002 0.9403 0.0292 0.0253 0.0010 0.0040 
        014s 13 0.0077 0.9705 0.0007 0.0166 0.0008 0.0037 
        015s 13 0.0004 0.9721 0.0087 0.0007 0.0106 0.0076 
        016s 13 0.0005 0.9976 0.0003 0.0003 0.0005 0.0008 
        017s 13 0.0614 0.9324 0.0012 0.0006 0.0038 0.0006 
        018s 13 0.0006 0.9976 0.0004 0.0003 0.0006 0.0006 
        019s 13 0.0022 0.9956 0.0005 0.0005 0.0005 0.0008 
        020s 13 0.0036 0.9905 0.0013 0.0027 0.0016 0.0003 
        021s 13 0.0002 0.9970 0.0012 0.0004 0.0005 0.0007 
        022s 13 0.0018 0.9956 0.0009 0.0005 0.0003 0.0008 
        023s 13 0.0012 0.9967 0.0009 0.0003 0.0005 0.0003 
        024s 13 0.0008 0.9316 0.0301 0.0026 0.0004 0.0344 
        025s 13 0.0006 0.9958 0.0007 0.0004 0.0007 0.0018 
        026s 13 0.0352 0.8897 0.0682 0.0012 0.0004 0.0052 
        027s 13 0.0011 0.9464 0.0465 0.0011 0.0041 0.0007 
        028s 13 0.0320 0.9515 0.0032 0.0020 0.0091 0.0021 
        029s 13 0.0009 0.9714 0.0251 0.0013 0.0004 0.0010 
        030s 13 0.0003 0.9051 0.0774 0.0005 0.0003 0.0165 
        031s 13 0.0004 0.8922 0.0027 0.0028 0.0014 0.1005 
        032s 13 0.0002 0.9897 0.0004 0.0090 0.0004 0.0003 
        033s 13 0.0297 0.9630 0.0023 0.0038 0.0005 0.0007 
        034s 13 0.0003 0.9248 0.0620 0.0113 0.0008 0.0008 
        035s 13 0.0006 0.9930 0.0005 0.0004 0.0014 0.0041 
        036s 13 0.0011 0.9958 0.0020 0.0004 0.0004 0.0004 
        037s 13 0.0004 0.9970 0.0004 0.0005 0.0006 0.0012 
        038s 13 0.0035 0.9932 0.0007 0.0008 0.0010 0.0008 
        039s 13 0.0007 0.8244 0.1006 0.0007 0.0010 0.0726 
        040s 13 0.0006 0.9964 0.0010 0.0009 0.0003 0.0008 
        041s 13 0.0023 0.9355 0.0568 0.0035 0.0004 0.0016 
        042s 13 0.0003 0.9964 0.0006 0.0013 0.0006 0.0008 
        001s 14 0.0007 0.9606 0.0362 0.0006 0.0010 0.0008 
        002s 14 0.0017 0.9278 0.0650 0.0013 0.0028 0.0014 
        003s 14 0.0007 0.9975 0.0005 0.0003 0.0004 0.0006 
        004s 14 0.0005 0.9647 0.0140 0.0177 0.0007 0.0024 
        005s 14 0.0002 0.9986 0.0002 0.0001 0.0004 0.0004 
        006s 14 0.0004 0.9982 0.0003 0.0005 0.0003 0.0003 
        007s 14 0.0007 0.9962 0.0006 0.0008 0.0003 0.0015 
        008s 14 0.0001 0.8670 0.1157 0.0055 0.0104 0.0013 
        009s 14 0.0025 0.9900 0.0011 0.0003 0.0053 0.0007 
        010s 14 0.0002 0.9190 0.0669 0.0003 0.0128 0.0008 
        011s 14 0.0522 0.9434 0.0007 0.0026 0.0005 0.0005 
        012s 14 0.0019 0.9931 0.0005 0.0014 0.0018 0.0013 
        013s 14 0.0007 0.9891 0.0009 0.0036 0.0005 0.0051 
        014s 14 0.0006 0.9462 0.0482 0.0005 0.0038 0.0006 
        015s 14 0.0005 0.9906 0.0006 0.0006 0.0053 0.0024 
        016s 14 0.0004 0.9881 0.0012 0.0002 0.0005 0.0096 
        017s 14 0.0012 0.9256 0.0646 0.0075 0.0005 0.0006 
        018s 14 0.0009 0.9958 0.0007 0.0003 0.0010 0.0013 
        019s 14 0.0011 0.9950 0.0017 0.0012 0.0004 0.0006 
        020s 14 0.0008 0.9903 0.0010 0.0002 0.0066 0.0011 
        021s 14 0.0009 0.9869 0.0033 0.0003 0.0083 0.0004 
        022s 14 0.0012 0.9881 0.0035 0.0040 0.0020 0.0012 
        023s 14 0.0003 0.9861 0.0084 0.0015 0.0019 0.0018 
        024s 14 0.0049 0.9377 0.0535 0.0007 0.0022 0.0010 
        025s 14 0.0002 0.9260 0.0731 0.0002 0.0003 0.0003 
        026s 14 0.0004 0.9969 0.0004 0.0001 0.0013 0.0009 
        027s 14 0.0005 0.9933 0.0027 0.0005 0.0005 0.0026 
        028s 14 0.0010 0.9936 0.0006 0.0016 0.0026 0.0006 
        029s 14 0.0001 0.9979 0.0003 0.0002 0.0005 0.0009 
        030s 14 0.0022 0.9919 0.0006 0.0045 0.0003 0.0004 
        031s 14 0.0004 0.9696 0.0004 0.0282 0.0005 0.0010 
        032s 14 0.0003 0.9960 0.0008 0.0010 0.0003 0.0015 
        033s 14 0.0010 0.9492 0.0005 0.0476 0.0007 0.0009 
        034s 14 0.0004 0.9979 0.0003 0.0002 0.0006 0.0006 
        035s 14 0.0126 0.8454 0.0789 0.0624 0.0003 0.0003 
        036s 14 0.0031 0.8917 0.0745 0.0266 0.0010 0.0031 
        037s 14 0.0004 0.9953 0.0010 0.0003 0.0007 0.0023 
        038s 14 0.0006 0.9976 0.0005 0.0004 0.0005 0.0003 
        039s 14 0.0009 0.9870 0.0017 0.0018 0.0033 0.0054 
        040s 14 0.0005 0.9790 0.0187 0.0008 0.0004 0.0007 
        041s 14 0.0003 0.9970 0.0007 0.0010 0.0005 0.0006 
        042s 14 0.0007 0.9279 0.0695 0.0003 0.0006 0.0011 
        001s 15 0.0002 0.9968 0.0009 0.0004 0.0008 0.0009 
        002s 15 0.0006 0.8825 0.1033 0.0040 0.0041 0.0056 
        003s 15 0.0081 0.9806 0.0053 0.0003 0.0008 0.0049 
        004s 15 0.0002 0.9906 0.0008 0.0004 0.0078 0.0002 
        005s 15 0.0097 0.9774 0.0067 0.0008 0.0011 0.0043 
        006s 15 0.0004 0.9761 0.0198 0.0023 0.0007 0.0008 
        007s 15 0.0004 0.9979 0.0004 0.0003 0.0007 0.0003 
        008s 15 0.0002 0.9980 0.0003 0.0006 0.0005 0.0005 
        009s 15 0.0205 0.9237 0.0133 0.0016 0.0007 0.0402 
        010s 15 0.0007 0.9968 0.0005 0.0002 0.0003 0.0014 
        011s 15 0.0192 0.9427 0.0006 0.0363 0.0003 0.0011 
        012s 15 0.0114 0.9833 0.0012 0.0006 0.0011 0.0025 
        013s 15 0.0002 0.9943 0.0016 0.0004 0.0027 0.0008 
        014s 15 0.0015 0.9878 0.0009 0.0008 0.0044 0.0047 
        015s 15 0.0006 0.9068 0.0804 0.0072 0.0009 0.0040 
        016s 15 0.0011 0.9032 0.0047 0.0614 0.0292 0.0003 
        017s 15 0.0010 0.9803 0.0009 0.0006 0.0158 0.0015 
        018s 15 0.0004 0.9957 0.0019 0.0002 0.0015 0.0003 
        019s 15 0.0012 0.9878 0.0042 0.0004 0.0005 0.0058 
        020s 15 0.0005 0.9978 0.0004 0.0004 0.0004 0.0005 
        021s 15 0.0027 0.9259 0.0647 0.0009 0.0023 0.0035 
        022s 15 0.0027 0.9947 0.0006 0.0011 0.0005 0.0005 
        023s 15 0.0011 0.9646 0.0304 0.0030 0.0002 0.0007 
        024s 15 0.0004 0.9944 0.0014 0.0030 0.0003 0.0006 
        025s 15 0.0022 0.9626 0.0061 0.0010 0.0016 0.0266 
        026s 15 0.0004 0.9735 0.0013 0.0011 0.0027 0.0211 
        027s 15 0.0004 0.9680 0.0037 0.0149 0.0126 0.0004 
        028s 15 0.0034 0.9928 0.0003 0.0004 0.0020 0.0011 
        029s 15 0.0004 0.9959 0.0006 0.0009 0.0013 0.0009 
        030s 15 0.0002 0.9969 0.0003 0.0004 0.0016 0.0005 
        031s 15 0.0024 0.9277 0.0622 0.0011 0.0008 0.0058 
        032s 15 0.0003 0.9969 0.0005 0.0002 0.0007 0.0015 
        033s 15 0.0009 0.9347 0.0628 0.0008 0.0007 0.0002 
        035s 15 0.0035 0.9916 0.0008 0.0019 0.0015 0.0008 
        036s 15 0.0003 0.9919 0.0010 0.0029 0.0002 0.0038 
        037s 15 0.0007 0.9898 0.0009 0.0071 0.0005 0.0010 
        038s 15 0.0003 0.9900 0.0060 0.0026 0.0009 0.0003 
        039s 15 0.0016 0.9264 0.0710 0.0002 0.0006 0.0003 
        040s 15 0.0008 0.9905 0.0019 0.0034 0.0028 0.0007 
        041s 15 0.0016 0.9191 0.0728 0.0043 0.0006 0.0016 
        042s 15 0.0009 0.9908 0.0042 0.0005 0.0029 0.0007 
        043s 15 0.0006 0.9835 0.0124 0.0018 0.0002 0.0015 
        044s 15 0.0016 0.9933 0.0026 0.0006 0.0011 0.0008 
        045s 15 0.0023 0.8915 0.0011 0.0238 0.0016 0.0797 
        046s 15 0.0021 0.9748 0.0188 0.0031 0.0003 0.0008 
        047s 15 0.0123 0.9768 0.0095 0.0006 0.0004 0.0004 
        048s 15 0.0005 0.9796 0.0003 0.0005 0.0009 0.0182 
        049s 15 0.0099 0.9836 0.0048 0.0007 0.0003 0.0006 
        050s 15 0.0005 0.8479 0.1370 0.0002 0.0128 0.0017 
         001 16 0.0720 0.8011 0.1240 0.0010 0.0014 0.0004 
         002 16 0.0322 0.9580 0.0084 0.0002 0.0003 0.0008 
         003 16 0.0041 0.9880 0.0024 0.0022 0.0022 0.0011 
         004 16 0.0011 0.9953 0.0007 0.0007 0.0006 0.0015 
         005 16 0.0006 0.9114 0.0569 0.0065 0.0014 0.0232 
         006 16 0.0335 0.9509 0.0025 0.0004 0.0012 0.0115 
         007 16 0.0004 0.9910 0.0058 0.0010 0.0007 0.0012 
         008 16 0.0003 0.8282 0.1565 0.0143 0.0003 0.0006 
         009 16 0.0002 0.9931 0.0048 0.0005 0.0010 0.0005 
         010 16 0.0011 0.9651 0.0326 0.0003 0.0004 0.0006 
         011 16 0.0015 0.9897 0.0051 0.0012 0.0007 0.0019 
         012 16 0.0013 0.9951 0.0004 0.0011 0.0009 0.0012 
         013 16 0.0005 0.9974 0.0003 0.0010 0.0004 0.0004 
         014 16 0.0050 0.9689 0.0246 0.0006 0.0008 0.0002 
         015 16 0.0008 0.6273 0.0003 0.0014 0.0011 0.3692 
         016 16 0.0004 0.9778 0.0013 0.0002 0.0055 0.0147 
         017 16 0.0013 0.9853 0.0045 0.0073 0.0006 0.0011 
         018 16 0.0011 0.9187 0.0390 0.0020 0.0068 0.0325 
         019 16 0.0013 0.9279 0.0662 0.0036 0.0007 0.0003 
         020 16 0.0016 0.9963 0.0003 0.0003 0.0007 0.0008 
         021 16 0.0750 0.8656 0.0544 0.0016 0.0028 0.0006 
         022 16 0.0003 0.9637 0.0337 0.0003 0.0007 0.0013 
         023 16 0.0008 0.9556 0.0318 0.0008 0.0006 0.0105 
         024 16 0.0006 0.9662 0.0053 0.0004 0.0011 0.0263 
         025 16 0.0022 0.9351 0.0433 0.0163 0.0007 0.0024 
         026 16 0.0421 0.8772 0.0781 0.0004 0.0003 0.0019 
         027 16 0.0004 0.9754 0.0143 0.0006 0.0086 0.0008 
         028 16 0.0013 0.8168 0.1481 0.0221 0.0114 0.0002 
         029 16 0.0070 0.9730 0.0018 0.0163 0.0014 0.0006 
         030 16 0.0007 0.9928 0.0007 0.0052 0.0003 0.0003 
         031 16 0.0029 0.9808 0.0009 0.0006 0.0141 0.0006 
         032 16 0.0010 0.9054 0.0886 0.0006 0.0004 0.0040 
         033 16 0.0009 0.9978 0.0003 0.0006 0.0002 0.0002 
         034 16 0.0007 0.9910 0.0038 0.0030 0.0002 0.0012 
         035 16 0.0004 0.9983 0.0002 0.0006 0.0004 0.0002 
         036 16 0.0005 0.9955 0.0003 0.0003 0.0012 0.0022 
         037 16 0.0015 0.9515 0.0322 0.0114 0.0005 0.0029 
         038 16 0.0005 0.9897 0.0026 0.0010 0.0012 0.0050 
         039 16 0.0005 0.9958 0.0021 0.0003 0.0008 0.0005 
         040 16 0.0018 0.9946 0.0006 0.0010 0.0003 0.0017 
         041 16 0.0003 0.9964 0.0008 0.0009 0.0003 0.0013 
         042 16 0.0004 0.9948 0.0015 0.0009 0.0019 0.0006 
         043 16 0.0003 0.9966 0.0007 0.0006 0.0009 0.0008 
         044 16 0.0004 0.9883 0.0073 0.0016 0.0011 0.0013 
         045 16 0.0286 0.9675 0.0014 0.0007 0.0016 0.0002 
         047 16 0.0015 0.9590 0.0021 0.0324 0.0044 0.0006 
         048 16 0.0006 0.9899 0.0013 0.0068 0.0008 0.0006 
         049 16 0.0003 0.9949 0.0005 0.0014 0.0005 0.0025 
         050 16 0.0012 0.9974 0.0003 0.0004 0.0004 0.0004 
         051 16 0.0015 0.9949 0.0006 0.0009 0.0015 0.0006 
         052 16 0.0002 0.9981 0.0002 0.0003 0.0004 0.0007 
         053 16 0.0003 0.9976 0.0002 0.0009 0.0005 0.0004 
         054 16 0.0072 0.9396 0.0511 0.0005 0.0011 0.0006 
         055 16 0.0168 0.9385 0.0032 0.0408 0.0003 0.0004 
         056 16 0.0005 0.9895 0.0013 0.0002 0.0005 0.0079 
         057 16 0.0003 0.9100 0.0885 0.0006 0.0004 0.0002 
         058 16 0.0542 0.8764 0.0605 0.0007 0.0002 0.0080 
         059 16 0.0152 0.8194 0.0743 0.0021 0.0022 0.0869 
         060 16 0.0020 0.9855 0.0013 0.0004 0.0010 0.0097 
         061 16 0.0008 0.9947 0.0012 0.0012 0.0006 0.0015 
         062 16 0.0024 0.9917 0.0006 0.0040 0.0010 0.0003 
         063 16 0.0018 0.9947 0.0020 0.0004 0.0006 0.0005 
         064 16 0.0003 0.9966 0.0004 0.0005 0.0004 0.0020 
         065 16 0.0091 0.9856 0.0011 0.0007 0.0011 0.0024 
         066 16 0.0003 0.9977 0.0004 0.0003 0.0009 0.0005 
         067 16 0.0006 0.9187 0.0006 0.0014 0.0005 0.0782 
         068 16 0.0007 0.9594 0.0047 0.0010 0.0007 0.0334 
         069 16 0.0005 0.9939 0.0006 0.0006 0.0041 0.0003 
         070 16 0.0018 0.9916 0.0035 0.0004 0.0019 0.0007 
         071 16 0.0025 0.9172 0.0690 0.0109 0.0002 0.0003 
         072 16 0.0021 0.9914 0.0044 0.0004 0.0008 0.0009 
         073 16 0.0005 0.9946 0.0016 0.0025 0.0005 0.0003 
         074 16 0.0022 0.9969 0.0002 0.0002 0.0003 0.0002 
         075 16 0.0147 0.9691 0.0135 0.0015 0.0004 0.0008 
         076 16 0.0003 0.9967 0.0011 0.0011 0.0004 0.0004 
         077 16 0.0017 0.8902 0.0152 0.0047 0.0294 0.0588 
         078 16 0.0004 0.9475 0.0504 0.0005 0.0003 0.0009 
         079 16 0.0032 0.9095 0.0825 0.0021 0.0017 0.0010 
         080 16 0.0006 0.9944 0.0030 0.0002 0.0006 0.0012 
         081 16 0.0180 0.9647 0.0034 0.0126 0.0009 0.0003 
         082 16 0.0006 0.9626 0.0163 0.0198 0.0005 0.0003 
         083 16 0.0005 0.9963 0.0004 0.0010 0.0006 0.0012 
         084 16 0.0011 0.9917 0.0020 0.0014 0.0027 0.0012 
         085 16 0.0006 0.9864 0.0011 0.0006 0.0014 0.0099 
         086 16 0.0031 0.8900 0.1033 0.0027 0.0004 0.0005 
         087 16 0.0090 0.9816 0.0069 0.0008 0.0014 0.0003 
         088 16 0.0006 0.9960 0.0005 0.0002 0.0004 0.0022 
         089 16 0.0018 0.9915 0.0010 0.0040 0.0009 0.0008 
         090 16 0.0010 0.9909 0.0050 0.0005 0.0020 0.0005 
         091 16 0.0082 0.9897 0.0004 0.0006 0.0006 0.0006 
         092 16 0.0005 0.9550 0.0429 0.0008 0.0005 0.0003 
         093 16 0.0006 0.9957 0.0012 0.0006 0.0015 0.0004 
         094 16 0.0004 0.9516 0.0054 0.0009 0.0045 0.0371 
         095 16 0.0004 0.9977 0.0004 0.0001 0.0010 0.0004 
         096 16 0.0005 0.9568 0.0009 0.0368 0.0004 0.0047 
         097 16 0.0010 0.9020 0.0101 0.0808 0.0033 0.0028 
         098 16 0.0002 0.9867 0.0012 0.0006 0.0072 0.0040 
         099 16 0.0005 0.9922 0.0005 0.0004 0.0007 0.0057 
         100 16 0.0008 0.9962 0.0006 0.0004 0.0006 0.0015 
         101 16 0.0003 0.9449 0.0501 0.0004 0.0004 0.0038 
         102 16 0.0005 0.9944 0.0017 0.0019 0.0005 0.0010 
         103 16 0.0070 0.9868 0.0007 0.0008 0.0026 0.0021 
         104 16 0.0002 0.9856 0.0099 0.0009 0.0003 0.0031 
         105 16 0.0024 0.8935 0.0794 0.0182 0.0025 0.0041 
         106 16 0.0021 0.9947 0.0009 0.0003 0.0005 0.0016 
         107 16 0.0002 0.9263 0.0244 0.0004 0.0440 0.0047 
         108 16 0.0320 0.6412 0.0973 0.0002 0.0664 0.1628 
         109 16 0.0107 0.9827 0.0039 0.0018 0.0004 0.0006 
         110 16 0.0002 0.9973 0.0003 0.0008 0.0003 0.0011 
         111 16 0.0006 0.9358 0.0621 0.0004 0.0005 0.0005 
         112 16 0.0007 0.9444 0.0520 0.0005 0.0010 0.0014 
         113 16 0.0026 0.9386 0.0536 0.0034 0.0004 0.0013 
         114 16 0.0004 0.9667 0.0265 0.0005 0.0047 0.0012 
         115 16 0.0002 0.9973 0.0004 0.0012 0.0004 0.0005 
         116 16 0.0004 0.9736 0.0239 0.0008 0.0004 0.0008 
         117 16 0.0321 0.9595 0.0031 0.0005 0.0041 0.0008 
         118 16 0.0004 0.9778 0.0092 0.0002 0.0009 0.0115 
         119 16 0.0045 0.9914 0.0013 0.0005 0.0011 0.0011 
         120 16 0.0022 0.9850 0.0003 0.0110 0.0010 0.0005 
         121 16 0.0017 0.9604 0.0005 0.0048 0.0003 0.0323 
         122 16 0.0004 0.9981 0.0003 0.0004 0.0004 0.0005 
         123 16 0.0011 0.9921 0.0030 0.0011 0.0022 0.0005 
         124 16 0.0030 0.9891 0.0059 0.0004 0.0003 0.0013 
         126 16 0.0005 0.8292 0.1656 0.0011 0.0021 0.0015 
         001 17 0.0005 0.9862 0.0006 0.0030 0.0090 0.0007 
         002 17 0.0025 0.9949 0.0016 0.0003 0.0004 0.0004 
         003 17 0.0006 0.9972 0.0003 0.0005 0.0009 0.0005 
         005 17 0.0003 0.9766 0.0002 0.0008 0.0218 0.0003 
         006 17 0.0347 0.9440 0.0008 0.0192 0.0009 0.0003 
         007 17 0.0037 0.8522 0.1145 0.0088 0.0032 0.0176 
         008 17 0.0008 0.8711 0.1112 0.0161 0.0005 0.0004 
         009 17 0.0003 0.9982 0.0002 0.0004 0.0005 0.0004 
         010 17 0.0008 0.9962 0.0005 0.0007 0.0007 0.0012 
         011 17 0.0003 0.4706 0.1493 0.0015 0.0016 0.3766 
         012 17 0.0004 0.9908 0.0060 0.0006 0.0007 0.0014 
         013 17 0.0002 0.9982 0.0003 0.0002 0.0006 0.0004 
         014 17 0.0008 0.9973 0.0002 0.0003 0.0012 0.0002 
         015 17 0.0003 0.9867 0.0015 0.0106 0.0006 0.0003 
         016 17 0.0003 0.9975 0.0007 0.0006 0.0004 0.0005 
         017 17 0.0010 0.9952 0.0009 0.0013 0.0006 0.0009 
         018 17 0.0012 0.9520 0.0281 0.0020 0.0162 0.0004 
         019 17 0.0002 0.9976 0.0008 0.0001 0.0006 0.0008 
         020 17 0.0004 0.9967 0.0010 0.0009 0.0002 0.0008 
         021 17 0.0003 0.9970 0.0002 0.0014 0.0003 0.0008 
         022 17 0.0007 0.9348 0.0438 0.0100 0.0095 0.0013 
         023 17 0.0020 0.9914 0.0034 0.0003 0.0023 0.0006 
         024 17 0.0083 0.9381 0.0180 0.0301 0.0013 0.0042 
         025 17 0.0005 0.9982 0.0004 0.0004 0.0003 0.0003 
         002 18 0.0014 0.9925 0.0002 0.0003 0.0038 0.0019 
         003 18 0.0004 0.9978 0.0002 0.0002 0.0003 0.0010 
         004 18 0.0010 0.9541 0.0407 0.0006 0.0030 0.0006 
         005 18 0.0018 0.9644 0.0035 0.0005 0.0006 0.0292 
         006 18 0.0001 0.9981 0.0004 0.0003 0.0003 0.0007 
         007 18 0.0021 0.9912 0.0007 0.0035 0.0023 0.0003 
         008 18 0.0004 0.9965 0.0002 0.0011 0.0002 0.0015 
         009 18 0.0022 0.9830 0.0085 0.0036 0.0009 0.0018 
         010 18 0.0007 0.9882 0.0004 0.0014 0.0027 0.0066 
         011 18 0.0012 0.9947 0.0005 0.0003 0.0013 0.0020 
         012 18 0.0002 0.9550 0.0415 0.0006 0.0007 0.0019 
         015 18 0.0023 0.9949 0.0011 0.0003 0.0003 0.0012 
         016 18 0.0010 0.9939 0.0014 0.0030 0.0003 0.0004 
         018 18 0.0006 0.9895 0.0005 0.0003 0.0044 0.0048 
         026 18 0.0002 0.9638 0.0005 0.0328 0.0021 0.0006 
         027 18 0.0003 0.9958 0.0003 0.0005 0.0020 0.0011 
         028 18 0.0006 0.9678 0.0017 0.0005 0.0290 0.0003 
         029 18 0.0024 0.9955 0.0008 0.0002 0.0006 0.0004 
         031 18 0.0008 0.8165 0.0645 0.0065 0.0339 0.0778 
         032 18 0.0009 0.9970 0.0004 0.0005 0.0010 0.0002 
         033 18 0.0003 0.9962 0.0013 0.0002 0.0011 0.0009 
         035 18 0.0004 0.9961 0.0023 0.0003 0.0005 0.0004 
         036 18 0.0005 0.9911 0.0006 0.0003 0.0005 0.0069 
         037 18 0.0006 0.9543 0.0015 0.0222 0.0152 0.0062 
         038 18 0.0036 0.9304 0.0022 0.0123 0.0499 0.0015 
         039 18 0.0004 0.9978 0.0004 0.0003 0.0003 0.0009 
         044 18 0.0177 0.8712 0.1073 0.0026 0.0008 0.0003 
         046 18 0.0003 0.9610 0.0027 0.0003 0.0059 0.0297 
         049 18 0.0003 0.9972 0.0008 0.0005 0.0009 0.0003 
         053 18 0.0006 0.9953 0.0020 0.0006 0.0010 0.0006 
         054 18 0.0010 0.9809 0.0007 0.0162 0.0006 0.0005 
         056 18 0.0003 0.9256 0.0700 0.0002 0.0025 0.0014 
         057 18 0.0002 0.9810 0.0004 0.0145 0.0005 0.0034 
         058 18 0.0008 0.9876 0.0016 0.0004 0.0063 0.0034 
        001s 19 0.0094 0.9367 0.0522 0.0007 0.0004 0.0006 
        002s 19 0.0002 0.9887 0.0085 0.0008 0.0009 0.0009 
        003s 19 0.0015 0.9808 0.0166 0.0003 0.0004 0.0003 
        004s 19 0.0005 0.9674 0.0011 0.0011 0.0047 0.0251 
        005s 19 0.0386 0.8768 0.0014 0.0040 0.0035 0.0756 
        006s 19 0.0004 0.9918 0.0014 0.0030 0.0017 0.0018 
        007s 19 0.0453 0.9357 0.0009 0.0016 0.0004 0.0161 
        008s 19 0.0030 0.9428 0.0391 0.0008 0.0007 0.0136 
        009s 19 0.0039 0.9926 0.0009 0.0002 0.0005 0.0018 
        010s 19 0.0031 0.9802 0.0015 0.0022 0.0123 0.0007 
        011s 19 0.0012 0.9914 0.0004 0.0024 0.0037 0.0008 
        012s 19 0.0004 0.9917 0.0026 0.0031 0.0019 0.0005 
        013s 19 0.0056 0.9866 0.0026 0.0037 0.0009 0.0006 
        014s 19 0.0009 0.9091 0.0639 0.0109 0.0007 0.0145 
        015s 19 0.0034 0.9945 0.0004 0.0008 0.0005 0.0004 
        016s 19 0.0017 0.9330 0.0007 0.0007 0.0220 0.0419 
        017s 19 0.0015 0.9352 0.0568 0.0005 0.0010 0.0050 
        018s 19 0.0011 0.9936 0.0009 0.0008 0.0014 0.0023 
        019s 19 0.0006 0.9020 0.0920 0.0035 0.0008 0.0012 
        020s 19 0.0070 0.9316 0.0590 0.0014 0.0003 0.0008 
        021s 19 0.0017 0.9918 0.0039 0.0011 0.0011 0.0005 
        022s 19 0.0013 0.9762 0.0203 0.0009 0.0007 0.0006 
        023s 19 0.0003 0.9858 0.0011 0.0082 0.0027 0.0019 
        024s 19 0.0003 0.9950 0.0006 0.0003 0.0021 0.0017 
        025s 19 0.0005 0.8637 0.1337 0.0003 0.0008 0.0011 
        026s 19 0.0363 0.9567 0.0015 0.0005 0.0029 0.0021 
        027s 19 0.0003 0.9871 0.0102 0.0010 0.0005 0.0010 
        028s 19 0.0093 0.9867 0.0024 0.0006 0.0007 0.0003 
        029s 19 0.0002 0.9957 0.0002 0.0017 0.0016 0.0005 
        030s 19 0.0014 0.9919 0.0014 0.0010 0.0036 0.0006 
        031s 19 0.0014 0.9946 0.0016 0.0015 0.0004 0.0005 
        032s 19 0.0004 0.9973 0.0005 0.0011 0.0004 0.0003 
        033s 19 0.0018 0.9924 0.0002 0.0004 0.0013 0.0039 
        034s 19 0.0008 0.9961 0.0005 0.0008 0.0004 0.0014 
        035s 19 0.0017 0.9774 0.0106 0.0020 0.0030 0.0053 
        036s 19 0.0005 0.9966 0.0004 0.0009 0.0003 0.0014 
        037s 19 0.0002 0.9976 0.0007 0.0005 0.0008 0.0002 
        038s 19 0.0015 0.9936 0.0010 0.0009 0.0016 0.0014 
        039s 19 0.0007 0.9973 0.0007 0.0004 0.0006 0.0003 
        040s 19 0.0020 0.9715 0.0005 0.0254 0.0003 0.0004 
        041s 19 0.0005 0.9981 0.0002 0.0005 0.0003 0.0005 
        042s 19 0.0007 0.9721 0.0050 0.0008 0.0070 0.0143 
        043s 19 0.0494 0.9450 0.0027 0.0005 0.0021 0.0003 
        044s 19 0.0003 0.9962 0.0003 0.0006 0.0011 0.0014 
        045s 19 0.0003 0.9970 0.0007 0.0002 0.0009 0.0008 
        046s 19 0.0006 0.9886 0.0014 0.0019 0.0012 0.0063 
        047s 19 0.0056 0.9908 0.0003 0.0025 0.0005 0.0003 
        048s 19 0.0714 0.9030 0.0240 0.0006 0.0006 0.0005 
        049s 19 0.0076 0.9778 0.0036 0.0039 0.0005 0.0067 
        050s 19 0.0003 0.9960 0.0024 0.0002 0.0003 0.0007 
        051s 19 0.0066 0.9489 0.0062 0.0293 0.0009 0.0081 
        052s 19 0.0004 0.9967 0.0007 0.0006 0.0009 0.0007 
      LIW2-4 20 0.0022 0.9929 0.0004 0.0008 0.0018 0.0018 
     LIW2-12 21 0.0004 0.9153 0.0008 0.0003 0.0059 0.0773 
     LIW2-20 22 0.0026 0.9898 0.0011 0.0002 0.0051 0.0012 
     LIW2-28 23 0.0004 0.8772 0.0601 0.0013 0.0012 0.0598 
      LIW1-5 24 0.0004 0.9934 0.0011 0.0007 0.0012 0.0031 
     LIW1-13 25 0.0036 0.9185 0.0626 0.0030 0.0005 0.0118 
     LIW1-21 26 0.0002 0.9390 0.0260 0.0003 0.0077 0.0268 
     LIW1-29 27 0.0005 0.9564 0.0231 0.0048 0.0032 0.0120 
      LIW2-5 28 0.0004 0.9900 0.0005 0.0011 0.0058 0.0022 
     LIW2-34 29 0.0002 0.9877 0.0002 0.0011 0.0075 0.0033 
     LIW2-21 30 0.0011 0.8853 0.1035 0.0007 0.0012 0.0082 
     LIW2-29 31 0.0021 0.8026 0.1860 0.0029 0.0047 0.0016 
      LIW1-6 32 0.0007 0.9951 0.0006 0.0003 0.0007 0.0026 
     LIW1-14 33 0.0018 0.9190 0.0473 0.0011 0.0300 0.0008 
     LIW1-22 34 0.0001 0.9607 0.0007 0.0007 0.0320 0.0058 
     LIW1-30 35 0.0006 0.9935 0.0013 0.0003 0.0014 0.0029 
      LIW2-6 36 0.0007 0.9496 0.0021 0.0176 0.0030 0.0270 
     LIW2-14 37 0.0004 0.9909 0.0025 0.0004 0.0004 0.0053 
     LIW2-22 38 0.0006 0.8423 0.0777 0.0004 0.0009 0.0781 
     LIW2-30 39 0.0004 0.9524 0.0012 0.0005 0.0421 0.0034 
      LIW1-7 40 0.0007 0.9137 0.0170 0.0025 0.0093 0.0568 
     LIW1-15 41 0.0002 0.9829 0.0004 0.0005 0.0048 0.0113 
     LIW1-23 42 0.0014 0.9857 0.0040 0.0008 0.0029 0.0052 
     LIW1-31 43 0.0007 0.9837 0.0043 0.0012 0.0029 0.0073 
      LIW2-7 44 0.0006 0.8954 0.0938 0.0038 0.0056 0.0008 
     LIW2-15 45 0.0005 0.9389 0.0006 0.0002 0.0552 0.0046 
     LIW2-23 46 0.0017 0.9081 0.0005 0.0011 0.0009 0.0877 
      LIW1-8 47 0.0003 0.9943 0.0003 0.0015 0.0005 0.0031 
     LIW1-16 48 0.0004 0.9953 0.0003 0.0008 0.0009 0.0023 
      LIW2-8 49 0.0005 0.9922 0.0004 0.0005 0.0036 0.0027 
     LIW2-16 50 0.0507 0.6465 0.2898 0.0031 0.0030 0.0069 
     LIW2-24 51 0.0058 0.8038 0.1764 0.0060 0.0008 0.0073 
     LIW2-32 52 0.0113 0.9292 0.0021 0.0009 0.0033 0.0533 
     LIW1-47 53 0.0183 0.9635 0.0016 0.0008 0.0018 0.0140 
      UMFS-1 54 0.0001 0.0003 0.0001 0.0002 0.9991 0.0001 
     UMFS-19 55 0.0001 0.0001 0.0002 0.0002 0.9993 0.0001 
     UMFS-31 56 0.0002 0.1899 0.0002 0.0003 0.8083 0.0011 
      UMFS-2 57 0.0002 0.0647 0.0001 0.0002 0.9345 0.0002 
     UMFS-10 58 0.0002 0.1076 0.0001 0.0003 0.8914 0.0003 
     UMFS-20 59 0.0016 0.1531 0.0020 0.0004 0.8427 0.0004 
     UMFS-32 60 0.0002 0.0003 0.0005 0.0003 0.9986 0.0002 
      UMFS-3 61 0.0001 0.0001 0.0001 0.0001 0.9997 0.0001 
     UMFS-11 62 0.0875 0.5576 0.2401 0.1120 0.0005 0.0024 
     UMFS-21 63 0.0007 0.0389 0.0219 0.0006 0.9342 0.0037 
     UMFS-33 64 0.0000 0.0000 0.0000 0.0000 0.9998 0.0000 
      UMFS-4 65 0.0000 0.0000 0.0000 0.0000 0.9998 0.0000 
     UMFS-22 66 0.0008 0.0494 0.0004 0.0004 0.9477 0.0013 
     UMFS-34 67 0.0091 0.3235 0.0015 0.0008 0.5861 0.0790 
      UMFS-5 68 0.0014 0.0799 0.0003 0.0010 0.9168 0.0007 
     UMFS-13 69 0.0002 0.0013 0.0006 0.0011 0.9952 0.0016 
     UMFS-23 70 0.0003 0.2294 0.0006 0.0008 0.7677 0.0012 
     UMFS-35 71 0.0001 0.0001 0.0001 0.0001 0.9995 0.0001 
      UMFS-6 72 0.0000 0.0000 0.0001 0.0001 0.9997 0.0001 
     UMFS-14 73 0.0000 0.0000 0.0000 0.0000 0.9998 0.0000 
     UMFS-24 74 0.0007 0.2455 0.0025 0.0015 0.7495 0.0003 
     UMFS-36 75 0.0000 0.0000 0.0000 0.0000 0.9998 0.0000 
      UMFS-7 76 0.0664 0.3120 0.2924 0.2413 0.0002 0.0878 
     UMFS-15 77 0.0001 0.0001 0.0001 0.0001 0.9997 0.0000 
     UMFS-25 78 0.0018 0.2011 0.0020 0.0046 0.7903 0.0002 
     UMFS-37 79 0.0000 0.0001 0.0001 0.0001 0.9997 0.0000 
      UMFS-8 80 0.0002 0.0130 0.0020 0.0010 0.9829 0.0009 
     UMFS-16 81 0.0001 0.0001 0.0001 0.0001 0.9995 0.0001 
     UMFS-26 82 0.0125 0.3662 0.0030 0.0005 0.4829 0.1350 
     UMFS-38 83 0.0001 0.0001 0.0001 0.0001 0.9995 0.0001 
      NEH1-2 84 0.0030 0.0011 0.0163 0.0016 0.0008 0.9772 
     NEH1-11 85 0.0006 0.0004 0.0410 0.0011 0.0004 0.9566 
     NEH1-20 86 0.0003 0.1175 0.0005 0.0009 0.0020 0.8788 
     NEH1-29 87 0.0002 0.0007 0.0003 0.0002 0.0002 0.9984 
      NEH2-2 88 0.0001 0.0002 0.0002 0.0002 0.0002 0.9992 
     NEH2-10 89 0.0003 0.0051 0.0004 0.0002 0.0003 0.9936 
     NEH2-18 90 0.0003 0.0001 0.0015 0.0001 0.0002 0.9977 
     NEH2-26 91 0.0002 0.0011 0.0027 0.0003 0.0003 0.9955 
      NEH1-3 92 0.0010 0.1524 0.0003 0.0004 0.0003 0.8456 
     NEH1-12 93 0.0018 0.0002 0.0043 0.0392 0.0003 0.9542 
     NEH1-21 94 0.0002 0.0362 0.0002 0.0224 0.0002 0.9408 
     NEH1-30 95 0.0047 0.0455 0.0324 0.0002 0.0003 0.9169 
      NEH2-3 96 0.0001 0.0001 0.0001 0.0002 0.0001 0.9994 
     NEH2-11 97 0.0016 0.0004 0.0124 0.0003 0.0023 0.9830 
     NEH2-19 98 0.0004 0.0028 0.0010 0.0005 0.0021 0.9932 
     NEH2-27 99 0.0001 0.0001 0.0001 0.0001 0.0001 0.9996 
      NEH1-4 100 0.0002 0.0001 0.0008 0.0001 0.0002 0.9987 
     NEH1-13 101 0.0006 0.2285 0.0014 0.0006 0.0005 0.7684 
     NEH1-22 102 0.0005 0.1979 0.0004 0.0006 0.0008 0.7998 
     NEH1-31 103 0.0005 0.0005 0.0007 0.0001 0.0001 0.9981 
      NEH2-4 104 0.0025 0.0033 0.0010 0.0002 0.0018 0.9912 
     NEH2-12 105 0.0083 0.0003 0.0355 0.0004 0.0125 0.9430 
     NEH2-20 106 0.0002 0.1964 0.0003 0.0001 0.0006 0.8024 
     NEH2-28 107 0.0004 0.0011 0.0007 0.0074 0.0004 0.9899 
      NEH1-5 108 0.0002 0.1250 0.0168 0.0003 0.0002 0.8575 
     NEH1-14 109 0.0044 0.1783 0.0467 0.0041 0.0008 0.7657 
     NEH1-23 110 0.0002 0.2240 0.0004 0.0003 0.0061 0.7689 
     NEH1-32 111 0.0001 0.0008 0.0014 0.0034 0.0002 0.9940 
      NEH2-5 112 0.0001 0.0002 0.0002 0.0001 0.0001 0.9994 
     NEH2-13 113 0.0045 0.0012 0.0054 0.0004 0.0003 0.9882 
     NEH2-22 114 0.0002 0.0006 0.0004 0.0003 0.0006 0.9979 
     NEH2-29 115 0.0001 0.0414 0.0003 0.0005 0.0005 0.9572 
      NEH1-6 116 0.0001 0.0001 0.0001 0.0002 0.0001 0.9993 
     NEH1-15 117 0.0008 0.0015 0.0033 0.0337 0.0002 0.9605 
     NEH1-24 118 0.0050 0.0006 0.0005 0.0038 0.0013 0.9889 
     NEH1-33 119 0.0001 0.1250 0.0003 0.0004 0.0006 0.8736 
      NEH2-6 120 0.0009 0.0068 0.0004 0.0003 0.0066 0.9851 
     NEH2-14 121 0.0003 0.0036 0.0012 0.0023 0.0006 0.9920 
     NEH2-21 122 0.0002 0.0493 0.0003 0.0002 0.0011 0.9490 
     NEH2-30 123 0.0001 0.0002 0.0002 0.0001 0.0001 0.9993 
      NEH1-7 124 0.0019 0.0809 0.0785 0.0009 0.0005 0.8373 
     NEH1-16 125 0.0002 0.0002 0.0002 0.0002 0.0001 0.9990 
     NEH1-25 126 0.0027 0.1207 0.0003 0.0003 0.0018 0.8742 
     NEH1-34 127 0.0004 0.0372 0.0275 0.0017 0.0011 0.9321 
      NEH2-7 128 0.0008 0.0017 0.0008 0.0005 0.0020 0.9942 
     NEH2-15 129 0.0001 0.0001 0.0001 0.0001 0.0001 0.9996 
     NEH2-23 130 0.0002 0.0050 0.0562 0.0035 0.0015 0.9337 
     NEH2-31 131 0.0001 0.0001 0.0001 0.0001 0.0002 0.9993 
      NEH1-8 132 0.0034 0.1149 0.0521 0.0007 0.0002 0.8289 
     NEH1-17 133 0.0011 0.0024 0.1033 0.0010 0.0004 0.8919 
     NEH1-26 134 0.0005 0.1467 0.0002 0.0008 0.0023 0.8495 
     NEH1-35 135 0.0018 0.1832 0.0009 0.0008 0.0003 0.8129 
      NEH2-8 136 0.0001 0.0001 0.0001 0.0001 0.0001 0.9996 
     NEH2-16 137 0.0003 0.0005 0.0002 0.0007 0.0008 0.9975 
     NEH2-24 138 0.0001 0.0001 0.0001 0.0001 0.0003 0.9992 
     NEH2-32 139 0.0003 0.0002 0.0698 0.0012 0.0005 0.9280 
      NEH1-1 140 0.0007 0.0004 0.1133 0.0001 0.0007 0.8848 
     NEH1-10 141 0.0002 0.0002 0.0002 0.0003 0.0001 0.9990 
     NEH1-19 142 0.0003 0.1191 0.0018 0.0017 0.0003 0.8768 
     NEH1-28 143 0.0255 0.0008 0.0086 0.0014 0.0004 0.9633 
      NEH2-1 144 0.0006 0.0024 0.0084 0.0002 0.0004 0.9880 
      NEH2-9 145 0.0002 0.0003 0.0002 0.0002 0.0004 0.9987 
     NEH2-17 146 0.0011 0.0034 0.0012 0.0323 0.0007 0.9613 
     NEH2-25 147 0.0003 0.0002 0.0160 0.0002 0.0001 0.9832 
      LIW1-1 148 0.0012 0.7977 0.0862 0.0030 0.0071 0.1048 
      LIW1-9 149 0.0396 0.7834 0.0552 0.0493 0.0006 0.0719 
     LIW1-17 150 0.0009 0.9481 0.0004 0.0002 0.0013 0.0490 
     LIW1-25 151 0.0002 0.9870 0.0003 0.0020 0.0085 0.0019 
      LIW2-9 152 0.0003 0.9259 0.0625 0.0081 0.0021 0.0012 
     LIW2-17 153 0.0004 0.9916 0.0013 0.0028 0.0014 0.0025 
     LIW2-25 154 0.0005 0.9914 0.0020 0.0004 0.0032 0.0026 
      LIW1-2 155 0.0003 0.9805 0.0063 0.0002 0.0017 0.0110 
     LIW1-10 156 0.0009 0.9834 0.0067 0.0006 0.0052 0.0032 
     LIW1-18 157 0.0009 0.9797 0.0114 0.0004 0.0021 0.0055 
     LIW1-26 158 0.0002 0.9726 0.0003 0.0087 0.0009 0.0173 
      LIW2-2 159 0.0003 0.9914 0.0004 0.0005 0.0038 0.0036 
     LIW2-10 160 0.0030 0.9937 0.0009 0.0003 0.0008 0.0013 
     LIW2-18 161 0.0012 0.9081 0.0135 0.0089 0.0051 0.0633 
     LIW2-26 162 0.0040 0.9445 0.0004 0.0007 0.0493 0.0010 
      LIW1-3 163 0.0004 0.9333 0.0116 0.0004 0.0408 0.0134 
     LIW1-11 164 0.0031 0.9773 0.0075 0.0010 0.0043 0.0068 
     LIW1-19 165 0.0042 0.8874 0.0365 0.0013 0.0034 0.0673 
     LIW1-27 166 0.0007 0.9606 0.0373 0.0003 0.0008 0.0003 
      LIW2-3 167 0.0018 0.9805 0.0026 0.0062 0.0069 0.0020 
     LIW2-11 168 0.0006 0.9972 0.0002 0.0002 0.0010 0.0007 
     LIW2-19 169 0.0002 0.9660 0.0029 0.0010 0.0014 0.0285 
     LIW2-27 170 0.0008 0.9748 0.0002 0.0002 0.0092 0.0148 
      LIW1-4 171 0.0012 0.9902 0.0003 0.0007 0.0017 0.0058 
     LIW1-12 172 0.0013 0.9347 0.0296 0.0007 0.0309 0.0029 
     LIW1-20 173 0.0005 0.9932 0.0013 0.0025 0.0010 0.0015 
     LIW1-28 174 0.0039 0.9780 0.0017 0.0004 0.0038 0.0121 
        001s 175 0.0036 0.9898 0.0005 0.0042 0.0004 0.0015 
        002s 175 0.0040 0.9214 0.0717 0.0005 0.0003 0.0021 
        003s 175 0.0003 0.9971 0.0004 0.0009 0.0007 0.0006 
        004s 175 0.0190 0.9675 0.0063 0.0021 0.0039 0.0012 
        005s 175 0.0011 0.9909 0.0021 0.0004 0.0041 0.0013 
        006s 175 0.0011 0.8233 0.1707 0.0009 0.0036 0.0004 
        007s 175 0.0006 0.9973 0.0006 0.0003 0.0005 0.0007 
        008s 175 0.0004 0.9911 0.0023 0.0032 0.0024 0.0005 
        009s 175 0.0003 0.8746 0.1168 0.0039 0.0022 0.0020 
        010s 175 0.0008 0.9966 0.0006 0.0008 0.0003 0.0009 
        011s 175 0.0014 0.9939 0.0023 0.0008 0.0005 0.0011 
        012s 175 0.0006 0.9958 0.0002 0.0026 0.0005 0.0003 
        013s 175 0.0014 0.9948 0.0028 0.0004 0.0004 0.0002 
        014s 175 0.0064 0.9139 0.0786 0.0006 0.0004 0.0002 
        015s 175 0.0061 0.9913 0.0004 0.0006 0.0004 0.0012 
        016s 175 0.0090 0.9723 0.0175 0.0003 0.0006 0.0002 
        017s 175 0.0031 0.9818 0.0008 0.0091 0.0012 0.0040 
        018s 175 0.0013 0.9869 0.0034 0.0011 0.0058 0.0014 
        019s 175 0.0010 0.9705 0.0009 0.0006 0.0233 0.0037 
        020s 175 0.0008 0.9957 0.0008 0.0015 0.0004 0.0007 
        021s 175 0.0004 0.9913 0.0004 0.0050 0.0006 0.0023 
        022s 175 0.0007 0.9455 0.0003 0.0508 0.0006 0.0021 
        023s 175 0.0004 0.9778 0.0018 0.0095 0.0053 0.0053 
        024s 175 0.0005 0.9559 0.0384 0.0040 0.0006 0.0005 
        025s 175 0.0235 0.9593 0.0082 0.0043 0.0043 0.0005 
        026s 175 0.0007 0.9889 0.0079 0.0008 0.0006 0.0010 
        027s 175 0.0007 0.9941 0.0012 0.0018 0.0008 0.0015 
        028s 175 0.0005 0.9386 0.0011 0.0005 0.0003 0.0591 
        029s 175 0.0005 0.9959 0.0005 0.0007 0.0019 0.0005 
        030s 175 0.0002 0.8675 0.1212 0.0094 0.0006 0.0011 
        031s 175 0.0006 0.9870 0.0014 0.0011 0.0096 0.0003 
        032s 175 0.0002 0.9759 0.0032 0.0019 0.0023 0.0165 
        033s 175 0.0042 0.9860 0.0058 0.0011 0.0021 0.0008 
        034s 175 0.0016 0.9925 0.0049 0.0004 0.0002 0.0003 
        035s 175 0.0012 0.9875 0.0095 0.0007 0.0007 0.0004 
        036s 175 0.0004 0.9947 0.0005 0.0008 0.0030 0.0005 
        037s 175 0.0003 0.9702 0.0003 0.0181 0.0003 0.0109 
        038s 175 0.0157 0.9803 0.0025 0.0004 0.0004 0.0007 
        039s 175 0.0006 0.9941 0.0015 0.0010 0.0008 0.0021 
        040s 175 0.0009 0.9963 0.0005 0.0004 0.0004 0.0015 
        041s 175 0.0008 0.9945 0.0026 0.0010 0.0006 0.0006 
        042s 175 0.0005 0.9748 0.0014 0.0019 0.0198 0.0017 
        043s 175 0.0007 0.9882 0.0065 0.0011 0.0007 0.0028 
        044s 175 0.0005 0.9967 0.0009 0.0003 0.0006 0.0011 
        045s 175 0.0003 0.9172 0.0804 0.0009 0.0004 0.0007 
        046s 175 0.0015 0.9946 0.0008 0.0008 0.0006 0.0017 
        047s 175 0.0002 0.9850 0.0009 0.0008 0.0047 0.0084 
        048s 175 0.0088 0.9880 0.0009 0.0010 0.0010 0.0003 
        049s 175 0.0003 0.9350 0.0620 0.0006 0.0018 0.0003 
        050s 175 0.0006 0.8398 0.0758 0.0003 0.0021 0.0813 
        001s 176 0.0216 0.9360 0.0380 0.0027 0.0013 0.0005 
        002s 176 0.0091 0.9826 0.0009 0.0044 0.0003 0.0026 
        003s 176 0.0006 0.9950 0.0022 0.0005 0.0005 0.0012 
        004s 176 0.0117 0.9838 0.0009 0.0003 0.0015 0.0018 
        005s 176 0.0003 0.9761 0.0006 0.0004 0.0004 0.0223 
        006s 176 0.0002 0.9906 0.0004 0.0061 0.0017 0.0009 
        007s 176 0.0166 0.9155 0.0649 0.0004 0.0015 0.0011 
        008s 176 0.0006 0.9973 0.0004 0.0005 0.0010 0.0002 
        009s 176 0.0008 0.9871 0.0004 0.0003 0.0007 0.0106 
        010s 176 0.0006 0.9965 0.0013 0.0004 0.0009 0.0003 
        011s 176 0.0004 0.9910 0.0002 0.0042 0.0004 0.0039 
        012s 176 0.0008 0.9272 0.0701 0.0008 0.0004 0.0006 
        013s 176 0.0047 0.9866 0.0031 0.0017 0.0009 0.0031 
        014s 176 0.0037 0.9929 0.0005 0.0016 0.0010 0.0004 
        015s 176 0.0002 0.9900 0.0022 0.0004 0.0057 0.0015 
        016s 176 0.0004 0.9929 0.0011 0.0003 0.0044 0.0010 
        017s 176 0.0003 0.9985 0.0002 0.0002 0.0004 0.0003 
        018s 176 0.0004 0.9872 0.0005 0.0003 0.0014 0.0102 
        019s 176 0.0360 0.9563 0.0028 0.0040 0.0006 0.0004 
        020s 176 0.0006 0.9937 0.0031 0.0006 0.0007 0.0013 
        021s 176 0.0008 0.9896 0.0014 0.0065 0.0005 0.0013 
        022s 176 0.0003 0.9793 0.0003 0.0180 0.0014 0.0008 
        023s 176 0.0004 0.9213 0.0004 0.0010 0.0766 0.0003 
        024s 176 0.0493 0.9459 0.0009 0.0021 0.0010 0.0008 
        025s 176 0.0007 0.9882 0.0031 0.0041 0.0016 0.0023 
        026s 176 0.0090 0.9844 0.0006 0.0030 0.0011 0.0019 
        027s 176 0.0002 0.9979 0.0007 0.0002 0.0004 0.0007 
        028s 176 0.0035 0.9934 0.0005 0.0010 0.0010 0.0006 
        029s 176 0.0034 0.9915 0.0002 0.0015 0.0006 0.0027 
        030s 176 0.0075 0.9330 0.0585 0.0002 0.0003 0.0004 
        031s 176 0.0010 0.9899 0.0037 0.0040 0.0004 0.0011 
        032s 176 0.0003 0.9216 0.0625 0.0005 0.0004 0.0148 
        033s 176 0.0050 0.8745 0.0817 0.0207 0.0019 0.0161 
        034s 176 0.0006 0.9973 0.0011 0.0003 0.0002 0.0005 
        035s 176 0.0006 0.9173 0.0146 0.0011 0.0003 0.0662 
        036s 176 0.0011 0.9970 0.0003 0.0009 0.0003 0.0004 
        037s 176 0.0176 0.9179 0.0410 0.0014 0.0028 0.0193 
        038s 176 0.0006 0.9964 0.0004 0.0008 0.0010 0.0007 
        039s 176 0.0002 0.9978 0.0006 0.0007 0.0004 0.0003 
        040s 176 0.0003 0.9982 0.0005 0.0002 0.0003 0.0005 
        041s 176 0.0008 0.9938 0.0007 0.0004 0.0037 0.0005 
        042s 176 0.0005 0.9972 0.0003 0.0006 0.0009 0.0004 
        043s 176 0.0018 0.9662 0.0012 0.0228 0.0018 0.0063 
        044s 176 0.0031 0.9941 0.0013 0.0009 0.0003 0.0002 
        045s 176 0.0024 0.9882 0.0045 0.0032 0.0010 0.0008 
        046s 176 0.0005 0.9964 0.0018 0.0006 0.0005 0.0002 
        047s 176 0.0046 0.9887 0.0002 0.0007 0.0042 0.0015 
        048s 176 0.0008 0.9839 0.0046 0.0024 0.0079 0.0004 
        050s 176 0.0008 0.9891 0.0017 0.0004 0.0003 0.0076 
        001s 177 0.0009 0.9328 0.0517 0.0010 0.0059 0.0076 
        002s 177 0.0007 0.9969 0.0005 0.0002 0.0006 0.0010 
        003s 177 0.0014 0.9214 0.0225 0.0066 0.0420 0.0061 
        004s 177 0.0013 0.9951 0.0003 0.0012 0.0003 0.0017 
        005s 177 0.0034 0.9939 0.0015 0.0003 0.0006 0.0004 
        006s 177 0.0010 0.9699 0.0255 0.0002 0.0014 0.0020 
        007s 177 0.0323 0.9650 0.0018 0.0003 0.0002 0.0003 
        008s 177 0.0016 0.8404 0.1103 0.0419 0.0052 0.0007 
        009s 177 0.0004 0.9981 0.0002 0.0005 0.0004 0.0005 
        010s 177 0.0007 0.9548 0.0401 0.0025 0.0009 0.0011 
        011s 177 0.0005 0.9972 0.0006 0.0011 0.0002 0.0005 
        012s 177 0.0039 0.9928 0.0020 0.0003 0.0004 0.0006 
        013s 177 0.0002 0.9901 0.0009 0.0010 0.0057 0.0021 
        014s 177 0.0047 0.9506 0.0419 0.0004 0.0012 0.0012 
        015s 177 0.0006 0.9906 0.0008 0.0055 0.0006 0.0020 
        016s 177 0.0002 0.9982 0.0005 0.0002 0.0006 0.0003 
        017s 177 0.0267 0.9612 0.0017 0.0084 0.0011 0.0009 
        018s 177 0.0014 0.9818 0.0135 0.0005 0.0024 0.0004 
        019s 177 0.0003 0.9933 0.0011 0.0015 0.0004 0.0034 
        020s 177 0.0014 0.9932 0.0010 0.0012 0.0008 0.0024 
        021s 177 0.0003 0.9969 0.0002 0.0009 0.0005 0.0012 
        022s 177 0.0006 0.9722 0.0036 0.0067 0.0006 0.0164 
        023s 177 0.0018 0.9498 0.0004 0.0462 0.0011 0.0008 
        024s 177 0.0011 0.9959 0.0004 0.0004 0.0005 0.0016 
        025s 177 0.0032 0.9940 0.0009 0.0010 0.0004 0.0005 
        026s 177 0.0007 0.9951 0.0009 0.0002 0.0005 0.0025 
        027s 177 0.0004 0.9972 0.0003 0.0003 0.0011 0.0006 
        028s 177 0.0003 0.9966 0.0003 0.0003 0.0017 0.0006 
        029s 177 0.0044 0.9291 0.0281 0.0366 0.0002 0.0016 
        030s 177 0.0067 0.9821 0.0071 0.0007 0.0017 0.0016 
        031s 177 0.0037 0.9831 0.0003 0.0005 0.0009 0.0115 
        032s 177 0.0007 0.9673 0.0295 0.0016 0.0004 0.0004 
        033s 177 0.0003 0.9956 0.0010 0.0002 0.0005 0.0024 
        034s 177 0.0015 0.9963 0.0009 0.0005 0.0004 0.0005 
        035s 177 0.0004 0.9982 0.0002 0.0003 0.0006 0.0003 
        036s 177 0.0495 0.8951 0.0005 0.0006 0.0004 0.0539 
        037s 177 0.0034 0.9806 0.0087 0.0041 0.0005 0.0027 
        038s 177 0.0003 0.9568 0.0362 0.0016 0.0041 0.0010 
        039s 177 0.0007 0.9926 0.0011 0.0006 0.0038 0.0012 
        040s 177 0.0010 0.9644 0.0015 0.0321 0.0003 0.0007 
        041s 177 0.0115 0.8998 0.0816 0.0064 0.0003 0.0004 
        042s 177 0.0004 0.9277 0.0704 0.0005 0.0007 0.0004 
        043s 177 0.0003 0.9982 0.0004 0.0002 0.0005 0.0004 
        044s 177 0.0003 0.9968 0.0011 0.0010 0.0003 0.0006 
        045s 177 0.0006 0.9586 0.0310 0.0007 0.0076 0.0014 
        046s 177 0.0007 0.9962 0.0003 0.0019 0.0004 0.0005 
        047s 177 0.0009 0.9925 0.0010 0.0017 0.0013 0.0026 
        048s 177 0.0081 0.9854 0.0005 0.0050 0.0005 0.0005 
        049s 177 0.0011 0.9647 0.0138 0.0190 0.0002 0.0012 
        050s 177 0.0004 0.9943 0.0003 0.0007 0.0037 0.0006 
        001s 178 0.0002 0.9191 0.0792 0.0005 0.0006 0.0005 
        002s 178 0.0006 0.9912 0.0020 0.0025 0.0005 0.0031 
        003s 178 0.0007 0.9919 0.0040 0.0015 0.0010 0.0008 
        004s 178 0.0026 0.9837 0.0011 0.0007 0.0116 0.0004 
        005s 178 0.0041 0.9931 0.0005 0.0006 0.0013 0.0005 
        006s 178 0.0114 0.8946 0.0183 0.0028 0.0165 0.0564 
        007s 178 0.0006 0.9929 0.0003 0.0053 0.0003 0.0006 
        008s 178 0.0002 0.8702 0.1269 0.0007 0.0017 0.0003 
        009s 178 0.0007 0.9828 0.0007 0.0133 0.0012 0.0013 
        010s 178 0.0003 0.9972 0.0008 0.0004 0.0005 0.0009 
        011s 178 0.0007 0.9966 0.0011 0.0005 0.0007 0.0004 
        012s 178 0.0006 0.9957 0.0016 0.0011 0.0004 0.0005 
        013s 178 0.0002 0.9929 0.0003 0.0002 0.0043 0.0021 
        014s 178 0.0005 0.9312 0.0562 0.0015 0.0002 0.0104 
        015s 178 0.0018 0.9945 0.0018 0.0009 0.0006 0.0005 
        016s 178 0.0040 0.9864 0.0035 0.0023 0.0026 0.0013 
        017s 178 0.0004 0.9388 0.0569 0.0011 0.0010 0.0019 
        018s 178 0.0027 0.9936 0.0006 0.0005 0.0009 0.0016 
        019s 178 0.0022 0.9957 0.0010 0.0004 0.0004 0.0003 
        020s 178 0.0005 0.9975 0.0005 0.0003 0.0011 0.0002 
        021s 178 0.0091 0.9818 0.0035 0.0041 0.0006 0.0008 
        022s 178 0.0004 0.9964 0.0015 0.0009 0.0005 0.0004 
        023s 178 0.0009 0.8816 0.0927 0.0064 0.0006 0.0179 
        024s 178 0.0003 0.9973 0.0009 0.0004 0.0005 0.0006 
        025s 178 0.0005 0.9278 0.0704 0.0003 0.0002 0.0008 
        026s 178 0.0003 0.9958 0.0003 0.0015 0.0016 0.0005 
        027s 178 0.0258 0.9572 0.0147 0.0005 0.0009 0.0009 
        028s 178 0.0005 0.9416 0.0025 0.0441 0.0048 0.0065 
        029s 178 0.0005 0.9576 0.0004 0.0409 0.0003 0.0003 
        030s 178 0.0050 0.9844 0.0011 0.0040 0.0005 0.0051 
        031s 178 0.0002 0.9824 0.0003 0.0003 0.0165 0.0003 
        032s 178 0.0004 0.9964 0.0004 0.0006 0.0015 0.0007 
        033s 178 0.0079 0.9740 0.0154 0.0013 0.0011 0.0004 
        034s 178 0.0010 0.9972 0.0005 0.0002 0.0008 0.0004 
        035s 178 0.0007 0.9952 0.0011 0.0003 0.0010 0.0017 
        036s 178 0.0004 0.9977 0.0002 0.0006 0.0005 0.0006 
        037s 178 0.0004 0.9941 0.0004 0.0003 0.0003 0.0045 
        039s 178 0.0021 0.9687 0.0020 0.0194 0.0017 0.0061 
        040s 178 0.0162 0.9140 0.0668 0.0005 0.0011 0.0014 
        041s 178 0.0008 0.9961 0.0002 0.0015 0.0007 0.0006 
        042s 178 0.0099 0.9433 0.0223 0.0014 0.0177 0.0054 
        043s 178 0.0078 0.9228 0.0020 0.0115 0.0444 0.0115 
        044s 178 0.0036 0.9125 0.0037 0.0792 0.0001 0.0008 
        045s 178 0.0029 0.9944 0.0004 0.0006 0.0004 0.0013 
        046s 178 0.0009 0.9967 0.0008 0.0008 0.0005 0.0003 
        047s 178 0.0488 0.9489 0.0002 0.0003 0.0008 0.0009 
        048s 178 0.0027 0.9556 0.0257 0.0006 0.0012 0.0142 
        049s 178 0.0009 0.9890 0.0021 0.0026 0.0005 0.0049 
        050s 178 0.0071 0.9089 0.0737 0.0026 0.0063 0.0015 
          01 179 0.0025 0.9160 0.0532 0.0106 0.0008 0.0169 
          02 179 0.0008 0.9951 0.0006 0.0010 0.0011 0.0014 
          03 179 0.0132 0.8643 0.1185 0.0025 0.0003 0.0012 
          04 179 0.0006 0.9890 0.0013 0.0032 0.0003 0.0056 
          05 179 0.0014 0.9300 0.0655 0.0013 0.0011 0.0007 
          06 179 0.0013 0.9859 0.0029 0.0002 0.0096 0.0003 
          07 179 0.0012 0.9923 0.0012 0.0012 0.0002 0.0038 
          08 179 0.0007 0.9914 0.0003 0.0005 0.0020 0.0050 
          09 179 0.0003 0.9964 0.0012 0.0003 0.0008 0.0010 
          10 179 0.0003 0.9483 0.0473 0.0005 0.0003 0.0033 
          11 179 0.0184 0.9086 0.0717 0.0005 0.0004 0.0005 
          12 179 0.0007 0.9926 0.0017 0.0002 0.0021 0.0027 
          13 179 0.0017 0.9957 0.0003 0.0007 0.0012 0.0005 
          14 179 0.0013 0.8791 0.1142 0.0004 0.0006 0.0044 
          15 179 0.0047 0.9867 0.0013 0.0059 0.0006 0.0007 
          16 179 0.0012 0.9596 0.0349 0.0006 0.0030 0.0007 
          17 179 0.0020 0.9819 0.0008 0.0004 0.0010 0.0139 
          18 179 0.0006 0.9947 0.0010 0.0004 0.0011 0.0022 
          19 179 0.0011 0.9670 0.0279 0.0018 0.0015 0.0008 
          20 179 0.0007 0.8553 0.0507 0.0016 0.0034 0.0883 
          21 179 0.0002 0.9986 0.0002 0.0003 0.0003 0.0005 
          22 179 0.0040 0.9435 0.0338 0.0003 0.0181 0.0005 
          23 179 0.0004 0.9936 0.0033 0.0019 0.0004 0.0004 
        001s 180 0.0029 0.9313 0.0381 0.0004 0.0003 0.0270 
        002s 180 0.0002 0.9933 0.0024 0.0017 0.0004 0.0020 
        003s 180 0.0012 0.9942 0.0007 0.0004 0.0021 0.0014 
        004s 180 0.0004 0.9970 0.0004 0.0014 0.0004 0.0004 
        005s 180 0.0009 0.9691 0.0070 0.0013 0.0002 0.0214 
        006s 180 0.0058 0.8952 0.0979 0.0005 0.0003 0.0004 
        007s 180 0.0025 0.9955 0.0003 0.0004 0.0008 0.0005 
        008s 180 0.0052 0.9926 0.0009 0.0006 0.0003 0.0004 
        009s 180 0.0002 0.9900 0.0075 0.0004 0.0008 0.0012 
        010s 180 0.0005 0.9877 0.0012 0.0003 0.0096 0.0006 
        011s 180 0.0124 0.9859 0.0004 0.0004 0.0004 0.0005 
        012s 180 0.0254 0.9707 0.0020 0.0004 0.0007 0.0008 
        013s 180 0.0011 0.9894 0.0008 0.0009 0.0016 0.0062 
        014s 180 0.0009 0.9661 0.0313 0.0003 0.0004 0.0009 
        015s 180 0.0006 0.9960 0.0014 0.0004 0.0003 0.0013 
        016s 180 0.0002 0.9315 0.0557 0.0006 0.0020 0.0100 
        017s 180 0.0009 0.9959 0.0011 0.0006 0.0005 0.0010 
        018s 180 0.0005 0.9021 0.0955 0.0008 0.0005 0.0006 
        019s 180 0.0005 0.9946 0.0009 0.0021 0.0008 0.0012 
        020s 180 0.0023 0.9851 0.0008 0.0010 0.0023 0.0084 
        021s 180 0.0038 0.9911 0.0017 0.0003 0.0008 0.0023 
        022s 180 0.0004 0.9818 0.0157 0.0013 0.0002 0.0006 
        023s 180 0.0002 0.9896 0.0049 0.0003 0.0002 0.0049 
        024s 180 0.0014 0.9772 0.0157 0.0002 0.0004 0.0050 
        025s 180 0.0004 0.9837 0.0083 0.0062 0.0008 0.0005 
        026s 180 0.0005 0.9876 0.0008 0.0071 0.0035 0.0006 
        027s 180 0.0007 0.9882 0.0089 0.0005 0.0007 0.0010 
        028s 180 0.0024 0.9933 0.0008 0.0010 0.0015 0.0011 
        029s 180 0.0016 0.9193 0.0018 0.0035 0.0098 0.0640 
        030s 180 0.0021 0.9902 0.0003 0.0015 0.0055 0.0004 
        031s 180 0.0003 0.9963 0.0010 0.0003 0.0004 0.0017 
        032s 180 0.0003 0.9774 0.0032 0.0058 0.0129 0.0004 
        033s 180 0.0004 0.9900 0.0057 0.0007 0.0030 0.0002 
        034s 180 0.0009 0.9912 0.0015 0.0048 0.0012 0.0005 
        035s 180 0.0003 0.9461 0.0436 0.0007 0.0008 0.0083 
        036s 180 0.0003 0.9940 0.0008 0.0004 0.0038 0.0007 
        037s 180 0.0004 0.9889 0.0038 0.0008 0.0050 0.0010 
        038s 180 0.0009 0.9958 0.0010 0.0011 0.0010 0.0003 
        039s 180 0.0006 0.9947 0.0009 0.0016 0.0009 0.0013 
        041s 180 0.0008 0.9977 0.0003 0.0007 0.0003 0.0003 
        042s 180 0.0005 0.9903 0.0011 0.0016 0.0007 0.0058 
        043s 180 0.0015 0.9826 0.0023 0.0014 0.0103 0.0018 
        044s 180 0.0005 0.9970 0.0007 0.0004 0.0007 0.0007 
        045s 180 0.0061 0.9796 0.0003 0.0087 0.0012 0.0040 
        046s 180 0.0053 0.9862 0.0033 0.0017 0.0018 0.0017 
        047s 180 0.0001 0.9325 0.0647 0.0015 0.0005 0.0006 
        048s 180 0.0004 0.9966 0.0010 0.0007 0.0005 0.0008 
        049s 180 0.0008 0.9967 0.0004 0.0007 0.0010 0.0003 
        050s 180 0.0005 0.9944 0.0002 0.0028 0.0019 0.0003 
         001 181 0.0870 0.0002 0.1702 0.7421 0.0004 0.0001 
         002 181 0.0000 0.0000 0.0001 0.9998 0.0000 0.0000 
         003 181 0.0000 0.0000 0.0000 0.9998 0.0000 0.0000 
         004 181 0.0518 0.0079 0.2060 0.7305 0.0036 0.0002 
         005 181 0.1915 0.0123 0.0513 0.7421 0.0005 0.0024 
         006 181 0.0001 0.0000 0.0000 0.9998 0.0000 0.0000 
         007 181 0.0000 0.0000 0.0000 0.9998 0.0000 0.0000 
         008 181 0.0350 0.0001 0.0002 0.9645 0.0001 0.0001 
         009 181 0.0000 0.0000 0.0000 0.9999 0.0000 0.0000 
         010 181 0.0315 0.0001 0.1155 0.7957 0.0571 0.0001 
         011 181 0.0001 0.0001 0.0001 0.9996 0.0001 0.0001 
         012 181 0.1100 0.0002 0.0985 0.7902 0.0002 0.0009 
         013 181 0.1440 0.0052 0.0517 0.7986 0.0003 0.0003 
         014 181 0.1583 0.0002 0.0861 0.7550 0.0001 0.0002 
         015 181 0.0001 0.0000 0.0000 0.9997 0.0000 0.0000 
         016 181 0.0261 0.0008 0.1378 0.8344 0.0003 0.0006 
         017 181 0.0001 0.0000 0.0001 0.9998 0.0000 0.0000 
         018 181 0.1387 0.0003 0.1452 0.7146 0.0009 0.0002 
         019 181 0.0130 0.0187 0.1396 0.8276 0.0002 0.0009 
         020 181 0.0001 0.0000 0.0000 0.9998 0.0000 0.0000 
         021 181 0.0001 0.0001 0.0001 0.9997 0.0000 0.0000 
         022 181 0.0000 0.0000 0.0000 0.9999 0.0000 0.0000 
         023 181 0.0005 0.0001 0.0002 0.9990 0.0001 0.0001 
         024 181 0.0748 0.0091 0.0002 0.9137 0.0009 0.0012 
         025 181 0.1070 0.0001 0.0004 0.8923 0.0001 0.0001 
         026 181 0.0000 0.0000 0.0001 0.9998 0.0000 0.0000 
         027 181 0.0001 0.0000 0.0000 0.9998 0.0000 0.0000 
         028 181 0.0000 0.0000 0.0000 0.9999 0.0000 0.0000 
         029 181 0.0316 0.0001 0.0001 0.9680 0.0001 0.0001 
         030 181 0.0003 0.0001 0.0002 0.9992 0.0001 0.0001 
         001 182 0.9446 0.0001 0.0001 0.0552 0.0000 0.0000 
         002 182 0.9998 0.0000 0.0000 0.0001 0.0000 0.0000 
         003 182 0.8792 0.0002 0.0290 0.0376 0.0538 0.0002 
         004 182 0.6563 0.0001 0.2033 0.1402 0.0001 0.0001 
         005 182 0.9005 0.0002 0.0274 0.0716 0.0003 0.0001 
         006 182 0.5300 0.0551 0.2439 0.1673 0.0005 0.0032 
         007 182 0.8756 0.0006 0.0890 0.0300 0.0046 0.0002 
         008 182 0.9998 0.0000 0.0000 0.0000 0.0000 0.0000 
         009 182 0.9998 0.0000 0.0000 0.0001 0.0000 0.0000 
         010 182 0.4900 0.0485 0.2556 0.2053 0.0003 0.0003 
         011 182 0.8263 0.0001 0.1244 0.0490 0.0001 0.0001 
         012 182 0.6135 0.0084 0.1762 0.1974 0.0005 0.0040 
         013 182 0.7713 0.0003 0.2231 0.0044 0.0002 0.0007 
         014 182 0.5811 0.0247 0.2388 0.1484 0.0006 0.0063 
         015 182 0.9998 0.0000 0.0000 0.0001 0.0000 0.0000 
         016 182 0.9998 0.0000 0.0000 0.0000 0.0000 0.0000 
         017 182 0.5019 0.0112 0.2070 0.2789 0.0006 0.0003 
         018 182 0.9998 0.0000 0.0000 0.0001 0.0000 0.0000 
         019 182 0.9998 0.0000 0.0000 0.0001 0.0000 0.0000 
         020 182 0.9996 0.0000 0.0000 0.0003 0.0000 0.0000 
         021 182 0.8455 0.0009 0.0569 0.0378 0.0584 0.0003 
         022 182 0.9997 0.0001 0.0000 0.0001 0.0000 0.0000 
         023 182 0.6159 0.0001 0.2489 0.1349 0.0001 0.0001 
         024 182 0.7179 0.0001 0.2175 0.0644 0.0001 0.0001 
         025 182 0.9198 0.0001 0.0005 0.0794 0.0001 0.0001 
         026 182 0.9996 0.0000 0.0001 0.0001 0.0000 0.0000 
         027 182 0.5450 0.0002 0.2190 0.2354 0.0001 0.0002 
         028 182 0.8047 0.0002 0.1324 0.0624 0.0001 0.0001 
         029 182 0.7884 0.0002 0.1420 0.0688 0.0004 0.0002 
         030 182 0.9998 0.0000 0.0000 0.0001 0.0000 0.0000 
          10 183 0.0002 0.9954 0.0003 0.0007 0.0011 0.0023 
          11 183 0.0002 0.9255 0.0045 0.0001 0.0003 0.0694 
          12 183 0.0003 0.9924 0.0003 0.0002 0.0010 0.0057 
          13 183 0.0029 0.9678 0.0209 0.0071 0.0007 0.0006 
          14 183 0.0005 0.9689 0.0002 0.0002 0.0203 0.0100 
          15 183 0.0100 0.9435 0.0028 0.0005 0.0005 0.0427 
          16 183 0.0020 0.9410 0.0167 0.0343 0.0045 0.0015 
          17 183 0.0035 0.9934 0.0002 0.0007 0.0003 0.0018 
          18 183 0.0003 0.9976 0.0002 0.0003 0.0006 0.0008 
          19 183 0.0003 0.9979 0.0002 0.0002 0.0003 0.0011 
          20 183 0.0002 0.9415 0.0561 0.0014 0.0005 0.0003 
          21 183 0.0006 0.9851 0.0017 0.0006 0.0001 0.0119 
          22 183 0.0023 0.9607 0.0048 0.0009 0.0031 0.0282 
          23 183 0.0027 0.9827 0.0007 0.0071 0.0063 0.0005 
          24 183 0.0001 0.9796 0.0003 0.0003 0.0008 0.0190 
          25 183 0.0013 0.9845 0.0012 0.0004 0.0007 0.0120 
          26 183 0.0057 0.9902 0.0020 0.0008 0.0005 0.0007 
          27 183 0.0118 0.9578 0.0172 0.0003 0.0002 0.0128 
          28 183 0.0017 0.9722 0.0059 0.0003 0.0004 0.0195 
          29 183 0.3786 0.2795 0.1422 0.1751 0.0004 0.0243 
          30 183 0.3134 0.0968 0.2949 0.2314 0.0004 0.0631 
          31 183 0.0009 0.9920 0.0004 0.0007 0.0004 0.0057 
          32 183 0.0004 0.9980 0.0002 0.0003 0.0008 0.0003 
          33 183 0.0027 0.9880 0.0064 0.0003 0.0015 0.0011 
          34 183 0.0003 0.9730 0.0004 0.0002 0.0017 0.0244 
          35 183 0.0381 0.9501 0.0012 0.0005 0.0006 0.0095 
          36 183 0.0004 0.9934 0.0003 0.0005 0.0013 0.0041 
          37 183 0.3233 0.1720 0.2664 0.2133 0.0006 0.0244 
          54 183 0.0529 0.9385 0.0051 0.0006 0.0002 0.0028 
          55 183 0.0029 0.8247 0.1022 0.0006 0.0023 0.0673 
           6 183 0.0003 0.9574 0.0401 0.0007 0.0008 0.0006 
           7 183 0.0366 0.8905 0.0678 0.0021 0.0003 0.0028 
           8 183 0.0468 0.9428 0.0025 0.0007 0.0015 0.0056 
           9 183 0.0061 0.9783 0.0007 0.0013 0.0018 0.0118 
           4 184 0.0008 0.9955 0.0012 0.0014 0.0005 0.0005 
           9 184 0.0002 0.9951 0.0014 0.0006 0.0022 0.0004 
          12 184 0.0019 0.9720 0.0007 0.0249 0.0003 0.0002 
          14 184 0.0005 0.9914 0.0008 0.0005 0.0009 0.0059 
          15 184 0.0004 0.9961 0.0004 0.0003 0.0007 0.0021 
          16 184 0.0003 0.9886 0.0005 0.0057 0.0037 0.0012 
          17 184 0.0156 0.9806 0.0006 0.0012 0.0013 0.0007 
          18 184 0.0009 0.8969 0.1001 0.0005 0.0004 0.0013 
          22 184 0.0015 0.9969 0.0002 0.0003 0.0007 0.0004 
          25 184 0.0027 0.9867 0.0090 0.0003 0.0007 0.0005 
          26 184 0.0024 0.9758 0.0004 0.0005 0.0190 0.0019 
          27 184 0.0035 0.9944 0.0003 0.0012 0.0003 0.0003 
          28 184 0.0003 0.9976 0.0003 0.0006 0.0004 0.0008 
          29 184 0.0004 0.9985 0.0002 0.0002 0.0002 0.0005 
          31 184 0.0011 0.9954 0.0008 0.0017 0.0006 0.0004 
          32 184 0.0035 0.9905 0.0016 0.0012 0.0008 0.0024 
          33 184 0.0004 0.9944 0.0015 0.0003 0.0017 0.0017 
          34 184 0.0003 0.9981 0.0003 0.0005 0.0004 0.0004 
          36 184 0.0330 0.5851 0.3283 0.0530 0.0003 0.0002 
          37 184 0.0317 0.9652 0.0013 0.0002 0.0012 0.0004 
          39 184 0.0023 0.9751 0.0012 0.0108 0.0006 0.0102 
          40 184 0.0003 0.9873 0.0031 0.0062 0.0007 0.0024 
          41 184 0.0076 0.9817 0.0086 0.0003 0.0006 0.0013 
          42 184 0.0015 0.9933 0.0007 0.0007 0.0036 0.0003 
          43 184 0.0050 0.9930 0.0003 0.0004 0.0004 0.0009 
          44 184 0.0065 0.9151 0.0756 0.0004 0.0002 0.0021 
          45 184 0.0003 0.9970 0.0002 0.0003 0.0016 0.0005 
          46 184 0.0002 0.9840 0.0004 0.0144 0.0005 0.0004 
          47 184 0.0002 0.9986 0.0002 0.0003 0.0003 0.0005 
          48 184 0.0004 0.9965 0.0003 0.0007 0.0004 0.0018 
          52 184 0.0011 0.9135 0.0816 0.0023 0.0007 0.0007 
          54 184 0.0003 0.9957 0.0011 0.0003 0.0024 0.0002 
          57 184 0.0006 0.9971 0.0005 0.0009 0.0005 0.0004 
          58 184 0.0008 0.9958 0.0008 0.0009 0.0006 0.0011 
          59 184 0.0024 0.9515 0.0060 0.0391 0.0002 0.0009 
          60 184 0.0005 0.9856 0.0012 0.0003 0.0021 0.0104 
           3 185 0.0006 0.9633 0.0256 0.0034 0.0007 0.0063 
           4 185 0.0016 0.9947 0.0003 0.0008 0.0009 0.0017 
           5 185 0.0010 0.9924 0.0004 0.0010 0.0047 0.0005 
           6 185 0.0007 0.9970 0.0008 0.0005 0.0006 0.0004 
           7 185 0.0005 0.8957 0.1009 0.0013 0.0014 0.0003 
           8 185 0.0419 0.9452 0.0059 0.0054 0.0004 0.0012 
           9 185 0.0003 0.9936 0.0021 0.0012 0.0004 0.0024 
          10 185 0.0004 0.9923 0.0017 0.0006 0.0014 0.0036 
          11 185 0.0007 0.9358 0.0334 0.0283 0.0008 0.0009 
          12 185 0.0385 0.8808 0.0774 0.0010 0.0009 0.0014 
          13 185 0.0005 0.9978 0.0003 0.0005 0.0006 0.0003 
          14 185 0.0006 0.9960 0.0003 0.0019 0.0005 0.0007 
          15 185 0.0016 0.7202 0.0049 0.0002 0.0363 0.2367 
          16 185 0.0003 0.9945 0.0026 0.0008 0.0006 0.0011 
          17 185 0.0396 0.9113 0.0004 0.0003 0.0012 0.0471 
          18 185 0.0005 0.9949 0.0009 0.0001 0.0029 0.0006 
          19 185 0.0003 0.9773 0.0004 0.0002 0.0007 0.0212 
          20 185 0.0148 0.8822 0.0829 0.0190 0.0004 0.0008 
          21 185 0.0015 0.9862 0.0019 0.0007 0.0010 0.0086 
          22 185 0.0019 0.9415 0.0030 0.0006 0.0005 0.0524 
          23 185 0.0018 0.9193 0.0772 0.0002 0.0002 0.0013 
          24 185 0.0003 0.9932 0.0002 0.0056 0.0003 0.0004 
          25 185 0.0167 0.9276 0.0513 0.0009 0.0002 0.0034 
          26 185 0.0004 0.9936 0.0008 0.0028 0.0008 0.0016 
          27 185 0.0003 0.9962 0.0007 0.0002 0.0019 0.0007 
          28 185 0.0006 0.9971 0.0014 0.0004 0.0003 0.0002 
          29 185 0.0078 0.8149 0.1157 0.0019 0.0071 0.0525 
          30 185 0.0138 0.9825 0.0007 0.0013 0.0004 0.0013 
          31 185 0.0013 0.9882 0.0090 0.0010 0.0002 0.0004 
          32 185 0.0086 0.9884 0.0006 0.0012 0.0009 0.0003 
          33 185 0.0251 0.9718 0.0017 0.0005 0.0004 0.0005 
          34 185 0.0009 0.9962 0.0002 0.0008 0.0002 0.0017 
          35 185 0.0018 0.9545 0.0009 0.0006 0.0417 0.0006 
          36 185 0.0005 0.9948 0.0011 0.0013 0.0013 0.0009 
          37 185 0.0031 0.9830 0.0061 0.0071 0.0002 0.0005 
          38 185 0.0090 0.9153 0.0460 0.0291 0.0003 0.0002 
          39 185 0.0008 0.9024 0.0932 0.0003 0.0003 0.0030 
          40 185 0.0004 0.9952 0.0006 0.0013 0.0011 0.0014 
          41 185 0.0002 0.9956 0.0017 0.0003 0.0013 0.0009 
          42 185 0.0004 0.9971 0.0004 0.0010 0.0006 0.0004 
           5 186 0.0008 0.9922 0.0006 0.0003 0.0058 0.0004 
           6 186 0.0007 0.9943 0.0021 0.0004 0.0022 0.0004 
           7 186 0.0123 0.9845 0.0003 0.0022 0.0003 0.0005 
           9 186 0.0003 0.8936 0.1044 0.0005 0.0007 0.0005 
          10 186 0.0154 0.9615 0.0146 0.0058 0.0017 0.0010 
          11 186 0.0003 0.9903 0.0028 0.0056 0.0004 0.0005 
          12 186 0.0016 0.9958 0.0007 0.0005 0.0009 0.0003 
          29 186 0.0009 0.9856 0.0009 0.0013 0.0004 0.0109 
          30 186 0.0002 0.9959 0.0002 0.0002 0.0021 0.0013 
          31 186 0.0028 0.7712 0.0505 0.0045 0.0133 0.1577 
          32 186 0.0003 0.8956 0.0850 0.0006 0.0005 0.0180 
          33 186 0.0002 0.9942 0.0004 0.0002 0.0006 0.0044 
          34 186 0.0081 0.9654 0.0023 0.0069 0.0155 0.0018 
          35 186 0.0002 0.9977 0.0002 0.0008 0.0004 0.0008 
          36 186 0.0006 0.9946 0.0030 0.0005 0.0004 0.0009 
          37 186 0.0481 0.9489 0.0017 0.0006 0.0004 0.0004 
          38 186 0.0013 0.9701 0.0059 0.0068 0.0011 0.0146 
          39 186 0.0006 0.9965 0.0005 0.0004 0.0016 0.0004 
          40 186 0.0008 0.9975 0.0004 0.0003 0.0003 0.0006 
          41 186 0.0054 0.9900 0.0006 0.0025 0.0011 0.0004 
          42 186 0.0007 0.9973 0.0007 0.0003 0.0005 0.0005 
          43 186 0.0209 0.9743 0.0022 0.0006 0.0016 0.0004 
          44 186 0.0003 0.9951 0.0004 0.0003 0.0023 0.0015 
          45 186 0.0002 0.9981 0.0005 0.0003 0.0003 0.0004 
          46 186 0.0006 0.9891 0.0004 0.0003 0.0092 0.0004 
          47 186 0.0305 0.9660 0.0017 0.0003 0.0004 0.0012 
          48 186 0.0009 0.9958 0.0014 0.0002 0.0010 0.0006 
          49 186 0.0003 0.9983 0.0002 0.0003 0.0007 0.0002 
          50 186 0.0085 0.9832 0.0055 0.0008 0.0004 0.0015 
          51 186 0.0005 0.9976 0.0005 0.0003 0.0008 0.0004 
          52 186 0.0010 0.9942 0.0006 0.0005 0.0028 0.0009 
          53 186 0.0011 0.9958 0.0003 0.0004 0.0005 0.0019 
          54 186 0.0007 0.9942 0.0005 0.0003 0.0034 0.0009 
          55 186 0.0005 0.9873 0.0067 0.0005 0.0043 0.0007 
          56 186 0.0004 0.9954 0.0007 0.0025 0.0003 0.0007 
          57 186 0.0054 0.9032 0.0059 0.0001 0.0091 0.0762 
          58 186 0.0028 0.9952 0.0006 0.0004 0.0008 0.0002 
          59 186 0.0067 0.9888 0.0006 0.0031 0.0002 0.0005 
          60 186 0.0002 0.9961 0.0003 0.0006 0.0010 0.0019 
           1 187 0.0525 0.9394 0.0028 0.0002 0.0009 0.0043 
           2 187 0.0025 0.9912 0.0043 0.0007 0.0006 0.0008 
           3 187 0.0006 0.9615 0.0259 0.0021 0.0014 0.0085 
           4 187 0.0414 0.8697 0.0826 0.0006 0.0004 0.0053 
           5 187 0.0003 0.9945 0.0015 0.0003 0.0031 0.0004 
           6 187 0.0064 0.9882 0.0009 0.0006 0.0033 0.0005 
           7 187 0.0016 0.8507 0.1377 0.0057 0.0035 0.0008 
           8 187 0.0006 0.9941 0.0013 0.0008 0.0025 0.0007 
           9 187 0.0002 0.9981 0.0003 0.0003 0.0002 0.0008 
          10 187 0.0041 0.9806 0.0039 0.0094 0.0010 0.0010 
          11 187 0.0014 0.9958 0.0004 0.0019 0.0003 0.0002 
          12 187 0.0006 0.9977 0.0005 0.0006 0.0003 0.0004 
          13 187 0.0004 0.9696 0.0283 0.0005 0.0004 0.0007 
          14 187 0.0005 0.9948 0.0007 0.0007 0.0015 0.0019 
          15 187 0.0007 0.9886 0.0012 0.0038 0.0052 0.0005 
          16 187 0.0009 0.9780 0.0145 0.0037 0.0015 0.0016 
          17 187 0.0413 0.8954 0.0561 0.0002 0.0004 0.0065 
          18 187 0.0012 0.9961 0.0014 0.0003 0.0004 0.0006 
          19 187 0.0004 0.9973 0.0003 0.0005 0.0011 0.0003 
          20 187 0.0003 0.9877 0.0014 0.0006 0.0093 0.0007 
          21 187 0.0222 0.9067 0.0606 0.0045 0.0041 0.0019 
          22 187 0.0003 0.9938 0.0007 0.0023 0.0003 0.0024 
          23 187 0.0002 0.9985 0.0005 0.0002 0.0003 0.0003 
          24 187 0.0095 0.9215 0.0611 0.0064 0.0008 0.0008 
          25 187 0.0005 0.9912 0.0010 0.0014 0.0033 0.0027 
          26 187 0.0006 0.9945 0.0003 0.0003 0.0013 0.0030 
          27 187 0.0002 0.9982 0.0004 0.0003 0.0004 0.0005 
          28 187 0.0163 0.9734 0.0004 0.0047 0.0015 0.0038 
          29 187 0.0005 0.9886 0.0029 0.0065 0.0005 0.0010 
          30 187 0.0009 0.9539 0.0006 0.0012 0.0007 0.0427 
          32 187 0.0038 0.9303 0.0092 0.0562 0.0004 0.0002 
          33 187 0.0005 0.9773 0.0132 0.0081 0.0003 0.0006 
          34 187 0.0002 0.9937 0.0030 0.0006 0.0021 0.0004 
          35 187 0.0014 0.9788 0.0121 0.0010 0.0018 0.0050 
          36 187 0.0004 0.9961 0.0004 0.0006 0.0010 0.0014 
          37 187 0.0006 0.9863 0.0025 0.0026 0.0005 0.0076 
          38 187 0.0089 0.8180 0.0908 0.0014 0.0241 0.0568 
           1 188 0.0019 0.9921 0.0019 0.0026 0.0007 0.0007 
           2 188 0.0364 0.9592 0.0014 0.0010 0.0015 0.0005 
           3 188 0.0018 0.9597 0.0304 0.0032 0.0034 0.0015 
           4 188 0.0089 0.9542 0.0232 0.0050 0.0082 0.0005 
           5 188 0.0016 0.9934 0.0008 0.0009 0.0009 0.0024 
           6 188 0.0001 0.9979 0.0004 0.0004 0.0004 0.0007 
           7 188 0.0010 0.9970 0.0003 0.0002 0.0009 0.0005 
           8 188 0.0125 0.9668 0.0025 0.0176 0.0004 0.0003 
           9 188 0.0065 0.9722 0.0007 0.0002 0.0201 0.0003 
          10 188 0.0060 0.9824 0.0098 0.0003 0.0004 0.0011 
          11 188 0.0003 0.9974 0.0003 0.0004 0.0014 0.0002 
          12 188 0.0005 0.9482 0.0004 0.0019 0.0006 0.0484 
          13 188 0.0576 0.8921 0.0410 0.0021 0.0005 0.0066 
          14 188 0.0448 0.9129 0.0375 0.0013 0.0003 0.0033 
          15 188 0.0007 0.9966 0.0004 0.0003 0.0017 0.0003 
          16 188 0.0024 0.9493 0.0470 0.0004 0.0004 0.0004 
          17 188 0.0030 0.9942 0.0011 0.0005 0.0004 0.0008 
          18 188 0.0005 0.9511 0.0033 0.0004 0.0003 0.0445 
          19 188 0.0014 0.9934 0.0018 0.0004 0.0007 0.0023 
          20 188 0.0012 0.8599 0.1292 0.0021 0.0012 0.0063 
          21 188 0.0003 0.9593 0.0323 0.0008 0.0016 0.0057 
          22 188 0.0139 0.9730 0.0004 0.0009 0.0057 0.0061 
          23 188 0.0016 0.9547 0.0009 0.0011 0.0003 0.0414 
          24 188 0.0003 0.9717 0.0002 0.0001 0.0004 0.0274 
          25 188 0.0005 0.9550 0.0007 0.0003 0.0044 0.0392 
          26 188 0.0081 0.9209 0.0690 0.0010 0.0006 0.0004 
          27 188 0.0010 0.9518 0.0026 0.0427 0.0004 0.0015 
          28 188 0.0005 0.9968 0.0011 0.0008 0.0004 0.0003 
          29 188 0.0004 0.8953 0.1019 0.0002 0.0007 0.0015 
          30 188 0.0512 0.8988 0.0475 0.0012 0.0002 0.0010 
          31 188 0.0068 0.9866 0.0018 0.0006 0.0006 0.0037 
          32 188 0.0003 0.9972 0.0010 0.0005 0.0007 0.0004 
          33 188 0.0003 0.9901 0.0061 0.0002 0.0002 0.0031 
          34 188 0.0003 0.9935 0.0002 0.0013 0.0004 0.0043 
          35 188 0.0003 0.9140 0.0299 0.0055 0.0022 0.0480 
          36 188 0.0019 0.8893 0.0591 0.0472 0.0018 0.0007 
          37 188 0.0009 0.9965 0.0005 0.0005 0.0012 0.0005 
          38 188 0.0077 0.9320 0.0114 0.0473 0.0009 0.0007 
          39 188 0.0130 0.9428 0.0397 0.0002 0.0033 0.0010 
          40 188 0.0005 0.9959 0.0004 0.0023 0.0005 0.0004 
           7 189 0.0009 0.9948 0.0013 0.0021 0.0005 0.0004 
           8 189 0.0009 0.9890 0.0004 0.0086 0.0005 0.0006 
           9 189 0.0051 0.9905 0.0008 0.0012 0.0006 0.0018 
          10 189 0.0025 0.9938 0.0008 0.0023 0.0004 0.0002 
          11 189 0.0030 0.9748 0.0003 0.0007 0.0171 0.0041 
          12 189 0.0034 0.9442 0.0461 0.0047 0.0010 0.0007 
          13 189 0.0004 0.9954 0.0003 0.0004 0.0008 0.0027 
          14 189 0.0058 0.9695 0.0133 0.0056 0.0002 0.0055 
          16 189 0.0009 0.8319 0.1630 0.0008 0.0022 0.0011 
          17 189 0.0003 0.9971 0.0007 0.0002 0.0009 0.0007 
          18 189 0.0011 0.9497 0.0412 0.0061 0.0008 0.0011 
          19 189 0.0011 0.9884 0.0002 0.0015 0.0017 0.0070 
          20 189 0.0036 0.9422 0.0475 0.0060 0.0003 0.0003 
          21 189 0.0320 0.9651 0.0012 0.0004 0.0005 0.0007 
          23 189 0.0005 0.9952 0.0005 0.0006 0.0011 0.0023 
          24 189 0.0019 0.9482 0.0010 0.0477 0.0007 0.0005 
          25 189 0.0009 0.9920 0.0036 0.0012 0.0006 0.0018 
          26 189 0.0020 0.9838 0.0052 0.0055 0.0018 0.0016 
          27 189 0.0006 0.9912 0.0009 0.0005 0.0041 0.0026 
          28 189 0.0002 0.9976 0.0001 0.0002 0.0014 0.0005 
          29 189 0.0008 0.9845 0.0004 0.0128 0.0006 0.0009 
          30 189 0.0105 0.9756 0.0004 0.0013 0.0014 0.0107 
          31 189 0.0003 0.9957 0.0004 0.0008 0.0003 0.0025 
          32 189 0.0304 0.9450 0.0100 0.0134 0.0008 0.0004 
          33 189 0.0007 0.9904 0.0005 0.0005 0.0017 0.0062 
          34 189 0.0002 0.9960 0.0007 0.0002 0.0026 0.0002 
          35 189 0.0005 0.9978 0.0003 0.0004 0.0004 0.0007 
          36 189 0.0005 0.9542 0.0197 0.0245 0.0005 0.0006 
          37 189 0.0003 0.9929 0.0004 0.0006 0.0014 0.0044 
          38 189 0.0001 0.9376 0.0546 0.0006 0.0045 0.0026 
          39 189 0.0073 0.9799 0.0007 0.0108 0.0007 0.0007 
          40 189 0.0015 0.8444 0.1503 0.0019 0.0009 0.0010 
          41 189 0.0052 0.9849 0.0023 0.0037 0.0003 0.0036 
          42 189 0.0024 0.7999 0.1773 0.0020 0.0151 0.0033 
          43 189 0.0003 0.9867 0.0105 0.0007 0.0013 0.0005 
           1 190 0.0754 0.8475 0.0754 0.0002 0.0009 0.0006 
           3 190 0.0005 0.9825 0.0032 0.0002 0.0013 0.0123 
           4 190 0.0009 0.9958 0.0009 0.0005 0.0013 0.0006 
           5 190 0.0119 0.9783 0.0084 0.0004 0.0003 0.0007 
           6 190 0.0008 0.9965 0.0004 0.0005 0.0007 0.0010 
           7 190 0.0010 0.9954 0.0003 0.0009 0.0002 0.0021 
           8 190 0.0348 0.9255 0.0016 0.0004 0.0010 0.0367 
           9 190 0.1315 0.5214 0.1975 0.0451 0.0162 0.0883 
          10 190 0.0005 0.9968 0.0011 0.0006 0.0007 0.0003 
          11 190 0.0520 0.9269 0.0007 0.0007 0.0193 0.0003 
          12 190 0.0004 0.9965 0.0003 0.0009 0.0011 0.0008 
          13 190 0.0004 0.9964 0.0013 0.0008 0.0009 0.0003 
          14 190 0.0028 0.9923 0.0004 0.0007 0.0034 0.0004 
          15 190 0.0012 0.9531 0.0132 0.0005 0.0290 0.0030 
          16 190 0.0197 0.9783 0.0007 0.0006 0.0002 0.0005 
          17 190 0.0106 0.9833 0.0004 0.0009 0.0040 0.0008 
          18 190 0.0005 0.9538 0.0425 0.0008 0.0004 0.0019 
          19 190 0.0011 0.9963 0.0005 0.0004 0.0004 0.0013 
          20 190 0.0013 0.9884 0.0003 0.0002 0.0008 0.0089 
          22 190 0.0024 0.8769 0.0871 0.0325 0.0006 0.0006 
          23 190 0.0020 0.9922 0.0011 0.0034 0.0005 0.0009 
          24 190 0.0002 0.9105 0.0874 0.0006 0.0007 0.0004 
          25 190 0.0047 0.9921 0.0012 0.0010 0.0007 0.0004 
          26 190 0.0005 0.9960 0.0003 0.0004 0.0017 0.0011 
          27 190 0.0004 0.9790 0.0034 0.0004 0.0162 0.0007 
          28 190 0.0072 0.9853 0.0014 0.0005 0.0051 0.0005 
          29 190 0.0006 0.9799 0.0066 0.0123 0.0003 0.0003 
          31 190 0.0039 0.9698 0.0079 0.0174 0.0006 0.0004 
           7 191 0.0003 0.9981 0.0005 0.0003 0.0002 0.0005 
           8 191 0.0023 0.9947 0.0006 0.0015 0.0004 0.0005 
           9 191 0.0003 0.9977 0.0004 0.0009 0.0004 0.0004 
          10 191 0.0009 0.9924 0.0008 0.0003 0.0004 0.0052 
          11 191 0.0058 0.9905 0.0005 0.0020 0.0006 0.0006 
          12 191 0.0031 0.8958 0.0280 0.0003 0.0722 0.0006 
          13 191 0.0004 0.9935 0.0035 0.0009 0.0007 0.0010 
          14 191 0.0005 0.9856 0.0057 0.0066 0.0013 0.0003 
          15 191 0.0012 0.9227 0.0719 0.0004 0.0014 0.0024 
          16 191 0.0005 0.9943 0.0009 0.0011 0.0007 0.0025 
          17 191 0.0315 0.8947 0.0201 0.0046 0.0011 0.0479 
          18 191 0.0003 0.9919 0.0006 0.0060 0.0007 0.0005 
          19 191 0.0018 0.9729 0.0032 0.0172 0.0012 0.0038 
          20 191 0.0186 0.9747 0.0042 0.0009 0.0003 0.0013 
          21 191 0.0009 0.9318 0.0383 0.0010 0.0025 0.0255 
          22 191 0.0007 0.9964 0.0009 0.0013 0.0002 0.0005 
          23 191 0.0006 0.9917 0.0062 0.0003 0.0005 0.0008 
          24 191 0.0017 0.9963 0.0011 0.0003 0.0003 0.0003 
          25 191 0.0004 0.9607 0.0360 0.0020 0.0005 0.0004 
          26 191 0.0005 0.8723 0.1062 0.0185 0.0004 0.0020 
          27 191 0.0005 0.9970 0.0005 0.0006 0.0008 0.0006 
          28 191 0.0004 0.9915 0.0004 0.0033 0.0006 0.0037 
          29 191 0.0017 0.9790 0.0007 0.0004 0.0004 0.0177 
          30 191 0.0034 0.9950 0.0004 0.0002 0.0008 0.0002 
          39 191 0.0033 0.9791 0.0005 0.0018 0.0148 0.0005 
          40 191 0.0006 0.9970 0.0006 0.0008 0.0006 0.0004 
          41 191 0.0535 0.9396 0.0033 0.0003 0.0005 0.0028 
          42 191 0.0003 0.9983 0.0004 0.0003 0.0006 0.0002 
          43 191 0.0006 0.9426 0.0552 0.0003 0.0006 0.0007 
          44 191 0.0048 0.9844 0.0035 0.0020 0.0001 0.0052 
          45 191 0.0004 0.9910 0.0004 0.0012 0.0043 0.0027 
          46 191 0.0620 0.8388 0.0887 0.0002 0.0003 0.0100 
          47 191 0.0010 0.9902 0.0049 0.0015 0.0010 0.0013 
          48 191 0.0005 0.9941 0.0005 0.0008 0.0029 0.0012 
          49 191 0.0003 0.9699 0.0014 0.0166 0.0032 0.0086 
          50 191 0.0010 0.9961 0.0008 0.0007 0.0005 0.0008 
           9 192 0.0004 0.9984 0.0002 0.0004 0.0003 0.0002 
          10 192 0.0003 0.9877 0.0018 0.0087 0.0013 0.0002 
          11 192 0.0003 0.9538 0.0405 0.0001 0.0009 0.0043 
          12 192 0.0005 0.9957 0.0015 0.0012 0.0005 0.0005 
          13 192 0.0112 0.9259 0.0487 0.0129 0.0006 0.0006 
          14 192 0.0220 0.9067 0.0033 0.0002 0.0003 0.0674 
          15 192 0.0004 0.9948 0.0002 0.0012 0.0020 0.0015 
          16 192 0.0124 0.9847 0.0003 0.0017 0.0004 0.0005 
          17 192 0.0381 0.9479 0.0027 0.0011 0.0094 0.0008 
          18 192 0.0003 0.9879 0.0095 0.0007 0.0006 0.0010 
          19 192 0.0151 0.9811 0.0007 0.0011 0.0018 0.0003 
          20 192 0.0044 0.9571 0.0125 0.0003 0.0246 0.0011 
          21 192 0.0006 0.9919 0.0003 0.0004 0.0064 0.0004 
          22 192 0.0162 0.9657 0.0019 0.0022 0.0013 0.0128 
          23 192 0.0016 0.8931 0.0999 0.0004 0.0004 0.0046 
          24 192 0.0011 0.9937 0.0004 0.0022 0.0023 0.0004 
          33 192 0.0002 0.9108 0.0798 0.0005 0.0081 0.0006 
          35 192 0.0006 0.9901 0.0005 0.0008 0.0066 0.0014 
          36 192 0.0004 0.9980 0.0003 0.0003 0.0007 0.0003 
          37 192 0.0008 0.9967 0.0005 0.0005 0.0009 0.0007 
          38 192 0.0006 0.9537 0.0333 0.0115 0.0003 0.0005 
          39 192 0.0028 0.9946 0.0011 0.0006 0.0005 0.0005 
          40 192 0.0040 0.9281 0.0656 0.0018 0.0002 0.0003 
          41 192 0.0290 0.9519 0.0151 0.0025 0.0003 0.0013 
          42 192 0.0029 0.9494 0.0428 0.0012 0.0004 0.0033 
          43 192 0.0006 0.9929 0.0005 0.0006 0.0032 0.0023 
          45 192 0.0003 0.9956 0.0005 0.0005 0.0024 0.0007 
          46 192 0.0004 0.9720 0.0009 0.0032 0.0223 0.0012 
          47 192 0.0003 0.9971 0.0010 0.0007 0.0003 0.0006 
          48 192 0.0005 0.9968 0.0005 0.0011 0.0002 0.0009 
          49 192 0.0006 0.9402 0.0061 0.0505 0.0019 0.0007 
          50 192 0.0003 0.9979 0.0006 0.0005 0.0006 0.0002 
