        001s  1 0.0004 0.0005 0.0011 0.9980 
        002s  1 0.0015 0.0007 0.0004 0.9974 
        003s  1 0.0016 0.0020 0.0138 0.9826 
        004s  1 0.0396 0.0038 0.0004 0.9562 
        005s  1 0.4255 0.0010 0.0003 0.5731 
        006s  1 0.0005 0.0004 0.0004 0.9987 
        007s  1 0.0009 0.0037 0.0006 0.9947 
        008s  1 0.0026 0.0008 0.0006 0.9959 
        009s  1 0.0685 0.0048 0.0013 0.9255 
        010s  1 0.0037 0.0003 0.0006 0.9954 
        011s  1 0.0026 0.0022 0.0040 0.9912 
        012s  1 0.1293 0.0016 0.0048 0.8643 
        013s  1 0.0183 0.0078 0.0012 0.9727 
        014s  1 0.0153 0.0077 0.0203 0.9567 
        015s  1 0.0005 0.0004 0.0007 0.9984 
        016s  1 0.0010 0.0066 0.0008 0.9916 
        018s  1 0.1338 0.0017 0.0006 0.8640 
        019s  1 0.0034 0.0010 0.0047 0.9910 
        020s  1 0.0004 0.0069 0.0084 0.9844 
        021s  1 0.0007 0.0059 0.0007 0.9926 
        022s  1 0.0002 0.0005 0.0004 0.9989 
        023s  1 0.0004 0.0098 0.0012 0.9887 
        024s  1 0.0010 0.0007 0.0003 0.9980 
        025s  1 0.0065 0.0008 0.0004 0.9922 
        026s  1 0.0008 0.0096 0.0057 0.9840 
        027s  1 0.0067 0.0024 0.0005 0.9904 
        028s  1 0.1060 0.0007 0.0014 0.8918 
        029s  1 0.0006 0.0006 0.0061 0.9927 
        030s  1 0.0026 0.0005 0.0095 0.9875 
        031s  1 0.0003 0.0011 0.0004 0.9983 
        032s  1 0.0006 0.0006 0.0010 0.9978 
        033s  1 0.0035 0.0009 0.0010 0.9946 
        034s  1 0.0010 0.0510 0.0027 0.9453 
        035s  1 0.0020 0.0010 0.0021 0.9949 
        036s  1 0.0713 0.0015 0.0004 0.9268 
        037s  1 0.1153 0.0571 0.0018 0.8258 
        038s  1 0.0010 0.0009 0.0007 0.9974 
        039s  1 0.0030 0.0004 0.0009 0.9958 
        040s  1 0.0019 0.0023 0.0006 0.9952 
        041s  1 0.0010 0.0032 0.0007 0.9951 
        042s  1 0.0315 0.0952 0.0009 0.8723 
        043s  1 0.0109 0.0005 0.0015 0.9871 
        044s  1 0.1059 0.0096 0.0031 0.8814 
        045s  1 0.0034 0.0007 0.0011 0.9948 
        046s  1 0.0008 0.0006 0.0020 0.9966 
        047s  1 0.0003 0.0040 0.0013 0.9943 
        048s  1 0.0040 0.0007 0.0004 0.9950 
        049s  1 0.0008 0.0005 0.0006 0.9982 
        050s  1 0.0978 0.0004 0.0006 0.9012 
        051s  1 0.0005 0.0007 0.0285 0.9704 
        052s  1 0.0233 0.0014 0.0157 0.9596 
        053s  1 0.0007 0.0005 0.0003 0.9985 
        054s  1 0.0007 0.0008 0.0022 0.9963 
        055s  1 0.0777 0.0821 0.0018 0.8384 
          01  2 0.1125 0.0032 0.0295 0.8547 
          02  2 0.0183 0.0006 0.0013 0.9798 
          03  2 0.0012 0.0009 0.0004 0.9976 
          04  2 0.0188 0.0124 0.0008 0.9680 
          05  2 0.0935 0.0004 0.0002 0.9059 
          06  2 0.0284 0.0006 0.0007 0.9703 
          07  2 0.0126 0.0006 0.0010 0.9859 
          08  2 0.0427 0.0009 0.0007 0.9557 
          09  2 0.0004 0.0003 0.0105 0.9888 
          10  2 0.0011 0.0004 0.0004 0.9981 
          11  2 0.0039 0.0033 0.0096 0.9832 
          12  2 0.0011 0.0004 0.0014 0.9971 
          13  2 0.0004 0.0004 0.0008 0.9984 
          14  2 0.0009 0.0183 0.0032 0.9776 
          15  2 0.0004 0.0015 0.0011 0.9969 
          16  2 0.0325 0.0044 0.0051 0.9580 
          17  2 0.0019 0.0008 0.0009 0.9964 
          18  2 0.0264 0.0011 0.0013 0.9713 
          19  2 0.0005 0.0042 0.0022 0.9932 
          20  2 0.0708 0.0054 0.0017 0.9221 
          21  2 0.0008 0.0006 0.0186 0.9800 
          22  2 0.0043 0.0062 0.0061 0.9834 
          23  2 0.0013 0.0021 0.0009 0.9956 
          24  2 0.0005 0.0007 0.0009 0.9979 
          25  2 0.0314 0.0011 0.0014 0.9661 
          26  2 0.0006 0.0002 0.0006 0.9985 
          27  2 0.0075 0.0033 0.0010 0.9882 
          28  2 0.0005 0.0043 0.0008 0.9944 
          29  2 0.0008 0.0002 0.0008 0.9981 
          30  2 0.1229 0.0980 0.0077 0.7714 
          01  3 0.6263 0.0117 0.0003 0.3618 
          02  3 0.7885 0.0019 0.0722 0.1374 
          03  3 0.6133 0.0012 0.0003 0.3852 
          04  3 0.7915 0.0023 0.0006 0.2057 
          05  3 0.7530 0.1306 0.1158 0.0007 
          06  3 0.9083 0.0014 0.0003 0.0900 
          07  3 0.5979 0.0004 0.0006 0.4011 
          08  3 0.6746 0.0103 0.0035 0.3116 
          09  3 0.6598 0.0077 0.0001 0.3324 
          10  3 0.6283 0.1351 0.2193 0.0174 
          11  3 0.6958 0.0003 0.0003 0.3037 
          12  3 0.7054 0.0008 0.0003 0.2935 
          13  3 0.9688 0.0003 0.0259 0.0050 
          14  3 0.7860 0.1646 0.0461 0.0033 
          15  3 0.6327 0.0020 0.0003 0.3651 
          16  3 0.9153 0.0021 0.0033 0.0792 
          17  3 0.5609 0.0014 0.0008 0.4369 
          18  3 0.5400 0.2858 0.1648 0.0094 
          19  3 0.8242 0.0059 0.0005 0.1693 
          20  3 0.7407 0.0721 0.0004 0.1869 
          21  3 0.7354 0.0155 0.0017 0.2473 
          22  3 0.6762 0.0075 0.0005 0.3159 
          23  3 0.7496 0.0024 0.0003 0.2477 
          24  3 0.7418 0.0038 0.1705 0.0838 
          25  3 0.6106 0.1389 0.2502 0.0003 
          26  3 0.7510 0.0013 0.0008 0.2470 
          27  3 0.6229 0.1788 0.1279 0.0704 
          28  3 0.8998 0.0003 0.0018 0.0982 
          29  3 0.7978 0.0196 0.0024 0.1802 
          30  3 0.6704 0.0005 0.0008 0.3283 
         001  4 0.8913 0.1066 0.0010 0.0011 
         002  4 0.8564 0.0643 0.0010 0.0783 
         003  4 0.8705 0.0822 0.0124 0.0349 
         004  4 0.9331 0.0659 0.0007 0.0003 
         005  4 0.8567 0.1050 0.0375 0.0008 
         006  4 0.8818 0.0333 0.0007 0.0842 
         007  4 0.8232 0.0865 0.0003 0.0899 
         008  4 0.8190 0.1247 0.0025 0.0538 
         009  4 0.8946 0.0889 0.0157 0.0008 
         010  4 0.9990 0.0004 0.0002 0.0004 
         011  4 0.8375 0.1545 0.0021 0.0059 
         012  4 0.8627 0.1152 0.0019 0.0202 
         013  4 0.9581 0.0229 0.0002 0.0188 
         014  4 0.8760 0.0899 0.0004 0.0338 
         015  4 0.9972 0.0016 0.0004 0.0008 
         016  4 0.9288 0.0554 0.0141 0.0018 
         017  4 0.9022 0.0013 0.0008 0.0956 
         019  4 0.8919 0.0978 0.0068 0.0035 
         020  4 0.8368 0.0887 0.0152 0.0594 
         021  4 0.8798 0.0986 0.0136 0.0080 
         001  5 0.8506 0.1154 0.0176 0.0164 
         002  5 0.7763 0.0968 0.0017 0.1252 
         003  5 0.6898 0.0890 0.0002 0.2211 
         004  5 0.7643 0.0968 0.0003 0.1386 
         005  5 0.8591 0.0981 0.0010 0.0417 
         006  5 0.8909 0.0051 0.0007 0.1032 
         007  5 0.9130 0.0787 0.0025 0.0058 
         008  5 0.9246 0.0502 0.0086 0.0165 
         009  5 0.7638 0.0750 0.0004 0.1609 
         010  5 0.8503 0.0974 0.0004 0.0519 
         011  5 0.8446 0.1425 0.0004 0.0125 
         012  5 0.8185 0.0747 0.0006 0.1062 
         013  5 0.6749 0.0333 0.0003 0.2915 
         014  5 0.6555 0.1002 0.0108 0.2335 
         015  5 0.9303 0.0614 0.0037 0.0047 
         016  5 0.8693 0.0231 0.0016 0.1060 
         017  5 0.8075 0.0046 0.0030 0.1849 
         018  5 0.7582 0.0883 0.0245 0.1291 
         019  5 0.8515 0.0869 0.0358 0.0259 
         020  5 0.8687 0.1080 0.0012 0.0220 
         021  5 0.6691 0.0967 0.0004 0.2338 
         022  5 0.7516 0.1266 0.0015 0.1203 
         023  5 0.9162 0.0705 0.0119 0.0013 
         024  5 0.7677 0.0257 0.0004 0.2062 
         025  5 0.8110 0.0289 0.0006 0.1595 
         026  5 0.7079 0.0195 0.0005 0.2721 
         027  5 0.9095 0.0687 0.0018 0.0201 
         028  5 0.8103 0.0865 0.0012 0.1020 
         029  5 0.8765 0.0093 0.0006 0.1136 
         030  5 0.8321 0.0996 0.0491 0.0193 
        001s  6 0.0125 0.0183 0.0006 0.9686 
        002s  6 0.0115 0.0012 0.0238 0.9635 
        003s  6 0.0030 0.0021 0.0006 0.9943 
        004s  6 0.0004 0.0006 0.0005 0.9986 
        006s  6 0.0835 0.0172 0.0017 0.8975 
        007s  6 0.0011 0.0004 0.0008 0.9977 
        008s  6 0.0011 0.0045 0.0028 0.9916 
        009s  6 0.0003 0.0008 0.0009 0.9979 
        010s  6 0.0208 0.0149 0.0124 0.9519 
        011s  6 0.0015 0.0010 0.0002 0.9973 
        012s  6 0.0014 0.0012 0.0020 0.9954 
        013s  6 0.0012 0.0003 0.0006 0.9979 
        014s  6 0.0466 0.0003 0.0002 0.9529 
        015s  6 0.0232 0.0059 0.0006 0.9702 
        016s  6 0.0007 0.0010 0.0005 0.9978 
        018s  6 0.2329 0.0074 0.0007 0.7591 
        019s  6 0.0097 0.0023 0.0008 0.9873 
        020s  6 0.0004 0.0005 0.0007 0.9984 
        021s  6 0.0080 0.0040 0.0012 0.9869 
        022s  6 0.0005 0.0037 0.0005 0.9953 
        023s  6 0.0039 0.0008 0.0003 0.9951 
        024s  6 0.0182 0.0011 0.0021 0.9786 
        025s  6 0.0016 0.0701 0.0005 0.9278 
        026s  6 0.0005 0.0004 0.0022 0.9968 
        027s  6 0.0008 0.0004 0.0011 0.9976 
        028s  6 0.0318 0.0073 0.0460 0.9148 
        029s  6 0.0003 0.0015 0.0016 0.9966 
        030s  6 0.0474 0.0152 0.0024 0.9351 
        031s  6 0.0028 0.0004 0.0004 0.9964 
        032s  6 0.0073 0.0006 0.0004 0.9917 
        033s  6 0.0280 0.0010 0.0004 0.9706 
        034s  6 0.0020 0.0149 0.0004 0.9826 
        035s  6 0.1130 0.0018 0.0014 0.8838 
        036s  6 0.0028 0.0010 0.0002 0.9960 
        037s  6 0.0010 0.0015 0.0020 0.9955 
        038s  6 0.0006 0.0008 0.0012 0.9974 
        039s  6 0.0003 0.0006 0.0006 0.9985 
        040s  6 0.0008 0.0004 0.0004 0.9984 
        041s  6 0.0011 0.0061 0.0036 0.9892 
        042s  6 0.0016 0.0601 0.0049 0.9334 
        043s  6 0.0008 0.0075 0.0003 0.9915 
        044s  6 0.0006 0.0009 0.0019 0.9966 
        045s  6 0.0013 0.0023 0.0006 0.9959 
        001s  7 0.0008 0.0012 0.0003 0.9976 
        002s  7 0.0086 0.0018 0.0008 0.9888 
        003s  7 0.0025 0.0009 0.0011 0.9955 
        004s  7 0.0025 0.0005 0.0010 0.9961 
        005s  7 0.0110 0.0018 0.0007 0.9866 
        006s  7 0.0311 0.0094 0.0004 0.9591 
        007s  7 0.0129 0.0016 0.0151 0.9704 
        008s  7 0.0020 0.0012 0.0024 0.9945 
        009s  7 0.0033 0.0101 0.0009 0.9858 
        010s  7 0.0005 0.0015 0.0008 0.9972 
        011s  7 0.0006 0.0008 0.0010 0.9977 
        012s  7 0.0005 0.0006 0.0005 0.9985 
        013s  7 0.0012 0.0039 0.0007 0.9942 
        014s  7 0.0073 0.0003 0.0005 0.9919 
        015s  7 0.0089 0.0011 0.0014 0.9886 
        016s  7 0.0474 0.0110 0.0003 0.9413 
        017s  7 0.0008 0.0005 0.0003 0.9984 
        018s  7 0.0014 0.0007 0.0040 0.9939 
        019s  7 0.0019 0.0123 0.0033 0.9825 
        020s  7 0.0011 0.0004 0.0003 0.9982 
        021s  7 0.0011 0.0010 0.0009 0.9970 
        022s  7 0.0032 0.0008 0.0003 0.9957 
        023s  7 0.0040 0.0187 0.0011 0.9763 
        024s  7 0.0009 0.0006 0.0018 0.9968 
        025s  7 0.0022 0.0008 0.0013 0.9957 
        026s  7 0.0006 0.0010 0.0010 0.9974 
        027s  7 0.0011 0.0005 0.0011 0.9973 
        028s  7 0.0028 0.0004 0.0002 0.9966 
        029s  7 0.0027 0.0025 0.0006 0.9941 
        030s  7 0.0004 0.0032 0.0061 0.9902 
        031s  7 0.0020 0.0114 0.0004 0.9861 
        032s  7 0.0624 0.0006 0.0059 0.9312 
        033s  7 0.0134 0.0026 0.0040 0.9799 
        034s  7 0.0225 0.0005 0.0013 0.9757 
        035s  7 0.0004 0.0012 0.0005 0.9980 
        036s  7 0.0010 0.0067 0.0007 0.9917 
        037s  7 0.0744 0.0033 0.0005 0.9219 
        038s  7 0.0033 0.0012 0.0009 0.9947 
        039s  7 0.0003 0.0003 0.0003 0.9991 
        040s  7 0.0653 0.0006 0.0004 0.9337 
        041s  7 0.0054 0.0016 0.0019 0.9911 
        042s  7 0.0026 0.0003 0.0002 0.9968 
        043s  7 0.0004 0.0031 0.0004 0.9961 
        044s  7 0.0737 0.0322 0.0013 0.8928 
         003  8 0.0041 0.0007 0.0150 0.9802 
         009  8 0.0008 0.0010 0.0006 0.9976 
         010  8 0.0003 0.0019 0.0003 0.9975 
         017  8 0.0008 0.0032 0.0013 0.9947 
         002  9 0.0005 0.0012 0.0006 0.9977 
         003  9 0.0003 0.0005 0.0003 0.9989 
         004  9 0.0003 0.0009 0.0004 0.9985 
         005  9 0.0005 0.0043 0.0012 0.9940 
         006  9 0.0011 0.0013 0.0005 0.9971 
         007  9 0.0007 0.0011 0.0010 0.9972 
         009  9 0.0005 0.0018 0.0012 0.9965 
         010  9 0.0003 0.0015 0.0019 0.9963 
         013  9 0.0009 0.0014 0.0004 0.9972 
         014  9 0.0004 0.0019 0.0054 0.9923 
         016  9 0.0002 0.0008 0.0010 0.9980 
         018  9 0.0009 0.0011 0.0054 0.9927 
         019  9 0.0007 0.0006 0.0057 0.9930 
         020  9 0.0004 0.0003 0.0003 0.9990 
         021  9 0.0004 0.0006 0.0003 0.9987 
         022  9 0.0003 0.0004 0.0010 0.9983 
         024  9 0.0004 0.0030 0.0020 0.9945 
         028  9 0.0005 0.0013 0.0005 0.9977 
         029  9 0.0003 0.0005 0.0010 0.9982 
         030  9 0.0003 0.0011 0.0008 0.9979 
         031  9 0.0006 0.0004 0.0012 0.9979 
         033  9 0.0011 0.0008 0.0006 0.9974 
         001 10 0.0003 0.0003 0.0010 0.9984 
         002 10 0.0002 0.0007 0.0015 0.9976 
         003 10 0.0004 0.0098 0.0007 0.9891 
         004 10 0.0003 0.0025 0.0006 0.9966 
         005 10 0.0004 0.0009 0.0013 0.9975 
         006 10 0.0007 0.0008 0.0005 0.9979 
         007 10 0.0004 0.0017 0.0004 0.9975 
         008 10 0.0007 0.0034 0.0008 0.9951 
         009 10 0.0008 0.0004 0.0053 0.9934 
         010 10 0.0004 0.0008 0.0023 0.9965 
         011 10 0.0008 0.0373 0.0004 0.9616 
         012 10 0.0008 0.0025 0.0005 0.9962 
         013 10 0.0006 0.0006 0.0008 0.9980 
         014 10 0.0006 0.0007 0.0007 0.9980 
         016 10 0.0007 0.0008 0.0014 0.9972 
         017 10 0.0006 0.0008 0.0009 0.9977 
         018 10 0.0020 0.0008 0.0022 0.9951 
         019 10 0.0004 0.0009 0.0053 0.9933 
         020 10 0.0009 0.0016 0.0061 0.9913 
         021 10 0.0004 0.0003 0.0027 0.9966 
         022 10 0.0004 0.0006 0.0003 0.9987 
         023 10 0.0004 0.0007 0.0004 0.9986 
         024 10 0.0002 0.0018 0.0014 0.9966 
         026 10 0.0004 0.0005 0.0006 0.9985 
        001s 11 0.0506 0.0275 0.0007 0.9212 
        002s 11 0.0016 0.0015 0.0038 0.9931 
        003s 11 0.0017 0.0004 0.0011 0.9968 
        004s 11 0.0006 0.0017 0.0002 0.9974 
        005s 11 0.0010 0.0005 0.0053 0.9932 
        006s 11 0.0055 0.0022 0.0021 0.9902 
        007s 11 0.0606 0.0008 0.0016 0.9371 
        008s 11 0.0004 0.0004 0.0006 0.9986 
        009s 11 0.0004 0.0005 0.0140 0.9852 
        010s 11 0.0008 0.0006 0.0006 0.9980 
        011s 11 0.1126 0.0166 0.0003 0.8706 
        012s 11 0.0749 0.0005 0.0007 0.9238 
        013s 11 0.0009 0.0010 0.0003 0.9979 
        014s 11 0.0118 0.0009 0.0014 0.9859 
        015s 11 0.0025 0.0037 0.0016 0.9922 
        016s 11 0.0034 0.0635 0.0060 0.9271 
        017s 11 0.0549 0.0029 0.0007 0.9414 
        018s 11 0.0033 0.0007 0.0011 0.9949 
        019s 11 0.0007 0.0200 0.0003 0.9790 
        020s 11 0.0016 0.0014 0.0014 0.9956 
        021s 11 0.0006 0.0009 0.0004 0.9980 
        022s 11 0.0141 0.0004 0.0009 0.9846 
        023s 11 0.0037 0.0280 0.0004 0.9679 
        025s 11 0.0004 0.0007 0.0003 0.9987 
        026s 11 0.0048 0.0586 0.0007 0.9359 
        027s 11 0.0016 0.0004 0.0004 0.9976 
        028s 11 0.0035 0.0009 0.0003 0.9953 
        029s 11 0.0109 0.0004 0.0009 0.9878 
        030s 11 0.0223 0.0012 0.0011 0.9754 
        031s 11 0.0005 0.0004 0.0007 0.9985 
        032s 11 0.0004 0.0024 0.0006 0.9966 
        033s 11 0.0017 0.0009 0.0013 0.9961 
        034s 11 0.0013 0.0005 0.0003 0.9979 
        035s 11 0.0031 0.0004 0.0013 0.9952 
        036s 11 0.0101 0.0004 0.0015 0.9881 
        037s 11 0.0010 0.0013 0.0010 0.9968 
        038s 11 0.0011 0.0006 0.0007 0.9977 
        039s 11 0.0007 0.0009 0.0005 0.9979 
        040s 11 0.0773 0.0008 0.0009 0.9210 
        041s 11 0.0010 0.0025 0.0207 0.9757 
        042s 11 0.0009 0.0081 0.0006 0.9904 
        043s 11 0.0088 0.0244 0.0006 0.9662 
        044s 11 0.0011 0.0037 0.0010 0.9942 
        045s 11 0.0008 0.0087 0.0004 0.9901 
        046s 11 0.0094 0.0299 0.0006 0.9601 
        047s 11 0.0011 0.0012 0.0007 0.9970 
        048s 11 0.0042 0.0341 0.0019 0.9598 
        049s 11 0.0008 0.0013 0.0010 0.9969 
        050s 11 0.0007 0.0010 0.0004 0.9979 
        051s 11 0.0032 0.0512 0.0005 0.9452 
        052s 11 0.0041 0.0020 0.0013 0.9926 
        053s 11 0.0004 0.0007 0.0014 0.9975 
        054s 11 0.0033 0.0005 0.0003 0.9958 
        055s 11 0.0437 0.0004 0.0003 0.9557 
        001s 12 0.0044 0.0009 0.0011 0.9937 
        002s 12 0.0007 0.0011 0.0026 0.9956 
        003s 12 0.0005 0.0004 0.0009 0.9982 
        004s 12 0.0065 0.0125 0.0026 0.9784 
        005s 12 0.0006 0.0008 0.0008 0.9978 
        006s 12 0.0302 0.0014 0.0006 0.9679 
        007s 12 0.0013 0.0015 0.0036 0.9936 
        008s 12 0.0081 0.0008 0.0007 0.9904 
        009s 12 0.0114 0.0062 0.0203 0.9620 
        010s 12 0.0534 0.0006 0.0014 0.9447 
        011s 12 0.0021 0.0006 0.0010 0.9963 
        012s 12 0.0029 0.0030 0.0004 0.9936 
        013s 12 0.0005 0.0367 0.0006 0.9622 
        014s 12 0.0344 0.0362 0.0030 0.9264 
        015s 12 0.0019 0.0009 0.0015 0.9957 
        016s 12 0.0005 0.0030 0.0006 0.9959 
        017s 12 0.0024 0.0010 0.0004 0.9962 
        018s 12 0.0007 0.0014 0.0024 0.9956 
        019s 12 0.0014 0.0004 0.0028 0.9955 
        020s 12 0.0430 0.0009 0.0002 0.9560 
        021s 12 0.0012 0.0019 0.0005 0.9964 
        022s 12 0.0253 0.0078 0.0039 0.9630 
        023s 12 0.0004 0.0011 0.0007 0.9978 
        024s 12 0.0005 0.0006 0.0005 0.9984 
        025s 12 0.0060 0.0009 0.0059 0.9872 
        026s 12 0.0046 0.0012 0.0177 0.9765 
        027s 12 0.0023 0.0004 0.0004 0.9968 
        028s 12 0.0008 0.0025 0.0100 0.9867 
        029s 12 0.0005 0.0011 0.0004 0.9979 
        030s 12 0.0014 0.0006 0.0004 0.9977 
        031s 12 0.0021 0.0019 0.0008 0.9952 
        032s 12 0.0004 0.0007 0.0066 0.9924 
        033s 12 0.0046 0.0004 0.0005 0.9945 
        034s 12 0.0003 0.0004 0.0005 0.9988 
        035s 12 0.0058 0.0004 0.0005 0.9933 
        036s 12 0.0112 0.0007 0.0028 0.9853 
        037s 12 0.0006 0.0008 0.0011 0.9974 
        001s 13 0.0027 0.0024 0.0010 0.9939 
        002s 13 0.0604 0.0008 0.0003 0.9385 
        003s 13 0.0005 0.0013 0.0007 0.9975 
        004s 13 0.0005 0.0027 0.0098 0.9871 
        005s 13 0.0081 0.0019 0.0023 0.9877 
        006s 13 0.0012 0.0005 0.0012 0.9971 
        007s 13 0.0136 0.0010 0.0004 0.9850 
        008s 13 0.0408 0.0008 0.0022 0.9563 
        009s 13 0.1135 0.0011 0.0102 0.8753 
        010s 13 0.0449 0.0009 0.0013 0.9528 
        011s 13 0.0433 0.0026 0.0054 0.9487 
        012s 13 0.0446 0.0251 0.0040 0.9263 
        013s 13 0.0463 0.0054 0.0009 0.9474 
        014s 13 0.0123 0.0036 0.0008 0.9833 
        015s 13 0.0022 0.0088 0.0101 0.9790 
        016s 13 0.0003 0.0008 0.0005 0.9984 
        017s 13 0.0470 0.0005 0.0039 0.9486 
        018s 13 0.0004 0.0007 0.0008 0.9982 
        019s 13 0.0008 0.0009 0.0004 0.9980 
        020s 13 0.0057 0.0003 0.0021 0.9919 
        021s 13 0.0005 0.0015 0.0007 0.9973 
        022s 13 0.0011 0.0007 0.0004 0.9977 
        023s 13 0.0007 0.0003 0.0006 0.9985 
        024s 13 0.0144 0.0413 0.0009 0.9434 
        025s 13 0.0006 0.0019 0.0009 0.9966 
        026s 13 0.1016 0.0079 0.0004 0.8901 
        027s 13 0.0361 0.0020 0.0052 0.9566 
        028s 13 0.0283 0.0022 0.0075 0.9621 
        029s 13 0.0080 0.0014 0.0005 0.9900 
        030s 13 0.0173 0.0433 0.0005 0.9389 
        031s 13 0.0043 0.1008 0.0011 0.8938 
        032s 13 0.0013 0.0003 0.0004 0.9980 
        033s 13 0.0435 0.0007 0.0006 0.9552 
        034s 13 0.0476 0.0010 0.0021 0.9493 
        035s 13 0.0006 0.0038 0.0014 0.9942 
        036s 13 0.0014 0.0004 0.0006 0.9977 
        037s 13 0.0005 0.0014 0.0007 0.9974 
        038s 13 0.0022 0.0007 0.0008 0.9962 
        039s 13 0.0805 0.0844 0.0011 0.8340 
        040s 13 0.0011 0.0008 0.0004 0.9977 
        041s 13 0.0656 0.0016 0.0003 0.9325 
        042s 13 0.0007 0.0010 0.0007 0.9976 
        001s 14 0.0073 0.0009 0.0012 0.9906 
        002s 14 0.0557 0.0020 0.0035 0.9387 
        003s 14 0.0007 0.0008 0.0006 0.9978 
        004s 14 0.0167 0.0032 0.0009 0.9792 
        005s 14 0.0003 0.0005 0.0006 0.9986 
        006s 14 0.0006 0.0003 0.0003 0.9988 
        007s 14 0.0010 0.0013 0.0004 0.9973 
        008s 14 0.0854 0.0022 0.0182 0.8942 
        009s 14 0.0015 0.0008 0.0064 0.9913 
        010s 14 0.0070 0.0015 0.0176 0.9740 
        011s 14 0.0601 0.0009 0.0004 0.9385 
        012s 14 0.0012 0.0013 0.0018 0.9958 
        013s 14 0.0020 0.0048 0.0006 0.9926 
        014s 14 0.0069 0.0010 0.0087 0.9833 
        015s 14 0.0007 0.0024 0.0078 0.9892 
        016s 14 0.0004 0.0109 0.0004 0.9882 
        017s 14 0.0762 0.0009 0.0006 0.9223 
        018s 14 0.0006 0.0011 0.0009 0.9973 
        019s 14 0.0018 0.0006 0.0004 0.9972 
        020s 14 0.0005 0.0009 0.0069 0.9917 
        021s 14 0.0013 0.0007 0.0092 0.9887 
        022s 14 0.0067 0.0012 0.0021 0.9901 
        023s 14 0.0020 0.0027 0.0024 0.9929 
        024s 14 0.0477 0.0015 0.0023 0.9485 
        025s 14 0.0037 0.0004 0.0004 0.9955 
        026s 14 0.0005 0.0008 0.0020 0.9968 
        027s 14 0.0010 0.0038 0.0005 0.9947 
        028s 14 0.0017 0.0007 0.0020 0.9956 
        029s 14 0.0002 0.0010 0.0005 0.9982 
        030s 14 0.0042 0.0004 0.0005 0.9948 
        031s 14 0.0023 0.0013 0.0006 0.9958 
        032s 14 0.0011 0.0016 0.0005 0.9968 
        033s 14 0.0224 0.0004 0.0007 0.9765 
        034s 14 0.0003 0.0008 0.0005 0.9984 
        035s 14 0.1584 0.0004 0.0003 0.8409 
        036s 14 0.1085 0.0049 0.0021 0.8845 
        037s 14 0.0005 0.0031 0.0008 0.9957 
        038s 14 0.0009 0.0004 0.0005 0.9982 
        039s 14 0.0029 0.0045 0.0029 0.9896 
        040s 14 0.0023 0.0012 0.0003 0.9961 
        041s 14 0.0010 0.0006 0.0004 0.9980 
        042s 14 0.0267 0.0020 0.0010 0.9702 
        001s 15 0.0005 0.0015 0.0008 0.9973 
        002s 15 0.0881 0.0119 0.0045 0.8956 
        003s 15 0.0028 0.0078 0.0010 0.9884 
        004s 15 0.0005 0.0002 0.0092 0.9901 
        005s 15 0.0118 0.0048 0.0012 0.9822 
        006s 15 0.0075 0.0012 0.0007 0.9906 
        007s 15 0.0004 0.0005 0.0008 0.9983 
        008s 15 0.0005 0.0007 0.0005 0.9982 
        009s 15 0.0395 0.0329 0.0007 0.9269 
        010s 15 0.0006 0.0010 0.0003 0.9980 
        011s 15 0.0552 0.0007 0.0004 0.9437 
        012s 15 0.0035 0.0019 0.0014 0.9932 
        013s 15 0.0005 0.0010 0.0038 0.9946 
        014s 15 0.0015 0.0051 0.0033 0.9901 
        015s 15 0.0805 0.0089 0.0011 0.9095 
        016s 15 0.0860 0.0005 0.0287 0.8848 
        017s 15 0.0014 0.0016 0.0173 0.9797 
        018s 15 0.0004 0.0004 0.0017 0.9975 
        019s 15 0.0018 0.0045 0.0006 0.9932 
        020s 15 0.0009 0.0006 0.0005 0.9980 
        021s 15 0.0603 0.0042 0.0020 0.9335 
        022s 15 0.0015 0.0005 0.0007 0.9973 
        023s 15 0.0304 0.0009 0.0004 0.9683 
        024s 15 0.0019 0.0008 0.0004 0.9969 
        025s 15 0.0045 0.0279 0.0010 0.9667 
        026s 15 0.0009 0.0210 0.0043 0.9738 
        027s 15 0.0105 0.0009 0.0118 0.9768 
        028s 15 0.0008 0.0012 0.0023 0.9957 
        029s 15 0.0008 0.0010 0.0013 0.9970 
        030s 15 0.0004 0.0008 0.0017 0.9972 
        031s 15 0.0501 0.0076 0.0015 0.9408 
        032s 15 0.0003 0.0019 0.0007 0.9971 
        033s 15 0.0351 0.0003 0.0010 0.9637 
        035s 15 0.0037 0.0008 0.0018 0.9937 
        036s 15 0.0011 0.0036 0.0003 0.9950 
        037s 15 0.0030 0.0011 0.0005 0.9955 
        038s 15 0.0025 0.0004 0.0009 0.9962 
        039s 15 0.0263 0.0003 0.0005 0.9728 
        040s 15 0.0047 0.0005 0.0028 0.9921 
        041s 15 0.0756 0.0048 0.0006 0.9190 
        042s 15 0.0013 0.0007 0.0028 0.9953 
        043s 15 0.0058 0.0016 0.0003 0.9923 
        044s 15 0.0027 0.0008 0.0009 0.9955 
        045s 15 0.0371 0.0756 0.0016 0.8857 
        046s 15 0.0304 0.0010 0.0005 0.9681 
        047s 15 0.0245 0.0004 0.0004 0.9748 
        048s 15 0.0009 0.0141 0.0014 0.9837 
        049s 15 0.0111 0.0004 0.0004 0.9881 
        050s 15 0.1072 0.0028 0.0098 0.8803 
         001 16 0.1837 0.0007 0.0033 0.8123 
         002 16 0.0237 0.0006 0.0003 0.9755 
         003 16 0.0087 0.0018 0.0032 0.9863 
         004 16 0.0010 0.0013 0.0006 0.9970 
         005 16 0.0587 0.0272 0.0012 0.9129 
         006 16 0.0104 0.0128 0.0009 0.9758 
         007 16 0.0022 0.0016 0.0008 0.9954 
         008 16 0.1351 0.0004 0.0010 0.8634 
         009 16 0.0008 0.0005 0.0012 0.9975 
         010 16 0.0049 0.0010 0.0005 0.9936 
         011 16 0.0045 0.0023 0.0005 0.9926 
         012 16 0.0014 0.0010 0.0011 0.9965 
         013 16 0.0005 0.0005 0.0004 0.9985 
         014 16 0.0159 0.0003 0.0017 0.9821 
         015 16 0.0009 0.3669 0.0014 0.6307 
         016 16 0.0006 0.0110 0.0044 0.9840 
         017 16 0.0172 0.0010 0.0007 0.9811 
         018 16 0.0353 0.0307 0.0061 0.9279 
         019 16 0.0682 0.0004 0.0007 0.9307 
         020 16 0.0003 0.0007 0.0008 0.9981 
         021 16 0.1252 0.0014 0.0046 0.8687 
         022 16 0.0024 0.0032 0.0010 0.9934 
         023 16 0.0055 0.0115 0.0004 0.9825 
         024 16 0.0013 0.0252 0.0012 0.9724 
         025 16 0.0715 0.0035 0.0006 0.9244 
         026 16 0.1037 0.0029 0.0004 0.8930 
         027 16 0.0019 0.0017 0.0072 0.9893 
         028 16 0.1617 0.0003 0.0191 0.8189 
         029 16 0.0353 0.0008 0.0013 0.9625 
         030 16 0.0017 0.0003 0.0003 0.9977 
         031 16 0.0009 0.0004 0.0131 0.9856 
         032 16 0.0690 0.0053 0.0009 0.9248 
         033 16 0.0008 0.0002 0.0004 0.9986 
         034 16 0.0049 0.0014 0.0003 0.9935 
         035 16 0.0004 0.0003 0.0006 0.9988 
         036 16 0.0003 0.0019 0.0016 0.9962 
         037 16 0.0486 0.0041 0.0012 0.9461 
         038 16 0.0014 0.0068 0.0013 0.9905 
         039 16 0.0006 0.0006 0.0010 0.9977 
         040 16 0.0010 0.0017 0.0004 0.9969 
         041 16 0.0009 0.0012 0.0003 0.9976 
         042 16 0.0010 0.0008 0.0016 0.9966 
         043 16 0.0008 0.0010 0.0011 0.9971 
         044 16 0.0030 0.0013 0.0018 0.9939 
         045 16 0.0111 0.0003 0.0027 0.9860 
         047 16 0.0339 0.0007 0.0053 0.9601 
         048 16 0.0037 0.0006 0.0006 0.9952 
         049 16 0.0009 0.0031 0.0005 0.9954 
         050 16 0.0006 0.0004 0.0005 0.9986 
         051 16 0.0019 0.0005 0.0018 0.9958 
         052 16 0.0004 0.0006 0.0004 0.9987 
         053 16 0.0005 0.0006 0.0009 0.9980 
         054 16 0.0450 0.0004 0.0012 0.9534 
         055 16 0.0806 0.0002 0.0004 0.9187 
         056 16 0.0008 0.0071 0.0006 0.9915 
         057 16 0.0542 0.0002 0.0005 0.9450 
         058 16 0.1025 0.0153 0.0002 0.8820 
         059 16 0.0986 0.0928 0.0050 0.8037 
         060 16 0.0015 0.0092 0.0012 0.9881 
         061 16 0.0011 0.0017 0.0007 0.9965 
         062 16 0.0025 0.0003 0.0013 0.9958 
         063 16 0.0014 0.0005 0.0005 0.9976 
         064 16 0.0006 0.0017 0.0004 0.9973 
         065 16 0.0033 0.0026 0.0015 0.9926 
         066 16 0.0004 0.0004 0.0009 0.9983 
         067 16 0.0017 0.0746 0.0011 0.9226 
         068 16 0.0033 0.0316 0.0008 0.9643 
         069 16 0.0008 0.0006 0.0050 0.9937 
         070 16 0.0026 0.0006 0.0024 0.9943 
         071 16 0.0966 0.0003 0.0003 0.9028 
         072 16 0.0026 0.0013 0.0008 0.9953 
         073 16 0.0022 0.0004 0.0006 0.9968 
         074 16 0.0004 0.0002 0.0005 0.9989 
         075 16 0.0310 0.0008 0.0006 0.9677 
         076 16 0.0009 0.0004 0.0007 0.9980 
         077 16 0.0233 0.0586 0.0261 0.8921 
         078 16 0.0035 0.0029 0.0006 0.9930 
         079 16 0.0893 0.0019 0.0024 0.9063 
         080 16 0.0006 0.0010 0.0003 0.9981 
         081 16 0.0644 0.0007 0.0010 0.9339 
         082 16 0.0324 0.0004 0.0006 0.9666 
         083 16 0.0006 0.0015 0.0006 0.9973 
         084 16 0.0027 0.0009 0.0033 0.9932 
         085 16 0.0008 0.0090 0.0016 0.9886 
         086 16 0.1169 0.0009 0.0007 0.8815 
         087 16 0.0146 0.0003 0.0019 0.9831 
         088 16 0.0004 0.0025 0.0004 0.9967 
         089 16 0.0043 0.0010 0.0010 0.9937 
         090 16 0.0024 0.0006 0.0013 0.9956 
         091 16 0.0010 0.0006 0.0007 0.9976 
         092 16 0.0089 0.0010 0.0005 0.9897 
         093 16 0.0009 0.0004 0.0022 0.9965 
         094 16 0.0022 0.0420 0.0057 0.9501 
         095 16 0.0004 0.0004 0.0012 0.9980 
         096 16 0.0116 0.0030 0.0004 0.9850 
         097 16 0.1114 0.0034 0.0022 0.8830 
         098 16 0.0007 0.0041 0.0066 0.9885 
         099 16 0.0004 0.0061 0.0009 0.9926 
         100 16 0.0006 0.0020 0.0007 0.9968 
         101 16 0.0057 0.0043 0.0006 0.9893 
         102 16 0.0020 0.0015 0.0004 0.9960 
         103 16 0.0019 0.0024 0.0030 0.9927 
         104 16 0.0012 0.0033 0.0003 0.9952 
         105 16 0.1039 0.0024 0.0049 0.8888 
         106 16 0.0009 0.0020 0.0005 0.9965 
         107 16 0.0014 0.0045 0.0462 0.9480 
         108 16 0.1025 0.1727 0.0695 0.6553 
         109 16 0.0243 0.0006 0.0006 0.9746 
         110 16 0.0003 0.0014 0.0002 0.9980 
         111 16 0.0142 0.0015 0.0009 0.9835 
         112 16 0.0084 0.0018 0.0011 0.9888 
         113 16 0.0636 0.0010 0.0004 0.9349 
         114 16 0.0027 0.0017 0.0040 0.9916 
         115 16 0.0004 0.0007 0.0004 0.9985 
         116 16 0.0040 0.0011 0.0004 0.9945 
         117 16 0.0146 0.0006 0.0033 0.9815 
         118 16 0.0012 0.0110 0.0011 0.9867 
         119 16 0.0020 0.0013 0.0021 0.9946 
         120 16 0.0016 0.0005 0.0012 0.9966 
         121 16 0.0016 0.0275 0.0003 0.9706 
         122 16 0.0004 0.0005 0.0003 0.9989 
         123 16 0.0032 0.0005 0.0028 0.9935 
         124 16 0.0040 0.0013 0.0004 0.9942 
         126 16 0.1350 0.0026 0.0051 0.8573 
         001 17 0.0016 0.0006 0.0083 0.9895 
         002 17 0.0013 0.0006 0.0005 0.9976 
         003 17 0.0007 0.0004 0.0009 0.9980 
         005 17 0.0004 0.0005 0.0237 0.9755 
         006 17 0.0461 0.0004 0.0009 0.9525 
         007 17 0.1322 0.0327 0.0032 0.8318 
         008 17 0.1188 0.0009 0.0007 0.8796 
         009 17 0.0003 0.0004 0.0007 0.9987 
         010 17 0.0008 0.0014 0.0005 0.9973 
         011 17 0.1124 0.3901 0.0017 0.4958 
         012 17 0.0014 0.0018 0.0007 0.9961 
         013 17 0.0003 0.0003 0.0007 0.9988 
         014 17 0.0005 0.0004 0.0009 0.9983 
         015 17 0.0026 0.0003 0.0006 0.9965 
         016 17 0.0010 0.0004 0.0005 0.9981 
         017 17 0.0018 0.0010 0.0009 0.9963 
         018 17 0.0187 0.0003 0.0236 0.9573 
         019 17 0.0003 0.0007 0.0008 0.9982 
         020 17 0.0007 0.0008 0.0003 0.9982 
         021 17 0.0005 0.0010 0.0006 0.9979 
         022 17 0.0490 0.0011 0.0108 0.9391 
         023 17 0.0012 0.0007 0.0020 0.9961 
         024 17 0.0788 0.0027 0.0011 0.9175 
         025 17 0.0005 0.0004 0.0004 0.9988 
         002 18 0.0004 0.0017 0.0039 0.9941 
         003 18 0.0004 0.0014 0.0003 0.9979 
         004 18 0.0155 0.0010 0.0038 0.9797 
         005 18 0.0014 0.0333 0.0006 0.9646 
         006 18 0.0003 0.0009 0.0003 0.9985 
         007 18 0.0030 0.0003 0.0027 0.9941 
         008 18 0.0004 0.0018 0.0004 0.9973 
         009 18 0.0133 0.0028 0.0015 0.9824 
         010 18 0.0008 0.0078 0.0029 0.9885 
         011 18 0.0008 0.0017 0.0017 0.9958 
         012 18 0.0043 0.0028 0.0006 0.9923 
         015 18 0.0011 0.0022 0.0003 0.9965 
         016 18 0.0059 0.0004 0.0005 0.9932 
         018 18 0.0004 0.0046 0.0044 0.9906 
         026 18 0.0020 0.0006 0.0021 0.9953 
         027 18 0.0003 0.0011 0.0023 0.9963 
         028 18 0.0012 0.0003 0.0300 0.9685 
         029 18 0.0011 0.0006 0.0005 0.9978 
         031 18 0.0730 0.0816 0.0265 0.8189 
         032 18 0.0005 0.0003 0.0014 0.9978 
         033 18 0.0007 0.0008 0.0013 0.9973 
         035 18 0.0010 0.0006 0.0004 0.9981 
         036 18 0.0005 0.0082 0.0009 0.9904 
         037 18 0.0058 0.0100 0.0139 0.9703 
         038 18 0.0226 0.0023 0.0509 0.9242 
         039 18 0.0004 0.0011 0.0004 0.9981 
         044 18 0.1316 0.0003 0.0008 0.8673 
         046 18 0.0010 0.0305 0.0055 0.9630 
         049 18 0.0005 0.0004 0.0010 0.9981 
         053 18 0.0016 0.0005 0.0011 0.9967 
         054 18 0.0071 0.0010 0.0010 0.9910 
         056 18 0.0052 0.0033 0.0040 0.9875 
         057 18 0.0007 0.0035 0.0007 0.9951 
         058 18 0.0009 0.0027 0.0054 0.9911 
        001s 19 0.0555 0.0014 0.0007 0.9424 
        002s 19 0.0018 0.0011 0.0010 0.9961 
        003s 19 0.0030 0.0005 0.0004 0.9960 
        004s 19 0.0014 0.0258 0.0061 0.9667 
        005s 19 0.0441 0.0738 0.0036 0.8785 
        006s 19 0.0020 0.0014 0.0015 0.9952 
        007s 19 0.0181 0.0147 0.0003 0.9669 
        008s 19 0.0273 0.0142 0.0013 0.9572 
        009s 19 0.0013 0.0017 0.0005 0.9964 
        010s 19 0.0063 0.0004 0.0141 0.9792 
        011s 19 0.0011 0.0008 0.0046 0.9935 
        012s 19 0.0032 0.0004 0.0016 0.9948 
        013s 19 0.0131 0.0006 0.0010 0.9853 
        014s 19 0.0735 0.0218 0.0007 0.9039 
        015s 19 0.0015 0.0003 0.0006 0.9975 
        016s 19 0.0014 0.0405 0.0206 0.9375 
        017s 19 0.0197 0.0066 0.0023 0.9713 
        018s 19 0.0016 0.0029 0.0011 0.9945 
        019s 19 0.0855 0.0022 0.0006 0.9117 
        020s 19 0.0777 0.0010 0.0007 0.9205 
        021s 19 0.0043 0.0005 0.0019 0.9933 
        022s 19 0.0087 0.0006 0.0012 0.9895 
        023s 19 0.0017 0.0024 0.0027 0.9932 
        024s 19 0.0005 0.0018 0.0020 0.9957 
        025s 19 0.0870 0.0065 0.0017 0.9048 
        026s 19 0.0106 0.0033 0.0030 0.9831 
        027s 19 0.0018 0.0009 0.0007 0.9967 
        028s 19 0.0048 0.0003 0.0007 0.9941 
        029s 19 0.0004 0.0007 0.0018 0.9971 
        030s 19 0.0023 0.0006 0.0035 0.9936 
        031s 19 0.0022 0.0008 0.0004 0.9965 
        032s 19 0.0011 0.0003 0.0004 0.9982 
        033s 19 0.0005 0.0041 0.0012 0.9942 
        034s 19 0.0010 0.0008 0.0006 0.9976 
        035s 19 0.0105 0.0052 0.0030 0.9813 
        036s 19 0.0007 0.0013 0.0003 0.9978 
        037s 19 0.0005 0.0004 0.0010 0.9981 
        038s 19 0.0021 0.0019 0.0019 0.9941 
        039s 19 0.0007 0.0004 0.0006 0.9983 
        040s 19 0.0061 0.0005 0.0005 0.9929 
        041s 19 0.0004 0.0005 0.0004 0.9987 
        042s 19 0.0019 0.0166 0.0073 0.9743 
        043s 19 0.0386 0.0005 0.0020 0.9590 
        044s 19 0.0004 0.0015 0.0009 0.9973 
        045s 19 0.0004 0.0010 0.0010 0.9976 
        046s 19 0.0021 0.0052 0.0014 0.9913 
        047s 19 0.0035 0.0004 0.0006 0.9956 
        048s 19 0.0986 0.0004 0.0018 0.8992 
        049s 19 0.0204 0.0052 0.0006 0.9739 
        050s 19 0.0005 0.0006 0.0005 0.9984 
        051s 19 0.0591 0.0089 0.0010 0.9311 
        052s 19 0.0011 0.0007 0.0014 0.9968 
      LIW2-4 20 0.0014 0.0025 0.0022 0.9939 
     LIW2-12 21 0.0005 0.0781 0.0102 0.9112 
     LIW2-20 22 0.0012 0.0011 0.0046 0.9931 
     LIW2-28 23 0.0252 0.0736 0.0021 0.8990 
      LIW1-5 24 0.0009 0.0034 0.0016 0.9940 
     LIW1-13 25 0.0720 0.0146 0.0005 0.9129 
     LIW1-21 26 0.0015 0.0336 0.0080 0.9568 
     LIW1-29 27 0.0183 0.0185 0.0032 0.9600 
      LIW2-5 28 0.0007 0.0021 0.0071 0.9901 
     LIW2-34 29 0.0003 0.0037 0.0081 0.9878 
     LIW2-21 30 0.0824 0.0207 0.0011 0.8959 
     LIW2-29 31 0.1789 0.0018 0.0048 0.8145 
      LIW1-6 32 0.0006 0.0033 0.0012 0.9949 
     LIW1-14 33 0.0439 0.0008 0.0350 0.9204 
     LIW1-22 34 0.0004 0.0056 0.0269 0.9671 
     LIW1-30 35 0.0008 0.0035 0.0013 0.9944 
      LIW2-6 36 0.0078 0.0239 0.0030 0.9653 
     LIW2-14 37 0.0011 0.0061 0.0004 0.9925 
     LIW2-22 38 0.0211 0.0925 0.0012 0.8853 
     LIW2-30 39 0.0005 0.0041 0.0422 0.9531 
      LIW1-7 40 0.0161 0.0564 0.0095 0.9180 
     LIW1-15 41 0.0003 0.0122 0.0047 0.9829 
     LIW1-23 42 0.0039 0.0061 0.0027 0.9873 
     LIW1-31 43 0.0023 0.0068 0.0030 0.9879 
      LIW2-7 44 0.0795 0.0006 0.0082 0.9117 
     LIW2-15 45 0.0005 0.0028 0.0548 0.9419 
     LIW2-23 46 0.0013 0.0871 0.0008 0.9108 
      LIW1-8 47 0.0006 0.0026 0.0009 0.9959 
     LIW1-16 48 0.0005 0.0020 0.0012 0.9963 
      LIW2-8 49 0.0005 0.0023 0.0031 0.9941 
     LIW2-16 50 0.3131 0.0357 0.0037 0.6475 
     LIW2-24 51 0.1870 0.0116 0.0021 0.7993 
     LIW2-32 52 0.0073 0.0503 0.0076 0.9349 
     LIW1-47 53 0.0081 0.0148 0.0017 0.9754 
      UMFS-1 54 0.0003 0.0001 0.9993 0.0003 
     UMFS-19 55 0.0003 0.0001 0.9994 0.0001 
     UMFS-31 56 0.0002 0.0007 0.8088 0.1903 
      UMFS-2 57 0.0002 0.0002 0.9383 0.0613 
     UMFS-10 58 0.0002 0.0005 0.8935 0.1058 
     UMFS-20 59 0.0017 0.0004 0.8433 0.1546 
     UMFS-32 60 0.0005 0.0002 0.9990 0.0004 
      UMFS-3 61 0.0001 0.0001 0.9998 0.0001 
     UMFS-11 62 0.4059 0.0087 0.0005 0.5849 
     UMFS-21 63 0.0099 0.0089 0.9358 0.0454 
     UMFS-33 64 0.0000 0.0000 0.9999 0.0000 
      UMFS-4 65 0.0000 0.0000 0.9999 0.0000 
     UMFS-22 66 0.0019 0.0014 0.9483 0.0484 
     UMFS-34 67 0.0040 0.0802 0.5863 0.3295 
      UMFS-5 68 0.0015 0.0011 0.9177 0.0797 
     UMFS-13 69 0.0009 0.0022 0.9960 0.0009 
     UMFS-23 70 0.0011 0.0007 0.7687 0.2295 
     UMFS-35 71 0.0001 0.0001 0.9997 0.0001 
      UMFS-6 72 0.0001 0.0001 0.9998 0.0001 
     UMFS-14 73 0.0000 0.0000 0.9999 0.0000 
     UMFS-24 74 0.0027 0.0004 0.7508 0.2461 
     UMFS-36 75 0.0000 0.0000 0.9999 0.0000 
      UMFS-7 76 0.5615 0.1150 0.0002 0.3233 
     UMFS-15 77 0.0001 0.0001 0.9998 0.0001 
     UMFS-25 78 0.0073 0.0003 0.7915 0.2009 
     UMFS-37 79 0.0001 0.0001 0.9998 0.0001 
      UMFS-8 80 0.0020 0.0013 0.9847 0.0120 
     UMFS-16 81 0.0001 0.0001 0.9997 0.0001 
     UMFS-26 82 0.0146 0.1353 0.4828 0.3673 
     UMFS-38 83 0.0001 0.0001 0.9997 0.0001 
      NEH1-2 84 0.0165 0.9811 0.0010 0.0014 
     NEH1-11 85 0.0321 0.9658 0.0007 0.0015 
     NEH1-20 86 0.0005 0.8791 0.0033 0.1171 
     NEH1-29 87 0.0003 0.9988 0.0002 0.0007 
      NEH2-2 88 0.0002 0.9994 0.0002 0.0002 
     NEH2-10 89 0.0004 0.9953 0.0003 0.0041 
     NEH2-18 90 0.0004 0.9993 0.0002 0.0001 
     NEH2-26 91 0.0007 0.9979 0.0004 0.0010 
      NEH1-3 92 0.0008 0.8465 0.0003 0.1525 
     NEH1-12 93 0.0520 0.9473 0.0005 0.0002 
     NEH1-21 94 0.0016 0.9342 0.0002 0.0640 
     NEH1-30 95 0.0093 0.9191 0.0002 0.0715 
      NEH2-3 96 0.0001 0.9996 0.0002 0.0001 
     NEH2-11 97 0.0026 0.9934 0.0035 0.0005 
     NEH2-19 98 0.0011 0.9942 0.0027 0.0020 
     NEH2-27 99 0.0001 0.9997 0.0001 0.0001 
      NEH1-4 100 0.0002 0.9995 0.0002 0.0001 
     NEH1-13 101 0.0015 0.7707 0.0005 0.2272 
     NEH1-22 102 0.0004 0.8020 0.0006 0.1970 
     NEH1-31 103 0.0003 0.9990 0.0001 0.0005 
      NEH2-4 104 0.0008 0.9939 0.0019 0.0034 
     NEH2-12 105 0.0321 0.9496 0.0176 0.0006 
     NEH2-20 106 0.0002 0.8063 0.0009 0.1926 
     NEH2-28 107 0.0041 0.9944 0.0004 0.0011 
      NEH1-5 108 0.0015 0.8634 0.0005 0.1346 
     NEH1-14 109 0.0669 0.7687 0.0007 0.1636 
     NEH1-23 110 0.0004 0.7722 0.0055 0.2220 
     NEH1-32 111 0.0015 0.9976 0.0003 0.0007 
      NEH2-5 112 0.0001 0.9996 0.0001 0.0002 
     NEH2-13 113 0.0066 0.9911 0.0003 0.0019 
     NEH2-22 114 0.0003 0.9986 0.0005 0.0005 
     NEH2-29 115 0.0004 0.9670 0.0006 0.0320 
      NEH1-6 116 0.0002 0.9995 0.0001 0.0001 
     NEH1-15 117 0.0418 0.9563 0.0002 0.0018 
     NEH1-24 118 0.0027 0.9946 0.0020 0.0007 
     NEH1-33 119 0.0003 0.8777 0.0005 0.1216 
      NEH2-6 120 0.0005 0.9815 0.0070 0.0111 
     NEH2-14 121 0.0013 0.9946 0.0009 0.0032 
     NEH2-21 122 0.0002 0.9566 0.0015 0.0417 
     NEH2-30 123 0.0001 0.9995 0.0002 0.0002 
      NEH1-7 124 0.0787 0.8466 0.0005 0.0742 
     NEH1-16 125 0.0002 0.9994 0.0001 0.0003 
     NEH1-25 126 0.0012 0.8773 0.0015 0.1200 
     NEH1-34 127 0.0097 0.9357 0.0008 0.0538 
      NEH2-7 128 0.0008 0.9951 0.0023 0.0018 
     NEH2-15 129 0.0001 0.9998 0.0001 0.0001 
     NEH2-23 130 0.0389 0.9472 0.0015 0.0124 
     NEH2-31 131 0.0001 0.9995 0.0002 0.0002 
      NEH1-8 132 0.0582 0.8359 0.0003 0.1056 
     NEH1-17 133 0.0953 0.9034 0.0006 0.0007 
     NEH1-26 134 0.0005 0.8497 0.0019 0.1480 
     NEH1-35 135 0.0021 0.8140 0.0006 0.1833 
      NEH2-8 136 0.0001 0.9997 0.0001 0.0001 
     NEH2-16 137 0.0004 0.9982 0.0007 0.0006 
     NEH2-24 138 0.0001 0.9993 0.0004 0.0001 
     NEH2-32 139 0.0581 0.9410 0.0007 0.0003 
      NEH1-1 140 0.0773 0.9190 0.0025 0.0012 
     NEH1-10 141 0.0002 0.9995 0.0001 0.0002 
     NEH1-19 142 0.0012 0.8798 0.0003 0.1188 
     NEH1-28 143 0.0410 0.9582 0.0003 0.0006 
      NEH2-1 144 0.0011 0.9965 0.0004 0.0020 
      NEH2-9 145 0.0002 0.9991 0.0003 0.0004 
     NEH2-17 146 0.0304 0.9645 0.0005 0.0046 
     NEH2-25 147 0.0011 0.9984 0.0002 0.0004 
      LIW1-1 148 0.0903 0.1090 0.0085 0.7922 
      LIW1-9 149 0.1529 0.0718 0.0005 0.7747 
     LIW1-17 150 0.0005 0.0514 0.0011 0.9470 
     LIW1-25 151 0.0003 0.0018 0.0090 0.9889 
      LIW2-9 152 0.0601 0.0013 0.0016 0.9371 
     LIW2-17 153 0.0016 0.0029 0.0018 0.9938 
     LIW2-25 154 0.0008 0.0029 0.0034 0.9929 
      LIW1-2 155 0.0008 0.0146 0.0018 0.9827 
     LIW1-10 156 0.0032 0.0035 0.0050 0.9884 
     LIW1-18 157 0.0023 0.0060 0.0025 0.9893 
     LIW1-26 158 0.0010 0.0192 0.0013 0.9786 
      LIW2-2 159 0.0005 0.0037 0.0041 0.9917 
     LIW2-10 160 0.0013 0.0014 0.0011 0.9962 
     LIW2-18 161 0.0224 0.0629 0.0079 0.9068 
     LIW2-26 162 0.0006 0.0013 0.0495 0.9486 
      LIW1-3 163 0.0022 0.0144 0.0424 0.9409 
     LIW1-11 164 0.0078 0.0073 0.0073 0.9776 
     LIW1-19 165 0.0370 0.0695 0.0034 0.8902 
     LIW1-27 166 0.0038 0.0005 0.0012 0.9945 
      LIW2-3 167 0.0109 0.0027 0.0076 0.9789 
     LIW2-11 168 0.0004 0.0008 0.0012 0.9975 
     LIW2-19 169 0.0012 0.0263 0.0011 0.9714 
     LIW2-27 170 0.0003 0.0130 0.0136 0.9730 
      LIW1-4 171 0.0006 0.0050 0.0021 0.9923 
     LIW1-12 172 0.0142 0.0029 0.0357 0.9472 
     LIW1-20 173 0.0019 0.0018 0.0011 0.9952 
     LIW1-28 174 0.0017 0.0131 0.0026 0.9826 
        001s 175 0.0026 0.0015 0.0005 0.9955 
        002s 175 0.0650 0.0025 0.0006 0.9319 
        003s 175 0.0005 0.0008 0.0010 0.9977 
        004s 175 0.0312 0.0008 0.0034 0.9645 
        005s 175 0.0013 0.0013 0.0041 0.9934 
        006s 175 0.1534 0.0010 0.0055 0.8401 
        007s 175 0.0005 0.0008 0.0005 0.9981 
        008s 175 0.0019 0.0006 0.0028 0.9947 
        009s 175 0.1083 0.0011 0.0025 0.8881 
        010s 175 0.0008 0.0009 0.0003 0.9979 
        011s 175 0.0022 0.0011 0.0007 0.9959 
        012s 175 0.0005 0.0003 0.0007 0.9984 
        013s 175 0.0030 0.0002 0.0005 0.9963 
        014s 175 0.0787 0.0003 0.0007 0.9202 
        015s 175 0.0013 0.0014 0.0005 0.9969 
        016s 175 0.0099 0.0003 0.0005 0.9893 
        017s 175 0.0068 0.0051 0.0011 0.9870 
        018s 175 0.0039 0.0011 0.0065 0.9885 
        019s 175 0.0012 0.0042 0.0199 0.9747 
        020s 175 0.0011 0.0010 0.0008 0.9971 
        021s 175 0.0008 0.0018 0.0007 0.9967 
        022s 175 0.0071 0.0035 0.0004 0.9890 
        023s 175 0.0038 0.0033 0.0052 0.9878 
        024s 175 0.0285 0.0006 0.0010 0.9699 
        025s 175 0.0471 0.0006 0.0021 0.9502 
        026s 175 0.0026 0.0015 0.0005 0.9955 
        027s 175 0.0013 0.0013 0.0007 0.9967 
        028s 175 0.0007 0.0606 0.0005 0.9381 
        029s 175 0.0007 0.0005 0.0014 0.9974 
        030s 175 0.0908 0.0013 0.0005 0.9074 
        031s 175 0.0018 0.0004 0.0075 0.9903 
        032s 175 0.0011 0.0192 0.0027 0.9770 
        033s 175 0.0116 0.0008 0.0020 0.9856 
        034s 175 0.0032 0.0004 0.0003 0.9961 
        035s 175 0.0053 0.0004 0.0007 0.9936 
        036s 175 0.0008 0.0005 0.0036 0.9950 
        037s 175 0.0009 0.0123 0.0002 0.9866 
        038s 175 0.0071 0.0008 0.0003 0.9919 
        039s 175 0.0013 0.0029 0.0009 0.9949 
        040s 175 0.0008 0.0021 0.0005 0.9966 
        041s 175 0.0024 0.0007 0.0006 0.9964 
        042s 175 0.0016 0.0016 0.0186 0.9781 
        043s 175 0.0031 0.0034 0.0009 0.9926 
        044s 175 0.0007 0.0012 0.0005 0.9976 
        045s 175 0.0625 0.0007 0.0009 0.9359 
        046s 175 0.0013 0.0022 0.0009 0.9956 
        047s 175 0.0007 0.0078 0.0033 0.9882 
        048s 175 0.0041 0.0004 0.0013 0.9942 
        049s 175 0.0156 0.0007 0.0022 0.9814 
        050s 175 0.0349 0.0961 0.0033 0.8657 
        001s 176 0.0792 0.0004 0.0010 0.9193 
        002s 176 0.0110 0.0022 0.0003 0.9865 
        003s 176 0.0010 0.0012 0.0006 0.9971 
        004s 176 0.0012 0.0016 0.0030 0.9942 
        005s 176 0.0004 0.0142 0.0005 0.9849 
        006s 176 0.0009 0.0005 0.0023 0.9963 
        007s 176 0.0696 0.0008 0.0018 0.9277 
        008s 176 0.0005 0.0002 0.0012 0.9981 
        009s 176 0.0005 0.0072 0.0008 0.9915 
        010s 176 0.0008 0.0005 0.0011 0.9976 
        011s 176 0.0006 0.0034 0.0005 0.9954 
        012s 176 0.0619 0.0010 0.0008 0.9363 
        013s 176 0.0103 0.0023 0.0010 0.9864 
        014s 176 0.0028 0.0005 0.0012 0.9955 
        015s 176 0.0008 0.0014 0.0077 0.9901 
        016s 176 0.0007 0.0011 0.0048 0.9935 
        017s 176 0.0003 0.0004 0.0006 0.9987 
        018s 176 0.0005 0.0087 0.0013 0.9894 
        019s 176 0.0462 0.0006 0.0008 0.9524 
        020s 176 0.0011 0.0013 0.0009 0.9967 
        021s 176 0.0039 0.0011 0.0007 0.9944 
        022s 176 0.0011 0.0007 0.0016 0.9967 
        023s 176 0.0009 0.0003 0.0778 0.9210 
        024s 176 0.0366 0.0010 0.0013 0.9612 
        025s 176 0.0054 0.0030 0.0016 0.9901 
        026s 176 0.0048 0.0021 0.0010 0.9921 
        027s 176 0.0004 0.0008 0.0004 0.9983 
        028s 176 0.0011 0.0006 0.0011 0.9972 
        029s 176 0.0010 0.0021 0.0005 0.9963 
        030s 176 0.0495 0.0006 0.0004 0.9496 
        031s 176 0.0060 0.0010 0.0004 0.9926 
        032s 176 0.0105 0.0306 0.0010 0.9580 
        033s 176 0.1171 0.0254 0.0040 0.8534 
        034s 176 0.0010 0.0006 0.0002 0.9982 
        035s 176 0.0043 0.0699 0.0006 0.9251 
        036s 176 0.0008 0.0007 0.0003 0.9982 
        037s 176 0.0626 0.0156 0.0016 0.9202 
        038s 176 0.0009 0.0007 0.0015 0.9969 
        039s 176 0.0006 0.0003 0.0004 0.9987 
        040s 176 0.0003 0.0007 0.0003 0.9987 
        041s 176 0.0008 0.0006 0.0035 0.9951 
        042s 176 0.0005 0.0004 0.0009 0.9982 
        043s 176 0.0129 0.0064 0.0024 0.9783 
        044s 176 0.0020 0.0003 0.0003 0.9973 
        045s 176 0.0096 0.0011 0.0011 0.9882 
        046s 176 0.0013 0.0003 0.0006 0.9978 
        047s 176 0.0004 0.0014 0.0035 0.9947 
        048s 176 0.0059 0.0006 0.0097 0.9838 
        050s 176 0.0009 0.0074 0.0003 0.9913 
        001s 177 0.0396 0.0127 0.0085 0.9393 
        002s 177 0.0005 0.0013 0.0007 0.9975 
        003s 177 0.0287 0.0071 0.0442 0.9199 
        004s 177 0.0007 0.0013 0.0003 0.9977 
        005s 177 0.0015 0.0003 0.0006 0.9976 
        006s 177 0.0017 0.0022 0.0019 0.9941 
        007s 177 0.0039 0.0009 0.0004 0.9948 
        008s 177 0.1442 0.0013 0.0111 0.8434 
        009s 177 0.0004 0.0006 0.0004 0.9986 
        010s 177 0.0186 0.0010 0.0011 0.9792 
        011s 177 0.0011 0.0005 0.0002 0.9982 
        012s 177 0.0017 0.0006 0.0005 0.9972 
        013s 177 0.0008 0.0022 0.0077 0.9893 
        014s 177 0.0276 0.0020 0.0013 0.9692 
        015s 177 0.0024 0.0020 0.0007 0.9949 
        016s 177 0.0004 0.0005 0.0008 0.9983 
        017s 177 0.0286 0.0009 0.0011 0.9693 
        018s 177 0.0061 0.0003 0.0029 0.9908 
        019s 177 0.0006 0.0048 0.0006 0.9941 
        020s 177 0.0014 0.0024 0.0009 0.9953 
        021s 177 0.0004 0.0010 0.0005 0.9981 
        022s 177 0.0041 0.0156 0.0007 0.9796 
        023s 177 0.0091 0.0019 0.0023 0.9867 
        024s 177 0.0006 0.0014 0.0006 0.9974 
        025s 177 0.0025 0.0007 0.0005 0.9963 
        026s 177 0.0006 0.0028 0.0006 0.9960 
        027s 177 0.0004 0.0007 0.0009 0.9981 
        028s 177 0.0004 0.0006 0.0020 0.9970 
        029s 177 0.0882 0.0016 0.0003 0.9099 
        030s 177 0.0065 0.0022 0.0019 0.9894 
        031s 177 0.0009 0.0096 0.0010 0.9886 
        032s 177 0.0223 0.0004 0.0006 0.9767 
        033s 177 0.0005 0.0028 0.0005 0.9961 
        034s 177 0.0013 0.0007 0.0004 0.9976 
        035s 177 0.0004 0.0003 0.0007 0.9986 
        036s 177 0.0074 0.0603 0.0008 0.9315 
        037s 177 0.0245 0.0032 0.0007 0.9716 
        038s 177 0.0069 0.0011 0.0029 0.9891 
        039s 177 0.0010 0.0012 0.0050 0.9928 
        040s 177 0.0187 0.0011 0.0004 0.9798 
        041s 177 0.1064 0.0006 0.0005 0.8925 
        042s 177 0.0225 0.0006 0.0010 0.9759 
        043s 177 0.0003 0.0005 0.0005 0.9987 
        044s 177 0.0008 0.0008 0.0003 0.9980 
        045s 177 0.0105 0.0025 0.0090 0.9781 
        046s 177 0.0007 0.0006 0.0004 0.9982 
        047s 177 0.0014 0.0027 0.0013 0.9946 
        048s 177 0.0059 0.0005 0.0006 0.9930 
        049s 177 0.0519 0.0006 0.0002 0.9472 
        050s 177 0.0006 0.0005 0.0044 0.9944 
        001s 178 0.0211 0.0018 0.0037 0.9734 
        002s 178 0.0026 0.0027 0.0006 0.9941 
        003s 178 0.0036 0.0006 0.0012 0.9945 
        004s 178 0.0020 0.0005 0.0117 0.9858 
        005s 178 0.0015 0.0004 0.0015 0.9966 
        006s 178 0.0450 0.0493 0.0110 0.8947 
        007s 178 0.0009 0.0006 0.0003 0.9982 
        008s 178 0.0841 0.0010 0.0033 0.9116 
        009s 178 0.0024 0.0014 0.0014 0.9948 
        010s 178 0.0005 0.0011 0.0005 0.9978 
        011s 178 0.0010 0.0005 0.0009 0.9975 
        012s 178 0.0022 0.0005 0.0004 0.9968 
        013s 178 0.0003 0.0031 0.0048 0.9917 
        014s 178 0.0182 0.0216 0.0004 0.9597 
        015s 178 0.0035 0.0005 0.0008 0.9952 
        016s 178 0.0103 0.0013 0.0029 0.9856 
        017s 178 0.0273 0.0032 0.0016 0.9678 
        018s 178 0.0013 0.0016 0.0009 0.9962 
        019s 178 0.0015 0.0004 0.0005 0.9976 
        020s 178 0.0004 0.0002 0.0012 0.9981 
        021s 178 0.0213 0.0011 0.0007 0.9770 
        022s 178 0.0018 0.0004 0.0005 0.9973 
        023s 178 0.0963 0.0361 0.0008 0.8668 
        024s 178 0.0007 0.0007 0.0007 0.9979 
        025s 178 0.0200 0.0008 0.0004 0.9788 
        026s 178 0.0005 0.0004 0.0023 0.9968 
        027s 178 0.0313 0.0013 0.0010 0.9664 
        028s 178 0.0345 0.0076 0.0080 0.9500 
        029s 178 0.0027 0.0007 0.0003 0.9962 
        030s 178 0.0070 0.0033 0.0006 0.9891 
        031s 178 0.0004 0.0003 0.0200 0.9794 
        032s 178 0.0005 0.0005 0.0018 0.9971 
        033s 178 0.0369 0.0005 0.0019 0.9607 
        034s 178 0.0004 0.0005 0.0011 0.9981 
        035s 178 0.0008 0.0024 0.0013 0.9955 
        036s 178 0.0003 0.0008 0.0005 0.9984 
        037s 178 0.0004 0.0055 0.0004 0.9937 
        039s 178 0.0117 0.0064 0.0021 0.9798 
        040s 178 0.0682 0.0023 0.0011 0.9284 
        041s 178 0.0005 0.0006 0.0006 0.9982 
        042s 178 0.0243 0.0054 0.0171 0.9532 
        043s 178 0.0309 0.0099 0.0454 0.9138 
        044s 178 0.1150 0.0009 0.0002 0.8840 
        045s 178 0.0011 0.0009 0.0006 0.9974 
        046s 178 0.0013 0.0003 0.0007 0.9977 
        047s 178 0.0134 0.0009 0.0010 0.9847 
        048s 178 0.0124 0.0217 0.0015 0.9644 
        049s 178 0.0036 0.0040 0.0004 0.9920 
        050s 178 0.0909 0.0029 0.0064 0.8998 
          01 179 0.0744 0.0184 0.0006 0.9067 
          02 179 0.0011 0.0022 0.0011 0.9955 
          03 179 0.1361 0.0012 0.0002 0.8626 
          04 179 0.0016 0.0057 0.0006 0.9921 
          05 179 0.0530 0.0011 0.0015 0.9444 
          06 179 0.0011 0.0004 0.0093 0.9893 
          07 179 0.0020 0.0062 0.0002 0.9916 
          08 179 0.0005 0.0046 0.0018 0.9931 
          09 179 0.0004 0.0007 0.0006 0.9983 
          10 179 0.0056 0.0051 0.0003 0.9890 
          11 179 0.0860 0.0006 0.0005 0.9129 
          12 179 0.0007 0.0026 0.0020 0.9947 
          13 179 0.0006 0.0005 0.0020 0.9969 
          14 179 0.0808 0.0028 0.0007 0.9157 
          15 179 0.0111 0.0009 0.0008 0.9872 
          16 179 0.0090 0.0011 0.0036 0.9863 
          17 179 0.0011 0.0180 0.0008 0.9801 
          18 179 0.0007 0.0022 0.0013 0.9957 
          19 179 0.0202 0.0008 0.0018 0.9773 
          20 179 0.0359 0.0921 0.0053 0.8666 
          21 179 0.0002 0.0005 0.0004 0.9989 
          22 179 0.0071 0.0012 0.0183 0.9735 
          23 179 0.0016 0.0006 0.0004 0.9974 
        001s 180 0.0265 0.0319 0.0007 0.9409 
        002s 180 0.0010 0.0024 0.0003 0.9962 
        003s 180 0.0009 0.0015 0.0029 0.9946 
        004s 180 0.0008 0.0005 0.0004 0.9983 
        005s 180 0.0045 0.0244 0.0002 0.9709 
        006s 180 0.0870 0.0006 0.0007 0.9116 
        007s 180 0.0007 0.0004 0.0006 0.9983 
        008s 180 0.0025 0.0005 0.0005 0.9966 
        009s 180 0.0006 0.0015 0.0009 0.9970 
        010s 180 0.0005 0.0008 0.0078 0.9910 
        011s 180 0.0010 0.0005 0.0005 0.9980 
        012s 180 0.0071 0.0006 0.0007 0.9916 
        013s 180 0.0011 0.0060 0.0025 0.9905 
        014s 180 0.0050 0.0014 0.0004 0.9932 
        015s 180 0.0009 0.0017 0.0005 0.9969 
        016s 180 0.0103 0.0168 0.0029 0.9701 
        017s 180 0.0009 0.0009 0.0006 0.9975 
        018s 180 0.0654 0.0013 0.0009 0.9324 
        019s 180 0.0010 0.0011 0.0006 0.9972 
        020s 180 0.0016 0.0063 0.0020 0.9901 
        021s 180 0.0019 0.0023 0.0008 0.9950 
        022s 180 0.0057 0.0009 0.0003 0.9930 
        023s 180 0.0005 0.0042 0.0002 0.9952 
        024s 180 0.0023 0.0070 0.0007 0.9900 
        025s 180 0.0066 0.0005 0.0008 0.9922 
        026s 180 0.0018 0.0006 0.0034 0.9942 
        027s 180 0.0033 0.0008 0.0009 0.9949 
        028s 180 0.0018 0.0011 0.0011 0.9960 
        029s 180 0.0076 0.0622 0.0136 0.9167 
        030s 180 0.0013 0.0003 0.0065 0.9919 
        031s 180 0.0006 0.0014 0.0004 0.9976 
        032s 180 0.0017 0.0006 0.0149 0.9829 
        033s 180 0.0023 0.0002 0.0030 0.9945 
        034s 180 0.0033 0.0007 0.0014 0.9946 
        035s 180 0.0052 0.0220 0.0008 0.9720 
        036s 180 0.0005 0.0007 0.0045 0.9943 
        037s 180 0.0015 0.0016 0.0049 0.9920 
        038s 180 0.0017 0.0003 0.0009 0.9970 
        039s 180 0.0017 0.0011 0.0009 0.9963 
        041s 180 0.0011 0.0003 0.0004 0.9982 
        042s 180 0.0016 0.0054 0.0011 0.9919 
        043s 180 0.0037 0.0015 0.0094 0.9854 
        044s 180 0.0009 0.0005 0.0010 0.9975 
        045s 180 0.0023 0.0037 0.0023 0.9916 
        046s 180 0.0061 0.0017 0.0016 0.9906 
        047s 180 0.0059 0.0016 0.0012 0.9913 
        048s 180 0.0010 0.0008 0.0005 0.9978 
        049s 180 0.0007 0.0004 0.0009 0.9981 
        050s 180 0.0006 0.0004 0.0029 0.9960 
         001 181 0.9994 0.0001 0.0003 0.0001 
         002 181 0.9998 0.0001 0.0001 0.0001 
         003 181 0.9996 0.0001 0.0002 0.0001 
         004 181 0.9929 0.0003 0.0031 0.0037 
         005 181 0.9972 0.0009 0.0002 0.0018 
         006 181 0.9998 0.0001 0.0001 0.0001 
         007 181 0.9996 0.0001 0.0001 0.0001 
         008 181 0.9996 0.0001 0.0002 0.0001 
         009 181 0.9998 0.0000 0.0001 0.0001 
         010 181 0.9605 0.0001 0.0392 0.0001 
         011 181 0.9997 0.0001 0.0001 0.0001 
         012 181 0.9984 0.0009 0.0002 0.0004 
         013 181 0.9991 0.0002 0.0002 0.0004 
         014 181 0.9996 0.0001 0.0001 0.0002 
         015 181 0.9997 0.0001 0.0001 0.0001 
         016 181 0.9994 0.0002 0.0001 0.0002 
         017 181 0.9997 0.0001 0.0001 0.0001 
         018 181 0.9994 0.0002 0.0002 0.0002 
         019 181 0.9985 0.0004 0.0002 0.0010 
         020 181 0.9996 0.0001 0.0001 0.0002 
         021 181 0.9997 0.0001 0.0001 0.0001 
         022 181 0.9998 0.0001 0.0001 0.0001 
         023 181 0.9997 0.0001 0.0001 0.0001 
         024 181 0.9957 0.0004 0.0012 0.0026 
         025 181 0.9997 0.0001 0.0001 0.0001 
         026 181 0.9997 0.0001 0.0001 0.0001 
         027 181 0.9998 0.0001 0.0001 0.0001 
         028 181 0.9998 0.0001 0.0000 0.0001 
         029 181 0.9995 0.0001 0.0002 0.0001 
         030 181 0.9996 0.0001 0.0002 0.0001 
         001 182 0.9997 0.0001 0.0001 0.0001 
         002 182 0.9993 0.0002 0.0002 0.0003 
         003 182 0.9415 0.0002 0.0579 0.0004 
         004 182 0.9994 0.0003 0.0001 0.0002 
         005 182 0.9978 0.0001 0.0012 0.0008 
         006 182 0.8819 0.0023 0.0004 0.1155 
         007 182 0.9796 0.0003 0.0190 0.0011 
         008 182 0.9990 0.0001 0.0004 0.0005 
         009 182 0.9992 0.0001 0.0004 0.0002 
         010 182 0.8998 0.0005 0.0003 0.0993 
         011 182 0.9994 0.0001 0.0002 0.0003 
         012 182 0.9274 0.0022 0.0002 0.0701 
         013 182 0.9961 0.0020 0.0005 0.0014 
         014 182 0.8967 0.0073 0.0006 0.0954 
         015 182 0.9997 0.0001 0.0001 0.0001 
         016 182 0.9994 0.0001 0.0003 0.0002 
         017 182 0.9431 0.0004 0.0005 0.0560 
         018 182 0.9996 0.0001 0.0001 0.0002 
         019 182 0.9997 0.0001 0.0001 0.0001 
         020 182 0.9997 0.0001 0.0001 0.0001 
         021 182 0.9261 0.0006 0.0710 0.0023 
         022 182 0.9995 0.0002 0.0002 0.0002 
         023 182 0.9995 0.0002 0.0001 0.0002 
         024 182 0.9995 0.0001 0.0002 0.0003 
         025 182 0.9993 0.0001 0.0004 0.0002 
         026 182 0.9997 0.0001 0.0001 0.0001 
         027 182 0.9984 0.0009 0.0002 0.0005 
         028 182 0.9991 0.0002 0.0003 0.0004 
         029 182 0.9912 0.0006 0.0075 0.0007 
         030 182 0.9997 0.0001 0.0001 0.0001 
          10 183 0.0003 0.0017 0.0017 0.9963 
          11 183 0.0003 0.0745 0.0003 0.9249 
          12 183 0.0005 0.0067 0.0012 0.9916 
          13 183 0.0476 0.0005 0.0009 0.9510 
          14 183 0.0003 0.0091 0.0230 0.9677 
          15 183 0.0052 0.0444 0.0005 0.9499 
          16 183 0.0656 0.0011 0.0027 0.9306 
          17 183 0.0008 0.0019 0.0005 0.9968 
          18 183 0.0004 0.0012 0.0007 0.9977 
          19 183 0.0003 0.0008 0.0003 0.9986 
          20 183 0.0168 0.0006 0.0010 0.9816 
          21 183 0.0008 0.0104 0.0002 0.9887 
          22 183 0.0038 0.0242 0.0031 0.9690 
          23 183 0.0066 0.0004 0.0065 0.9864 
          24 183 0.0003 0.0192 0.0007 0.9798 
          25 183 0.0012 0.0090 0.0009 0.9889 
          26 183 0.0037 0.0008 0.0006 0.9949 
          27 183 0.0105 0.0126 0.0002 0.9766 
          28 183 0.0023 0.0226 0.0005 0.9747 
          29 183 0.6920 0.0205 0.0005 0.2870 
          30 183 0.8132 0.0732 0.0006 0.1130 
          31 183 0.0008 0.0048 0.0004 0.9940 
          32 183 0.0003 0.0003 0.0014 0.9980 
          33 183 0.0019 0.0013 0.0016 0.9953 
          34 183 0.0002 0.0219 0.0026 0.9753 
          35 183 0.0076 0.0100 0.0009 0.9815 
          36 183 0.0004 0.0048 0.0013 0.9934 
          37 183 0.7869 0.0315 0.0003 0.1813 
          54 183 0.0584 0.0020 0.0003 0.9393 
          55 183 0.0949 0.0754 0.0055 0.8242 
           6 183 0.0052 0.0011 0.0015 0.9922 
           7 183 0.1088 0.0025 0.0004 0.8882 
           8 183 0.0378 0.0024 0.0023 0.9575 
           9 183 0.0027 0.0111 0.0018 0.9844 
           4 184 0.0021 0.0007 0.0006 0.9966 
           9 184 0.0006 0.0004 0.0033 0.9957 
          12 184 0.0113 0.0002 0.0003 0.9882 
          14 184 0.0010 0.0071 0.0011 0.9908 
          15 184 0.0004 0.0022 0.0006 0.9968 
          16 184 0.0010 0.0012 0.0041 0.9937 
          17 184 0.0025 0.0012 0.0020 0.9943 
          18 184 0.0886 0.0023 0.0005 0.9087 
          22 184 0.0005 0.0004 0.0008 0.9982 
          25 184 0.0041 0.0008 0.0010 0.9942 
          26 184 0.0011 0.0012 0.0215 0.9762 
          27 184 0.0009 0.0003 0.0003 0.9985 
          28 184 0.0004 0.0007 0.0004 0.9984 
          29 184 0.0002 0.0007 0.0002 0.9989 
          31 184 0.0020 0.0005 0.0006 0.9969 
          32 184 0.0041 0.0021 0.0007 0.9931 
          33 184 0.0006 0.0023 0.0019 0.9953 
          34 184 0.0004 0.0006 0.0005 0.9984 
          36 184 0.3755 0.0005 0.0003 0.6237 
          37 184 0.0028 0.0005 0.0014 0.9953 
          39 184 0.0119 0.0095 0.0007 0.9779 
          40 184 0.0020 0.0024 0.0008 0.9948 
          41 184 0.0041 0.0023 0.0008 0.9928 
          42 184 0.0012 0.0003 0.0040 0.9944 
          43 184 0.0006 0.0009 0.0007 0.9977 
          44 184 0.0682 0.0044 0.0004 0.9270 
          45 184 0.0004 0.0006 0.0019 0.9971 
          46 184 0.0015 0.0004 0.0007 0.9973 
          47 184 0.0002 0.0005 0.0003 0.9990 
          48 184 0.0005 0.0017 0.0003 0.9975 
          52 184 0.0812 0.0005 0.0008 0.9175 
          54 184 0.0007 0.0003 0.0015 0.9975 
          57 184 0.0009 0.0004 0.0007 0.9980 
          58 184 0.0011 0.0011 0.0005 0.9973 
          59 184 0.0663 0.0012 0.0003 0.9323 
          60 184 0.0006 0.0119 0.0030 0.9845 
           3 185 0.0187 0.0140 0.0011 0.9662 
           4 185 0.0008 0.0017 0.0011 0.9964 
           5 185 0.0013 0.0004 0.0059 0.9924 
           6 185 0.0005 0.0005 0.0008 0.9982 
           7 185 0.0874 0.0003 0.0029 0.9093 
           8 185 0.0743 0.0010 0.0003 0.9243 
           9 185 0.0012 0.0019 0.0008 0.9962 
          10 185 0.0011 0.0037 0.0016 0.9937 
          11 185 0.0570 0.0014 0.0010 0.9405 
          12 185 0.1007 0.0018 0.0010 0.8966 
          13 185 0.0006 0.0004 0.0006 0.9983 
          14 185 0.0008 0.0007 0.0008 0.9978 
          15 185 0.0016 0.2397 0.0339 0.7249 
          16 185 0.0010 0.0017 0.0007 0.9967 
          17 185 0.0010 0.0496 0.0013 0.9481 
          18 185 0.0003 0.0006 0.0032 0.9959 
          19 185 0.0003 0.0171 0.0005 0.9821 
          20 185 0.1307 0.0008 0.0004 0.8681 
          21 185 0.0029 0.0089 0.0013 0.9868 
          22 185 0.0017 0.0521 0.0007 0.9455 
          23 185 0.0186 0.0023 0.0004 0.9787 
          24 185 0.0006 0.0004 0.0004 0.9986 
          25 185 0.0707 0.0051 0.0002 0.9241 
          26 185 0.0016 0.0013 0.0008 0.9962 
          27 185 0.0004 0.0010 0.0021 0.9965 
          28 185 0.0009 0.0002 0.0004 0.9985 
          29 185 0.1246 0.0648 0.0145 0.7961 
          30 185 0.0057 0.0012 0.0005 0.9926 
          31 185 0.0066 0.0006 0.0002 0.9925 
          32 185 0.0039 0.0003 0.0010 0.9948 
          33 185 0.0133 0.0004 0.0005 0.9859 
          34 185 0.0006 0.0020 0.0003 0.9970 
          35 185 0.0009 0.0008 0.0442 0.9540 
          36 185 0.0009 0.0009 0.0014 0.9968 
          37 185 0.0209 0.0005 0.0003 0.9784 
          38 185 0.1031 0.0003 0.0006 0.8960 
          39 185 0.0455 0.0053 0.0003 0.9489 
          40 185 0.0007 0.0012 0.0014 0.9968 
          41 185 0.0006 0.0010 0.0015 0.9969 
          42 185 0.0006 0.0005 0.0005 0.9984 
           5 186 0.0007 0.0005 0.0066 0.9922 
           6 186 0.0008 0.0005 0.0031 0.9956 
           7 186 0.0018 0.0005 0.0007 0.9970 
           9 186 0.0836 0.0012 0.0007 0.9145 
          10 186 0.0491 0.0007 0.0011 0.9492 
          11 186 0.0026 0.0005 0.0004 0.9964 
          12 186 0.0011 0.0003 0.0009 0.9977 
          29 186 0.0016 0.0131 0.0005 0.9849 
          30 186 0.0002 0.0009 0.0027 0.9962 
          31 186 0.0602 0.1613 0.0154 0.7631 
          32 186 0.0438 0.0403 0.0005 0.9155 
          33 186 0.0005 0.0031 0.0007 0.9957 
          34 186 0.0151 0.0039 0.0183 0.9628 
          35 186 0.0003 0.0007 0.0005 0.9985 
          36 186 0.0010 0.0014 0.0004 0.9973 
          37 186 0.0273 0.0008 0.0004 0.9715 
          38 186 0.0133 0.0122 0.0009 0.9735 
          39 186 0.0007 0.0003 0.0023 0.9968 
          40 186 0.0005 0.0009 0.0004 0.9982 
          41 186 0.0038 0.0004 0.0016 0.9942 
          42 186 0.0007 0.0004 0.0006 0.9983 
          43 186 0.0069 0.0010 0.0028 0.9893 
          44 186 0.0003 0.0019 0.0028 0.9950 
          45 186 0.0004 0.0004 0.0008 0.9984 
          46 186 0.0007 0.0004 0.0093 0.9896 
          47 186 0.0026 0.0012 0.0003 0.9958 
          48 186 0.0006 0.0008 0.0007 0.9979 
          49 186 0.0003 0.0002 0.0005 0.9989 
          50 186 0.0110 0.0018 0.0005 0.9867 
          51 186 0.0005 0.0004 0.0008 0.9983 
          52 186 0.0009 0.0008 0.0024 0.9959 
          53 186 0.0006 0.0021 0.0007 0.9966 
          54 186 0.0006 0.0009 0.0039 0.9946 
          55 186 0.0010 0.0008 0.0041 0.9941 
          56 186 0.0014 0.0008 0.0003 0.9975 
          57 186 0.0030 0.0742 0.0101 0.9126 
          58 186 0.0009 0.0003 0.0008 0.9981 
          59 186 0.0042 0.0005 0.0003 0.9949 
          60 186 0.0003 0.0022 0.0014 0.9961 
           1 187 0.0186 0.0052 0.0011 0.9751 
           2 187 0.0035 0.0013 0.0007 0.9946 
           3 187 0.0123 0.0147 0.0011 0.9719 
           4 187 0.1176 0.0055 0.0004 0.8765 
           5 187 0.0004 0.0006 0.0031 0.9959 
           6 187 0.0025 0.0006 0.0048 0.9920 
           7 187 0.1440 0.0015 0.0064 0.8481 
           8 187 0.0013 0.0006 0.0025 0.9956 
           9 187 0.0004 0.0008 0.0003 0.9986 
          10 187 0.0301 0.0011 0.0006 0.9682 
          11 187 0.0009 0.0002 0.0004 0.9985 
          12 187 0.0007 0.0006 0.0004 0.9984 
          13 187 0.0034 0.0016 0.0007 0.9943 
          14 187 0.0010 0.0018 0.0017 0.9956 
          15 187 0.0029 0.0005 0.0069 0.9896 
          16 187 0.0084 0.0021 0.0021 0.9874 
          17 187 0.0648 0.0098 0.0005 0.9249 
          18 187 0.0012 0.0007 0.0004 0.9978 
          19 187 0.0005 0.0004 0.0012 0.9979 
          20 187 0.0007 0.0010 0.0081 0.9902 
          21 187 0.0945 0.0040 0.0028 0.8987 
          22 187 0.0012 0.0026 0.0005 0.9957 
          23 187 0.0003 0.0007 0.0004 0.9987 
          24 187 0.0947 0.0018 0.0007 0.9028 
          25 187 0.0009 0.0021 0.0047 0.9923 
          26 187 0.0003 0.0025 0.0010 0.9962 
          27 187 0.0004 0.0006 0.0004 0.9986 
          28 187 0.0030 0.0042 0.0015 0.9913 
          29 187 0.0049 0.0013 0.0005 0.9933 
          30 187 0.0015 0.0295 0.0008 0.9681 
          32 187 0.0938 0.0002 0.0006 0.9055 
          33 187 0.0177 0.0007 0.0004 0.9812 
          34 187 0.0008 0.0006 0.0021 0.9965 
          35 187 0.0069 0.0063 0.0022 0.9846 
          36 187 0.0007 0.0012 0.0011 0.9971 
          37 187 0.0028 0.0095 0.0006 0.9871 
          38 187 0.0984 0.0668 0.0281 0.8067 
           1 188 0.0047 0.0007 0.0006 0.9940 
           2 188 0.0192 0.0006 0.0016 0.9786 
           3 188 0.0381 0.0014 0.0028 0.9577 
           4 188 0.0647 0.0006 0.0103 0.9245 
           5 188 0.0015 0.0024 0.0010 0.9951 
           6 188 0.0004 0.0010 0.0004 0.9983 
           7 188 0.0005 0.0005 0.0008 0.9982 
           8 188 0.0501 0.0002 0.0007 0.9489 
           9 188 0.0009 0.0004 0.0216 0.9771 
          10 188 0.0035 0.0012 0.0005 0.9948 
          11 188 0.0004 0.0003 0.0017 0.9976 
          12 188 0.0009 0.0480 0.0011 0.9500 
          13 188 0.1065 0.0071 0.0006 0.8858 
          14 188 0.0837 0.0059 0.0003 0.9101 
          15 188 0.0004 0.0003 0.0023 0.9970 
          16 188 0.0182 0.0015 0.0005 0.9798 
          17 188 0.0011 0.0008 0.0004 0.9976 
          18 188 0.0014 0.0480 0.0005 0.9501 
          19 188 0.0011 0.0025 0.0011 0.9953 
          20 188 0.1160 0.0101 0.0015 0.8723 
          21 188 0.0026 0.0057 0.0030 0.9887 
          22 188 0.0021 0.0083 0.0063 0.9833 
          23 188 0.0022 0.0452 0.0003 0.9523 
          24 188 0.0002 0.0341 0.0004 0.9653 
          25 188 0.0008 0.0444 0.0024 0.9524 
          26 188 0.0813 0.0005 0.0006 0.9176 
          27 188 0.0565 0.0013 0.0004 0.9418 
          28 188 0.0014 0.0003 0.0004 0.9979 
          29 188 0.0367 0.0082 0.0015 0.9536 
          30 188 0.0993 0.0012 0.0005 0.8989 
          31 188 0.0029 0.0036 0.0007 0.9928 
          32 188 0.0005 0.0004 0.0007 0.9984 
          33 188 0.0007 0.0048 0.0002 0.9943 
          34 188 0.0006 0.0051 0.0006 0.9937 
          35 188 0.0075 0.0511 0.0033 0.9380 
          36 188 0.1096 0.0015 0.0018 0.8872 
          37 188 0.0010 0.0004 0.0014 0.9971 
          38 188 0.0883 0.0009 0.0006 0.9103 
          39 188 0.0239 0.0017 0.0052 0.9692 
          40 188 0.0011 0.0005 0.0006 0.9979 
           7 189 0.0028 0.0005 0.0006 0.9962 
           8 189 0.0019 0.0008 0.0004 0.9970 
           9 189 0.0030 0.0017 0.0006 0.9947 
          10 189 0.0041 0.0003 0.0004 0.9952 
          11 189 0.0010 0.0041 0.0179 0.9770 
          12 189 0.0662 0.0008 0.0012 0.9318 
          13 189 0.0004 0.0017 0.0011 0.9967 
          14 189 0.0343 0.0050 0.0003 0.9604 
          16 189 0.1400 0.0068 0.0106 0.8427 
          17 189 0.0004 0.0013 0.0010 0.9973 
          18 189 0.0429 0.0022 0.0006 0.9543 
          19 189 0.0013 0.0052 0.0021 0.9915 
          20 189 0.0655 0.0006 0.0002 0.9336 
          21 189 0.0089 0.0009 0.0005 0.9897 
          23 189 0.0006 0.0022 0.0012 0.9960 
          24 189 0.0393 0.0006 0.0010 0.9591 
          25 189 0.0040 0.0017 0.0008 0.9935 
          26 189 0.0151 0.0011 0.0023 0.9815 
          27 189 0.0011 0.0026 0.0031 0.9932 
          28 189 0.0002 0.0004 0.0013 0.9981 
          29 189 0.0016 0.0011 0.0008 0.9965 
          30 189 0.0017 0.0125 0.0016 0.9842 
          31 189 0.0004 0.0026 0.0003 0.9967 
          32 189 0.0762 0.0005 0.0019 0.9214 
          33 189 0.0008 0.0066 0.0019 0.9907 
          34 189 0.0003 0.0003 0.0038 0.9956 
          35 189 0.0005 0.0006 0.0005 0.9983 
          36 189 0.0366 0.0013 0.0004 0.9616 
          37 189 0.0004 0.0041 0.0015 0.9940 
          38 189 0.0026 0.0039 0.0043 0.9892 
          39 189 0.0094 0.0008 0.0006 0.9892 
          40 189 0.1403 0.0021 0.0010 0.8566 
          41 189 0.0140 0.0039 0.0003 0.9819 
          42 189 0.1667 0.0100 0.0253 0.7981 
          43 189 0.0012 0.0005 0.0014 0.9968 
           1 190 0.1138 0.0008 0.0023 0.8830 
           3 190 0.0007 0.0136 0.0012 0.9846 
           4 190 0.0009 0.0006 0.0016 0.9969 
           5 190 0.0091 0.0008 0.0005 0.9897 
           6 190 0.0006 0.0009 0.0009 0.9975 
           7 190 0.0011 0.0014 0.0002 0.9973 
           8 190 0.0086 0.0352 0.0015 0.9548 
           9 190 0.3513 0.1039 0.0112 0.5336 
          10 190 0.0011 0.0005 0.0005 0.9979 
          11 190 0.0292 0.0003 0.0151 0.9554 
          12 190 0.0006 0.0012 0.0015 0.9967 
          13 190 0.0011 0.0003 0.0009 0.9977 
          14 190 0.0015 0.0004 0.0032 0.9949 
          15 190 0.0040 0.0034 0.0286 0.9640 
          16 190 0.0034 0.0005 0.0004 0.9957 
          17 190 0.0024 0.0008 0.0050 0.9918 
          18 190 0.0122 0.0043 0.0005 0.9830 
          19 190 0.0006 0.0011 0.0008 0.9975 
          20 190 0.0005 0.0080 0.0006 0.9909 
          22 190 0.1264 0.0010 0.0005 0.8721 
          23 190 0.0047 0.0009 0.0008 0.9936 
          24 190 0.0487 0.0011 0.0007 0.9494 
          25 190 0.0038 0.0003 0.0007 0.9952 
          26 190 0.0004 0.0011 0.0014 0.9971 
          27 190 0.0007 0.0009 0.0157 0.9827 
          28 190 0.0031 0.0006 0.0053 0.9910 
          29 190 0.0136 0.0003 0.0004 0.9857 
          31 190 0.0534 0.0003 0.0008 0.9456 
           7 191 0.0005 0.0005 0.0003 0.9987 
           8 191 0.0019 0.0005 0.0005 0.9971 
           9 191 0.0005 0.0005 0.0004 0.9986 
          10 191 0.0006 0.0043 0.0004 0.9948 
          11 191 0.0030 0.0006 0.0005 0.9959 
          12 191 0.0103 0.0005 0.0750 0.9142 
          13 191 0.0017 0.0010 0.0009 0.9963 
          14 191 0.0059 0.0003 0.0012 0.9925 
          15 191 0.0556 0.0017 0.0009 0.9418 
          16 191 0.0011 0.0029 0.0007 0.9952 
          17 191 0.0770 0.0493 0.0014 0.8722 
          18 191 0.0012 0.0006 0.0008 0.9975 
          19 191 0.0190 0.0047 0.0012 0.9750 
          20 191 0.0164 0.0019 0.0003 0.9814 
          21 191 0.0179 0.0323 0.0046 0.9452 
          22 191 0.0013 0.0005 0.0004 0.9978 
          23 191 0.0014 0.0009 0.0009 0.9968 
          24 191 0.0013 0.0003 0.0003 0.9981 
          25 191 0.0231 0.0005 0.0007 0.9757 
          26 191 0.1062 0.0022 0.0006 0.8909 
          27 191 0.0008 0.0006 0.0009 0.9977 
          28 191 0.0011 0.0047 0.0007 0.9935 
          29 191 0.0009 0.0155 0.0005 0.9830 
          30 191 0.0004 0.0003 0.0007 0.9986 
          39 191 0.0015 0.0005 0.0156 0.9825 
          40 191 0.0011 0.0003 0.0004 0.9982 
          41 191 0.0484 0.0028 0.0005 0.9483 
          42 191 0.0003 0.0003 0.0006 0.9987 
          43 191 0.0073 0.0011 0.0012 0.9904 
          44 191 0.0096 0.0039 0.0002 0.9863 
          45 191 0.0006 0.0027 0.0038 0.9928 
          46 191 0.1188 0.0149 0.0005 0.8658 
          47 191 0.0043 0.0018 0.0011 0.9928 
          48 191 0.0006 0.0012 0.0039 0.9944 
          49 191 0.0040 0.0101 0.0044 0.9816 
          50 191 0.0010 0.0009 0.0006 0.9975 
           9 192 0.0004 0.0003 0.0003 0.9990 
          10 192 0.0021 0.0002 0.0017 0.9959 
          11 192 0.0013 0.0073 0.0011 0.9902 
          12 192 0.0014 0.0005 0.0006 0.9975 
          13 192 0.0916 0.0005 0.0014 0.9065 
          14 192 0.0029 0.0672 0.0005 0.9293 
          15 192 0.0004 0.0013 0.0020 0.9963 
          16 192 0.0027 0.0006 0.0004 0.9964 
          17 192 0.0290 0.0013 0.0074 0.9623 
          18 192 0.0020 0.0011 0.0004 0.9964 
          19 192 0.0046 0.0004 0.0024 0.9926 
          20 192 0.0046 0.0010 0.0224 0.9719 
          21 192 0.0004 0.0005 0.0065 0.9926 
          22 192 0.0139 0.0115 0.0018 0.9728 
          23 192 0.0820 0.0094 0.0006 0.9080 
          24 192 0.0015 0.0005 0.0031 0.9950 
          33 192 0.0327 0.0017 0.0166 0.9490 
          35 192 0.0008 0.0016 0.0074 0.9903 
          36 192 0.0005 0.0005 0.0009 0.9981 
          37 192 0.0006 0.0009 0.0007 0.9978 
          38 192 0.0451 0.0005 0.0003 0.9541 
          39 192 0.0017 0.0006 0.0006 0.9971 
          40 192 0.0773 0.0006 0.0002 0.9219 
          41 192 0.0658 0.0011 0.0002 0.9329 
          42 192 0.0406 0.0052 0.0004 0.9538 
          43 192 0.0007 0.0025 0.0038 0.9931 
          45 192 0.0005 0.0009 0.0031 0.9955 
          46 192 0.0019 0.0014 0.0238 0.9729 
          47 192 0.0008 0.0007 0.0004 0.9981 
          48 192 0.0007 0.0007 0.0003 0.9984 
          49 192 0.0601 0.0006 0.0031 0.9362 
          50 192 0.0007 0.0004 0.0007 0.9982 
