        001s  1 0.0002 0.0006 0.9979 0.0009 0.0004 
        002s  1 0.0019 0.0007 0.9964 0.0003 0.0007 
        003s  1 0.0008 0.0039 0.9783 0.0154 0.0016 
        004s  1 0.0301 0.0066 0.9595 0.0004 0.0034 
        005s  1 0.2100 0.2268 0.5617 0.0002 0.0013 
        006s  1 0.0011 0.0004 0.9977 0.0005 0.0004 
        007s  1 0.0004 0.0028 0.9932 0.0007 0.0029 
        008s  1 0.0008 0.0035 0.9943 0.0008 0.0005 
        009s  1 0.0046 0.0616 0.9260 0.0024 0.0054 
        010s  1 0.0008 0.0080 0.9903 0.0006 0.0003 
        011s  1 0.0018 0.0013 0.9900 0.0041 0.0028 
        012s  1 0.0044 0.1223 0.8682 0.0045 0.0006 
        013s  1 0.0288 0.0017 0.9602 0.0008 0.0086 
        014s  1 0.0014 0.0259 0.9447 0.0240 0.0040 
        015s  1 0.0004 0.0006 0.9979 0.0006 0.0005 
        016s  1 0.0004 0.0020 0.9892 0.0011 0.0073 
        018s  1 0.0020 0.1491 0.8475 0.0007 0.0008 
        019s  1 0.0005 0.0147 0.9798 0.0042 0.0008 
        020s  1 0.0002 0.0006 0.9828 0.0090 0.0073 
        021s  1 0.0089 0.0003 0.9823 0.0007 0.0079 
        022s  1 0.0002 0.0002 0.9986 0.0004 0.0006 
        023s  1 0.0004 0.0003 0.9870 0.0012 0.0111 
        024s  1 0.0007 0.0011 0.9970 0.0005 0.0008 
        025s  1 0.0017 0.0059 0.9909 0.0004 0.0011 
        026s  1 0.0009 0.0008 0.9853 0.0044 0.0086 
        027s  1 0.0087 0.0018 0.9871 0.0003 0.0021 
        028s  1 0.0559 0.0557 0.8855 0.0022 0.0007 
        029s  1 0.0005 0.0009 0.9920 0.0058 0.0007 
        030s  1 0.0035 0.0009 0.9857 0.0092 0.0007 
        031s  1 0.0003 0.0003 0.9982 0.0004 0.0009 
        032s  1 0.0005 0.0007 0.9972 0.0011 0.0005 
        033s  1 0.0008 0.0048 0.9926 0.0008 0.0010 
        034s  1 0.0009 0.0011 0.9399 0.0044 0.0537 
        035s  1 0.0011 0.0017 0.9949 0.0013 0.0009 
        036s  1 0.0008 0.0933 0.9050 0.0003 0.0006 
        037s  1 0.0107 0.1086 0.8310 0.0013 0.0484 
        038s  1 0.0004 0.0016 0.9969 0.0005 0.0006 
        039s  1 0.0248 0.0004 0.9734 0.0011 0.0003 
        040s  1 0.0029 0.0008 0.9921 0.0007 0.0035 
        041s  1 0.0005 0.0028 0.9932 0.0008 0.0027 
        042s  1 0.0004 0.0747 0.8418 0.0011 0.0820 
        043s  1 0.0008 0.0129 0.9849 0.0011 0.0004 
        044s  1 0.0083 0.0941 0.8857 0.0042 0.0077 
        045s  1 0.0009 0.0069 0.9902 0.0012 0.0008 
        046s  1 0.0004 0.0010 0.9959 0.0020 0.0006 
        047s  1 0.0002 0.0008 0.9922 0.0015 0.0053 
        048s  1 0.0002 0.0649 0.9340 0.0003 0.0006 
        049s  1 0.0010 0.0007 0.9974 0.0005 0.0004 
        050s  1 0.0025 0.0993 0.8973 0.0003 0.0006 
        051s  1 0.0005 0.0003 0.9710 0.0275 0.0008 
        052s  1 0.0066 0.0081 0.9684 0.0152 0.0017 
        053s  1 0.0004 0.0018 0.9969 0.0003 0.0006 
        054s  1 0.0036 0.0003 0.9924 0.0024 0.0013 
        055s  1 0.0007 0.0900 0.8307 0.0021 0.0764 
          01  2 0.0018 0.1217 0.8405 0.0344 0.0015 
          02  2 0.0025 0.0150 0.9807 0.0013 0.0005 
          03  2 0.0008 0.0013 0.9963 0.0004 0.0011 
          04  2 0.0184 0.0023 0.9648 0.0007 0.0137 
          05  2 0.0002 0.1296 0.8696 0.0002 0.0004 
          06  2 0.0021 0.0351 0.9618 0.0005 0.0005 
          07  2 0.0022 0.0083 0.9878 0.0011 0.0007 
          08  2 0.0003 0.0879 0.9101 0.0010 0.0006 
          09  2 0.0003 0.0005 0.9894 0.0096 0.0003 
          10  2 0.0005 0.0010 0.9975 0.0004 0.0005 
          11  2 0.0010 0.0078 0.9800 0.0088 0.0023 
          12  2 0.0007 0.0004 0.9966 0.0017 0.0005 
          13  2 0.0004 0.0004 0.9981 0.0006 0.0005 
          14  2 0.0045 0.0004 0.9725 0.0026 0.0200 
          15  2 0.0005 0.0004 0.9972 0.0009 0.0010 
          16  2 0.0581 0.0012 0.9344 0.0036 0.0026 
          17  2 0.0009 0.0023 0.9950 0.0008 0.0010 
          18  2 0.0032 0.0160 0.9781 0.0016 0.0011 
          19  2 0.0002 0.0011 0.9925 0.0018 0.0044 
          20  2 0.0051 0.0553 0.9300 0.0014 0.0083 
          21  2 0.0005 0.0012 0.9775 0.0202 0.0006 
          22  2 0.0045 0.0020 0.9829 0.0052 0.0054 
          23  2 0.0014 0.0010 0.9945 0.0010 0.0020 
          24  2 0.0006 0.0004 0.9975 0.0009 0.0006 
          25  2 0.0268 0.0040 0.9666 0.0017 0.0009 
          26  2 0.0004 0.0007 0.9981 0.0005 0.0002 
          27  2 0.0285 0.0009 0.9666 0.0014 0.0025 
          28  2 0.0002 0.0013 0.9943 0.0009 0.0033 
          29  2 0.0006 0.0007 0.9974 0.0009 0.0004 
          30  2 0.0005 0.1582 0.7486 0.0090 0.0837 
          01  3 0.2208 0.4295 0.3400 0.0003 0.0094 
          02  3 0.4651 0.3297 0.1301 0.0730 0.0020 
          03  3 0.3148 0.3180 0.3662 0.0002 0.0009 
          04  3 0.3532 0.4641 0.1809 0.0010 0.0008 
          05  3 0.4039 0.3615 0.0003 0.1140 0.1203 
          06  3 0.5006 0.4211 0.0766 0.0002 0.0015 
          07  3 0.2503 0.3786 0.3700 0.0009 0.0002 
          08  3 0.3239 0.3751 0.2940 0.0040 0.0029 
          09  3 0.2685 0.4308 0.2976 0.0002 0.0029 
          10  3 0.4197 0.1985 0.0331 0.2183 0.1305 
          11  3 0.3064 0.4151 0.2781 0.0003 0.0002 
          12  3 0.3144 0.4204 0.2646 0.0002 0.0004 
          13  3 0.5263 0.4583 0.0028 0.0124 0.0003 
          14  3 0.4612 0.3340 0.0040 0.0435 0.1574 
          15  3 0.2761 0.3803 0.3420 0.0002 0.0014 
          16  3 0.6061 0.3065 0.0821 0.0022 0.0032 
          17  3 0.1790 0.4210 0.3992 0.0005 0.0003 
          18  3 0.3379 0.2043 0.0130 0.1651 0.2797 
          19  3 0.4667 0.3675 0.1617 0.0004 0.0037 
          20  3 0.3126 0.4556 0.1806 0.0003 0.0509 
          21  3 0.3787 0.3709 0.2460 0.0015 0.0028 
          22  3 0.2303 0.4906 0.2756 0.0004 0.0031 
          23  3 0.3602 0.4106 0.2273 0.0003 0.0016 
          24  3 0.2869 0.4924 0.0492 0.1687 0.0028 
          25  3 0.3077 0.3122 0.0004 0.2502 0.1295 
          26  3 0.3419 0.4377 0.2192 0.0005 0.0006 
          27  3 0.3721 0.2557 0.0674 0.1305 0.1742 
          28  3 0.4671 0.4460 0.0853 0.0015 0.0002 
          29  3 0.4230 0.3919 0.1766 0.0030 0.0055 
          30  3 0.2502 0.4503 0.2981 0.0012 0.0003 
         001  4 0.0001 0.9997 0.0001 0.0001 0.0001 
         002  4 0.0003 0.9993 0.0002 0.0002 0.0001 
         003  4 0.0001 0.9997 0.0001 0.0001 0.0001 
         004  4 0.0001 0.9997 0.0001 0.0001 0.0001 
         005  4 0.0001 0.9993 0.0001 0.0003 0.0001 
         006  4 0.0688 0.9304 0.0004 0.0003 0.0002 
         007  4 0.0517 0.9458 0.0017 0.0002 0.0007 
         008  4 0.0002 0.9934 0.0008 0.0022 0.0034 
         009  4 0.0001 0.9995 0.0001 0.0002 0.0001 
         010  4 0.0016 0.9982 0.0001 0.0001 0.0000 
         011  4 0.0130 0.9512 0.0007 0.0003 0.0347 
         012  4 0.0001 0.9997 0.0001 0.0001 0.0001 
         013  4 0.0001 0.9997 0.0001 0.0001 0.0000 
         014  4 0.0001 0.9995 0.0002 0.0001 0.0002 
         015  4 0.0001 0.9998 0.0001 0.0001 0.0000 
         016  4 0.0001 0.9997 0.0001 0.0001 0.0001 
         017  4 0.0001 0.9996 0.0001 0.0001 0.0001 
         019  4 0.0809 0.9181 0.0002 0.0003 0.0004 
         020  4 0.0001 0.9994 0.0001 0.0002 0.0001 
         021  4 0.0055 0.9935 0.0004 0.0003 0.0003 
         001  5 0.0003 0.9651 0.0004 0.0010 0.0333 
         002  5 0.0003 0.9598 0.0357 0.0009 0.0033 
         003  5 0.0718 0.7591 0.1648 0.0003 0.0040 
         004  5 0.0004 0.9407 0.0557 0.0002 0.0030 
         005  5 0.0006 0.9985 0.0003 0.0002 0.0005 
         006  5 0.0984 0.9005 0.0003 0.0006 0.0002 
         007  5 0.0848 0.9145 0.0003 0.0002 0.0002 
         008  5 0.0023 0.9972 0.0001 0.0002 0.0001 
         009  5 0.0014 0.9328 0.0648 0.0002 0.0007 
         010  5 0.0660 0.9301 0.0017 0.0003 0.0018 
         011  5 0.0004 0.9947 0.0014 0.0002 0.0033 
         012  5 0.0785 0.8726 0.0428 0.0011 0.0050 
         013  5 0.0488 0.7558 0.1944 0.0004 0.0005 
         014  5 0.0925 0.7074 0.1713 0.0136 0.0153 
         015  5 0.0225 0.9769 0.0002 0.0001 0.0002 
         016  5 0.0560 0.9413 0.0020 0.0004 0.0003 
         017  5 0.0807 0.8881 0.0252 0.0057 0.0003 
         018  5 0.0306 0.8806 0.0347 0.0227 0.0314 
         019  5 0.0002 0.9941 0.0003 0.0040 0.0015 
         020  5 0.0001 0.9996 0.0001 0.0001 0.0001 
         021  5 0.0004 0.8631 0.1311 0.0004 0.0050 
         022  5 0.0027 0.9313 0.0156 0.0030 0.0473 
         023  5 0.0268 0.9695 0.0014 0.0004 0.0019 
         024  5 0.0640 0.8964 0.0389 0.0002 0.0005 
         025  5 0.0705 0.8967 0.0306 0.0011 0.0011 
         026  5 0.0163 0.8442 0.1388 0.0003 0.0004 
         027  5 0.0002 0.9995 0.0001 0.0001 0.0001 
         028  5 0.0475 0.9296 0.0094 0.0006 0.0130 
         029  5 0.0013 0.9979 0.0004 0.0002 0.0001 
         030  5 0.0005 0.9943 0.0006 0.0034 0.0013 
        001s  6 0.0297 0.0007 0.9502 0.0008 0.0185 
        002s  6 0.0007 0.0381 0.9386 0.0220 0.0006 
        003s  6 0.0004 0.0136 0.9831 0.0005 0.0025 
        004s  6 0.0003 0.0004 0.9983 0.0004 0.0005 
        006s  6 0.0154 0.0613 0.9092 0.0010 0.0130 
        007s  6 0.0016 0.0004 0.9967 0.0009 0.0004 
        008s  6 0.0006 0.0029 0.9895 0.0028 0.0042 
        009s  6 0.0005 0.0002 0.9979 0.0007 0.0007 
        010s  6 0.0061 0.0106 0.9575 0.0123 0.0135 
        011s  6 0.0024 0.0004 0.9959 0.0002 0.0010 
        012s  6 0.0036 0.0005 0.9921 0.0022 0.0016 
        013s  6 0.0005 0.0013 0.9974 0.0005 0.0003 
        014s  6 0.0005 0.0847 0.9144 0.0002 0.0002 
        015s  6 0.0065 0.0091 0.9771 0.0009 0.0064 
        016s  6 0.0011 0.0004 0.9969 0.0006 0.0009 
        018s  6 0.0010 0.2683 0.7289 0.0002 0.0016 
        019s  6 0.0017 0.0102 0.9841 0.0009 0.0031 
        020s  6 0.0006 0.0003 0.9978 0.0009 0.0004 
        021s  6 0.0131 0.0018 0.9805 0.0017 0.0029 
        022s  6 0.0003 0.0010 0.9950 0.0004 0.0034 
        023s  6 0.0004 0.0335 0.9654 0.0003 0.0004 
        024s  6 0.0023 0.0302 0.9655 0.0014 0.0006 
        025s  6 0.0004 0.0011 0.9263 0.0003 0.0720 
        026s  6 0.0005 0.0004 0.9971 0.0016 0.0004 
        027s  6 0.0004 0.0009 0.9974 0.0010 0.0003 
        028s  6 0.0093 0.0081 0.9286 0.0459 0.0082 
        029s  6 0.0004 0.0003 0.9969 0.0015 0.0009 
        030s  6 0.0009 0.0710 0.9189 0.0024 0.0067 
        031s  6 0.0028 0.0017 0.9948 0.0004 0.0003 
        032s  6 0.0021 0.0065 0.9903 0.0005 0.0006 
        033s  6 0.0002 0.0923 0.9063 0.0006 0.0006 
        034s  6 0.0017 0.0014 0.9831 0.0003 0.0134 
        035s  6 0.0007 0.1500 0.8468 0.0011 0.0013 
        036s  6 0.0060 0.0006 0.9921 0.0003 0.0010 
        037s  6 0.0007 0.0008 0.9947 0.0021 0.0016 
        038s  6 0.0018 0.0004 0.9961 0.0010 0.0007 
        039s  6 0.0003 0.0002 0.9982 0.0006 0.0007 
        040s  6 0.0028 0.0003 0.9962 0.0005 0.0003 
        041s  6 0.0002 0.0512 0.9424 0.0034 0.0029 
        042s  6 0.0010 0.0075 0.9285 0.0042 0.0588 
        043s  6 0.0008 0.0006 0.9916 0.0002 0.0069 
        044s  6 0.0005 0.0008 0.9959 0.0022 0.0006 
        045s  6 0.0004 0.0043 0.9919 0.0007 0.0027 
        001s  7 0.0004 0.0017 0.9966 0.0004 0.0009 
        002s  7 0.0010 0.0210 0.9755 0.0012 0.0014 
        003s  7 0.0016 0.0018 0.9947 0.0010 0.0009 
        004s  7 0.0029 0.0006 0.9948 0.0010 0.0006 
        005s  7 0.0023 0.0102 0.9843 0.0005 0.0027 
        006s  7 0.0011 0.0576 0.9376 0.0006 0.0031 
        007s  7 0.0056 0.0057 0.9713 0.0160 0.0014 
        008s  7 0.0003 0.0254 0.9707 0.0020 0.0016 
        009s  7 0.0019 0.0025 0.9826 0.0006 0.0123 
        010s  7 0.0002 0.0014 0.9964 0.0009 0.0010 
        011s  7 0.0005 0.0006 0.9974 0.0008 0.0007 
        012s  7 0.0005 0.0007 0.9976 0.0005 0.0006 
        013s  7 0.0062 0.0004 0.9877 0.0006 0.0051 
        014s  7 0.0008 0.0344 0.9641 0.0004 0.0004 
        015s  7 0.0014 0.0133 0.9830 0.0012 0.0011 
        016s  7 0.0002 0.1170 0.8799 0.0003 0.0026 
        017s  7 0.0006 0.0012 0.9972 0.0003 0.0006 
        018s  7 0.0006 0.0026 0.9929 0.0033 0.0006 
        019s  7 0.0015 0.0016 0.9833 0.0027 0.0109 
        020s  7 0.0013 0.0004 0.9976 0.0003 0.0004 
        021s  7 0.0004 0.0019 0.9956 0.0012 0.0009 
        022s  7 0.0023 0.0016 0.9952 0.0002 0.0007 
        023s  7 0.0011 0.0071 0.9728 0.0010 0.0180 
        024s  7 0.0005 0.0011 0.9960 0.0018 0.0006 
        025s  7 0.0054 0.0008 0.9919 0.0011 0.0007 
        026s  7 0.0002 0.0020 0.9957 0.0011 0.0009 
        027s  7 0.0006 0.0013 0.9962 0.0013 0.0006 
        028s  7 0.0008 0.0057 0.9928 0.0002 0.0005 
        029s  7 0.0009 0.0085 0.9877 0.0006 0.0023 
        030s  7 0.0005 0.0003 0.9902 0.0049 0.0041 
        031s  7 0.0009 0.0019 0.9830 0.0005 0.0138 
        032s  7 0.0003 0.1007 0.8962 0.0023 0.0004 
        033s  7 0.0008 0.0379 0.9557 0.0028 0.0028 
        034s  7 0.0453 0.0008 0.9523 0.0011 0.0005 
        035s  7 0.0003 0.0003 0.9978 0.0005 0.0012 
        036s  7 0.0029 0.0004 0.9867 0.0008 0.0091 
        037s  7 0.0051 0.0649 0.9264 0.0007 0.0029 
        038s  7 0.0005 0.0113 0.9855 0.0008 0.0019 
        039s  7 0.0003 0.0004 0.9986 0.0003 0.0004 
        040s  7 0.0285 0.0174 0.9529 0.0004 0.0008 
        041s  7 0.0007 0.0297 0.9656 0.0023 0.0018 
        042s  7 0.0006 0.0065 0.9924 0.0002 0.0003 
        043s  7 0.0002 0.0010 0.9954 0.0004 0.0030 
        044s  7 0.0153 0.0549 0.9043 0.0016 0.0237 
         003  8 0.0009 0.0037 0.9802 0.0144 0.0008 
         009  8 0.0006 0.0010 0.9967 0.0004 0.0012 
         010  8 0.0002 0.0004 0.9967 0.0004 0.0023 
         017  8 0.0005 0.0006 0.9940 0.0012 0.0037 
         002  9 0.0008 0.0003 0.9974 0.0005 0.0010 
         003  9 0.0003 0.0002 0.9989 0.0002 0.0005 
         004  9 0.0002 0.0003 0.9981 0.0003 0.0011 
         005  9 0.0010 0.0004 0.9944 0.0009 0.0034 
         006  9 0.0007 0.0008 0.9965 0.0006 0.0014 
         007  9 0.0003 0.0031 0.9946 0.0010 0.0010 
         009  9 0.0002 0.0014 0.9954 0.0013 0.0017 
         010  9 0.0004 0.0002 0.9965 0.0015 0.0014 
         013  9 0.0007 0.0009 0.9966 0.0003 0.0015 
         014  9 0.0002 0.0004 0.9926 0.0045 0.0022 
         016  9 0.0002 0.0002 0.9978 0.0011 0.0007 
         018  9 0.0008 0.0005 0.9921 0.0048 0.0017 
         019  9 0.0006 0.0007 0.9934 0.0048 0.0006 
         020  9 0.0003 0.0004 0.9985 0.0004 0.0004 
         021  9 0.0002 0.0004 0.9985 0.0003 0.0006 
         022  9 0.0004 0.0002 0.9978 0.0011 0.0005 
         024  9 0.0004 0.0004 0.9940 0.0022 0.0030 
         028  9 0.0007 0.0005 0.9971 0.0005 0.0013 
         029  9 0.0003 0.0002 0.9978 0.0011 0.0006 
         030  9 0.0003 0.0004 0.9975 0.0010 0.0008 
         031  9 0.0003 0.0016 0.9965 0.0011 0.0005 
         033  9 0.0004 0.0038 0.9942 0.0006 0.0011 
         001 10 0.0005 0.0004 0.9976 0.0013 0.0003 
         002 10 0.0002 0.0003 0.9969 0.0018 0.0007 
         003 10 0.0006 0.0003 0.9858 0.0006 0.0128 
         004 10 0.0003 0.0005 0.9964 0.0005 0.0023 
         005 10 0.0004 0.0004 0.9970 0.0013 0.0009 
         006 10 0.0003 0.0010 0.9978 0.0004 0.0005 
         007 10 0.0004 0.0004 0.9970 0.0003 0.0019 
         008 10 0.0006 0.0007 0.9946 0.0006 0.0035 
         009 10 0.0010 0.0004 0.9936 0.0046 0.0004 
         010 10 0.0003 0.0005 0.9954 0.0030 0.0008 
         011 10 0.0011 0.0006 0.9589 0.0003 0.0391 
         012 10 0.0012 0.0005 0.9952 0.0003 0.0028 
         013 10 0.0018 0.0003 0.9967 0.0006 0.0006 
         014 10 0.0007 0.0004 0.9975 0.0006 0.0008 
         016 10 0.0008 0.0006 0.9963 0.0015 0.0008 
         017 10 0.0009 0.0005 0.9969 0.0009 0.0008 
         018 10 0.0005 0.0058 0.9912 0.0019 0.0007 
         019 10 0.0004 0.0006 0.9945 0.0035 0.0010 
         020 10 0.0008 0.0012 0.9901 0.0062 0.0017 
         021 10 0.0003 0.0009 0.9960 0.0025 0.0003 
         022 10 0.0005 0.0003 0.9983 0.0003 0.0006 
         023 10 0.0007 0.0003 0.9980 0.0003 0.0008 
         024 10 0.0002 0.0003 0.9959 0.0014 0.0022 
         026 10 0.0004 0.0004 0.9982 0.0005 0.0005 
        001s 11 0.0006 0.0900 0.8972 0.0008 0.0115 
        002s 11 0.0066 0.0005 0.9886 0.0032 0.0011 
        003s 11 0.0004 0.0047 0.9933 0.0011 0.0004 
        004s 11 0.0013 0.0003 0.9971 0.0002 0.0011 
        005s 11 0.0006 0.0015 0.9929 0.0046 0.0004 
        006s 11 0.0093 0.0011 0.9852 0.0021 0.0024 
        007s 11 0.0369 0.0075 0.9531 0.0013 0.0012 
        008s 11 0.0004 0.0004 0.9981 0.0006 0.0004 
        009s 11 0.0003 0.0004 0.9845 0.0143 0.0005 
        010s 11 0.0004 0.0011 0.9972 0.0005 0.0008 
        011s 11 0.0032 0.1100 0.8757 0.0003 0.0107 
        012s 11 0.0002 0.1102 0.8886 0.0007 0.0003 
        013s 11 0.0004 0.0009 0.9976 0.0003 0.0008 
        014s 11 0.0051 0.0056 0.9873 0.0012 0.0009 
        015s 11 0.0016 0.0021 0.9901 0.0019 0.0044 
        016s 11 0.0003 0.0444 0.8933 0.0057 0.0564 
        017s 11 0.0003 0.0901 0.9079 0.0006 0.0012 
        018s 11 0.0009 0.0046 0.9925 0.0014 0.0006 
        019s 11 0.0010 0.0005 0.9751 0.0003 0.0231 
        020s 11 0.0009 0.0012 0.9949 0.0018 0.0011 
        021s 11 0.0005 0.0004 0.9975 0.0005 0.0012 
        022s 11 0.0319 0.0012 0.9657 0.0007 0.0005 
        023s 11 0.0003 0.0519 0.9371 0.0004 0.0103 
        025s 11 0.0003 0.0003 0.9982 0.0002 0.0009 
        026s 11 0.0006 0.0322 0.9104 0.0007 0.0561 
        027s 11 0.0022 0.0009 0.9960 0.0004 0.0006 
        028s 11 0.0007 0.0046 0.9930 0.0003 0.0013 
        029s 11 0.0003 0.0568 0.9417 0.0010 0.0003 
        030s 11 0.0011 0.0487 0.9481 0.0010 0.0011 
        031s 11 0.0012 0.0003 0.9975 0.0007 0.0003 
        032s 11 0.0004 0.0009 0.9955 0.0004 0.0027 
        033s 11 0.0005 0.0044 0.9925 0.0018 0.0008 
        034s 11 0.0021 0.0009 0.9964 0.0003 0.0003 
        035s 11 0.0013 0.0027 0.9944 0.0013 0.0004 
        036s 11 0.0017 0.0175 0.9791 0.0012 0.0005 
        037s 11 0.0003 0.0024 0.9947 0.0011 0.0015 
        038s 11 0.0007 0.0019 0.9962 0.0006 0.0006 
        039s 11 0.0003 0.0015 0.9967 0.0005 0.0010 
        040s 11 0.0036 0.0721 0.9230 0.0007 0.0007 
        041s 11 0.0011 0.0006 0.9733 0.0222 0.0028 
        042s 11 0.0006 0.0007 0.9904 0.0007 0.0076 
        043s 11 0.0007 0.0361 0.9442 0.0004 0.0186 
        044s 11 0.0054 0.0005 0.9883 0.0010 0.0047 
        045s 11 0.0022 0.0004 0.9858 0.0004 0.0112 
        046s 11 0.0010 0.0215 0.9490 0.0005 0.0280 
        047s 11 0.0010 0.0005 0.9969 0.0006 0.0010 
        048s 11 0.0018 0.0037 0.9566 0.0020 0.0360 
        049s 11 0.0004 0.0009 0.9962 0.0012 0.0013 
        050s 11 0.0015 0.0004 0.9966 0.0004 0.0012 
        051s 11 0.0172 0.0004 0.9321 0.0003 0.0500 
        052s 11 0.0023 0.0018 0.9930 0.0010 0.0019 
        053s 11 0.0003 0.0003 0.9973 0.0013 0.0008 
        054s 11 0.0055 0.0005 0.9929 0.0004 0.0006 
        055s 11 0.0005 0.0676 0.9313 0.0002 0.0004 
        001s 12 0.0032 0.0015 0.9935 0.0009 0.0009 
        002s 12 0.0004 0.0009 0.9957 0.0018 0.0011 
        003s 12 0.0006 0.0004 0.9980 0.0006 0.0004 
        004s 12 0.0005 0.0520 0.9386 0.0025 0.0064 
        005s 12 0.0005 0.0005 0.9976 0.0007 0.0008 
        006s 12 0.0029 0.0327 0.9624 0.0006 0.0014 
        007s 12 0.0014 0.0012 0.9926 0.0032 0.0017 
        008s 12 0.0010 0.0086 0.9894 0.0006 0.0005 
        009s 12 0.0009 0.0185 0.9546 0.0219 0.0041 
        010s 12 0.0340 0.0052 0.9592 0.0011 0.0005 
        011s 12 0.0021 0.0014 0.9948 0.0010 0.0007 
        012s 12 0.0055 0.0010 0.9898 0.0005 0.0032 
        013s 12 0.0003 0.0006 0.9620 0.0008 0.0363 
        014s 12 0.0372 0.0026 0.9115 0.0038 0.0449 
        015s 12 0.0007 0.0038 0.9929 0.0017 0.0009 
        016s 12 0.0005 0.0006 0.9944 0.0004 0.0041 
        017s 12 0.0007 0.0033 0.9948 0.0003 0.0009 
        018s 12 0.0002 0.0024 0.9927 0.0031 0.0016 
        019s 12 0.0004 0.0044 0.9919 0.0027 0.0005 
        020s 12 0.0004 0.0826 0.9162 0.0003 0.0006 
        021s 12 0.0004 0.0029 0.9944 0.0004 0.0018 
        022s 12 0.0013 0.0455 0.9451 0.0036 0.0046 
        023s 12 0.0004 0.0005 0.9974 0.0007 0.0010 
        024s 12 0.0003 0.0007 0.9982 0.0004 0.0005 
        025s 12 0.0028 0.0030 0.9882 0.0046 0.0014 
        026s 12 0.0006 0.0268 0.9539 0.0184 0.0004 
        027s 12 0.0008 0.0025 0.9959 0.0003 0.0004 
        028s 12 0.0003 0.0016 0.9848 0.0105 0.0028 
        029s 12 0.0005 0.0006 0.9976 0.0004 0.0009 
        030s 12 0.0010 0.0010 0.9971 0.0004 0.0004 
        031s 12 0.0007 0.0036 0.9933 0.0009 0.0015 
        032s 12 0.0003 0.0004 0.9927 0.0060 0.0006 
        033s 12 0.0060 0.0011 0.9920 0.0004 0.0005 
        034s 12 0.0004 0.0004 0.9983 0.0006 0.0003 
        035s 12 0.0007 0.0154 0.9829 0.0004 0.0005 
        036s 12 0.0062 0.0032 0.9873 0.0025 0.0007 
        037s 12 0.0003 0.0009 0.9970 0.0011 0.0008 
        001s 13 0.0005 0.0093 0.9868 0.0008 0.0026 
        002s 13 0.0005 0.0904 0.9083 0.0002 0.0005 
        003s 13 0.0004 0.0009 0.9964 0.0011 0.0012 
        004s 13 0.0004 0.0005 0.9852 0.0118 0.0021 
        005s 13 0.0048 0.0023 0.9883 0.0027 0.0019 
        006s 13 0.0016 0.0006 0.9966 0.0007 0.0005 
        007s 13 0.0330 0.0010 0.9645 0.0005 0.0010 
        008s 13 0.0008 0.0580 0.9391 0.0015 0.0005 
        009s 13 0.0014 0.1290 0.8600 0.0082 0.0014 
        010s 13 0.0010 0.0704 0.9271 0.0009 0.0006 
        011s 13 0.0229 0.0064 0.9597 0.0074 0.0035 
        012s 13 0.0018 0.0529 0.9225 0.0037 0.0191 
        013s 13 0.0117 0.0204 0.9611 0.0007 0.0062 
        014s 13 0.0349 0.0004 0.9597 0.0008 0.0043 
        015s 13 0.0006 0.0047 0.9752 0.0117 0.0078 
        016s 13 0.0003 0.0003 0.9976 0.0005 0.0012 
        017s 13 0.0118 0.0153 0.9683 0.0040 0.0006 
        018s 13 0.0003 0.0005 0.9981 0.0006 0.0005 
        019s 13 0.0016 0.0005 0.9968 0.0004 0.0007 
        020s 13 0.0033 0.0012 0.9936 0.0016 0.0003 
        021s 13 0.0003 0.0007 0.9973 0.0006 0.0011 
        022s 13 0.0005 0.0011 0.9973 0.0003 0.0007 
        023s 13 0.0003 0.0012 0.9976 0.0006 0.0003 
        024s 13 0.0035 0.0179 0.9398 0.0009 0.0378 
        025s 13 0.0005 0.0009 0.9961 0.0006 0.0019 
        026s 13 0.0060 0.0894 0.8992 0.0004 0.0049 
        027s 13 0.0011 0.0489 0.9441 0.0047 0.0012 
        028s 13 0.0090 0.0076 0.9718 0.0083 0.0032 
        029s 13 0.0008 0.0205 0.9772 0.0005 0.0010 
        030s 13 0.0004 0.0739 0.8991 0.0004 0.0262 
        031s 13 0.0020 0.0031 0.8910 0.0014 0.1025 
        032s 13 0.0016 0.0006 0.9970 0.0004 0.0004 
        033s 13 0.0363 0.0036 0.9589 0.0006 0.0006 
        034s 13 0.0025 0.0486 0.9466 0.0017 0.0006 
        035s 13 0.0006 0.0007 0.9933 0.0016 0.0038 
        036s 13 0.0006 0.0025 0.9960 0.0004 0.0005 
        037s 13 0.0005 0.0003 0.9969 0.0005 0.0019 
        038s 13 0.0013 0.0014 0.9956 0.0009 0.0008 
        039s 13 0.0008 0.1017 0.8215 0.0007 0.0753 
        040s 13 0.0007 0.0011 0.9967 0.0004 0.0011 
        041s 13 0.0020 0.0566 0.9392 0.0005 0.0017 
        042s 13 0.0010 0.0004 0.9970 0.0006 0.0009 
        001s 14 0.0009 0.0297 0.9671 0.0014 0.0009 
        002s 14 0.0029 0.0639 0.9282 0.0038 0.0012 
        003s 14 0.0004 0.0007 0.9976 0.0005 0.0007 
        004s 14 0.0066 0.0097 0.9785 0.0007 0.0046 
        005s 14 0.0002 0.0003 0.9984 0.0005 0.0006 
        006s 14 0.0005 0.0003 0.9986 0.0003 0.0003 
        007s 14 0.0007 0.0005 0.9972 0.0004 0.0013 
        008s 14 0.0016 0.0979 0.8856 0.0132 0.0017 
        009s 14 0.0005 0.0022 0.9899 0.0064 0.0010 
        010s 14 0.0003 0.0582 0.9267 0.0135 0.0013 
        011s 14 0.0299 0.0061 0.9625 0.0004 0.0012 
        012s 14 0.0014 0.0007 0.9946 0.0016 0.0017 
        013s 14 0.0024 0.0007 0.9908 0.0008 0.0053 
        014s 14 0.0006 0.0360 0.9556 0.0072 0.0006 
        015s 14 0.0005 0.0010 0.9874 0.0088 0.0023 
        016s 14 0.0002 0.0014 0.9873 0.0006 0.0105 
        017s 14 0.0143 0.0563 0.9282 0.0008 0.0004 
        018s 14 0.0004 0.0007 0.9967 0.0010 0.0012 
        019s 14 0.0016 0.0012 0.9961 0.0004 0.0006 
        020s 14 0.0003 0.0009 0.9896 0.0081 0.0010 
        021s 14 0.0002 0.0059 0.9852 0.0081 0.0006 
        022s 14 0.0028 0.0048 0.9894 0.0017 0.0014 
        023s 14 0.0009 0.0033 0.9907 0.0025 0.0027 
        024s 14 0.0011 0.0584 0.9362 0.0024 0.0018 
        025s 14 0.0003 0.0618 0.9373 0.0003 0.0003 
        026s 14 0.0002 0.0006 0.9961 0.0019 0.0011 
        027s 14 0.0006 0.0025 0.9941 0.0004 0.0024 
        028s 14 0.0014 0.0006 0.9951 0.0023 0.0006 
        029s 14 0.0003 0.0003 0.9979 0.0004 0.0010 
        030s 14 0.0121 0.0008 0.9861 0.0006 0.0004 
        031s 14 0.0171 0.0004 0.9806 0.0005 0.0014 
        032s 14 0.0008 0.0013 0.9958 0.0004 0.0017 
        033s 14 0.0483 0.0008 0.9498 0.0006 0.0005 
        034s 14 0.0003 0.0003 0.9981 0.0006 0.0006 
        035s 14 0.0825 0.0787 0.8373 0.0004 0.0011 
        036s 14 0.0349 0.0755 0.8819 0.0018 0.0059 
        037s 14 0.0004 0.0009 0.9954 0.0010 0.0023 
        038s 14 0.0007 0.0008 0.9975 0.0004 0.0006 
        039s 14 0.0014 0.0024 0.9877 0.0033 0.0052 
        040s 14 0.0006 0.0120 0.9859 0.0004 0.0011 
        041s 14 0.0009 0.0008 0.9971 0.0005 0.0007 
        042s 14 0.0005 0.0756 0.9216 0.0013 0.0010 
        001s 15 0.0004 0.0010 0.9969 0.0006 0.0010 
        002s 15 0.0021 0.0938 0.8819 0.0081 0.0142 
        003s 15 0.0006 0.0106 0.9807 0.0005 0.0076 
        004s 15 0.0004 0.0006 0.9921 0.0066 0.0003 
        005s 15 0.0019 0.0133 0.9779 0.0013 0.0056 
        006s 15 0.0012 0.0124 0.9848 0.0008 0.0009 
        007s 15 0.0003 0.0005 0.9977 0.0011 0.0005 
        008s 15 0.0003 0.0004 0.9982 0.0006 0.0005 
        009s 15 0.0032 0.0236 0.9337 0.0008 0.0388 
        010s 15 0.0005 0.0008 0.9971 0.0003 0.0012 
        011s 15 0.0633 0.0006 0.9346 0.0005 0.0010 
        012s 15 0.0012 0.0037 0.9919 0.0013 0.0020 
        013s 15 0.0003 0.0009 0.9940 0.0036 0.0012 
        014s 15 0.0008 0.0019 0.9879 0.0045 0.0050 
        015s 15 0.0042 0.0786 0.9124 0.0007 0.0042 
        016s 15 0.0648 0.0056 0.8966 0.0326 0.0004 
        017s 15 0.0008 0.0015 0.9782 0.0176 0.0019 
        018s 15 0.0001 0.0031 0.9949 0.0014 0.0005 
        019s 15 0.0005 0.0076 0.9859 0.0006 0.0055 
        020s 15 0.0005 0.0005 0.9981 0.0004 0.0005 
        021s 15 0.0013 0.0779 0.9149 0.0014 0.0046 
        022s 15 0.0017 0.0008 0.9964 0.0006 0.0005 
        023s 15 0.0024 0.0290 0.9671 0.0005 0.0010 
        024s 15 0.0019 0.0012 0.9955 0.0005 0.0008 
        025s 15 0.0011 0.0058 0.9603 0.0013 0.0315 
        026s 15 0.0007 0.0009 0.9687 0.0030 0.0267 
        027s 15 0.0061 0.0033 0.9752 0.0147 0.0008 
        028s 15 0.0013 0.0004 0.9950 0.0021 0.0013 
        029s 15 0.0009 0.0007 0.9957 0.0015 0.0012 
        030s 15 0.0003 0.0003 0.9974 0.0014 0.0005 
        031s 15 0.0010 0.0677 0.9244 0.0014 0.0056 
        032s 15 0.0002 0.0006 0.9966 0.0007 0.0019 
        033s 15 0.0010 0.0616 0.9359 0.0013 0.0003 
        035s 15 0.0028 0.0019 0.9930 0.0016 0.0007 
        036s 15 0.0015 0.0011 0.9920 0.0003 0.0051 
        037s 15 0.0073 0.0008 0.9906 0.0004 0.0009 
        038s 15 0.0008 0.0031 0.9950 0.0007 0.0003 
        039s 15 0.0003 0.0801 0.9189 0.0003 0.0004 
        040s 15 0.0017 0.0036 0.9906 0.0034 0.0007 
        041s 15 0.0052 0.0689 0.9229 0.0006 0.0024 
        042s 15 0.0003 0.0048 0.9907 0.0034 0.0008 
        043s 15 0.0010 0.0092 0.9880 0.0003 0.0014 
        044s 15 0.0008 0.0050 0.9926 0.0009 0.0007 
        045s 15 0.0379 0.0041 0.8778 0.0019 0.0783 
        046s 15 0.0045 0.0160 0.9782 0.0005 0.0008 
        047s 15 0.0015 0.0235 0.9742 0.0004 0.0004 
        048s 15 0.0005 0.0004 0.9825 0.0009 0.0157 
        049s 15 0.0015 0.0144 0.9833 0.0003 0.0005 
        050s 15 0.0008 0.1337 0.8552 0.0094 0.0009 
         001 16 0.0145 0.1681 0.8137 0.0029 0.0008 
         002 16 0.0008 0.0442 0.9543 0.0003 0.0004 
         003 16 0.0053 0.0031 0.9874 0.0027 0.0015 
         004 16 0.0008 0.0008 0.9968 0.0005 0.0012 
         005 16 0.0038 0.0522 0.9135 0.0012 0.0294 
         006 16 0.0014 0.0115 0.9722 0.0008 0.0141 
         007 16 0.0007 0.0043 0.9926 0.0009 0.0015 
         008 16 0.0033 0.1447 0.8495 0.0018 0.0007 
         009 16 0.0004 0.0021 0.9962 0.0010 0.0004 
         010 16 0.0005 0.0240 0.9739 0.0006 0.0010 
         011 16 0.0010 0.0068 0.9900 0.0005 0.0017 
         012 16 0.0022 0.0006 0.9953 0.0008 0.0011 
         013 16 0.0010 0.0005 0.9973 0.0006 0.0005 
         014 16 0.0009 0.0353 0.9627 0.0008 0.0002 
         015 16 0.0027 0.0003 0.6253 0.0015 0.3702 
         016 16 0.0003 0.0014 0.9809 0.0039 0.0134 
         017 16 0.0070 0.0056 0.9855 0.0009 0.0010 
         018 16 0.0025 0.0292 0.9287 0.0062 0.0334 
         019 16 0.0067 0.0640 0.9279 0.0009 0.0005 
         020 16 0.0006 0.0003 0.9975 0.0009 0.0006 
         021 16 0.0352 0.0953 0.8655 0.0035 0.0005 
         022 16 0.0002 0.0321 0.9646 0.0007 0.0024 
         023 16 0.0003 0.0301 0.9641 0.0005 0.0051 
         024 16 0.0003 0.0069 0.9679 0.0010 0.0239 
         025 16 0.0122 0.0517 0.9319 0.0009 0.0033 
         026 16 0.0006 0.1076 0.8898 0.0003 0.0016 
         027 16 0.0005 0.0121 0.9769 0.0093 0.0011 
         028 16 0.0263 0.1471 0.8128 0.0135 0.0003 
         029 16 0.0390 0.0012 0.9577 0.0013 0.0008 
         030 16 0.0046 0.0011 0.9937 0.0003 0.0003 
         031 16 0.0007 0.0013 0.9815 0.0159 0.0006 
         032 16 0.0009 0.0881 0.9053 0.0004 0.0054 
         033 16 0.0008 0.0004 0.9982 0.0002 0.0003 
         034 16 0.0028 0.0029 0.9928 0.0004 0.0012 
         035 16 0.0007 0.0002 0.9984 0.0005 0.0002 
         036 16 0.0004 0.0004 0.9951 0.0021 0.0020 
         037 16 0.0150 0.0199 0.9612 0.0006 0.0033 
         038 16 0.0007 0.0022 0.9883 0.0015 0.0074 
         039 16 0.0003 0.0026 0.9958 0.0007 0.0006 
         040 16 0.0016 0.0007 0.9957 0.0005 0.0014 
         041 16 0.0006 0.0007 0.9971 0.0003 0.0012 
         042 16 0.0006 0.0009 0.9962 0.0015 0.0008 
         043 16 0.0005 0.0010 0.9965 0.0010 0.0010 
         044 16 0.0008 0.0073 0.9889 0.0016 0.0014 
         045 16 0.0059 0.0022 0.9895 0.0022 0.0002 
         047 16 0.0373 0.0026 0.9564 0.0028 0.0008 
         048 16 0.0042 0.0015 0.9929 0.0007 0.0007 
         049 16 0.0024 0.0005 0.9935 0.0005 0.0031 
         050 16 0.0006 0.0004 0.9982 0.0004 0.0003 
         051 16 0.0018 0.0011 0.9952 0.0014 0.0006 
         052 16 0.0004 0.0002 0.9984 0.0005 0.0006 
         053 16 0.0005 0.0003 0.9979 0.0008 0.0005 
         054 16 0.0007 0.0684 0.9294 0.0008 0.0007 
         055 16 0.0562 0.0057 0.9371 0.0005 0.0005 
         056 16 0.0003 0.0016 0.9894 0.0005 0.0082 
         057 16 0.0005 0.0909 0.9080 0.0004 0.0002 
         058 16 0.0081 0.0934 0.8830 0.0002 0.0153 
         059 16 0.0075 0.0859 0.8135 0.0052 0.0880 
         060 16 0.0006 0.0022 0.9869 0.0015 0.0087 
         061 16 0.0010 0.0019 0.9946 0.0007 0.0018 
         062 16 0.0055 0.0008 0.9920 0.0013 0.0004 
         063 16 0.0004 0.0031 0.9953 0.0004 0.0007 
         064 16 0.0006 0.0003 0.9968 0.0004 0.0018 
         065 16 0.0021 0.0013 0.9929 0.0014 0.0023 
         066 16 0.0004 0.0005 0.9976 0.0011 0.0004 
         067 16 0.0025 0.0013 0.9175 0.0008 0.0779 
         068 16 0.0011 0.0050 0.9642 0.0008 0.0288 
         069 16 0.0006 0.0006 0.9936 0.0048 0.0004 
         070 16 0.0007 0.0047 0.9915 0.0024 0.0006 
         071 16 0.0095 0.0776 0.9120 0.0005 0.0004 
         072 16 0.0008 0.0060 0.9913 0.0007 0.0011 
         073 16 0.0024 0.0013 0.9950 0.0008 0.0004 
         074 16 0.0005 0.0004 0.9984 0.0005 0.0002 
         075 16 0.0039 0.0239 0.9709 0.0006 0.0007 
         076 16 0.0007 0.0010 0.9972 0.0007 0.0004 
         077 16 0.0065 0.0128 0.8934 0.0299 0.0574 
         078 16 0.0003 0.0384 0.9590 0.0007 0.0017 
         079 16 0.0027 0.0886 0.9056 0.0018 0.0012 
         080 16 0.0002 0.0055 0.9927 0.0005 0.0011 
         081 16 0.0367 0.0062 0.9560 0.0007 0.0005 
         082 16 0.0112 0.0124 0.9756 0.0005 0.0004 
         083 16 0.0009 0.0005 0.9962 0.0006 0.0017 
         084 16 0.0017 0.0016 0.9930 0.0023 0.0014 
         085 16 0.0004 0.0011 0.9878 0.0016 0.0091 
         086 16 0.0043 0.1079 0.8870 0.0005 0.0003 
         087 16 0.0017 0.0174 0.9792 0.0013 0.0003 
         088 16 0.0002 0.0008 0.9958 0.0005 0.0027 
         089 16 0.0069 0.0010 0.9901 0.0011 0.0010 
         090 16 0.0005 0.0071 0.9900 0.0019 0.0004 
         091 16 0.0017 0.0006 0.9963 0.0007 0.0007 
         092 16 0.0008 0.0400 0.9580 0.0006 0.0005 
         093 16 0.0005 0.0012 0.9962 0.0018 0.0003 
         094 16 0.0008 0.0060 0.9479 0.0054 0.0399 
         095 16 0.0002 0.0006 0.9976 0.0011 0.0004 
         096 16 0.0262 0.0013 0.9694 0.0005 0.0025 
         097 16 0.0868 0.0096 0.8920 0.0032 0.0084 
         098 16 0.0006 0.0008 0.9873 0.0077 0.0036 
         099 16 0.0004 0.0004 0.9925 0.0009 0.0058 
         100 16 0.0003 0.0010 0.9966 0.0007 0.0014 
         101 16 0.0004 0.0380 0.9579 0.0006 0.0031 
         102 16 0.0012 0.0012 0.9955 0.0005 0.0016 
         103 16 0.0021 0.0015 0.9906 0.0034 0.0024 
         104 16 0.0007 0.0035 0.9929 0.0005 0.0024 
         105 16 0.0196 0.0803 0.8899 0.0050 0.0053 
         106 16 0.0004 0.0018 0.9948 0.0004 0.0026 
         107 16 0.0002 0.0122 0.9339 0.0475 0.0062 
         108 16 0.0011 0.1221 0.6437 0.0681 0.1650 
         109 16 0.0036 0.0140 0.9813 0.0004 0.0006 
         110 16 0.0006 0.0003 0.9974 0.0004 0.0012 
         111 16 0.0005 0.0599 0.9380 0.0008 0.0008 
         112 16 0.0007 0.0470 0.9504 0.0005 0.0013 
         113 16 0.0041 0.0528 0.9413 0.0008 0.0010 
         114 16 0.0006 0.0129 0.9801 0.0048 0.0016 
         115 16 0.0009 0.0003 0.9976 0.0004 0.0009 
         116 16 0.0006 0.0136 0.9844 0.0004 0.0010 
         117 16 0.0033 0.0085 0.9840 0.0036 0.0006 
         118 16 0.0003 0.0049 0.9839 0.0008 0.0100 
         119 16 0.0008 0.0020 0.9942 0.0017 0.0013 
         120 16 0.0170 0.0003 0.9812 0.0010 0.0004 
         121 16 0.0086 0.0005 0.9572 0.0003 0.0334 
         122 16 0.0006 0.0002 0.9983 0.0003 0.0005 
         123 16 0.0010 0.0035 0.9921 0.0030 0.0004 
         124 16 0.0007 0.0117 0.9860 0.0003 0.0012 
         126 16 0.0008 0.1633 0.8325 0.0021 0.0013 
         001 17 0.0020 0.0008 0.9866 0.0101 0.0005 
         002 17 0.0005 0.0029 0.9957 0.0004 0.0005 
         003 17 0.0005 0.0005 0.9977 0.0010 0.0004 
         005 17 0.0005 0.0003 0.9742 0.0247 0.0004 
         006 17 0.0506 0.0016 0.9467 0.0009 0.0002 
         007 17 0.0125 0.1189 0.8373 0.0040 0.0273 
         008 17 0.0121 0.1063 0.8801 0.0006 0.0010 
         009 17 0.0005 0.0002 0.9984 0.0005 0.0005 
         010 17 0.0009 0.0005 0.9968 0.0006 0.0012 
         011 17 0.0011 0.1371 0.4803 0.0019 0.3796 
         012 17 0.0004 0.0042 0.9932 0.0006 0.0016 
         013 17 0.0003 0.0002 0.9982 0.0009 0.0003 
         014 17 0.0004 0.0005 0.9977 0.0011 0.0003 
         015 17 0.0050 0.0014 0.9928 0.0005 0.0004 
         016 17 0.0006 0.0009 0.9975 0.0005 0.0004 
         017 17 0.0024 0.0015 0.9944 0.0009 0.0009 
         018 17 0.0021 0.0327 0.9385 0.0263 0.0004 
         019 17 0.0002 0.0005 0.9978 0.0007 0.0007 
         020 17 0.0008 0.0009 0.9970 0.0003 0.0009 
         021 17 0.0007 0.0002 0.9975 0.0004 0.0011 
         022 17 0.0064 0.0321 0.9501 0.0101 0.0013 
         023 17 0.0002 0.0092 0.9873 0.0028 0.0005 
         024 17 0.0426 0.0137 0.9380 0.0018 0.0039 
         025 17 0.0005 0.0005 0.9983 0.0003 0.0003 
         002 18 0.0009 0.0002 0.9921 0.0048 0.0020 
         003 18 0.0003 0.0003 0.9983 0.0003 0.0009 
         004 18 0.0003 0.0585 0.9370 0.0034 0.0008 
         005 18 0.0005 0.0043 0.9595 0.0007 0.0351 
         006 18 0.0002 0.0006 0.9981 0.0004 0.0007 
         007 18 0.0041 0.0015 0.9912 0.0028 0.0004 
         008 18 0.0010 0.0003 0.9965 0.0003 0.0019 
         009 18 0.0047 0.0098 0.9816 0.0011 0.0028 
         010 18 0.0020 0.0005 0.9866 0.0026 0.0083 
         011 18 0.0005 0.0006 0.9955 0.0015 0.0018 
         012 18 0.0007 0.0181 0.9780 0.0006 0.0026 
         015 18 0.0006 0.0013 0.9963 0.0003 0.0015 
         016 18 0.0034 0.0023 0.9935 0.0005 0.0003 
         018 18 0.0004 0.0004 0.9901 0.0051 0.0040 
         026 18 0.0107 0.0006 0.9855 0.0025 0.0008 
         027 18 0.0005 0.0003 0.9959 0.0021 0.0013 
         028 18 0.0007 0.0013 0.9674 0.0303 0.0002 
         029 18 0.0005 0.0009 0.9976 0.0006 0.0004 
         031 18 0.0053 0.0695 0.8156 0.0326 0.0770 
         032 18 0.0005 0.0003 0.9976 0.0013 0.0003 
         033 18 0.0003 0.0009 0.9967 0.0012 0.0009 
         035 18 0.0005 0.0011 0.9977 0.0003 0.0004 
         036 18 0.0006 0.0005 0.9881 0.0008 0.0100 
         037 18 0.0147 0.0008 0.9545 0.0169 0.0131 
         038 18 0.0250 0.0019 0.9189 0.0521 0.0020 
         039 18 0.0004 0.0003 0.9973 0.0004 0.0016 
         044 18 0.0062 0.1180 0.8741 0.0013 0.0004 
         046 18 0.0003 0.0041 0.9535 0.0059 0.0363 
         049 18 0.0003 0.0005 0.9977 0.0011 0.0004 
         053 18 0.0006 0.0029 0.9951 0.0009 0.0005 
         054 18 0.0117 0.0013 0.9852 0.0009 0.0008 
         056 18 0.0002 0.0650 0.9291 0.0034 0.0022 
         057 18 0.0036 0.0003 0.9922 0.0005 0.0033 
         058 18 0.0006 0.0014 0.9902 0.0046 0.0033 
        001s 19 0.0011 0.0691 0.9284 0.0007 0.0008 
        002s 19 0.0005 0.0068 0.9905 0.0013 0.0009 
        003s 19 0.0003 0.0369 0.9620 0.0005 0.0005 
        004s 19 0.0011 0.0013 0.9643 0.0074 0.0258 
        005s 19 0.0203 0.0050 0.8913 0.0047 0.0788 
        006s 19 0.0013 0.0010 0.9941 0.0015 0.0022 
        007s 19 0.0166 0.0023 0.9664 0.0005 0.0143 
        008s 19 0.0024 0.0425 0.9412 0.0008 0.0131 
        009s 19 0.0006 0.0014 0.9954 0.0005 0.0020 
        010s 19 0.0043 0.0022 0.9786 0.0145 0.0004 
        011s 19 0.0038 0.0005 0.9906 0.0040 0.0011 
        012s 19 0.0018 0.0018 0.9942 0.0017 0.0005 
        013s 19 0.0074 0.0042 0.9870 0.0009 0.0005 
        014s 19 0.0092 0.0646 0.9093 0.0006 0.0163 
        015s 19 0.0026 0.0006 0.9958 0.0006 0.0004 
        016s 19 0.0012 0.0011 0.9254 0.0226 0.0498 
        017s 19 0.0006 0.0588 0.9342 0.0023 0.0041 
        018s 19 0.0005 0.0018 0.9939 0.0014 0.0024 
        019s 19 0.0039 0.0848 0.9081 0.0006 0.0026 
        020s 19 0.0020 0.0735 0.9226 0.0009 0.0011 
        021s 19 0.0016 0.0045 0.9919 0.0016 0.0004 
        022s 19 0.0012 0.0166 0.9807 0.0010 0.0005 
        023s 19 0.0036 0.0005 0.9913 0.0019 0.0027 
        024s 19 0.0003 0.0004 0.9954 0.0018 0.0022 
        025s 19 0.0004 0.1305 0.8623 0.0020 0.0049 
        026s 19 0.0031 0.0036 0.9857 0.0033 0.0042 
        027s 19 0.0007 0.0036 0.9943 0.0006 0.0009 
        028s 19 0.0015 0.0058 0.9917 0.0006 0.0004 
        029s 19 0.0010 0.0002 0.9966 0.0016 0.0006 
        030s 19 0.0012 0.0018 0.9925 0.0039 0.0006 
        031s 19 0.0011 0.0029 0.9950 0.0004 0.0006 
        032s 19 0.0010 0.0007 0.9976 0.0003 0.0004 
        033s 19 0.0012 0.0003 0.9918 0.0011 0.0056 
        034s 19 0.0008 0.0007 0.9967 0.0005 0.0013 
        035s 19 0.0021 0.0141 0.9766 0.0031 0.0042 
        036s 19 0.0011 0.0004 0.9968 0.0003 0.0015 
        037s 19 0.0003 0.0004 0.9978 0.0011 0.0003 
        038s 19 0.0012 0.0018 0.9937 0.0016 0.0017 
        039s 19 0.0006 0.0006 0.9979 0.0005 0.0004 
        040s 19 0.0281 0.0004 0.9707 0.0005 0.0003 
        041s 19 0.0007 0.0003 0.9983 0.0002 0.0005 
        042s 19 0.0009 0.0033 0.9716 0.0096 0.0146 
        043s 19 0.0021 0.0320 0.9637 0.0017 0.0005 
        044s 19 0.0005 0.0003 0.9968 0.0009 0.0015 
        045s 19 0.0003 0.0006 0.9969 0.0009 0.0013 
        046s 19 0.0012 0.0016 0.9905 0.0014 0.0052 
        047s 19 0.0089 0.0005 0.9898 0.0004 0.0004 
        048s 19 0.0039 0.0893 0.9048 0.0011 0.0009 
        049s 19 0.0060 0.0073 0.9799 0.0006 0.0061 
        050s 19 0.0003 0.0018 0.9968 0.0004 0.0007 
        051s 19 0.0423 0.0077 0.9358 0.0006 0.0135 
        052s 19 0.0006 0.0009 0.9967 0.0011 0.0007 
      LIW2-4 20 0.0012 0.0006 0.9940 0.0020 0.0023 
     LIW2-12 21 0.0003 0.0011 0.9136 0.0066 0.0784 
     LIW2-20 22 0.0004 0.0025 0.9915 0.0045 0.0011 
     LIW2-28 23 0.0013 0.0397 0.8892 0.0025 0.0674 
      LIW1-5 24 0.0006 0.0011 0.9939 0.0021 0.0024 
     LIW1-13 25 0.0082 0.0580 0.9231 0.0003 0.0104 
     LIW1-21 26 0.0005 0.0102 0.9467 0.0071 0.0355 
     LIW1-29 27 0.0036 0.0162 0.9577 0.0028 0.0196 
      LIW2-5 28 0.0010 0.0005 0.9905 0.0061 0.0019 
     LIW2-34 29 0.0007 0.0002 0.9861 0.0089 0.0042 
     LIW2-21 30 0.0006 0.1025 0.8827 0.0016 0.0126 
     LIW2-29 31 0.0053 0.1857 0.8033 0.0033 0.0025 
      LIW1-6 32 0.0005 0.0008 0.9945 0.0011 0.0031 
     LIW1-14 33 0.0014 0.0614 0.8986 0.0380 0.0005 
     LIW1-22 34 0.0003 0.0006 0.9671 0.0266 0.0054 
     LIW1-30 35 0.0004 0.0017 0.9934 0.0014 0.0030 
      LIW2-6 36 0.0139 0.0017 0.9534 0.0038 0.0272 
     LIW2-14 37 0.0005 0.0023 0.9909 0.0003 0.0060 
     LIW2-22 38 0.0004 0.0692 0.8503 0.0013 0.0788 
     LIW2-30 39 0.0004 0.0004 0.9547 0.0399 0.0045 
      LIW1-7 40 0.0008 0.0241 0.9102 0.0092 0.0556 
     LIW1-15 41 0.0004 0.0004 0.9836 0.0050 0.0106 
     LIW1-23 42 0.0011 0.0066 0.9842 0.0035 0.0046 
     LIW1-31 43 0.0010 0.0030 0.9867 0.0031 0.0062 
      LIW2-7 44 0.0021 0.0868 0.9045 0.0057 0.0010 
     LIW2-15 45 0.0003 0.0013 0.9403 0.0554 0.0026 
     LIW2-23 46 0.0032 0.0004 0.9089 0.0008 0.0868 
      LIW1-8 47 0.0011 0.0003 0.9940 0.0010 0.0036 
     LIW1-16 48 0.0008 0.0004 0.9966 0.0008 0.0014 
      LIW2-8 49 0.0007 0.0004 0.9931 0.0034 0.0024 
     LIW2-16 50 0.0276 0.3131 0.6420 0.0034 0.0139 
     LIW2-24 51 0.0133 0.1786 0.7984 0.0018 0.0079 
     LIW2-32 52 0.0027 0.0049 0.9304 0.0103 0.0518 
     LIW1-47 53 0.0034 0.0043 0.9788 0.0022 0.0113 
      UMFS-1 54 0.0003 0.0002 0.0003 0.9992 0.0001 
     UMFS-19 55 0.0002 0.0002 0.0001 0.9994 0.0001 
     UMFS-31 56 0.0002 0.0002 0.1917 0.8075 0.0005 
      UMFS-2 57 0.0003 0.0002 0.0633 0.9361 0.0002 
     UMFS-10 58 0.0004 0.0003 0.1056 0.8934 0.0003 
     UMFS-20 59 0.0010 0.0037 0.1519 0.8431 0.0003 
     UMFS-32 60 0.0003 0.0004 0.0005 0.9986 0.0002 
      UMFS-3 61 0.0001 0.0001 0.0001 0.9997 0.0001 
     UMFS-11 62 0.1604 0.2758 0.5616 0.0004 0.0018 
     UMFS-21 63 0.0011 0.0274 0.0289 0.9358 0.0068 
     UMFS-33 64 0.0000 0.0000 0.0000 0.9999 0.0000 
      UMFS-4 65 0.0001 0.0000 0.0000 0.9998 0.0000 
     UMFS-22 66 0.0009 0.0009 0.0498 0.9475 0.0009 
     UMFS-34 67 0.0022 0.0033 0.3272 0.5858 0.0815 
      UMFS-5 68 0.0027 0.0006 0.0787 0.9175 0.0006 
     UMFS-13 69 0.0009 0.0005 0.0011 0.9957 0.0018 
     UMFS-23 70 0.0014 0.0012 0.2286 0.7680 0.0008 
     UMFS-35 71 0.0001 0.0001 0.0001 0.9996 0.0001 
      UMFS-6 72 0.0001 0.0001 0.0001 0.9998 0.0000 
     UMFS-14 73 0.0000 0.0000 0.0000 0.9999 0.0000 
     UMFS-24 74 0.0008 0.0059 0.2432 0.7497 0.0004 
     UMFS-36 75 0.0000 0.0000 0.0000 0.9998 0.0000 
      UMFS-7 76 0.2828 0.3094 0.3117 0.0002 0.0959 
     UMFS-15 77 0.0001 0.0001 0.0001 0.9997 0.0001 
     UMFS-25 78 0.0042 0.0052 0.1998 0.7904 0.0005 
     UMFS-37 79 0.0001 0.0001 0.0001 0.9998 0.0000 
      UMFS-8 80 0.0007 0.0017 0.0135 0.9835 0.0007 
     UMFS-16 81 0.0001 0.0001 0.0001 0.9996 0.0001 
     UMFS-26 82 0.0058 0.0044 0.3737 0.4817 0.1344 
     UMFS-38 83 0.0001 0.0001 0.0001 0.9997 0.0001 
      NEH1-2 84 0.0025 0.0212 0.0012 0.0009 0.9742 
     NEH1-11 85 0.0009 0.0450 0.0008 0.0003 0.9529 
     NEH1-20 86 0.0006 0.0004 0.1164 0.0036 0.8791 
     NEH1-29 87 0.0002 0.0004 0.0007 0.0003 0.9984 
      NEH2-2 88 0.0001 0.0002 0.0002 0.0002 0.9992 
     NEH2-10 89 0.0004 0.0006 0.0060 0.0003 0.9927 
     NEH2-18 90 0.0002 0.0017 0.0002 0.0002 0.9977 
     NEH2-26 91 0.0003 0.0023 0.0011 0.0003 0.9961 
      NEH1-3 92 0.0006 0.0005 0.1533 0.0003 0.8453 
     NEH1-12 93 0.0481 0.0015 0.0003 0.0005 0.9496 
     NEH1-21 94 0.0201 0.0003 0.0425 0.0002 0.9369 
     NEH1-30 95 0.0003 0.0664 0.0141 0.0002 0.9190 
      NEH2-3 96 0.0002 0.0001 0.0002 0.0001 0.9994 
     NEH2-11 97 0.0003 0.0218 0.0003 0.0020 0.9756 
     NEH2-19 98 0.0008 0.0013 0.0029 0.0025 0.9925 
     NEH2-27 99 0.0001 0.0001 0.0001 0.0001 0.9996 
      NEH1-4 100 0.0001 0.0013 0.0001 0.0001 0.9983 
     NEH1-13 101 0.0012 0.0018 0.2299 0.0004 0.7668 
     NEH1-22 102 0.0004 0.0003 0.1987 0.0006 0.8000 
     NEH1-31 103 0.0001 0.0012 0.0005 0.0001 0.9979 
      NEH2-4 104 0.0003 0.0017 0.0029 0.0019 0.9932 
     NEH2-12 105 0.0004 0.0558 0.0003 0.0066 0.9370 
     NEH2-20 106 0.0002 0.0004 0.1962 0.0007 0.8025 
     NEH2-28 107 0.0059 0.0010 0.0008 0.0005 0.9918 
      NEH1-5 108 0.0003 0.0137 0.1283 0.0004 0.8573 
     NEH1-14 109 0.0078 0.0568 0.1699 0.0006 0.7649 
     NEH1-23 110 0.0003 0.0004 0.2286 0.0019 0.7688 
     NEH1-32 111 0.0015 0.0010 0.0008 0.0002 0.9966 
      NEH2-5 112 0.0001 0.0002 0.0002 0.0001 0.9993 
     NEH2-13 113 0.0009 0.0166 0.0013 0.0003 0.9808 
     NEH2-22 114 0.0003 0.0005 0.0005 0.0006 0.9982 
     NEH2-29 115 0.0005 0.0003 0.0419 0.0005 0.9568 
      NEH1-6 116 0.0002 0.0001 0.0002 0.0002 0.9993 
     NEH1-15 117 0.0360 0.0032 0.0013 0.0002 0.9593 
     NEH1-24 118 0.0115 0.0005 0.0005 0.0011 0.9864 
     NEH1-33 119 0.0004 0.0005 0.1241 0.0008 0.8742 
      NEH2-6 120 0.0005 0.0005 0.0101 0.0064 0.9825 
     NEH2-14 121 0.0014 0.0011 0.0035 0.0008 0.9933 
     NEH2-21 122 0.0002 0.0003 0.0500 0.0009 0.9485 
     NEH2-30 123 0.0001 0.0002 0.0002 0.0001 0.9994 
      NEH1-7 124 0.0019 0.0931 0.0662 0.0006 0.8383 
     NEH1-16 125 0.0002 0.0003 0.0003 0.0001 0.9992 
     NEH1-25 126 0.0006 0.0005 0.1237 0.0015 0.8736 
     NEH1-34 127 0.0009 0.0109 0.0609 0.0006 0.9267 
      NEH2-7 128 0.0008 0.0008 0.0020 0.0026 0.9938 
     NEH2-15 129 0.0001 0.0001 0.0001 0.0001 0.9996 
     NEH2-23 130 0.0043 0.0393 0.0159 0.0016 0.9388 
     NEH2-31 131 0.0001 0.0001 0.0002 0.0002 0.9994 
      NEH1-8 132 0.0013 0.0749 0.0943 0.0002 0.8294 
     NEH1-17 133 0.0010 0.1105 0.0010 0.0005 0.8871 
     NEH1-26 134 0.0022 0.0003 0.1469 0.0014 0.8492 
     NEH1-35 135 0.0009 0.0028 0.1857 0.0002 0.8103 
      NEH2-8 136 0.0001 0.0001 0.0001 0.0001 0.9996 
     NEH2-16 137 0.0008 0.0002 0.0006 0.0006 0.9978 
     NEH2-24 138 0.0001 0.0001 0.0002 0.0004 0.9993 
     NEH2-32 139 0.0004 0.0670 0.0002 0.0006 0.9318 
      NEH1-1 140 0.0003 0.1146 0.0008 0.0006 0.8837 
     NEH1-10 141 0.0005 0.0002 0.0002 0.0001 0.9990 
     NEH1-19 142 0.0013 0.0005 0.1208 0.0004 0.8770 
     NEH1-28 143 0.0031 0.0403 0.0010 0.0003 0.9554 
      NEH2-1 144 0.0002 0.0114 0.0024 0.0003 0.9857 
      NEH2-9 145 0.0002 0.0001 0.0005 0.0003 0.9989 
     NEH2-17 146 0.0353 0.0013 0.0021 0.0005 0.9609 
     NEH2-25 147 0.0002 0.0214 0.0004 0.0001 0.9779 
      LIW1-1 148 0.0027 0.0882 0.7969 0.0084 0.1038 
      LIW1-9 149 0.0718 0.0854 0.7717 0.0006 0.0705 
     LIW1-17 150 0.0002 0.0012 0.9462 0.0012 0.0513 
     LIW1-25 151 0.0007 0.0003 0.9896 0.0073 0.0020 
      LIW2-9 152 0.0058 0.0502 0.9406 0.0018 0.0016 
     LIW2-17 153 0.0018 0.0009 0.9929 0.0015 0.0029 
     LIW2-25 154 0.0003 0.0020 0.9915 0.0034 0.0028 
      LIW1-2 155 0.0003 0.0037 0.9822 0.0019 0.0120 
     LIW1-10 156 0.0010 0.0050 0.9861 0.0044 0.0035 
     LIW1-18 157 0.0004 0.0133 0.9768 0.0022 0.0073 
     LIW1-26 158 0.0024 0.0002 0.9752 0.0013 0.0209 
      LIW2-2 159 0.0007 0.0003 0.9911 0.0034 0.0044 
     LIW2-10 160 0.0004 0.0029 0.9940 0.0012 0.0015 
     LIW2-18 161 0.0150 0.0063 0.9073 0.0086 0.0629 
     LIW2-26 162 0.0013 0.0007 0.9467 0.0502 0.0011 
      LIW1-3 163 0.0004 0.0176 0.9281 0.0397 0.0143 
     LIW1-11 164 0.0019 0.0087 0.9762 0.0072 0.0061 
     LIW1-19 165 0.0013 0.0510 0.8778 0.0056 0.0643 
     LIW1-27 166 0.0003 0.0318 0.9664 0.0010 0.0005 
      LIW2-3 167 0.0066 0.0026 0.9791 0.0078 0.0039 
     LIW2-11 168 0.0003 0.0004 0.9974 0.0012 0.0007 
     LIW2-19 169 0.0010 0.0012 0.9693 0.0009 0.0276 
     LIW2-27 170 0.0005 0.0003 0.9735 0.0115 0.0142 
      LIW1-4 171 0.0012 0.0004 0.9903 0.0020 0.0061 
     LIW1-12 172 0.0013 0.0199 0.9384 0.0387 0.0018 
     LIW1-20 173 0.0024 0.0013 0.9940 0.0010 0.0014 
     LIW1-28 174 0.0008 0.0044 0.9815 0.0029 0.0103 
        001s 175 0.0123 0.0004 0.9854 0.0004 0.0015 
        002s 175 0.0009 0.0839 0.9131 0.0005 0.0016 
        003s 175 0.0007 0.0003 0.9976 0.0009 0.0005 
        004s 175 0.0068 0.0193 0.9683 0.0044 0.0013 
        005s 175 0.0005 0.0023 0.9927 0.0034 0.0011 
        006s 175 0.0017 0.1713 0.8221 0.0039 0.0011 
        007s 175 0.0003 0.0008 0.9978 0.0005 0.0006 
        008s 175 0.0012 0.0013 0.9944 0.0026 0.0006 
        009s 175 0.0018 0.1168 0.8790 0.0016 0.0008 
        010s 175 0.0009 0.0009 0.9966 0.0004 0.0012 
        011s 175 0.0009 0.0039 0.9939 0.0004 0.0008 
        012s 175 0.0052 0.0002 0.9938 0.0005 0.0002 
        013s 175 0.0008 0.0034 0.9951 0.0005 0.0002 
        014s 175 0.0006 0.0904 0.9085 0.0002 0.0002 
        015s 175 0.0015 0.0008 0.9959 0.0004 0.0014 
        016s 175 0.0006 0.0423 0.9563 0.0004 0.0003 
        017s 175 0.0092 0.0017 0.9832 0.0012 0.0048 
        018s 175 0.0010 0.0034 0.9884 0.0063 0.0010 
        019s 175 0.0009 0.0007 0.9692 0.0243 0.0050 
        020s 175 0.0009 0.0008 0.9968 0.0006 0.0009 
        021s 175 0.0021 0.0004 0.9944 0.0008 0.0023 
        022s 175 0.0489 0.0005 0.9452 0.0004 0.0051 
        023s 175 0.0075 0.0015 0.9809 0.0073 0.0029 
        024s 175 0.0042 0.0196 0.9744 0.0012 0.0006 
        025s 175 0.0143 0.0210 0.9606 0.0035 0.0006 
        026s 175 0.0009 0.0057 0.9914 0.0006 0.0014 
        027s 175 0.0019 0.0010 0.9944 0.0008 0.0018 
        028s 175 0.0005 0.0013 0.9362 0.0006 0.0614 
        029s 175 0.0008 0.0007 0.9965 0.0016 0.0005 
        030s 175 0.0004 0.1073 0.8894 0.0008 0.0020 
        031s 175 0.0011 0.0010 0.9882 0.0093 0.0004 
        032s 175 0.0007 0.0028 0.9737 0.0027 0.0202 
        033s 175 0.0029 0.0108 0.9827 0.0026 0.0010 
        034s 175 0.0007 0.0088 0.9899 0.0002 0.0003 
        035s 175 0.0011 0.0104 0.9876 0.0006 0.0004 
        036s 175 0.0006 0.0006 0.9943 0.0039 0.0005 
        037s 175 0.0118 0.0002 0.9762 0.0002 0.0116 
        038s 175 0.0012 0.0073 0.9904 0.0003 0.0007 
        039s 175 0.0007 0.0023 0.9932 0.0008 0.0029 
        040s 175 0.0007 0.0006 0.9963 0.0005 0.0019 
        041s 175 0.0008 0.0026 0.9952 0.0007 0.0007 
        042s 175 0.0022 0.0009 0.9735 0.0224 0.0010 
        043s 175 0.0013 0.0041 0.9902 0.0006 0.0038 
        044s 175 0.0003 0.0012 0.9964 0.0006 0.0014 
        045s 175 0.0006 0.0811 0.9170 0.0009 0.0005 
        046s 175 0.0009 0.0008 0.9951 0.0012 0.0020 
        047s 175 0.0006 0.0005 0.9884 0.0034 0.0071 
        048s 175 0.0017 0.0019 0.9952 0.0009 0.0003 
        049s 175 0.0006 0.0449 0.9519 0.0019 0.0007 
        050s 175 0.0006 0.0730 0.8402 0.0016 0.0846 
        001s 176 0.0188 0.0514 0.9277 0.0014 0.0006 
        002s 176 0.0081 0.0023 0.9871 0.0004 0.0021 
        003s 176 0.0005 0.0028 0.9950 0.0006 0.0011 
        004s 176 0.0006 0.0020 0.9926 0.0026 0.0021 
        005s 176 0.0002 0.0009 0.9763 0.0005 0.0220 
        006s 176 0.0048 0.0002 0.9921 0.0021 0.0007 
        007s 176 0.0006 0.0856 0.9116 0.0013 0.0009 
        008s 176 0.0006 0.0005 0.9976 0.0011 0.0002 
        009s 176 0.0003 0.0008 0.9879 0.0007 0.0103 
        010s 176 0.0004 0.0012 0.9968 0.0012 0.0004 
        011s 176 0.0028 0.0002 0.9925 0.0004 0.0041 
        012s 176 0.0007 0.0743 0.9232 0.0007 0.0011 
        013s 176 0.0051 0.0041 0.9877 0.0008 0.0023 
        014s 176 0.0084 0.0006 0.9892 0.0012 0.0007 
        015s 176 0.0003 0.0016 0.9897 0.0072 0.0013 
        016s 176 0.0004 0.0010 0.9933 0.0045 0.0008 
        017s 176 0.0003 0.0003 0.9983 0.0006 0.0004 
        018s 176 0.0005 0.0006 0.9878 0.0010 0.0101 
        019s 176 0.0197 0.0095 0.9692 0.0011 0.0005 
        020s 176 0.0005 0.0026 0.9945 0.0010 0.0013 
        021s 176 0.0029 0.0013 0.9940 0.0008 0.0011 
        022s 176 0.0131 0.0005 0.9839 0.0015 0.0010 
        023s 176 0.0038 0.0004 0.9178 0.0777 0.0003 
        024s 176 0.0295 0.0032 0.9656 0.0010 0.0007 
        025s 176 0.0030 0.0039 0.9880 0.0018 0.0033 
        026s 176 0.0102 0.0011 0.9843 0.0008 0.0036 
        027s 176 0.0003 0.0006 0.9977 0.0006 0.0008 
        028s 176 0.0019 0.0007 0.9958 0.0010 0.0007 
        029s 176 0.0071 0.0003 0.9901 0.0005 0.0020 
        030s 176 0.0003 0.0688 0.9301 0.0004 0.0003 
        031s 176 0.0023 0.0045 0.9916 0.0005 0.0011 
        032s 176 0.0006 0.0530 0.9334 0.0007 0.0123 
        033s 176 0.0364 0.0839 0.8588 0.0045 0.0165 
        034s 176 0.0005 0.0011 0.9975 0.0002 0.0007 
        035s 176 0.0007 0.0137 0.9177 0.0005 0.0674 
        036s 176 0.0014 0.0004 0.9973 0.0003 0.0006 
        037s 176 0.0033 0.0590 0.9155 0.0016 0.0205 
        038s 176 0.0007 0.0006 0.9965 0.0015 0.0008 
        039s 176 0.0004 0.0006 0.9984 0.0004 0.0003 
        040s 176 0.0003 0.0007 0.9981 0.0003 0.0007 
        041s 176 0.0007 0.0009 0.9940 0.0038 0.0006 
        042s 176 0.0006 0.0003 0.9979 0.0008 0.0003 
        043s 176 0.0218 0.0014 0.9687 0.0026 0.0054 
        044s 176 0.0007 0.0017 0.9968 0.0003 0.0004 
        045s 176 0.0021 0.0059 0.9898 0.0012 0.0010 
        046s 176 0.0007 0.0015 0.9969 0.0006 0.0003 
        047s 176 0.0012 0.0003 0.9924 0.0046 0.0015 
        048s 176 0.0018 0.0038 0.9846 0.0093 0.0004 
        050s 176 0.0005 0.0017 0.9878 0.0005 0.0095 
        001s 177 0.0026 0.0446 0.9326 0.0095 0.0107 
        002s 177 0.0003 0.0006 0.9976 0.0005 0.0010 
        003s 177 0.0045 0.0163 0.9258 0.0460 0.0073 
        004s 177 0.0024 0.0004 0.9951 0.0003 0.0019 
        005s 177 0.0004 0.0051 0.9938 0.0004 0.0003 
        006s 177 0.0003 0.0178 0.9776 0.0021 0.0022 
        007s 177 0.0006 0.0109 0.9875 0.0003 0.0006 
        008s 177 0.0450 0.1093 0.8314 0.0134 0.0009 
        009s 177 0.0007 0.0003 0.9976 0.0005 0.0009 
        010s 177 0.0013 0.0318 0.9648 0.0011 0.0010 
        011s 177 0.0011 0.0010 0.9970 0.0003 0.0007 
        012s 177 0.0006 0.0038 0.9944 0.0005 0.0007 
        013s 177 0.0007 0.0008 0.9914 0.0056 0.0015 
        014s 177 0.0004 0.0599 0.9375 0.0012 0.0011 
        015s 177 0.0033 0.0012 0.9924 0.0008 0.0024 
        016s 177 0.0002 0.0004 0.9983 0.0007 0.0004 
        017s 177 0.0351 0.0024 0.9605 0.0010 0.0011 
        018s 177 0.0006 0.0235 0.9733 0.0022 0.0003 
        019s 177 0.0006 0.0011 0.9940 0.0006 0.0037 
        020s 177 0.0008 0.0016 0.9935 0.0007 0.0034 
        021s 177 0.0007 0.0003 0.9974 0.0005 0.0012 
        022s 177 0.0032 0.0022 0.9755 0.0006 0.0185 
        023s 177 0.0509 0.0005 0.9442 0.0018 0.0027 
        024s 177 0.0003 0.0006 0.9966 0.0006 0.0019 
        025s 177 0.0018 0.0011 0.9958 0.0005 0.0008 
        026s 177 0.0003 0.0012 0.9955 0.0004 0.0027 
        027s 177 0.0004 0.0005 0.9974 0.0010 0.0008 
        028s 177 0.0004 0.0003 0.9971 0.0016 0.0006 
        029s 177 0.0454 0.0417 0.9112 0.0003 0.0014 
        030s 177 0.0013 0.0118 0.9838 0.0015 0.0016 
        031s 177 0.0016 0.0006 0.9856 0.0008 0.0114 
        032s 177 0.0024 0.0216 0.9749 0.0005 0.0006 
        033s 177 0.0003 0.0009 0.9956 0.0005 0.0027 
        034s 177 0.0008 0.0013 0.9967 0.0004 0.0009 
        035s 177 0.0003 0.0003 0.9981 0.0009 0.0003 
        036s 177 0.0072 0.0034 0.9281 0.0007 0.0607 
        037s 177 0.0101 0.0079 0.9782 0.0008 0.0031 
        038s 177 0.0010 0.0181 0.9780 0.0019 0.0010 
        039s 177 0.0008 0.0011 0.9928 0.0038 0.0015 
        040s 177 0.0394 0.0021 0.9576 0.0003 0.0007 
        041s 177 0.0278 0.0819 0.8896 0.0003 0.0003 
        042s 177 0.0006 0.0659 0.9324 0.0006 0.0004 
        043s 177 0.0002 0.0004 0.9982 0.0006 0.0005 
        044s 177 0.0007 0.0009 0.9973 0.0004 0.0008 
        045s 177 0.0018 0.0147 0.9726 0.0091 0.0017 
        046s 177 0.0027 0.0003 0.9958 0.0005 0.0006 
        047s 177 0.0018 0.0008 0.9926 0.0011 0.0038 
        048s 177 0.0164 0.0010 0.9815 0.0006 0.0004 
        049s 177 0.0219 0.0121 0.9648 0.0002 0.0010 
        050s 177 0.0007 0.0003 0.9941 0.0044 0.0006 
        001s 178 0.0003 0.0697 0.9275 0.0016 0.0009 
        002s 178 0.0021 0.0021 0.9924 0.0005 0.0030 
        003s 178 0.0009 0.0041 0.9931 0.0012 0.0008 
        004s 178 0.0005 0.0037 0.9838 0.0115 0.0005 
        005s 178 0.0014 0.0010 0.9957 0.0014 0.0004 
        006s 178 0.0081 0.0230 0.9009 0.0154 0.0526 
        007s 178 0.0039 0.0003 0.9950 0.0003 0.0004 
        008s 178 0.0004 0.1151 0.8819 0.0021 0.0005 
        009s 178 0.0109 0.0005 0.9855 0.0017 0.0014 
        010s 178 0.0002 0.0008 0.9975 0.0004 0.0011 
        011s 178 0.0006 0.0009 0.9972 0.0008 0.0005 
        012s 178 0.0011 0.0018 0.9961 0.0005 0.0005 
        013s 178 0.0003 0.0003 0.9925 0.0044 0.0025 
        014s 178 0.0011 0.0376 0.9462 0.0004 0.0147 
        015s 178 0.0013 0.0026 0.9949 0.0007 0.0005 
        016s 178 0.0027 0.0061 0.9874 0.0030 0.0009 
        017s 178 0.0005 0.0534 0.9437 0.0013 0.0010 
        018s 178 0.0007 0.0015 0.9952 0.0008 0.0018 
        019s 178 0.0006 0.0015 0.9970 0.0005 0.0004 
        020s 178 0.0003 0.0008 0.9975 0.0013 0.0002 
        021s 178 0.0124 0.0066 0.9793 0.0008 0.0009 
        022s 178 0.0009 0.0013 0.9968 0.0006 0.0004 
        023s 178 0.0093 0.0860 0.8698 0.0005 0.0344 
        024s 178 0.0004 0.0008 0.9976 0.0006 0.0006 
        025s 178 0.0006 0.0647 0.9338 0.0004 0.0005 
        026s 178 0.0008 0.0003 0.9959 0.0023 0.0006 
        027s 178 0.0026 0.0386 0.9567 0.0015 0.0006 
        028s 178 0.0422 0.0011 0.9451 0.0049 0.0066 
        029s 178 0.0306 0.0004 0.9679 0.0004 0.0007 
        030s 178 0.0080 0.0015 0.9842 0.0005 0.0058 
        031s 178 0.0004 0.0003 0.9819 0.0171 0.0002 
        032s 178 0.0007 0.0004 0.9970 0.0015 0.0005 
        033s 178 0.0033 0.0194 0.9749 0.0020 0.0003 
        034s 178 0.0003 0.0004 0.9981 0.0007 0.0005 
        035s 178 0.0005 0.0012 0.9948 0.0011 0.0024 
        036s 178 0.0006 0.0002 0.9982 0.0004 0.0006 
        037s 178 0.0004 0.0004 0.9940 0.0005 0.0048 
        039s 178 0.0177 0.0019 0.9716 0.0024 0.0064 
        040s 178 0.0006 0.0900 0.9061 0.0012 0.0021 
        041s 178 0.0031 0.0003 0.9958 0.0004 0.0004 
        042s 178 0.0024 0.0331 0.9411 0.0202 0.0032 
        043s 178 0.0207 0.0032 0.9159 0.0460 0.0142 
        044s 178 0.0899 0.0044 0.9044 0.0002 0.0011 
        045s 178 0.0013 0.0007 0.9959 0.0006 0.0015 
        046s 178 0.0009 0.0009 0.9973 0.0006 0.0003 
        047s 178 0.0136 0.0021 0.9824 0.0009 0.0010 
        048s 178 0.0009 0.0231 0.9574 0.0011 0.0175 
        049s 178 0.0024 0.0023 0.9901 0.0004 0.0049 
        050s 178 0.0106 0.0763 0.9025 0.0082 0.0025 
          01 179 0.0191 0.0457 0.9146 0.0011 0.0196 
          02 179 0.0011 0.0007 0.9949 0.0010 0.0023 
          03 179 0.0032 0.1332 0.8621 0.0004 0.0011 
          04 179 0.0016 0.0012 0.9905 0.0006 0.0061 
          05 179 0.0013 0.0661 0.9300 0.0019 0.0007 
          06 179 0.0003 0.0040 0.9861 0.0092 0.0004 
          07 179 0.0014 0.0016 0.9915 0.0003 0.0053 
          08 179 0.0009 0.0004 0.9926 0.0019 0.0041 
          09 179 0.0002 0.0009 0.9974 0.0006 0.0009 
          10 179 0.0005 0.0321 0.9635 0.0002 0.0037 
          11 179 0.0018 0.0878 0.9096 0.0003 0.0005 
          12 179 0.0003 0.0021 0.9930 0.0020 0.0026 
          13 179 0.0015 0.0003 0.9955 0.0023 0.0005 
          14 179 0.0005 0.1146 0.8794 0.0007 0.0049 
          15 179 0.0115 0.0018 0.9853 0.0006 0.0008 
          16 179 0.0008 0.0252 0.9697 0.0032 0.0010 
          17 179 0.0006 0.0011 0.9758 0.0010 0.0215 
          18 179 0.0004 0.0010 0.9943 0.0012 0.0031 
          19 179 0.0036 0.0164 0.9774 0.0018 0.0009 
          20 179 0.0018 0.0312 0.8717 0.0043 0.0910 
          21 179 0.0003 0.0002 0.9987 0.0003 0.0005 
          22 179 0.0004 0.0398 0.9424 0.0167 0.0007 
          23 179 0.0008 0.0027 0.9953 0.0005 0.0006 
        001s 180 0.0011 0.0410 0.9190 0.0005 0.0383 
        002s 180 0.0008 0.0011 0.9952 0.0004 0.0025 
        003s 180 0.0004 0.0007 0.9951 0.0026 0.0012 
        004s 180 0.0012 0.0005 0.9976 0.0003 0.0004 
        005s 180 0.0030 0.0041 0.9669 0.0002 0.0258 
        006s 180 0.0011 0.1002 0.8972 0.0006 0.0008 
        007s 180 0.0006 0.0006 0.9974 0.0008 0.0006 
        008s 180 0.0011 0.0016 0.9962 0.0006 0.0006 
        009s 180 0.0002 0.0033 0.9945 0.0009 0.0011 
        010s 180 0.0003 0.0016 0.9878 0.0094 0.0009 
        011s 180 0.0008 0.0012 0.9972 0.0005 0.0003 
        012s 180 0.0009 0.0096 0.9878 0.0008 0.0009 
        013s 180 0.0011 0.0011 0.9911 0.0014 0.0053 
        014s 180 0.0005 0.0239 0.9741 0.0003 0.0013 
        015s 180 0.0005 0.0018 0.9954 0.0003 0.0020 
        016s 180 0.0010 0.0423 0.9420 0.0020 0.0127 
        017s 180 0.0011 0.0006 0.9966 0.0006 0.0011 
        018s 180 0.0008 0.0891 0.9086 0.0008 0.0006 
        019s 180 0.0008 0.0011 0.9963 0.0008 0.0010 
        020s 180 0.0017 0.0009 0.9860 0.0033 0.0082 
        021s 180 0.0007 0.0026 0.9934 0.0009 0.0024 
        022s 180 0.0013 0.0104 0.9869 0.0003 0.0011 
        023s 180 0.0002 0.0016 0.9944 0.0002 0.0035 
        024s 180 0.0003 0.0193 0.9754 0.0009 0.0041 
        025s 180 0.0028 0.0052 0.9908 0.0008 0.0004 
        026s 180 0.0036 0.0009 0.9914 0.0036 0.0005 
        027s 180 0.0009 0.0075 0.9903 0.0006 0.0008 
        028s 180 0.0014 0.0015 0.9949 0.0013 0.0009 
        029s 180 0.0041 0.0038 0.9211 0.0047 0.0664 
        030s 180 0.0043 0.0004 0.9876 0.0073 0.0004 
        031s 180 0.0003 0.0008 0.9972 0.0004 0.0014 
        032s 180 0.0017 0.0015 0.9808 0.0154 0.0007 
        033s 180 0.0004 0.0057 0.9902 0.0036 0.0002 
        034s 180 0.0041 0.0014 0.9929 0.0012 0.0005 
        035s 180 0.0004 0.0203 0.9603 0.0011 0.0180 
        036s 180 0.0003 0.0007 0.9933 0.0050 0.0007 
        037s 180 0.0007 0.0022 0.9910 0.0048 0.0013 
        038s 180 0.0017 0.0014 0.9960 0.0006 0.0002 
        039s 180 0.0020 0.0006 0.9953 0.0009 0.0011 
        041s 180 0.0011 0.0005 0.9977 0.0003 0.0003 
        042s 180 0.0018 0.0008 0.9910 0.0008 0.0056 
        043s 180 0.0017 0.0024 0.9840 0.0102 0.0017 
        044s 180 0.0006 0.0008 0.9971 0.0009 0.0005 
        045s 180 0.0274 0.0004 0.9680 0.0019 0.0023 
        046s 180 0.0027 0.0048 0.9888 0.0018 0.0019 
        047s 180 0.0004 0.0327 0.9640 0.0013 0.0015 
        048s 180 0.0010 0.0008 0.9971 0.0005 0.0006 
        049s 180 0.0010 0.0003 0.9974 0.0009 0.0004 
        050s 180 0.0018 0.0003 0.9952 0.0023 0.0004 
         001 181 0.8006 0.1988 0.0002 0.0003 0.0001 
         002 181 0.9998 0.0001 0.0001 0.0001 0.0000 
         003 181 0.9998 0.0001 0.0001 0.0001 0.0001 
         004 181 0.7679 0.2198 0.0093 0.0028 0.0002 
         005 181 0.8590 0.1297 0.0084 0.0004 0.0026 
         006 181 0.9998 0.0001 0.0000 0.0000 0.0000 
         007 181 0.9998 0.0001 0.0001 0.0001 0.0001 
         008 181 0.9994 0.0002 0.0002 0.0001 0.0001 
         009 181 0.9999 0.0000 0.0000 0.0000 0.0000 
         010 181 0.8220 0.1264 0.0001 0.0513 0.0001 
         011 181 0.9997 0.0001 0.0001 0.0001 0.0001 
         012 181 0.8579 0.1361 0.0003 0.0002 0.0055 
         013 181 0.8916 0.1031 0.0046 0.0005 0.0003 
         014 181 0.8602 0.1392 0.0003 0.0002 0.0002 
         015 181 0.9998 0.0000 0.0000 0.0001 0.0000 
         016 181 0.8641 0.1342 0.0009 0.0001 0.0006 
         017 181 0.9998 0.0001 0.0000 0.0000 0.0000 
         018 181 0.8069 0.1921 0.0004 0.0004 0.0002 
         019 181 0.8512 0.1421 0.0060 0.0001 0.0007 
         020 181 0.9998 0.0000 0.0000 0.0000 0.0000 
         021 181 0.9998 0.0001 0.0001 0.0000 0.0001 
         022 181 0.9998 0.0001 0.0000 0.0000 0.0000 
         023 181 0.9996 0.0002 0.0001 0.0001 0.0001 
         024 181 0.9730 0.0004 0.0239 0.0015 0.0012 
         025 181 0.9688 0.0308 0.0002 0.0002 0.0001 
         026 181 0.9997 0.0001 0.0001 0.0001 0.0001 
         027 181 0.9998 0.0001 0.0000 0.0000 0.0000 
         028 181 0.9999 0.0000 0.0000 0.0000 0.0000 
         029 181 0.9995 0.0001 0.0001 0.0001 0.0001 
         030 181 0.9996 0.0002 0.0001 0.0001 0.0001 
         001 182 0.5682 0.4315 0.0001 0.0001 0.0001 
         002 182 0.5155 0.4836 0.0004 0.0003 0.0003 
         003 182 0.4609 0.4788 0.0005 0.0595 0.0002 
         004 182 0.4669 0.5326 0.0002 0.0002 0.0002 
         005 182 0.5175 0.4794 0.0007 0.0022 0.0001 
         006 182 0.4074 0.4827 0.1082 0.0004 0.0013 
         007 182 0.4646 0.5177 0.0023 0.0150 0.0003 
         008 182 0.5247 0.4740 0.0004 0.0008 0.0001 
         009 182 0.5325 0.4666 0.0002 0.0006 0.0002 
         010 182 0.4343 0.4766 0.0883 0.0003 0.0004 
         011 182 0.4315 0.5679 0.0003 0.0002 0.0001 
         012 182 0.4866 0.4422 0.0698 0.0006 0.0008 
         013 182 0.3594 0.6391 0.0006 0.0004 0.0006 
         014 182 0.4009 0.5069 0.0879 0.0004 0.0039 
         015 182 0.5695 0.4302 0.0002 0.0001 0.0001 
         016 182 0.5002 0.4987 0.0002 0.0008 0.0001 
         017 182 0.5228 0.4172 0.0593 0.0005 0.0002 
         018 182 0.5600 0.4394 0.0004 0.0001 0.0001 
         019 182 0.5447 0.4548 0.0002 0.0001 0.0001 
         020 182 0.6013 0.3985 0.0001 0.0001 0.0001 
         021 182 0.4502 0.4759 0.0017 0.0711 0.0011 
         022 182 0.5672 0.4322 0.0002 0.0002 0.0001 
         023 182 0.4418 0.5577 0.0003 0.0001 0.0001 
         024 182 0.4088 0.5906 0.0003 0.0001 0.0001 
         025 182 0.5469 0.4522 0.0002 0.0006 0.0001 
         026 182 0.4951 0.5045 0.0001 0.0002 0.0001 
         027 182 0.5088 0.4901 0.0003 0.0001 0.0006 
         028 182 0.4667 0.5327 0.0003 0.0002 0.0001 
         029 182 0.4615 0.5317 0.0005 0.0059 0.0005 
         030 182 0.5471 0.4525 0.0002 0.0002 0.0001 
          10 183 0.0004 0.0003 0.9958 0.0012 0.0023 
          11 183 0.0002 0.0040 0.9237 0.0003 0.0719 
          12 183 0.0003 0.0004 0.9919 0.0014 0.0060 
          13 183 0.0076 0.0265 0.9644 0.0009 0.0005 
          14 183 0.0003 0.0003 0.9694 0.0179 0.0121 
          15 183 0.0015 0.0059 0.9503 0.0009 0.0414 
          16 183 0.0432 0.0095 0.9412 0.0050 0.0011 
          17 183 0.0019 0.0003 0.9950 0.0004 0.0024 
          18 183 0.0004 0.0004 0.9973 0.0008 0.0012 
          19 183 0.0002 0.0002 0.9984 0.0003 0.0009 
          20 183 0.0014 0.0323 0.9649 0.0008 0.0005 
          21 183 0.0006 0.0012 0.9848 0.0002 0.0133 
          22 183 0.0010 0.0068 0.9617 0.0023 0.0282 
          23 183 0.0175 0.0010 0.9768 0.0045 0.0002 
          24 183 0.0004 0.0003 0.9777 0.0006 0.0210 
          25 183 0.0006 0.0018 0.9863 0.0013 0.0100 
          26 183 0.0015 0.0025 0.9947 0.0005 0.0008 
          27 183 0.0004 0.0437 0.9427 0.0002 0.0130 
          28 183 0.0005 0.0045 0.9724 0.0004 0.0221 
          29 183 0.3927 0.2985 0.2831 0.0005 0.0253 
          30 183 0.3899 0.4426 0.1038 0.0005 0.0632 
          31 183 0.0010 0.0004 0.9927 0.0004 0.0055 
          32 183 0.0003 0.0003 0.9980 0.0012 0.0003 
          33 183 0.0004 0.0109 0.9859 0.0013 0.0015 
          34 183 0.0002 0.0008 0.9733 0.0028 0.0230 
          35 183 0.0018 0.0096 0.9743 0.0008 0.0136 
          36 183 0.0005 0.0004 0.9921 0.0015 0.0055 
          37 183 0.3810 0.4205 0.1714 0.0006 0.0266 
          54 183 0.0066 0.0422 0.9487 0.0003 0.0023 
          55 183 0.0012 0.1055 0.8228 0.0025 0.0680 
           6 183 0.0011 0.0134 0.9837 0.0009 0.0008 
           7 183 0.0097 0.0912 0.8953 0.0004 0.0033 
           8 183 0.0052 0.0156 0.9736 0.0024 0.0032 
           9 183 0.0026 0.0011 0.9769 0.0017 0.0178 
           4 184 0.0014 0.0011 0.9965 0.0004 0.0006 
           9 184 0.0006 0.0011 0.9945 0.0033 0.0004 
          12 184 0.0284 0.0009 0.9701 0.0004 0.0002 
          14 184 0.0006 0.0010 0.9904 0.0010 0.0070 
          15 184 0.0005 0.0004 0.9964 0.0006 0.0020 
          16 184 0.0038 0.0003 0.9910 0.0036 0.0013 
          17 184 0.0036 0.0006 0.9927 0.0021 0.0010 
          18 184 0.0015 0.0992 0.8978 0.0004 0.0011 
          22 184 0.0005 0.0005 0.9979 0.0008 0.0004 
          25 184 0.0006 0.0115 0.9862 0.0008 0.0009 
          26 184 0.0013 0.0004 0.9760 0.0202 0.0021 
          27 184 0.0022 0.0003 0.9968 0.0004 0.0003 
          28 184 0.0006 0.0003 0.9980 0.0004 0.0006 
          29 184 0.0003 0.0002 0.9986 0.0002 0.0006 
          31 184 0.0017 0.0010 0.9963 0.0005 0.0005 
          32 184 0.0030 0.0017 0.9926 0.0007 0.0020 
          33 184 0.0005 0.0013 0.9941 0.0017 0.0024 
          34 184 0.0003 0.0004 0.9983 0.0005 0.0005 
          36 184 0.0701 0.3482 0.5812 0.0004 0.0002 
          37 184 0.0006 0.0051 0.9925 0.0014 0.0004 
          39 184 0.0088 0.0025 0.9770 0.0007 0.0110 
          40 184 0.0019 0.0024 0.9919 0.0006 0.0033 
          41 184 0.0004 0.0180 0.9796 0.0005 0.0015 
          42 184 0.0010 0.0008 0.9920 0.0058 0.0004 
          43 184 0.0006 0.0005 0.9973 0.0006 0.0010 
          44 184 0.0012 0.0818 0.9143 0.0002 0.0024 
          45 184 0.0002 0.0002 0.9966 0.0020 0.0009 
          46 184 0.0072 0.0004 0.9911 0.0010 0.0003 
          47 184 0.0003 0.0002 0.9987 0.0003 0.0006 
          48 184 0.0009 0.0003 0.9968 0.0004 0.0017 
          52 184 0.0028 0.0814 0.9141 0.0010 0.0007 
          54 184 0.0004 0.0011 0.9964 0.0019 0.0002 
          57 184 0.0008 0.0005 0.9974 0.0007 0.0006 
          58 184 0.0008 0.0009 0.9961 0.0006 0.0015 
          59 184 0.0429 0.0074 0.9486 0.0002 0.0009 
          60 184 0.0002 0.0015 0.9868 0.0021 0.0094 
           3 185 0.0038 0.0176 0.9683 0.0009 0.0094 
           4 185 0.0012 0.0005 0.9954 0.0010 0.0018 
           5 185 0.0017 0.0007 0.9910 0.0061 0.0005 
           6 185 0.0006 0.0014 0.9970 0.0005 0.0005 
           7 185 0.0011 0.0997 0.8958 0.0032 0.0002 
           8 185 0.0240 0.0346 0.9400 0.0005 0.0009 
           9 185 0.0009 0.0017 0.9942 0.0005 0.0026 
          10 185 0.0006 0.0015 0.9928 0.0013 0.0037 
          11 185 0.0205 0.0226 0.9546 0.0006 0.0017 
          12 185 0.0049 0.0979 0.8950 0.0008 0.0014 
          13 185 0.0007 0.0005 0.9979 0.0005 0.0004 
          14 185 0.0020 0.0005 0.9961 0.0008 0.0007 
          15 185 0.0003 0.0266 0.7012 0.0386 0.2334 
          16 185 0.0006 0.0017 0.9956 0.0006 0.0015 
          17 185 0.0009 0.0010 0.9438 0.0008 0.0535 
          18 185 0.0002 0.0023 0.9929 0.0040 0.0007 
          19 185 0.0003 0.0004 0.9763 0.0006 0.0225 
          20 185 0.0423 0.0919 0.8647 0.0004 0.0007 
          21 185 0.0011 0.0031 0.9868 0.0013 0.0077 
          22 185 0.0008 0.0041 0.9421 0.0006 0.0524 
          23 185 0.0003 0.0841 0.9140 0.0004 0.0013 
          24 185 0.0036 0.0002 0.9955 0.0003 0.0004 
          25 185 0.0024 0.0732 0.9195 0.0003 0.0047 
          26 185 0.0021 0.0009 0.9951 0.0008 0.0011 
          27 185 0.0003 0.0006 0.9960 0.0019 0.0012 
          28 185 0.0004 0.0016 0.9975 0.0003 0.0003 
          29 185 0.0063 0.1233 0.8092 0.0076 0.0536 
          30 185 0.0070 0.0012 0.9905 0.0004 0.0009 
          31 185 0.0009 0.0163 0.9821 0.0002 0.0004 
          32 185 0.0046 0.0012 0.9928 0.0011 0.0003 
          33 185 0.0039 0.0047 0.9904 0.0005 0.0005 
          34 185 0.0015 0.0003 0.9965 0.0003 0.0014 
          35 185 0.0012 0.0010 0.9558 0.0413 0.0007 
          36 185 0.0009 0.0008 0.9959 0.0015 0.0008 
          37 185 0.0064 0.0071 0.9857 0.0004 0.0004 
          38 185 0.0405 0.0598 0.8988 0.0005 0.0004 
          39 185 0.0003 0.1042 0.8911 0.0004 0.0041 
          40 185 0.0009 0.0005 0.9965 0.0013 0.0009 
          41 185 0.0003 0.0011 0.9959 0.0017 0.0011 
          42 185 0.0008 0.0004 0.9977 0.0006 0.0005 
           5 186 0.0005 0.0012 0.9919 0.0059 0.0006 
           6 186 0.0003 0.0028 0.9939 0.0026 0.0004 
           7 186 0.0092 0.0004 0.9895 0.0005 0.0004 
           9 186 0.0005 0.1030 0.8943 0.0007 0.0015 
          10 186 0.0189 0.0124 0.9660 0.0018 0.0008 
          11 186 0.0022 0.0020 0.9948 0.0004 0.0006 
          12 186 0.0006 0.0012 0.9967 0.0011 0.0004 
          29 186 0.0013 0.0007 0.9814 0.0006 0.0160 
          30 186 0.0003 0.0003 0.9960 0.0026 0.0009 
          31 186 0.0095 0.0369 0.7789 0.0140 0.1607 
          32 186 0.0009 0.0760 0.8955 0.0003 0.0274 
          33 186 0.0003 0.0008 0.9936 0.0008 0.0046 
          34 186 0.0115 0.0033 0.9623 0.0198 0.0030 
          35 186 0.0006 0.0001 0.9978 0.0005 0.0008 
          36 186 0.0003 0.0039 0.9940 0.0003 0.0015 
          37 186 0.0093 0.0086 0.9810 0.0003 0.0009 
          38 186 0.0079 0.0036 0.9734 0.0010 0.0141 
          39 186 0.0007 0.0006 0.9963 0.0020 0.0004 
          40 186 0.0005 0.0006 0.9977 0.0003 0.0008 
          41 186 0.0078 0.0010 0.9891 0.0015 0.0007 
          42 186 0.0004 0.0008 0.9977 0.0004 0.0006 
          43 186 0.0019 0.0064 0.9882 0.0029 0.0007 
          44 186 0.0003 0.0003 0.9956 0.0022 0.0016 
          45 186 0.0003 0.0006 0.9981 0.0004 0.0005 
          46 186 0.0005 0.0004 0.9887 0.0099 0.0005 
          47 186 0.0006 0.0073 0.9897 0.0003 0.0021 
          48 186 0.0002 0.0020 0.9959 0.0011 0.0007 
          49 186 0.0004 0.0003 0.9985 0.0007 0.0002 
          50 186 0.0025 0.0103 0.9853 0.0004 0.0015 
          51 186 0.0004 0.0003 0.9980 0.0010 0.0003 
          52 186 0.0006 0.0008 0.9944 0.0035 0.0007 
          53 186 0.0008 0.0004 0.9955 0.0009 0.0025 
          54 186 0.0004 0.0006 0.9926 0.0051 0.0012 
          55 186 0.0006 0.0039 0.9908 0.0038 0.0009 
          56 186 0.0026 0.0007 0.9957 0.0003 0.0007 
          57 186 0.0003 0.0141 0.9075 0.0050 0.0730 
          58 186 0.0007 0.0006 0.9978 0.0007 0.0003 
          59 186 0.0056 0.0012 0.9923 0.0004 0.0004 
          60 186 0.0005 0.0002 0.9960 0.0014 0.0019 
           1 187 0.0013 0.0292 0.9661 0.0006 0.0027 
           2 187 0.0014 0.0038 0.9928 0.0007 0.0012 
           3 187 0.0010 0.0219 0.9615 0.0013 0.0143 
           4 187 0.0028 0.1099 0.8762 0.0007 0.0104 
           5 187 0.0003 0.0009 0.9958 0.0024 0.0005 
           6 187 0.0016 0.0017 0.9912 0.0047 0.0007 
           7 187 0.0090 0.1375 0.8469 0.0059 0.0007 
           8 187 0.0009 0.0012 0.9946 0.0027 0.0006 
           9 187 0.0002 0.0004 0.9983 0.0003 0.0008 
          10 187 0.0154 0.0051 0.9778 0.0008 0.0009 
          11 187 0.0047 0.0004 0.9942 0.0005 0.0002 
          12 187 0.0006 0.0005 0.9980 0.0004 0.0006 
          13 187 0.0006 0.0203 0.9770 0.0004 0.0018 
          14 187 0.0008 0.0005 0.9954 0.0015 0.0017 
          15 187 0.0040 0.0013 0.9881 0.0061 0.0005 
          16 187 0.0012 0.0128 0.9815 0.0021 0.0024 
          17 187 0.0006 0.0882 0.9050 0.0004 0.0059 
          18 187 0.0006 0.0018 0.9963 0.0004 0.0008 
          19 187 0.0006 0.0003 0.9973 0.0014 0.0003 
          20 187 0.0005 0.0008 0.9898 0.0081 0.0008 
          21 187 0.0307 0.0619 0.8991 0.0039 0.0044 
          22 187 0.0014 0.0008 0.9950 0.0005 0.0023 
          23 187 0.0002 0.0003 0.9985 0.0004 0.0005 
          24 187 0.0347 0.0575 0.9056 0.0006 0.0015 
          25 187 0.0007 0.0008 0.9927 0.0039 0.0020 
          26 187 0.0004 0.0003 0.9953 0.0011 0.0028 
          27 187 0.0002 0.0005 0.9983 0.0005 0.0004 
          28 187 0.0269 0.0002 0.9673 0.0010 0.0046 
          29 187 0.0032 0.0018 0.9936 0.0004 0.0010 
          30 187 0.0015 0.0007 0.9552 0.0012 0.0414 
          32 187 0.0548 0.0110 0.9333 0.0006 0.0003 
          33 187 0.0044 0.0083 0.9861 0.0004 0.0008 
          34 187 0.0004 0.0017 0.9952 0.0021 0.0006 
          35 187 0.0014 0.0144 0.9769 0.0024 0.0050 
          36 187 0.0006 0.0004 0.9965 0.0014 0.0011 
          37 187 0.0019 0.0015 0.9874 0.0008 0.0084 
          38 187 0.0039 0.0955 0.8134 0.0274 0.0598 
           1 188 0.0032 0.0026 0.9926 0.0006 0.0010 
           2 188 0.0054 0.0045 0.9872 0.0023 0.0005 
           3 188 0.0038 0.0386 0.9535 0.0029 0.0012 
           4 188 0.0133 0.0363 0.9394 0.0105 0.0004 
           5 188 0.0019 0.0009 0.9936 0.0010 0.0026 
           6 188 0.0003 0.0006 0.9980 0.0004 0.0008 
           7 188 0.0003 0.0004 0.9979 0.0009 0.0004 
           8 188 0.0218 0.0071 0.9701 0.0008 0.0002 
           9 188 0.0004 0.0013 0.9762 0.0216 0.0005 
          10 188 0.0003 0.0246 0.9735 0.0004 0.0012 
          11 188 0.0006 0.0003 0.9973 0.0013 0.0005 
          12 188 0.0014 0.0005 0.9487 0.0009 0.0486 
          13 188 0.0095 0.0909 0.8924 0.0007 0.0066 
          14 188 0.0039 0.0718 0.9196 0.0004 0.0043 
          15 188 0.0004 0.0005 0.9966 0.0023 0.0003 
          16 188 0.0006 0.0549 0.9431 0.0007 0.0007 
          17 188 0.0012 0.0013 0.9962 0.0004 0.0009 
          18 188 0.0003 0.0020 0.9500 0.0004 0.0473 
          19 188 0.0005 0.0020 0.9939 0.0008 0.0028 
          20 188 0.0030 0.1242 0.8664 0.0012 0.0053 
          21 188 0.0006 0.0136 0.9785 0.0026 0.0047 
          22 188 0.0025 0.0006 0.9808 0.0053 0.0107 
          23 188 0.0010 0.0019 0.9488 0.0002 0.0481 
          24 188 0.0002 0.0002 0.9666 0.0004 0.0326 
          25 188 0.0006 0.0005 0.9498 0.0041 0.0449 
          26 188 0.0035 0.0790 0.9163 0.0005 0.0007 
          27 188 0.0504 0.0017 0.9455 0.0005 0.0020 
          28 188 0.0010 0.0008 0.9974 0.0005 0.0003 
          29 188 0.0003 0.0959 0.9006 0.0011 0.0021 
          30 188 0.0065 0.0829 0.9092 0.0007 0.0008 
          31 188 0.0009 0.0041 0.9897 0.0007 0.0044 
          32 188 0.0004 0.0009 0.9978 0.0005 0.0005 
          33 188 0.0002 0.0042 0.9914 0.0003 0.0040 
          34 188 0.0010 0.0003 0.9920 0.0006 0.0061 
          35 188 0.0019 0.0175 0.9246 0.0051 0.0509 
          36 188 0.0561 0.0615 0.8780 0.0025 0.0018 
          37 188 0.0006 0.0013 0.9961 0.0014 0.0006 
          38 188 0.0535 0.0152 0.9292 0.0011 0.0010 
          39 188 0.0005 0.0646 0.9290 0.0046 0.0012 
          40 188 0.0019 0.0005 0.9967 0.0004 0.0005 
           7 189 0.0030 0.0011 0.9949 0.0005 0.0005 
           8 189 0.0110 0.0003 0.9871 0.0004 0.0011 
           9 189 0.0032 0.0012 0.9933 0.0005 0.0018 
          10 189 0.0058 0.0011 0.9926 0.0003 0.0002 
          11 189 0.0015 0.0007 0.9738 0.0192 0.0048 
          12 189 0.0126 0.0420 0.9432 0.0016 0.0006 
          13 189 0.0004 0.0005 0.9958 0.0011 0.0023 
          14 189 0.0056 0.0224 0.9669 0.0002 0.0049 
          16 189 0.0008 0.1617 0.8301 0.0046 0.0029 
          17 189 0.0002 0.0005 0.9973 0.0011 0.0009 
          18 189 0.0051 0.0365 0.9562 0.0007 0.0016 
          19 189 0.0025 0.0006 0.9866 0.0024 0.0079 
          20 189 0.0077 0.0409 0.9502 0.0004 0.0009 
          21 189 0.0031 0.0045 0.9906 0.0006 0.0012 
          23 189 0.0007 0.0004 0.9956 0.0008 0.0025 
          24 189 0.0454 0.0015 0.9508 0.0014 0.0010 
          25 189 0.0014 0.0049 0.9915 0.0006 0.0017 
          26 189 0.0065 0.0055 0.9835 0.0025 0.0020 
          27 189 0.0009 0.0007 0.9926 0.0034 0.0025 
          28 189 0.0003 0.0002 0.9975 0.0015 0.0005 
          29 189 0.0118 0.0003 0.9862 0.0007 0.0010 
          30 189 0.0033 0.0005 0.9804 0.0015 0.0142 
          31 189 0.0005 0.0003 0.9958 0.0004 0.0029 
          32 189 0.0336 0.0262 0.9389 0.0009 0.0003 
          33 189 0.0009 0.0004 0.9903 0.0019 0.0065 
          34 189 0.0001 0.0006 0.9946 0.0043 0.0002 
          35 189 0.0005 0.0004 0.9980 0.0005 0.0006 
          36 189 0.0112 0.0167 0.9707 0.0004 0.0010 
          37 189 0.0004 0.0005 0.9933 0.0017 0.0041 
          38 189 0.0003 0.0263 0.9657 0.0055 0.0021 
          39 189 0.0232 0.0006 0.9749 0.0006 0.0007 
          40 189 0.0020 0.1534 0.8426 0.0009 0.0011 
          41 189 0.0035 0.0063 0.9849 0.0003 0.0050 
          42 189 0.0038 0.1790 0.7932 0.0204 0.0036 
          43 189 0.0005 0.0040 0.9936 0.0013 0.0007 
           1 190 0.0007 0.1311 0.8652 0.0022 0.0008 
           3 190 0.0002 0.0044 0.9800 0.0011 0.0143 
           4 190 0.0006 0.0011 0.9966 0.0011 0.0006 
           5 190 0.0009 0.0319 0.9662 0.0004 0.0005 
           6 190 0.0007 0.0004 0.9973 0.0008 0.0007 
           7 190 0.0009 0.0004 0.9964 0.0002 0.0020 
           8 190 0.0066 0.0034 0.9520 0.0012 0.0368 
           9 190 0.1119 0.2627 0.5250 0.0117 0.0888 
          10 190 0.0006 0.0013 0.9971 0.0006 0.0005 
          11 190 0.0073 0.0048 0.9682 0.0192 0.0005 
          12 190 0.0010 0.0004 0.9956 0.0016 0.0015 
          13 190 0.0008 0.0010 0.9971 0.0008 0.0003 
          14 190 0.0014 0.0008 0.9940 0.0035 0.0004 
          15 190 0.0005 0.0110 0.9569 0.0292 0.0024 
          16 190 0.0024 0.0014 0.9954 0.0003 0.0006 
          17 190 0.0041 0.0008 0.9893 0.0051 0.0007 
          18 190 0.0015 0.0291 0.9661 0.0004 0.0029 
          19 190 0.0006 0.0007 0.9969 0.0007 0.0010 
          20 190 0.0003 0.0005 0.9886 0.0008 0.0099 
          22 190 0.0417 0.0887 0.8684 0.0007 0.0005 
          23 190 0.0066 0.0013 0.9905 0.0006 0.0009 
          24 190 0.0005 0.0768 0.9215 0.0006 0.0006 
          25 190 0.0016 0.0020 0.9953 0.0007 0.0003 
          26 190 0.0004 0.0003 0.9961 0.0017 0.0014 
          27 190 0.0003 0.0024 0.9801 0.0164 0.0008 
          28 190 0.0012 0.0028 0.9909 0.0045 0.0006 
          29 190 0.0050 0.0053 0.9891 0.0004 0.0002 
          31 190 0.0306 0.0082 0.9600 0.0009 0.0003 
           7 191 0.0002 0.0007 0.9982 0.0002 0.0006 
           8 191 0.0038 0.0007 0.9941 0.0004 0.0009 
           9 191 0.0006 0.0003 0.9980 0.0004 0.0007 
          10 191 0.0004 0.0010 0.9939 0.0004 0.0043 
          11 191 0.0045 0.0008 0.9937 0.0004 0.0005 
          12 191 0.0006 0.0340 0.8935 0.0714 0.0005 
          13 191 0.0007 0.0025 0.9953 0.0007 0.0007 
          14 191 0.0033 0.0030 0.9921 0.0013 0.0003 
          15 191 0.0007 0.0787 0.9160 0.0015 0.0031 
          16 191 0.0008 0.0012 0.9944 0.0007 0.0029 
          17 191 0.0130 0.0503 0.8858 0.0013 0.0496 
          18 191 0.0032 0.0004 0.9952 0.0006 0.0006 
          19 191 0.0102 0.0050 0.9780 0.0015 0.0054 
          20 191 0.0022 0.0097 0.9862 0.0003 0.0016 
          21 191 0.0019 0.0332 0.9309 0.0059 0.0281 
          22 191 0.0020 0.0009 0.9964 0.0003 0.0004 
          23 191 0.0005 0.0057 0.9921 0.0007 0.0009 
          24 191 0.0004 0.0020 0.9970 0.0003 0.0004 
          25 191 0.0028 0.0225 0.9733 0.0006 0.0008 
          26 191 0.0068 0.0986 0.8918 0.0006 0.0022 
          27 191 0.0008 0.0011 0.9964 0.0010 0.0007 
          28 191 0.0028 0.0003 0.9915 0.0007 0.0047 
          29 191 0.0006 0.0010 0.9798 0.0004 0.0182 
          30 191 0.0002 0.0007 0.9978 0.0009 0.0004 
          39 191 0.0031 0.0006 0.9803 0.0154 0.0005 
          40 191 0.0012 0.0006 0.9975 0.0004 0.0003 
          41 191 0.0017 0.0641 0.9302 0.0006 0.0034 
          42 191 0.0004 0.0003 0.9983 0.0007 0.0003 
          43 191 0.0005 0.0552 0.9424 0.0008 0.0011 
          44 191 0.0053 0.0041 0.9840 0.0002 0.0065 
          45 191 0.0013 0.0004 0.9913 0.0045 0.0025 
          46 191 0.0005 0.1284 0.8571 0.0003 0.0137 
          47 191 0.0015 0.0043 0.9914 0.0010 0.0018 
          48 191 0.0009 0.0003 0.9937 0.0037 0.0014 
          49 191 0.0081 0.0012 0.9751 0.0049 0.0107 
          50 191 0.0010 0.0010 0.9966 0.0005 0.0009 
           9 192 0.0004 0.0004 0.9985 0.0004 0.0003 
          10 192 0.0018 0.0010 0.9952 0.0019 0.0002 
          11 192 0.0002 0.0444 0.9497 0.0009 0.0048 
          12 192 0.0010 0.0013 0.9965 0.0006 0.0006 
          13 192 0.0371 0.0504 0.9106 0.0009 0.0011 
          14 192 0.0008 0.0092 0.9210 0.0007 0.0682 
          15 192 0.0012 0.0003 0.9948 0.0020 0.0018 
          16 192 0.0097 0.0005 0.9888 0.0004 0.0006 
          17 192 0.0104 0.0115 0.9685 0.0084 0.0012 
          18 192 0.0005 0.0063 0.9919 0.0004 0.0009 
          19 192 0.0040 0.0014 0.9922 0.0020 0.0004 
          20 192 0.0005 0.0199 0.9587 0.0199 0.0010 
          21 192 0.0003 0.0003 0.9930 0.0059 0.0004 
          22 192 0.0106 0.0029 0.9735 0.0015 0.0115 
          23 192 0.0004 0.1035 0.8934 0.0010 0.0018 
          24 192 0.0027 0.0006 0.9938 0.0024 0.0005 
          33 192 0.0004 0.0742 0.9114 0.0129 0.0011 
          35 192 0.0011 0.0005 0.9900 0.0070 0.0014 
          36 192 0.0004 0.0005 0.9978 0.0010 0.0003 
          37 192 0.0006 0.0005 0.9974 0.0007 0.0007 
          38 192 0.0021 0.0411 0.9558 0.0003 0.0007 
          39 192 0.0009 0.0012 0.9969 0.0006 0.0004 
          40 192 0.0047 0.0717 0.9228 0.0002 0.0005 
          41 192 0.0088 0.0399 0.9492 0.0002 0.0019 
          42 192 0.0037 0.0432 0.9499 0.0004 0.0028 
          43 192 0.0011 0.0003 0.9930 0.0026 0.0030 
          45 192 0.0005 0.0004 0.9960 0.0022 0.0008 
          46 192 0.0031 0.0006 0.9735 0.0205 0.0022 
          47 192 0.0007 0.0013 0.9972 0.0003 0.0006 
          48 192 0.0007 0.0006 0.9975 0.0003 0.0009 
          49 192 0.0486 0.0051 0.9410 0.0044 0.0010 
          50 192 0.0004 0.0009 0.9977 0.0006 0.0004 
