        001s  1 0.6356 0.0010 0.3624 0.0002 0.0005 0.0004 
        002s  1 0.0664 0.0005 0.9297 0.0018 0.0006 0.0009 
        003s  1 0.0045 0.0125 0.9788 0.0007 0.0022 0.0013 
        004s  1 0.1469 0.0003 0.8138 0.0304 0.0036 0.0051 
        005s  1 0.0039 0.0003 0.5695 0.2076 0.2178 0.0009 
        006s  1 0.9943 0.0004 0.0033 0.0012 0.0005 0.0004 
        007s  1 0.9682 0.0009 0.0242 0.0004 0.0026 0.0037 
        008s  1 0.2492 0.0008 0.7465 0.0008 0.0014 0.0012 
        009s  1 0.5285 0.0026 0.4056 0.0023 0.0560 0.0051 
        010s  1 0.9855 0.0008 0.0048 0.0007 0.0078 0.0004 
        011s  1 0.9820 0.0048 0.0073 0.0017 0.0017 0.0025 
        012s  1 0.7942 0.0059 0.0709 0.0064 0.1220 0.0006 
        013s  1 0.9399 0.0012 0.0210 0.0265 0.0021 0.0093 
        014s  1 0.9301 0.0191 0.0128 0.0012 0.0307 0.0061 
        015s  1 0.9911 0.0007 0.0067 0.0004 0.0006 0.0005 
        016s  1 0.9411 0.0010 0.0462 0.0006 0.0028 0.0084 
        018s  1 0.7795 0.0014 0.0681 0.0008 0.1492 0.0010 
        019s  1 0.8237 0.0041 0.1570 0.0005 0.0137 0.0011 
        020s  1 0.9794 0.0089 0.0033 0.0003 0.0008 0.0073 
        021s  1 0.9594 0.0009 0.0235 0.0091 0.0002 0.0068 
        022s  1 0.0087 0.0005 0.9894 0.0002 0.0002 0.0010 
        023s  1 0.8901 0.0011 0.0992 0.0003 0.0003 0.0090 
        024s  1 0.9907 0.0004 0.0062 0.0008 0.0011 0.0007 
        025s  1 0.9786 0.0003 0.0107 0.0018 0.0073 0.0013 
        026s  1 0.9792 0.0046 0.0044 0.0009 0.0009 0.0102 
        027s  1 0.9585 0.0006 0.0284 0.0083 0.0020 0.0022 
        028s  1 0.8826 0.0016 0.0044 0.0535 0.0572 0.0007 
        029s  1 0.9833 0.0057 0.0093 0.0005 0.0008 0.0005 
        030s  1 0.9850 0.0062 0.0039 0.0028 0.0015 0.0006 
        031s  1 0.9645 0.0003 0.0334 0.0002 0.0003 0.0012 
        032s  1 0.9923 0.0013 0.0042 0.0005 0.0008 0.0008 
        033s  1 0.9811 0.0010 0.0099 0.0011 0.0059 0.0010 
        034s  1 0.3252 0.0018 0.6237 0.0011 0.0006 0.0476 
        035s  1 0.9918 0.0017 0.0021 0.0017 0.0018 0.0008 
        036s  1 0.3489 0.0004 0.5638 0.0009 0.0850 0.0011 
        037s  1 0.7910 0.0025 0.0377 0.0102 0.1098 0.0487 
        038s  1 0.9803 0.0005 0.0161 0.0007 0.0015 0.0010 
        039s  1 0.9640 0.0009 0.0156 0.0187 0.0004 0.0003 
        040s  1 0.8843 0.0005 0.1077 0.0041 0.0007 0.0026 
        041s  1 0.9834 0.0009 0.0093 0.0004 0.0033 0.0027 
        042s  1 0.7810 0.0010 0.0557 0.0003 0.0778 0.0842 
        043s  1 0.0078 0.0015 0.9817 0.0010 0.0075 0.0005 
        044s  1 0.6757 0.0025 0.2143 0.0100 0.0913 0.0062 
        045s  1 0.9893 0.0009 0.0017 0.0012 0.0061 0.0007 
        046s  1 0.9809 0.0019 0.0145 0.0005 0.0014 0.0008 
        047s  1 0.9898 0.0012 0.0028 0.0002 0.0009 0.0052 
        048s  1 0.2597 0.0004 0.6810 0.0003 0.0576 0.0010 
        049s  1 0.0109 0.0006 0.9868 0.0008 0.0004 0.0005 
        050s  1 0.7813 0.0003 0.1145 0.0020 0.1016 0.0004 
        051s  1 0.9634 0.0282 0.0068 0.0004 0.0003 0.0008 
        052s  1 0.9368 0.0166 0.0285 0.0081 0.0085 0.0015 
        053s  1 0.9925 0.0003 0.0042 0.0003 0.0022 0.0004 
        054s  1 0.9890 0.0028 0.0039 0.0031 0.0003 0.0009 
        055s  1 0.8252 0.0012 0.0081 0.0009 0.0916 0.0731 
          01  2 0.8365 0.0299 0.0055 0.0013 0.1246 0.0021 
          02  2 0.9721 0.0015 0.0042 0.0032 0.0184 0.0006 
          03  2 0.9896 0.0004 0.0067 0.0009 0.0014 0.0011 
          04  2 0.9326 0.0009 0.0317 0.0203 0.0024 0.0121 
          05  2 0.0091 0.0002 0.8736 0.0003 0.1163 0.0004 
          06  2 0.9537 0.0007 0.0082 0.0011 0.0358 0.0005 
          07  2 0.7942 0.0008 0.1958 0.0018 0.0070 0.0005 
          08  2 0.0730 0.0012 0.8504 0.0003 0.0741 0.0010 
          09  2 0.9519 0.0081 0.0387 0.0003 0.0007 0.0002 
          10  2 0.9866 0.0005 0.0102 0.0006 0.0016 0.0004 
          11  2 0.9553 0.0088 0.0220 0.0008 0.0102 0.0029 
          12  2 0.9832 0.0017 0.0132 0.0009 0.0007 0.0004 
          13  2 0.8385 0.0007 0.1591 0.0006 0.0005 0.0006 
          14  2 0.5519 0.0032 0.4076 0.0068 0.0002 0.0303 
          15  2 0.6615 0.0013 0.3349 0.0006 0.0004 0.0012 
          16  2 0.9322 0.0044 0.0035 0.0553 0.0006 0.0040 
          17  2 0.9227 0.0012 0.0709 0.0011 0.0030 0.0011 
          18  2 0.9765 0.0018 0.0031 0.0029 0.0150 0.0008 
          19  2 0.9864 0.0023 0.0059 0.0003 0.0011 0.0039 
          20  2 0.9251 0.0021 0.0032 0.0076 0.0602 0.0018 
          21  2 0.9743 0.0153 0.0080 0.0005 0.0013 0.0005 
          22  2 0.9803 0.0054 0.0022 0.0045 0.0017 0.0059 
          23  2 0.9916 0.0010 0.0021 0.0025 0.0008 0.0020 
          24  2 0.9940 0.0008 0.0036 0.0006 0.0004 0.0006 
          25  2 0.8558 0.0017 0.1088 0.0294 0.0033 0.0010 
          26  2 0.0011 0.0005 0.9974 0.0003 0.0004 0.0003 
          27  2 0.9283 0.0010 0.0374 0.0290 0.0006 0.0036 
          28  2 0.8879 0.0011 0.1051 0.0002 0.0011 0.0046 
          29  2 0.9917 0.0006 0.0059 0.0008 0.0008 0.0002 
          30  2 0.7172 0.0122 0.0273 0.0006 0.1565 0.0863 
          01  3 0.3398 0.0004 0.0064 0.2169 0.4305 0.0059 
          02  3 0.1286 0.0734 0.0008 0.4614 0.3325 0.0033 
          03  3 0.3646 0.0003 0.0021 0.3135 0.3181 0.0015 
          04  3 0.1788 0.0013 0.0034 0.3512 0.4646 0.0007 
          05  3 0.0006 0.1152 0.0004 0.4011 0.3623 0.1204 
          06  3 0.0703 0.0003 0.0074 0.4969 0.4247 0.0003 
          07  3 0.3668 0.0009 0.0045 0.2493 0.3781 0.0003 
          08  3 0.2804 0.0037 0.0162 0.3222 0.3752 0.0023 
          09  3 0.2968 0.0002 0.0053 0.2668 0.4293 0.0016 
          10  3 0.0181 0.2178 0.0226 0.4154 0.1974 0.1288 
          11  3 0.1621 0.0002 0.1169 0.3057 0.4148 0.0002 
          12  3 0.0904 0.0004 0.1751 0.3141 0.4195 0.0004 
          13  3 0.0029 0.0187 0.0017 0.5200 0.4565 0.0002 
          14  3 0.0022 0.0456 0.0028 0.4575 0.3354 0.1566 
          15  3 0.3329 0.0002 0.0091 0.2751 0.3816 0.0013 
          16  3 0.0656 0.0027 0.0156 0.6003 0.3129 0.0031 
          17  3 0.3912 0.0008 0.0089 0.1777 0.4205 0.0009 
          18  3 0.0051 0.1670 0.0055 0.3364 0.2063 0.2798 
          19  3 0.0824 0.0006 0.0771 0.4625 0.3723 0.0051 
          20  3 0.0505 0.0004 0.1257 0.3111 0.4598 0.0523 
          21  3 0.2434 0.0011 0.0049 0.3743 0.3729 0.0034 
          22  3 0.0204 0.0002 0.2635 0.2278 0.4855 0.0025 
          23  3 0.2242 0.0002 0.0052 0.3568 0.4125 0.0012 
          24  3 0.0203 0.1678 0.0353 0.2840 0.4911 0.0015 
          25  3 0.0007 0.2506 0.0004 0.3051 0.3130 0.1302 
          26  3 0.2182 0.0005 0.0030 0.3404 0.4375 0.0005 
          27  3 0.0067 0.1317 0.0610 0.3683 0.2579 0.1743 
          28  3 0.0101 0.0023 0.0729 0.4639 0.4506 0.0002 
          29  3 0.1694 0.0027 0.0070 0.4194 0.3951 0.0065 
          30  3 0.0024 0.0010 0.3065 0.2464 0.4432 0.0005 
         001  4 0.0001 0.0001 0.0001 0.0001 0.9996 0.0001 
         002  4 0.0002 0.0002 0.0003 0.0002 0.9989 0.0001 
         003  4 0.0001 0.0001 0.0001 0.0001 0.9996 0.0001 
         004  4 0.0001 0.0001 0.0001 0.0002 0.9994 0.0001 
         005  4 0.0001 0.0004 0.0001 0.0002 0.9990 0.0001 
         006  4 0.0005 0.0003 0.0004 0.0714 0.9272 0.0002 
         007  4 0.0022 0.0002 0.0031 0.0538 0.9397 0.0010 
         008  4 0.0007 0.0026 0.0009 0.0004 0.9891 0.0064 
         009  4 0.0001 0.0001 0.0001 0.0002 0.9993 0.0001 
         010  4 0.0001 0.0001 0.0001 0.0035 0.9962 0.0001 
         011  4 0.0006 0.0003 0.0008 0.0176 0.9442 0.0364 
         012  4 0.0001 0.0001 0.0001 0.0001 0.9996 0.0001 
         013  4 0.0001 0.0001 0.0001 0.0001 0.9997 0.0001 
         014  4 0.0001 0.0001 0.0002 0.0001 0.9993 0.0002 
         015  4 0.0001 0.0001 0.0001 0.0001 0.9997 0.0001 
         016  4 0.0001 0.0001 0.0001 0.0001 0.9995 0.0001 
         017  4 0.0001 0.0001 0.0002 0.0001 0.9994 0.0001 
         019  4 0.0002 0.0003 0.0003 0.0840 0.9145 0.0007 
         020  4 0.0001 0.0002 0.0001 0.0001 0.9993 0.0001 
         021  4 0.0004 0.0003 0.0003 0.0109 0.9877 0.0004 
         001  5 0.0004 0.0013 0.0004 0.0003 0.9628 0.0348 
         002  5 0.0077 0.0010 0.0344 0.0003 0.9533 0.0033 
         003  5 0.1652 0.0002 0.0022 0.0724 0.7543 0.0056 
         004  5 0.0418 0.0002 0.0172 0.0006 0.9360 0.0042 
         005  5 0.0003 0.0002 0.0003 0.0008 0.9978 0.0006 
         006  5 0.0006 0.0006 0.0003 0.1006 0.8978 0.0002 
         007  5 0.0002 0.0003 0.0002 0.0879 0.9112 0.0002 
         008  5 0.0001 0.0002 0.0001 0.0048 0.9946 0.0001 
         009  5 0.0399 0.0002 0.0243 0.0034 0.9303 0.0019 
         010  5 0.0026 0.0004 0.0011 0.0674 0.9263 0.0022 
         011  5 0.0014 0.0003 0.0010 0.0005 0.9915 0.0054 
         012  5 0.0397 0.0011 0.0063 0.0802 0.8677 0.0049 
         013  5 0.1743 0.0008 0.0247 0.0464 0.7533 0.0006 
         014  5 0.1507 0.0223 0.0093 0.0952 0.7050 0.0176 
         015  5 0.0002 0.0002 0.0002 0.0276 0.9716 0.0002 
         016  5 0.0018 0.0006 0.0008 0.0588 0.9376 0.0005 
         017  5 0.0293 0.0031 0.0061 0.0800 0.8812 0.0002 
         018  5 0.0053 0.0332 0.0104 0.0410 0.8777 0.0323 
         019  5 0.0003 0.0061 0.0003 0.0001 0.9907 0.0025 
         020  5 0.0002 0.0001 0.0001 0.0001 0.9993 0.0002 
         021  5 0.1017 0.0003 0.0321 0.0004 0.8600 0.0054 
         022  5 0.0196 0.0022 0.0063 0.0059 0.9230 0.0431 
         023  5 0.0013 0.0004 0.0012 0.0287 0.9663 0.0021 
         024  5 0.0352 0.0004 0.0087 0.0655 0.8897 0.0005 
         025  5 0.0192 0.0011 0.0203 0.0701 0.8882 0.0012 
         026  5 0.1369 0.0004 0.0092 0.0142 0.8391 0.0003 
         027  5 0.0002 0.0001 0.0001 0.0003 0.9991 0.0001 
         028  5 0.0036 0.0009 0.0072 0.0487 0.9258 0.0137 
         029  5 0.0004 0.0003 0.0005 0.0026 0.9959 0.0002 
         030  5 0.0007 0.0049 0.0008 0.0010 0.9904 0.0022 
        001s  6 0.7476 0.0009 0.2070 0.0297 0.0008 0.0139 
        002s  6 0.9053 0.0199 0.0281 0.0004 0.0448 0.0015 
        003s  6 0.7949 0.0006 0.1839 0.0003 0.0171 0.0032 
        004s  6 0.9883 0.0005 0.0098 0.0004 0.0004 0.0006 
        006s  6 0.9002 0.0012 0.0067 0.0175 0.0619 0.0127 
        007s  6 0.9922 0.0009 0.0039 0.0019 0.0006 0.0005 
        008s  6 0.9766 0.0030 0.0116 0.0005 0.0027 0.0055 
        009s  6 0.9931 0.0010 0.0046 0.0003 0.0002 0.0007 
        010s  6 0.9554 0.0086 0.0038 0.0062 0.0120 0.0141 
        011s  6 0.9929 0.0002 0.0027 0.0021 0.0005 0.0015 
        012s  6 0.9869 0.0021 0.0050 0.0040 0.0005 0.0015 
        013s  6 0.9937 0.0006 0.0035 0.0005 0.0014 0.0004 
        014s  6 0.4518 0.0002 0.4683 0.0003 0.0790 0.0004 
        015s  6 0.9745 0.0008 0.0016 0.0065 0.0101 0.0065 
        016s  6 0.8827 0.0006 0.1136 0.0013 0.0004 0.0014 
        018s  6 0.7098 0.0004 0.0192 0.0007 0.2672 0.0026 
        019s  6 0.9105 0.0009 0.0757 0.0026 0.0069 0.0033 
        020s  6 0.9706 0.0009 0.0269 0.0009 0.0003 0.0004 
        021s  6 0.9736 0.0018 0.0050 0.0123 0.0013 0.0060 
        022s  6 0.9606 0.0005 0.0342 0.0003 0.0011 0.0034 
        023s  6 0.3129 0.0003 0.6715 0.0003 0.0142 0.0009 
        024s  6 0.9436 0.0020 0.0208 0.0023 0.0304 0.0009 
        025s  6 0.9164 0.0005 0.0104 0.0007 0.0013 0.0707 
        026s  6 0.9804 0.0018 0.0162 0.0005 0.0006 0.0004 
        027s  6 0.9815 0.0011 0.0156 0.0003 0.0009 0.0005 
        028s  6 0.9302 0.0429 0.0010 0.0061 0.0134 0.0063 
        029s  6 0.9939 0.0015 0.0027 0.0004 0.0004 0.0011 
        030s  6 0.9159 0.0021 0.0016 0.0005 0.0725 0.0072 
        031s  6 0.3231 0.0003 0.6734 0.0018 0.0011 0.0003 
        032s  6 0.9782 0.0004 0.0107 0.0013 0.0087 0.0007 
        033s  6 0.8981 0.0006 0.0077 0.0003 0.0928 0.0006 
        034s  6 0.9724 0.0005 0.0072 0.0021 0.0011 0.0167 
        035s  6 0.0009 0.0009 0.8753 0.0004 0.1221 0.0004 
        036s  6 0.9878 0.0003 0.0046 0.0050 0.0010 0.0012 
        037s  6 0.9890 0.0018 0.0063 0.0006 0.0008 0.0015 
        038s  6 0.8557 0.0016 0.1401 0.0017 0.0003 0.0005 
        039s  6 0.9923 0.0006 0.0058 0.0003 0.0003 0.0006 
        040s  6 0.8131 0.0003 0.1824 0.0035 0.0003 0.0004 
        041s  6 0.1779 0.0046 0.7810 0.0001 0.0315 0.0049 
        042s  6 0.9117 0.0050 0.0168 0.0006 0.0126 0.0532 
        043s  6 0.9892 0.0003 0.0032 0.0008 0.0006 0.0058 
        044s  6 0.7895 0.0018 0.2069 0.0003 0.0007 0.0008 
        045s  6 0.9764 0.0007 0.0139 0.0004 0.0057 0.0029 
        001s  7 0.0261 0.0004 0.9712 0.0004 0.0007 0.0012 
        002s  7 0.4601 0.0009 0.5196 0.0006 0.0170 0.0018 
        003s  7 0.0059 0.0008 0.9908 0.0010 0.0007 0.0009 
        004s  7 0.9725 0.0012 0.0214 0.0033 0.0010 0.0005 
        005s  7 0.9579 0.0008 0.0255 0.0025 0.0112 0.0022 
        006s  7 0.9338 0.0003 0.0014 0.0006 0.0593 0.0047 
        007s  7 0.9630 0.0172 0.0065 0.0057 0.0057 0.0020 
        008s  7 0.0031 0.0020 0.9877 0.0003 0.0061 0.0008 
        009s  7 0.9661 0.0006 0.0177 0.0018 0.0018 0.0121 
        010s  7 0.0022 0.0007 0.9949 0.0003 0.0009 0.0011 
        011s  7 0.9874 0.0008 0.0100 0.0004 0.0005 0.0008 
        012s  7 0.9946 0.0005 0.0032 0.0004 0.0007 0.0006 
        013s  7 0.9779 0.0007 0.0099 0.0070 0.0004 0.0041 
        014s  7 0.3521 0.0005 0.6244 0.0006 0.0221 0.0003 
        015s  7 0.9736 0.0014 0.0053 0.0016 0.0168 0.0013 
        016s  7 0.0014 0.0003 0.9139 0.0002 0.0830 0.0012 
        017s  7 0.9872 0.0003 0.0101 0.0006 0.0013 0.0005 
        018s  7 0.9909 0.0025 0.0028 0.0005 0.0028 0.0005 
        019s  7 0.9756 0.0033 0.0064 0.0018 0.0014 0.0115 
        020s  7 0.9806 0.0003 0.0168 0.0013 0.0006 0.0004 
        021s  7 0.9882 0.0014 0.0067 0.0004 0.0021 0.0011 
        022s  7 0.9915 0.0004 0.0026 0.0023 0.0023 0.0009 
        023s  7 0.9436 0.0013 0.0252 0.0012 0.0084 0.0202 
        024s  7 0.9911 0.0014 0.0049 0.0006 0.0013 0.0007 
        025s  7 0.9849 0.0012 0.0055 0.0069 0.0008 0.0007 
        026s  7 0.0033 0.0012 0.9934 0.0002 0.0010 0.0009 
        027s  7 0.4103 0.0007 0.5868 0.0007 0.0010 0.0004 
        028s  7 0.9889 0.0002 0.0039 0.0006 0.0060 0.0003 
        029s  7 0.9494 0.0006 0.0357 0.0006 0.0111 0.0026 
        030s  7 0.8607 0.0051 0.1292 0.0006 0.0004 0.0038 
        031s  7 0.9595 0.0005 0.0253 0.0014 0.0020 0.0113 
        032s  7 0.8936 0.0040 0.0010 0.0003 0.1009 0.0002 
        033s  7 0.9480 0.0038 0.0074 0.0010 0.0386 0.0012 
        034s  7 0.9515 0.0015 0.0029 0.0426 0.0009 0.0007 
        035s  7 0.9951 0.0004 0.0027 0.0003 0.0005 0.0010 
        036s  7 0.9288 0.0008 0.0576 0.0035 0.0005 0.0088 
        037s  7 0.9237 0.0007 0.0042 0.0024 0.0659 0.0031 
        038s  7 0.9766 0.0011 0.0060 0.0004 0.0142 0.0017 
        039s  7 0.7451 0.0003 0.2533 0.0004 0.0005 0.0004 
        040s  7 0.0020 0.0003 0.9784 0.0160 0.0029 0.0004 
        041s  7 0.6984 0.0022 0.2765 0.0004 0.0209 0.0017 
        042s  7 0.0104 0.0003 0.9857 0.0005 0.0028 0.0004 
        043s  7 0.9847 0.0006 0.0092 0.0002 0.0013 0.0040 
        044s  7 0.9048 0.0019 0.0032 0.0117 0.0554 0.0229 
         003  8 0.9786 0.0112 0.0032 0.0013 0.0049 0.0009 
         009  8 0.9911 0.0004 0.0053 0.0004 0.0013 0.0014 
         010  8 0.9883 0.0005 0.0090 0.0003 0.0004 0.0015 
         017  8 0.9910 0.0016 0.0026 0.0008 0.0005 0.0035 
         002  9 0.9865 0.0007 0.0106 0.0007 0.0003 0.0012 
         003  9 0.9953 0.0003 0.0036 0.0002 0.0002 0.0004 
         004  9 0.9921 0.0003 0.0060 0.0001 0.0004 0.0010 
         005  9 0.9884 0.0015 0.0037 0.0010 0.0003 0.0051 
         006  9 0.9944 0.0005 0.0020 0.0008 0.0008 0.0014 
         007  9 0.9903 0.0011 0.0034 0.0003 0.0037 0.0012 
         009  9 0.9855 0.0014 0.0096 0.0002 0.0015 0.0018 
         010  9 0.9935 0.0016 0.0033 0.0003 0.0002 0.0011 
         013  9 0.9730 0.0003 0.0234 0.0006 0.0011 0.0015 
         014  9 0.9835 0.0066 0.0076 0.0002 0.0005 0.0017 
         016  9 0.9950 0.0009 0.0031 0.0002 0.0002 0.0006 
         018  9 0.9893 0.0048 0.0030 0.0008 0.0006 0.0014 
         019  9 0.9906 0.0046 0.0030 0.0006 0.0008 0.0005 
         020  9 0.9974 0.0004 0.0012 0.0003 0.0004 0.0003 
         021  9 0.9951 0.0003 0.0034 0.0002 0.0004 0.0006 
         022  9 0.9897 0.0012 0.0079 0.0003 0.0003 0.0005 
         024  9 0.9809 0.0032 0.0123 0.0003 0.0004 0.0028 
         028  9 0.9911 0.0006 0.0059 0.0008 0.0005 0.0011 
         029  9 0.9910 0.0011 0.0063 0.0003 0.0004 0.0009 
         030  9 0.9938 0.0008 0.0034 0.0004 0.0004 0.0012 
         031  9 0.9819 0.0010 0.0142 0.0004 0.0019 0.0005 
         033  9 0.9763 0.0006 0.0166 0.0006 0.0050 0.0009 
         001 10 0.9906 0.0010 0.0073 0.0003 0.0004 0.0004 
         002 10 0.9900 0.0010 0.0079 0.0002 0.0003 0.0007 
         003 10 0.9861 0.0005 0.0014 0.0008 0.0003 0.0108 
         004 10 0.8632 0.0005 0.1336 0.0003 0.0003 0.0020 
         005 10 0.9931 0.0017 0.0033 0.0004 0.0004 0.0012 
         006 10 0.9948 0.0004 0.0027 0.0004 0.0012 0.0006 
         007 10 0.9892 0.0004 0.0066 0.0003 0.0007 0.0028 
         008 10 0.9916 0.0009 0.0023 0.0006 0.0006 0.0040 
         009 10 0.9866 0.0038 0.0073 0.0013 0.0004 0.0005 
         010 10 0.9770 0.0027 0.0186 0.0003 0.0006 0.0007 
         011 10 0.9544 0.0003 0.0042 0.0009 0.0004 0.0399 
         012 10 0.9911 0.0004 0.0035 0.0008 0.0005 0.0037 
         013 10 0.9928 0.0005 0.0035 0.0022 0.0003 0.0007 
         014 10 0.8100 0.0006 0.1874 0.0007 0.0004 0.0010 
         016 10 0.9918 0.0015 0.0043 0.0009 0.0007 0.0008 
         017 10 0.9941 0.0009 0.0031 0.0006 0.0006 0.0007 
         018 10 0.9872 0.0018 0.0024 0.0004 0.0076 0.0007 
         019 10 0.9909 0.0044 0.0026 0.0004 0.0005 0.0012 
         020 10 0.9746 0.0062 0.0158 0.0009 0.0010 0.0014 
         021 10 0.9529 0.0021 0.0435 0.0003 0.0007 0.0004 
         022 10 0.9594 0.0002 0.0387 0.0006 0.0003 0.0007 
         023 10 0.9959 0.0004 0.0018 0.0006 0.0003 0.0010 
         024 10 0.9912 0.0016 0.0046 0.0002 0.0004 0.0020 
         026 10 0.9965 0.0007 0.0015 0.0003 0.0004 0.0006 
        001s 11 0.5860 0.0008 0.3222 0.0004 0.0841 0.0065 
        002s 11 0.9792 0.0040 0.0095 0.0054 0.0006 0.0013 
        003s 11 0.9752 0.0012 0.0169 0.0005 0.0058 0.0005 
        004s 11 0.9881 0.0003 0.0083 0.0016 0.0004 0.0014 
        005s 11 0.9130 0.0057 0.0784 0.0005 0.0018 0.0005 
        006s 11 0.9629 0.0019 0.0221 0.0097 0.0012 0.0021 
        007s 11 0.8545 0.0013 0.0968 0.0381 0.0085 0.0008 
        008s 11 0.9909 0.0007 0.0071 0.0004 0.0006 0.0004 
        009s 11 0.9816 0.0142 0.0033 0.0003 0.0003 0.0004 
        010s 11 0.8461 0.0005 0.1506 0.0003 0.0017 0.0009 
        011s 11 0.0155 0.0002 0.8768 0.0050 0.0947 0.0077 
        012s 11 0.8692 0.0010 0.0188 0.0003 0.1105 0.0003 
        013s 11 0.7519 0.0002 0.2453 0.0005 0.0010 0.0010 
        014s 11 0.0412 0.0014 0.9498 0.0043 0.0020 0.0012 
        015s 11 0.9716 0.0013 0.0188 0.0018 0.0021 0.0045 
        016s 11 0.5916 0.0032 0.3163 0.0004 0.0319 0.0567 
        017s 11 0.8685 0.0010 0.0362 0.0004 0.0921 0.0019 
        018s 11 0.0145 0.0016 0.9798 0.0008 0.0023 0.0010 
        019s 11 0.9710 0.0003 0.0061 0.0007 0.0007 0.0212 
        020s 11 0.2171 0.0027 0.7767 0.0011 0.0010 0.0014 
        021s 11 0.9936 0.0004 0.0040 0.0004 0.0005 0.0011 
        022s 11 0.9431 0.0007 0.0218 0.0328 0.0011 0.0004 
        023s 11 0.0482 0.0004 0.8986 0.0003 0.0280 0.0245 
        025s 11 0.9897 0.0003 0.0081 0.0005 0.0005 0.0011 
        026s 11 0.9115 0.0008 0.0041 0.0007 0.0278 0.0551 
        027s 11 0.9907 0.0005 0.0050 0.0024 0.0009 0.0005 
        028s 11 0.9882 0.0003 0.0028 0.0008 0.0068 0.0011 
        029s 11 0.9434 0.0012 0.0015 0.0003 0.0532 0.0003 
        030s 11 0.9464 0.0013 0.0022 0.0004 0.0486 0.0010 
        031s 11 0.9898 0.0005 0.0080 0.0011 0.0003 0.0003 
        032s 11 0.9193 0.0008 0.0756 0.0004 0.0014 0.0025 
        033s 11 0.8752 0.0015 0.1159 0.0006 0.0059 0.0009 
        034s 11 0.0372 0.0004 0.9595 0.0015 0.0010 0.0004 
        035s 11 0.4079 0.0016 0.5863 0.0021 0.0017 0.0004 
        036s 11 0.9728 0.0013 0.0099 0.0014 0.0142 0.0004 
        037s 11 0.0119 0.0010 0.9839 0.0004 0.0012 0.0016 
        038s 11 0.7057 0.0007 0.2899 0.0006 0.0026 0.0005 
        039s 11 0.9890 0.0006 0.0075 0.0002 0.0018 0.0008 
        040s 11 0.9186 0.0005 0.0060 0.0030 0.0713 0.0006 
        041s 11 0.9640 0.0215 0.0094 0.0011 0.0008 0.0032 
        042s 11 0.4698 0.0008 0.5146 0.0008 0.0005 0.0135 
        043s 11 0.9399 0.0004 0.0029 0.0006 0.0391 0.0171 
        044s 11 0.9633 0.0010 0.0259 0.0052 0.0004 0.0042 
        045s 11 0.9791 0.0005 0.0087 0.0025 0.0004 0.0088 
        046s 11 0.1470 0.0008 0.8049 0.0014 0.0121 0.0339 
        047s 11 0.9944 0.0006 0.0020 0.0014 0.0006 0.0010 
        048s 11 0.9556 0.0017 0.0025 0.0027 0.0053 0.0323 
        049s 11 0.9923 0.0010 0.0040 0.0005 0.0012 0.0009 
        050s 11 0.9925 0.0003 0.0045 0.0012 0.0004 0.0010 
        051s 11 0.8938 0.0004 0.0322 0.0197 0.0005 0.0535 
        052s 11 0.0453 0.0012 0.9474 0.0022 0.0012 0.0028 
        053s 11 0.9880 0.0021 0.0084 0.0004 0.0003 0.0008 
        054s 11 0.9833 0.0004 0.0077 0.0074 0.0007 0.0006 
        055s 11 0.0278 0.0005 0.9155 0.0010 0.0549 0.0003 
        001s 12 0.9793 0.0011 0.0128 0.0041 0.0018 0.0010 
        002s 12 0.9923 0.0026 0.0028 0.0004 0.0012 0.0006 
        003s 12 0.9915 0.0007 0.0063 0.0008 0.0004 0.0003 
        004s 12 0.9321 0.0031 0.0047 0.0005 0.0528 0.0069 
        005s 12 0.2935 0.0012 0.7038 0.0004 0.0003 0.0007 
        006s 12 0.9280 0.0005 0.0296 0.0019 0.0388 0.0013 
        007s 12 0.9902 0.0033 0.0023 0.0010 0.0013 0.0018 
        008s 12 0.9832 0.0004 0.0037 0.0011 0.0110 0.0007 
        009s 12 0.9361 0.0195 0.0148 0.0011 0.0217 0.0069 
        010s 12 0.9360 0.0008 0.0269 0.0300 0.0060 0.0004 
        011s 12 0.9842 0.0012 0.0106 0.0018 0.0014 0.0009 
        012s 12 0.9863 0.0004 0.0028 0.0061 0.0013 0.0032 
        013s 12 0.9640 0.0005 0.0021 0.0004 0.0009 0.0321 
        014s 12 0.3917 0.0013 0.5309 0.0375 0.0015 0.0369 
        015s 12 0.9883 0.0020 0.0042 0.0006 0.0041 0.0007 
        016s 12 0.9922 0.0004 0.0024 0.0006 0.0004 0.0040 
        017s 12 0.9568 0.0004 0.0370 0.0011 0.0035 0.0012 
        018s 12 0.9841 0.0025 0.0094 0.0003 0.0022 0.0015 
        019s 12 0.9604 0.0023 0.0305 0.0003 0.0059 0.0005 
        020s 12 0.9137 0.0003 0.0017 0.0007 0.0831 0.0006 
        021s 12 0.9889 0.0006 0.0043 0.0006 0.0035 0.0022 
        022s 12 0.9113 0.0026 0.0345 0.0009 0.0464 0.0044 
        023s 12 0.9850 0.0010 0.0123 0.0003 0.0003 0.0010 
        024s 12 0.5045 0.0004 0.4937 0.0003 0.0006 0.0006 
        025s 12 0.9834 0.0054 0.0056 0.0026 0.0021 0.0008 
        026s 12 0.8796 0.0155 0.0726 0.0007 0.0308 0.0007 
        027s 12 0.9901 0.0003 0.0054 0.0007 0.0031 0.0004 
        028s 12 0.0035 0.0133 0.9792 0.0004 0.0010 0.0027 
        029s 12 0.6920 0.0003 0.3060 0.0005 0.0003 0.0009 
        030s 12 0.9898 0.0005 0.0071 0.0012 0.0009 0.0004 
        031s 12 0.9871 0.0009 0.0045 0.0008 0.0041 0.0027 
        032s 12 0.0398 0.0087 0.9498 0.0004 0.0003 0.0009 
        033s 12 0.9826 0.0006 0.0100 0.0052 0.0012 0.0004 
        034s 12 0.0177 0.0006 0.9806 0.0004 0.0003 0.0003 
        035s 12 0.9141 0.0007 0.0681 0.0007 0.0160 0.0004 
        036s 12 0.9451 0.0024 0.0405 0.0077 0.0035 0.0009 
        037s 12 0.9925 0.0008 0.0045 0.0003 0.0009 0.0009 
        001s 13 0.9774 0.0009 0.0077 0.0005 0.0114 0.0021 
        002s 13 0.0208 0.0003 0.9018 0.0004 0.0762 0.0005 
        003s 13 0.9905 0.0008 0.0062 0.0003 0.0010 0.0011 
        004s 13 0.9779 0.0107 0.0080 0.0005 0.0005 0.0024 
        005s 13 0.9836 0.0022 0.0042 0.0048 0.0031 0.0022 
        006s 13 0.9901 0.0008 0.0062 0.0016 0.0007 0.0005 
        007s 13 0.9576 0.0006 0.0077 0.0320 0.0007 0.0015 
        008s 13 0.9358 0.0016 0.0023 0.0011 0.0585 0.0006 
        009s 13 0.8509 0.0134 0.0028 0.0029 0.1291 0.0008 
        010s 13 0.9236 0.0010 0.0036 0.0006 0.0704 0.0008 
        011s 13 0.6646 0.0081 0.2963 0.0257 0.0035 0.0018 
        012s 13 0.9164 0.0019 0.0115 0.0018 0.0563 0.0120 
        013s 13 0.2253 0.0008 0.7456 0.0124 0.0084 0.0075 
        014s 13 0.9582 0.0008 0.0020 0.0357 0.0008 0.0026 
        015s 13 0.9380 0.0124 0.0321 0.0007 0.0061 0.0106 
        016s 13 0.9938 0.0005 0.0038 0.0004 0.0005 0.0010 
        017s 13 0.9515 0.0038 0.0169 0.0094 0.0180 0.0004 
        018s 13 0.9856 0.0006 0.0122 0.0003 0.0006 0.0007 
        019s 13 0.9631 0.0004 0.0340 0.0012 0.0006 0.0008 
        020s 13 0.0110 0.0019 0.9832 0.0029 0.0007 0.0004 
        021s 13 0.9880 0.0007 0.0089 0.0004 0.0007 0.0013 
        022s 13 0.9934 0.0004 0.0034 0.0005 0.0013 0.0008 
        023s 13 0.9749 0.0005 0.0226 0.0003 0.0014 0.0004 
        024s 13 0.9115 0.0009 0.0211 0.0031 0.0241 0.0393 
        025s 13 0.9927 0.0008 0.0030 0.0005 0.0008 0.0022 
        026s 13 0.8872 0.0003 0.0077 0.0035 0.0931 0.0082 
        027s 13 0.9422 0.0050 0.0049 0.0017 0.0445 0.0016 
        028s 13 0.4581 0.0080 0.5135 0.0120 0.0059 0.0025 
        029s 13 0.0292 0.0005 0.9582 0.0014 0.0095 0.0012 
        030s 13 0.1250 0.0008 0.7901 0.0005 0.0619 0.0217 
        031s 13 0.8839 0.0016 0.0077 0.0013 0.0048 0.1007 
        032s 13 0.9913 0.0004 0.0052 0.0023 0.0005 0.0003 
        033s 13 0.9476 0.0005 0.0093 0.0374 0.0044 0.0008 
        034s 13 0.0063 0.0028 0.9644 0.0052 0.0205 0.0008 
        035s 13 0.7618 0.0016 0.2316 0.0008 0.0005 0.0037 
        036s 13 0.8527 0.0005 0.1441 0.0007 0.0015 0.0005 
        037s 13 0.9900 0.0009 0.0066 0.0005 0.0004 0.0016 
        038s 13 0.4260 0.0011 0.5698 0.0015 0.0007 0.0009 
        039s 13 0.8140 0.0008 0.0107 0.0006 0.1010 0.0729 
        040s 13 0.9920 0.0004 0.0039 0.0008 0.0015 0.0014 
        041s 13 0.9347 0.0004 0.0012 0.0032 0.0587 0.0017 
        042s 13 0.0046 0.0006 0.9930 0.0008 0.0003 0.0008 
        001s 14 0.1530 0.0022 0.8243 0.0009 0.0188 0.0009 
        002s 14 0.9270 0.0032 0.0032 0.0016 0.0637 0.0012 
        003s 14 0.0031 0.0006 0.9948 0.0005 0.0005 0.0006 
        004s 14 0.9743 0.0009 0.0050 0.0081 0.0076 0.0042 
        005s 14 0.7363 0.0005 0.2621 0.0002 0.0004 0.0005 
        006s 14 0.9809 0.0004 0.0173 0.0006 0.0004 0.0004 
        007s 14 0.9877 0.0004 0.0091 0.0008 0.0007 0.0013 
        008s 14 0.0022 0.0096 0.9008 0.0019 0.0841 0.0014 
        009s 14 0.9680 0.0075 0.0209 0.0007 0.0020 0.0009 
        010s 14 0.4720 0.0224 0.4616 0.0003 0.0425 0.0012 
        011s 14 0.5576 0.0006 0.4072 0.0296 0.0042 0.0008 
        012s 14 0.0173 0.0016 0.9777 0.0011 0.0005 0.0018 
        013s 14 0.9232 0.0006 0.0680 0.0029 0.0008 0.0046 
        014s 14 0.9487 0.0074 0.0061 0.0006 0.0364 0.0008 
        015s 14 0.9656 0.0093 0.0207 0.0007 0.0008 0.0029 
        016s 14 0.9831 0.0004 0.0035 0.0003 0.0016 0.0110 
        017s 14 0.9215 0.0006 0.0120 0.0134 0.0521 0.0004 
        018s 14 0.9914 0.0013 0.0049 0.0003 0.0007 0.0014 
        019s 14 0.9894 0.0005 0.0068 0.0015 0.0013 0.0006 
        020s 14 0.0589 0.0077 0.9311 0.0002 0.0005 0.0015 
        021s 14 0.9774 0.0093 0.0056 0.0003 0.0068 0.0006 
        022s 14 0.9724 0.0015 0.0168 0.0027 0.0056 0.0011 
        023s 14 0.9685 0.0023 0.0220 0.0006 0.0032 0.0034 
        024s 14 0.6728 0.0031 0.2708 0.0014 0.0502 0.0017 
        025s 14 0.8116 0.0004 0.1246 0.0002 0.0629 0.0003 
        026s 14 0.9901 0.0018 0.0064 0.0002 0.0005 0.0010 
        027s 14 0.9535 0.0006 0.0396 0.0005 0.0024 0.0034 
        028s 14 0.9634 0.0020 0.0312 0.0019 0.0006 0.0008 
        029s 14 0.9905 0.0006 0.0075 0.0002 0.0003 0.0010 
        030s 14 0.9012 0.0006 0.0846 0.0124 0.0008 0.0004 
        031s 14 0.6409 0.0009 0.3418 0.0148 0.0005 0.0011 
        032s 14 0.6569 0.0004 0.3380 0.0009 0.0011 0.0026 
        033s 14 0.5265 0.0010 0.4219 0.0497 0.0006 0.0004 
        034s 14 0.9957 0.0006 0.0025 0.0002 0.0003 0.0006 
        035s 14 0.8165 0.0004 0.0206 0.0814 0.0807 0.0005 
        036s 14 0.0358 0.0030 0.8615 0.0343 0.0590 0.0064 
        037s 14 0.9765 0.0010 0.0187 0.0003 0.0011 0.0024 
        038s 14 0.9825 0.0008 0.0151 0.0006 0.0006 0.0005 
        039s 14 0.9749 0.0036 0.0120 0.0020 0.0022 0.0054 
        040s 14 0.9711 0.0003 0.0127 0.0006 0.0142 0.0011 
        041s 14 0.6598 0.0007 0.3373 0.0008 0.0007 0.0007 
        042s 14 0.9152 0.0006 0.0060 0.0005 0.0761 0.0016 
        001s 15 0.4741 0.0007 0.5224 0.0005 0.0006 0.0018 
        002s 15 0.7010 0.0070 0.1816 0.0027 0.0912 0.0164 
        003s 15 0.9723 0.0008 0.0051 0.0005 0.0148 0.0064 
        004s 15 0.9865 0.0093 0.0026 0.0005 0.0009 0.0002 
        005s 15 0.9717 0.0013 0.0027 0.0021 0.0152 0.0069 
        006s 15 0.9760 0.0005 0.0060 0.0013 0.0152 0.0010 
        007s 15 0.9788 0.0009 0.0190 0.0004 0.0005 0.0004 
        008s 15 0.9826 0.0007 0.0146 0.0007 0.0007 0.0007 
        009s 15 0.9275 0.0007 0.0059 0.0030 0.0280 0.0348 
        010s 15 0.0204 0.0004 0.9770 0.0004 0.0005 0.0013 
        011s 15 0.9325 0.0005 0.0023 0.0624 0.0008 0.0015 
        012s 15 0.9901 0.0012 0.0034 0.0011 0.0025 0.0017 
        013s 15 0.0103 0.0044 0.9833 0.0003 0.0005 0.0011 
        014s 15 0.9826 0.0043 0.0055 0.0006 0.0017 0.0053 
        015s 15 0.9084 0.0008 0.0029 0.0043 0.0781 0.0055 
        016s 15 0.1096 0.0293 0.7968 0.0617 0.0024 0.0003 
        017s 15 0.9725 0.0147 0.0084 0.0007 0.0016 0.0022 
        018s 15 0.4674 0.0027 0.5275 0.0002 0.0015 0.0006 
        019s 15 0.3859 0.0005 0.6046 0.0004 0.0020 0.0065 
        020s 15 0.4876 0.0006 0.5104 0.0005 0.0004 0.0004 
        021s 15 0.8536 0.0022 0.0600 0.0007 0.0796 0.0038 
        022s 15 0.9811 0.0006 0.0155 0.0018 0.0007 0.0004 
        023s 15 0.9662 0.0005 0.0042 0.0028 0.0257 0.0007 
        024s 15 0.9938 0.0004 0.0023 0.0016 0.0014 0.0005 
        025s 15 0.9425 0.0017 0.0238 0.0013 0.0048 0.0259 
        026s 15 0.9553 0.0028 0.0141 0.0005 0.0016 0.0257 
        027s 15 0.9411 0.0135 0.0328 0.0088 0.0031 0.0007 
        028s 15 0.9864 0.0017 0.0087 0.0013 0.0004 0.0015 
        029s 15 0.9900 0.0015 0.0058 0.0008 0.0007 0.0012 
        030s 15 0.9909 0.0016 0.0060 0.0003 0.0005 0.0007 
        031s 15 0.9141 0.0016 0.0077 0.0010 0.0680 0.0076 
        032s 15 0.9962 0.0005 0.0013 0.0002 0.0005 0.0013 
        033s 15 0.0076 0.0012 0.9557 0.0008 0.0344 0.0003 
        035s 15 0.9871 0.0023 0.0046 0.0030 0.0023 0.0006 
        036s 15 0.4762 0.0002 0.5175 0.0008 0.0008 0.0044 
        037s 15 0.9774 0.0006 0.0115 0.0085 0.0008 0.0011 
        038s 15 0.9903 0.0009 0.0046 0.0008 0.0032 0.0003 
        039s 15 0.5030 0.0007 0.4220 0.0003 0.0737 0.0003 
        040s 15 0.9705 0.0020 0.0211 0.0017 0.0040 0.0006 
        041s 15 0.9138 0.0004 0.0074 0.0043 0.0713 0.0028 
        042s 15 0.9845 0.0029 0.0059 0.0004 0.0055 0.0007 
        043s 15 0.4948 0.0003 0.4948 0.0009 0.0076 0.0016 
        044s 15 0.9872 0.0011 0.0036 0.0005 0.0069 0.0007 
        045s 15 0.8754 0.0023 0.0044 0.0387 0.0019 0.0771 
        046s 15 0.9509 0.0004 0.0249 0.0061 0.0167 0.0010 
        047s 15 0.9601 0.0005 0.0071 0.0014 0.0305 0.0004 
        048s 15 0.6240 0.0009 0.3539 0.0005 0.0005 0.0203 
        049s 15 0.9595 0.0004 0.0258 0.0015 0.0123 0.0005 
        050s 15 0.8426 0.0113 0.0108 0.0007 0.1334 0.0012 
         001 16 0.0158 0.0028 0.8077 0.0114 0.1613 0.0009 
         002 16 0.9467 0.0003 0.0066 0.0012 0.0448 0.0005 
         003 16 0.9848 0.0022 0.0030 0.0052 0.0033 0.0015 
         004 16 0.9941 0.0005 0.0025 0.0008 0.0007 0.0013 
         005 16 0.9021 0.0034 0.0036 0.0046 0.0546 0.0318 
         006 16 0.9712 0.0008 0.0015 0.0009 0.0142 0.0114 
         007 16 0.9808 0.0009 0.0111 0.0006 0.0052 0.0014 
         008 16 0.6512 0.0009 0.2043 0.0033 0.1396 0.0007 
         009 16 0.3836 0.0013 0.6128 0.0004 0.0015 0.0003 
         010 16 0.7763 0.0008 0.1991 0.0005 0.0224 0.0009 
         011 16 0.0305 0.0010 0.9613 0.0009 0.0048 0.0015 
         012 16 0.9504 0.0009 0.0446 0.0021 0.0006 0.0014 
         013 16 0.9911 0.0005 0.0065 0.0009 0.0004 0.0005 
         014 16 0.9572 0.0011 0.0038 0.0006 0.0368 0.0004 
         015 16 0.6225 0.0023 0.0046 0.0029 0.0004 0.3673 
         016 16 0.9766 0.0044 0.0044 0.0003 0.0017 0.0126 
         017 16 0.2830 0.0006 0.7046 0.0071 0.0032 0.0014 
         018 16 0.9238 0.0049 0.0025 0.0028 0.0399 0.0261 
         019 16 0.0088 0.0010 0.9416 0.0055 0.0423 0.0007 
         020 16 0.9869 0.0009 0.0104 0.0009 0.0002 0.0007 
         021 16 0.8552 0.0030 0.0144 0.0283 0.0987 0.0005 
         022 16 0.9602 0.0008 0.0011 0.0002 0.0356 0.0021 
         023 16 0.0066 0.0005 0.9720 0.0004 0.0113 0.0092 
         024 16 0.3419 0.0014 0.6298 0.0004 0.0051 0.0215 
         025 16 0.0509 0.0011 0.9029 0.0159 0.0261 0.0033 
         026 16 0.8881 0.0005 0.0009 0.0007 0.1074 0.0025 
         027 16 0.9654 0.0084 0.0084 0.0003 0.0159 0.0015 
         028 16 0.7881 0.0181 0.0212 0.0259 0.1463 0.0004 
         029 16 0.9610 0.0014 0.0015 0.0341 0.0010 0.0009 
         030 16 0.3706 0.0004 0.6224 0.0057 0.0005 0.0004 
         031 16 0.9804 0.0139 0.0031 0.0010 0.0011 0.0006 
         032 16 0.8731 0.0008 0.0310 0.0009 0.0899 0.0042 
         033 16 0.9918 0.0004 0.0062 0.0008 0.0006 0.0003 
         034 16 0.3092 0.0003 0.6849 0.0023 0.0022 0.0011 
         035 16 0.9927 0.0005 0.0055 0.0008 0.0003 0.0003 
         036 16 0.8223 0.0017 0.1733 0.0005 0.0007 0.0015 
         037 16 0.5091 0.0008 0.4594 0.0105 0.0150 0.0053 
         038 16 0.9026 0.0011 0.0870 0.0011 0.0033 0.0049 
         039 16 0.5404 0.0019 0.4554 0.0003 0.0014 0.0006 
         040 16 0.9798 0.0007 0.0159 0.0014 0.0009 0.0013 
         041 16 0.9913 0.0003 0.0057 0.0007 0.0007 0.0013 
         042 16 0.8783 0.0016 0.1174 0.0010 0.0011 0.0005 
         043 16 0.9793 0.0008 0.0180 0.0005 0.0007 0.0008 
         044 16 0.1984 0.0019 0.7920 0.0009 0.0053 0.0014 
         045 16 0.9819 0.0022 0.0072 0.0060 0.0024 0.0002 
         047 16 0.9418 0.0071 0.0101 0.0379 0.0021 0.0009 
         048 16 0.9859 0.0006 0.0073 0.0042 0.0015 0.0005 
         049 16 0.8345 0.0007 0.1584 0.0029 0.0005 0.0030 
         050 16 0.9927 0.0006 0.0054 0.0006 0.0005 0.0003 
         051 16 0.9602 0.0019 0.0351 0.0016 0.0008 0.0004 
         052 16 0.9716 0.0004 0.0267 0.0003 0.0003 0.0008 
         053 16 0.9679 0.0008 0.0296 0.0006 0.0003 0.0007 
         054 16 0.4780 0.0013 0.4625 0.0006 0.0570 0.0006 
         055 16 0.8926 0.0007 0.0448 0.0543 0.0073 0.0003 
         056 16 0.9849 0.0006 0.0054 0.0003 0.0015 0.0073 
         057 16 0.0034 0.0005 0.9183 0.0005 0.0771 0.0003 
         058 16 0.5347 0.0002 0.3470 0.0082 0.0876 0.0224 
         059 16 0.6293 0.0036 0.1855 0.0081 0.0875 0.0860 
         060 16 0.7309 0.0017 0.2543 0.0007 0.0023 0.0102 
         061 16 0.4446 0.0005 0.5523 0.0004 0.0008 0.0014 
         062 16 0.9826 0.0012 0.0078 0.0075 0.0007 0.0003 
         063 16 0.9770 0.0006 0.0174 0.0007 0.0036 0.0006 
         064 16 0.9894 0.0006 0.0061 0.0006 0.0005 0.0029 
         065 16 0.5860 0.0015 0.4058 0.0025 0.0012 0.0029 
         066 16 0.9937 0.0010 0.0039 0.0004 0.0004 0.0006 
         067 16 0.8871 0.0010 0.0308 0.0040 0.0006 0.0765 
         068 16 0.9567 0.0006 0.0079 0.0013 0.0060 0.0276 
         069 16 0.9887 0.0053 0.0043 0.0007 0.0006 0.0005 
         070 16 0.8802 0.0018 0.1109 0.0006 0.0056 0.0009 
         071 16 0.9078 0.0007 0.0026 0.0107 0.0775 0.0006 
         072 16 0.9789 0.0009 0.0135 0.0008 0.0050 0.0009 
         073 16 0.8261 0.0008 0.1696 0.0023 0.0008 0.0004 
         074 16 0.9919 0.0006 0.0059 0.0007 0.0004 0.0004 
         075 16 0.9543 0.0006 0.0149 0.0050 0.0238 0.0013 
         076 16 0.9922 0.0007 0.0051 0.0006 0.0010 0.0003 
         077 16 0.8937 0.0212 0.0009 0.0063 0.0207 0.0572 
         078 16 0.0008 0.0006 0.9939 0.0004 0.0033 0.0010 
         079 16 0.9014 0.0009 0.0042 0.0037 0.0888 0.0010 
         080 16 0.2409 0.0005 0.7551 0.0002 0.0023 0.0010 
         081 16 0.0019 0.0013 0.9605 0.0336 0.0022 0.0005 
         082 16 0.8839 0.0004 0.0861 0.0149 0.0143 0.0003 
         083 16 0.9930 0.0007 0.0032 0.0010 0.0005 0.0017 
         084 16 0.8531 0.0024 0.1392 0.0023 0.0017 0.0013 
         085 16 0.9750 0.0016 0.0121 0.0007 0.0012 0.0095 
         086 16 0.8804 0.0005 0.0070 0.0038 0.1078 0.0006 
         087 16 0.0810 0.0017 0.9088 0.0023 0.0059 0.0003 
         088 16 0.1445 0.0005 0.8503 0.0002 0.0005 0.0039 
         089 16 0.9706 0.0010 0.0173 0.0090 0.0009 0.0012 
         090 16 0.9832 0.0019 0.0063 0.0008 0.0072 0.0005 
         091 16 0.9536 0.0009 0.0429 0.0014 0.0006 0.0006 
         092 16 0.0100 0.0005 0.9689 0.0006 0.0192 0.0008 
         093 16 0.9608 0.0025 0.0336 0.0005 0.0021 0.0005 
         094 16 0.9409 0.0053 0.0090 0.0007 0.0055 0.0386 
         095 16 0.9118 0.0012 0.0856 0.0002 0.0008 0.0004 
         096 16 0.9551 0.0004 0.0109 0.0297 0.0016 0.0022 
         097 16 0.8742 0.0026 0.0251 0.0852 0.0075 0.0054 
         098 16 0.9824 0.0049 0.0075 0.0006 0.0010 0.0036 
         099 16 0.9893 0.0008 0.0033 0.0003 0.0006 0.0057 
         100 16 0.9701 0.0008 0.0254 0.0004 0.0010 0.0022 
         101 16 0.0050 0.0006 0.9796 0.0006 0.0105 0.0037 
         102 16 0.0198 0.0005 0.9755 0.0013 0.0009 0.0020 
         103 16 0.9820 0.0031 0.0092 0.0013 0.0012 0.0032 
         104 16 0.9888 0.0003 0.0034 0.0005 0.0028 0.0042 
         105 16 0.8736 0.0029 0.0140 0.0246 0.0797 0.0051 
         106 16 0.5015 0.0005 0.4933 0.0005 0.0015 0.0028 
         107 16 0.8207 0.0503 0.1136 0.0003 0.0109 0.0043 
         108 16 0.6454 0.0661 0.0037 0.0011 0.1225 0.1612 
         109 16 0.8897 0.0006 0.0893 0.0044 0.0153 0.0006 
         110 16 0.9861 0.0003 0.0117 0.0005 0.0004 0.0011 
         111 16 0.7228 0.0005 0.2238 0.0005 0.0514 0.0010 
         112 16 0.9350 0.0008 0.0090 0.0006 0.0530 0.0016 
         113 16 0.9388 0.0007 0.0040 0.0051 0.0510 0.0005 
         114 16 0.9510 0.0062 0.0257 0.0005 0.0150 0.0015 
         115 16 0.9954 0.0003 0.0021 0.0010 0.0004 0.0008 
         116 16 0.0521 0.0004 0.9413 0.0007 0.0050 0.0006 
         117 16 0.9745 0.0036 0.0098 0.0036 0.0077 0.0008 
         118 16 0.9751 0.0013 0.0062 0.0005 0.0056 0.0113 
         119 16 0.5638 0.0009 0.4319 0.0011 0.0013 0.0011 
         120 16 0.9629 0.0012 0.0157 0.0191 0.0005 0.0006 
         121 16 0.7486 0.0003 0.2041 0.0099 0.0007 0.0365 
         122 16 0.9369 0.0003 0.0616 0.0004 0.0003 0.0005 
         123 16 0.5418 0.0024 0.4507 0.0014 0.0031 0.0006 
         124 16 0.9802 0.0004 0.0075 0.0009 0.0096 0.0013 
         126 16 0.8266 0.0040 0.0019 0.0009 0.1637 0.0030 
         001 17 0.9739 0.0097 0.0125 0.0026 0.0008 0.0006 
         002 17 0.9277 0.0006 0.0680 0.0003 0.0029 0.0005 
         003 17 0.9947 0.0009 0.0027 0.0004 0.0008 0.0005 
         005 17 0.9654 0.0251 0.0084 0.0005 0.0003 0.0003 
         006 17 0.9424 0.0009 0.0043 0.0507 0.0012 0.0004 
         007 17 0.0038 0.0044 0.8523 0.0146 0.1037 0.0212 
         008 17 0.8743 0.0012 0.0025 0.0132 0.1078 0.0010 
         009 17 0.9956 0.0007 0.0028 0.0003 0.0002 0.0004 
         010 17 0.9341 0.0009 0.0622 0.0008 0.0008 0.0013 
         011 17 0.4799 0.0019 0.0017 0.0008 0.1382 0.3776 
         012 17 0.9863 0.0008 0.0074 0.0006 0.0035 0.0013 
         013 17 0.9967 0.0007 0.0017 0.0003 0.0005 0.0003 
         014 17 0.0552 0.0013 0.9421 0.0004 0.0006 0.0004 
         015 17 0.1717 0.0007 0.8214 0.0049 0.0009 0.0004 
         016 17 0.9915 0.0006 0.0059 0.0006 0.0009 0.0004 
         017 17 0.9924 0.0011 0.0022 0.0019 0.0013 0.0010 
         018 17 0.9222 0.0222 0.0192 0.0013 0.0347 0.0004 
         019 17 0.5198 0.0009 0.4773 0.0002 0.0007 0.0012 
         020 17 0.9944 0.0002 0.0030 0.0007 0.0010 0.0007 
         021 17 0.9953 0.0005 0.0020 0.0010 0.0003 0.0009 
         022 17 0.9323 0.0134 0.0096 0.0084 0.0350 0.0013 
         023 17 0.9558 0.0024 0.0330 0.0003 0.0080 0.0005 
         024 17 0.9241 0.0015 0.0089 0.0373 0.0253 0.0029 
         025 17 0.9645 0.0003 0.0337 0.0005 0.0007 0.0004 
         002 18 0.9709 0.0067 0.0194 0.0009 0.0002 0.0019 
         003 18 0.9945 0.0004 0.0031 0.0003 0.0004 0.0012 
         004 18 0.9298 0.0044 0.0039 0.0004 0.0606 0.0008 
         005 18 0.3787 0.0006 0.5829 0.0006 0.0024 0.0349 
         006 18 0.9899 0.0004 0.0077 0.0002 0.0005 0.0012 
         007 18 0.9743 0.0025 0.0172 0.0043 0.0013 0.0004 
         008 18 0.2401 0.0004 0.7562 0.0010 0.0002 0.0020 
         009 18 0.9714 0.0011 0.0078 0.0045 0.0129 0.0022 
         010 18 0.9577 0.0033 0.0282 0.0022 0.0004 0.0083 
         011 18 0.9845 0.0016 0.0106 0.0006 0.0008 0.0018 
         012 18 0.0019 0.0004 0.9921 0.0007 0.0034 0.0015 
         015 18 0.8791 0.0003 0.1160 0.0005 0.0018 0.0023 
         016 18 0.4239 0.0006 0.5700 0.0037 0.0013 0.0004 
         018 18 0.9765 0.0055 0.0116 0.0005 0.0006 0.0054 
         026 18 0.3032 0.0018 0.6759 0.0184 0.0003 0.0005 
         027 18 0.9921 0.0025 0.0037 0.0004 0.0003 0.0010 
         028 18 0.0173 0.0332 0.9474 0.0008 0.0008 0.0004 
         029 18 0.9910 0.0006 0.0063 0.0004 0.0013 0.0004 
         031 18 0.1558 0.0448 0.6634 0.0038 0.0536 0.0786 
         032 18 0.9766 0.0012 0.0211 0.0004 0.0004 0.0002 
         033 18 0.9900 0.0012 0.0067 0.0004 0.0010 0.0007 
         035 18 0.0012 0.0005 0.9970 0.0004 0.0006 0.0005 
         036 18 0.9848 0.0009 0.0049 0.0005 0.0006 0.0082 
         037 18 0.9343 0.0157 0.0228 0.0165 0.0009 0.0099 
         038 18 0.9077 0.0520 0.0148 0.0208 0.0018 0.0029 
         039 18 0.9819 0.0003 0.0159 0.0003 0.0003 0.0013 
         044 18 0.8117 0.0010 0.0608 0.0082 0.1180 0.0004 
         046 18 0.9628 0.0056 0.0016 0.0003 0.0040 0.0257 
         049 18 0.3805 0.0009 0.6170 0.0007 0.0004 0.0005 
         053 18 0.0665 0.0017 0.9291 0.0005 0.0017 0.0005 
         054 18 0.9814 0.0011 0.0037 0.0115 0.0013 0.0010 
         056 18 0.9152 0.0019 0.0141 0.0003 0.0659 0.0025 
         057 18 0.1164 0.0006 0.8751 0.0038 0.0003 0.0038 
         058 18 0.9811 0.0059 0.0064 0.0007 0.0018 0.0042 
        001s 19 0.9200 0.0005 0.0051 0.0008 0.0730 0.0007 
        002s 19 0.3144 0.0007 0.6808 0.0006 0.0030 0.0006 
        003s 19 0.9540 0.0006 0.0123 0.0003 0.0324 0.0004 
        004s 19 0.9454 0.0062 0.0204 0.0012 0.0010 0.0259 
        005s 19 0.8840 0.0043 0.0097 0.0243 0.0036 0.0741 
        006s 19 0.9894 0.0014 0.0052 0.0015 0.0010 0.0015 
        007s 19 0.3483 0.0005 0.6152 0.0192 0.0019 0.0149 
        008s 19 0.9449 0.0011 0.0011 0.0024 0.0425 0.0081 
        009s 19 0.0057 0.0005 0.9907 0.0006 0.0010 0.0015 
        010s 19 0.9755 0.0134 0.0050 0.0037 0.0018 0.0005 
        011s 19 0.9722 0.0063 0.0146 0.0053 0.0006 0.0011 
        012s 19 0.8323 0.0017 0.1613 0.0025 0.0017 0.0005 
        013s 19 0.3378 0.0006 0.6514 0.0074 0.0023 0.0004 
        014s 19 0.0043 0.0006 0.9371 0.0054 0.0369 0.0156 
        015s 19 0.9889 0.0007 0.0070 0.0024 0.0006 0.0004 
        016s 19 0.6472 0.0200 0.2809 0.0017 0.0023 0.0479 
        017s 19 0.7084 0.0031 0.2336 0.0006 0.0514 0.0030 
        018s 19 0.9879 0.0013 0.0055 0.0006 0.0015 0.0033 
        019s 19 0.9038 0.0007 0.0048 0.0037 0.0852 0.0018 
        020s 19 0.9137 0.0008 0.0089 0.0037 0.0722 0.0007 
        021s 19 0.4511 0.0014 0.5419 0.0020 0.0031 0.0004 
        022s 19 0.9708 0.0010 0.0056 0.0012 0.0209 0.0005 
        023s 19 0.9871 0.0019 0.0035 0.0040 0.0009 0.0026 
        024s 19 0.9893 0.0020 0.0056 0.0004 0.0005 0.0022 
        025s 19 0.8627 0.0017 0.0026 0.0004 0.1301 0.0025 
        026s 19 0.9823 0.0031 0.0041 0.0038 0.0042 0.0026 
        027s 19 0.6454 0.0007 0.3491 0.0008 0.0032 0.0009 
        028s 19 0.9851 0.0009 0.0073 0.0012 0.0051 0.0004 
        029s 19 0.9017 0.0017 0.0948 0.0010 0.0002 0.0005 
        030s 19 0.0069 0.0034 0.9867 0.0010 0.0013 0.0007 
        031s 19 0.9628 0.0004 0.0316 0.0014 0.0030 0.0008 
        032s 19 0.0096 0.0004 0.9880 0.0012 0.0004 0.0004 
        033s 19 0.9849 0.0013 0.0073 0.0013 0.0002 0.0050 
        034s 19 0.6672 0.0004 0.3295 0.0009 0.0010 0.0011 
        035s 19 0.9716 0.0030 0.0042 0.0023 0.0131 0.0058 
        036s 19 0.5587 0.0003 0.4369 0.0013 0.0004 0.0024 
        037s 19 0.3905 0.0009 0.6074 0.0003 0.0005 0.0004 
        038s 19 0.9815 0.0013 0.0130 0.0013 0.0014 0.0015 
        039s 19 0.8384 0.0005 0.1591 0.0006 0.0008 0.0005 
        040s 19 0.9467 0.0004 0.0222 0.0297 0.0005 0.0004 
        041s 19 0.9806 0.0004 0.0172 0.0008 0.0004 0.0007 
        042s 19 0.9716 0.0091 0.0020 0.0008 0.0037 0.0128 
        043s 19 0.8482 0.0022 0.1151 0.0013 0.0327 0.0005 
        044s 19 0.9330 0.0009 0.0638 0.0006 0.0004 0.0012 
        045s 19 0.9824 0.0008 0.0145 0.0003 0.0009 0.0011 
        046s 19 0.9849 0.0014 0.0051 0.0015 0.0016 0.0053 
        047s 19 0.6728 0.0005 0.3167 0.0089 0.0006 0.0005 
        048s 19 0.8970 0.0015 0.0058 0.0040 0.0910 0.0006 
        049s 19 0.9689 0.0004 0.0092 0.0069 0.0069 0.0076 
        050s 19 0.9879 0.0004 0.0091 0.0002 0.0020 0.0005 
        051s 19 0.5184 0.0008 0.4175 0.0416 0.0057 0.0161 
        052s 19 0.9391 0.0013 0.0573 0.0008 0.0009 0.0006 
      LIW2-4 20 0.9787 0.0020 0.0154 0.0014 0.0006 0.0019 
     LIW2-12 21 0.8410 0.0133 0.0647 0.0004 0.0014 0.0791 
     LIW2-20 22 0.9576 0.0046 0.0337 0.0004 0.0029 0.0008 
     LIW2-28 23 0.8661 0.0030 0.0165 0.0011 0.0521 0.0613 
      LIW1-5 24 0.9888 0.0030 0.0037 0.0007 0.0009 0.0028 
     LIW1-13 25 0.9058 0.0004 0.0051 0.0093 0.0572 0.0221 
     LIW1-21 26 0.9035 0.0085 0.0419 0.0003 0.0099 0.0358 
     LIW1-29 27 0.9468 0.0030 0.0077 0.0042 0.0205 0.0178 
      LIW2-5 28 0.9793 0.0073 0.0092 0.0009 0.0003 0.0030 
     LIW2-34 29 0.9663 0.0111 0.0156 0.0012 0.0003 0.0055 
     LIW2-21 30 0.4625 0.0014 0.4301 0.0005 0.0964 0.0092 
     LIW2-29 31 0.8021 0.0052 0.0014 0.0043 0.1859 0.0011 
      LIW1-6 32 0.9491 0.0011 0.0452 0.0005 0.0008 0.0033 
     LIW1-14 33 0.0448 0.0334 0.8768 0.0012 0.0432 0.0007 
     LIW1-22 34 0.9552 0.0306 0.0065 0.0004 0.0008 0.0064 
     LIW1-30 35 0.9877 0.0012 0.0059 0.0004 0.0016 0.0032 
      LIW2-6 36 0.9317 0.0030 0.0242 0.0147 0.0016 0.0248 
     LIW2-14 37 0.8488 0.0004 0.1414 0.0003 0.0022 0.0069 
     LIW2-22 38 0.8416 0.0012 0.0038 0.0004 0.0760 0.0770 
     LIW2-30 39 0.9266 0.0420 0.0252 0.0004 0.0010 0.0048 
      LIW1-7 40 0.8945 0.0149 0.0093 0.0014 0.0254 0.0546 
     LIW1-15 41 0.8824 0.0049 0.1003 0.0007 0.0004 0.0114 
     LIW1-23 42 0.8896 0.0028 0.0958 0.0017 0.0058 0.0043 
     LIW1-31 43 0.0031 0.0021 0.9885 0.0011 0.0011 0.0041 
      LIW2-7 44 0.8982 0.0077 0.0044 0.0012 0.0879 0.0005 
     LIW2-15 45 0.8997 0.0531 0.0433 0.0003 0.0013 0.0024 
     LIW2-23 46 0.9014 0.0007 0.0052 0.0047 0.0009 0.0871 
      LIW1-8 47 0.9881 0.0011 0.0065 0.0015 0.0004 0.0024 
     LIW1-16 48 0.9907 0.0012 0.0047 0.0013 0.0005 0.0015 
      LIW2-8 49 0.9896 0.0029 0.0027 0.0006 0.0004 0.0038 
     LIW2-16 50 0.0162 0.0046 0.6326 0.0292 0.3021 0.0153 
     LIW2-24 51 0.7775 0.0036 0.0154 0.0135 0.1789 0.0112 
     LIW2-32 52 0.9224 0.0070 0.0093 0.0024 0.0072 0.0516 
     LIW1-47 53 0.4376 0.0024 0.5415 0.0034 0.0022 0.0128 
      UMFS-1 54 0.0003 0.9988 0.0003 0.0003 0.0002 0.0001 
     UMFS-19 55 0.0001 0.9990 0.0001 0.0003 0.0003 0.0001 
     UMFS-31 56 0.0554 0.8103 0.1326 0.0003 0.0003 0.0012 
      UMFS-2 57 0.0439 0.9390 0.0164 0.0004 0.0002 0.0002 
     UMFS-10 58 0.0959 0.8934 0.0095 0.0006 0.0002 0.0005 
     UMFS-20 59 0.1349 0.8438 0.0171 0.0007 0.0030 0.0004 
     UMFS-32 60 0.0005 0.9980 0.0006 0.0003 0.0004 0.0003 
      UMFS-3 61 0.0001 0.9996 0.0001 0.0001 0.0001 0.0001 
     UMFS-11 62 0.0003 0.0003 0.6214 0.1435 0.2341 0.0005 
     UMFS-21 63 0.0135 0.9332 0.0218 0.0006 0.0244 0.0065 
     UMFS-33 64 0.0000 0.9998 0.0000 0.0000 0.0001 0.0000 
      UMFS-4 65 0.0001 0.9998 0.0001 0.0000 0.0000 0.0000 
     UMFS-22 66 0.0256 0.9488 0.0208 0.0017 0.0012 0.0020 
     UMFS-34 67 0.2229 0.5879 0.0973 0.0021 0.0054 0.0843 
      UMFS-5 68 0.0548 0.9180 0.0217 0.0037 0.0005 0.0013 
     UMFS-13 69 0.0010 0.9940 0.0009 0.0009 0.0006 0.0026 
     UMFS-23 70 0.1360 0.7691 0.0910 0.0010 0.0018 0.0011 
     UMFS-35 71 0.0002 0.9993 0.0001 0.0001 0.0002 0.0001 
      UMFS-6 72 0.0001 0.9996 0.0001 0.0001 0.0001 0.0001 
     UMFS-14 73 0.0000 0.9998 0.0000 0.0000 0.0000 0.0000 
     UMFS-24 74 0.1963 0.7509 0.0473 0.0011 0.0042 0.0002 
     UMFS-36 75 0.0001 0.9998 0.0000 0.0000 0.0000 0.0000 
      UMFS-7 76 0.0003 0.0002 0.3995 0.2670 0.2678 0.0652 
     UMFS-15 77 0.0001 0.9996 0.0001 0.0001 0.0001 0.0001 
     UMFS-25 78 0.1612 0.7918 0.0373 0.0043 0.0050 0.0003 
     UMFS-37 79 0.0001 0.9997 0.0001 0.0001 0.0001 0.0001 
      UMFS-8 80 0.0071 0.9829 0.0054 0.0007 0.0028 0.0011 
     UMFS-16 81 0.0001 0.9995 0.0001 0.0001 0.0002 0.0001 
     UMFS-26 82 0.3519 0.4829 0.0130 0.0031 0.0123 0.1368 
     UMFS-38 83 0.0002 0.9994 0.0002 0.0001 0.0001 0.0001 
      NEH1-2 84 0.0006 0.0008 0.0009 0.0031 0.0292 0.9654 
     NEH1-11 85 0.0010 0.0006 0.0014 0.0009 0.0466 0.9495 
     NEH1-20 86 0.0741 0.0080 0.0381 0.0020 0.0006 0.8772 
     NEH1-29 87 0.0008 0.0002 0.0010 0.0002 0.0006 0.9973 
      NEH2-2 88 0.0003 0.0002 0.0004 0.0001 0.0003 0.9988 
     NEH2-10 89 0.0074 0.0002 0.0051 0.0004 0.0005 0.9864 
     NEH2-18 90 0.0002 0.0002 0.0002 0.0002 0.0027 0.9965 
     NEH2-26 91 0.0013 0.0004 0.0011 0.0003 0.0027 0.9943 
      NEH1-3 92 0.1178 0.0003 0.0383 0.0007 0.0010 0.8418 
     NEH1-12 93 0.0004 0.0006 0.0003 0.0502 0.0027 0.9458 
     NEH1-21 94 0.0248 0.0003 0.0054 0.0304 0.0004 0.9386 
     NEH1-30 95 0.0089 0.0002 0.0191 0.0002 0.0637 0.9079 
      NEH2-3 96 0.0001 0.0002 0.0001 0.0002 0.0001 0.9992 
     NEH2-11 97 0.0003 0.0023 0.0004 0.0004 0.0282 0.9685 
     NEH2-19 98 0.0027 0.0033 0.0033 0.0011 0.0021 0.9876 
     NEH2-27 99 0.0001 0.0001 0.0001 0.0001 0.0001 0.9995 
      NEH1-4 100 0.0001 0.0002 0.0001 0.0001 0.0021 0.9974 
     NEH1-13 101 0.0210 0.0004 0.2099 0.0007 0.0021 0.7659 
     NEH1-22 102 0.0714 0.0008 0.1282 0.0006 0.0005 0.7985 
     NEH1-31 103 0.0005 0.0002 0.0005 0.0001 0.0018 0.9969 
      NEH2-4 104 0.0030 0.0030 0.0028 0.0005 0.0017 0.9890 
     NEH2-12 105 0.0004 0.0081 0.0004 0.0005 0.0602 0.9304 
     NEH2-20 106 0.1282 0.0013 0.0676 0.0003 0.0005 0.8021 
     NEH2-28 107 0.0011 0.0008 0.0010 0.0106 0.0012 0.9853 
      NEH1-5 108 0.0473 0.0003 0.0779 0.0003 0.0196 0.8546 
     NEH1-14 109 0.1425 0.0006 0.0235 0.0105 0.0617 0.7612 
     NEH1-23 110 0.1683 0.0068 0.0560 0.0004 0.0006 0.7679 
     NEH1-32 111 0.0008 0.0003 0.0016 0.0024 0.0015 0.9934 
      NEH2-5 112 0.0002 0.0001 0.0002 0.0001 0.0002 0.9992 
     NEH2-13 113 0.0010 0.0004 0.0012 0.0008 0.0208 0.9758 
     NEH2-22 114 0.0006 0.0008 0.0008 0.0004 0.0006 0.9968 
     NEH2-29 115 0.0200 0.0005 0.0244 0.0006 0.0003 0.9542 
      NEH1-6 116 0.0001 0.0001 0.0002 0.0002 0.0002 0.9992 
     NEH1-15 117 0.0013 0.0002 0.0018 0.0394 0.0044 0.9530 
     NEH1-24 118 0.0006 0.0015 0.0006 0.0185 0.0005 0.9783 
     NEH1-33 119 0.1144 0.0004 0.0133 0.0004 0.0008 0.8707 
      NEH2-6 120 0.0111 0.0066 0.0060 0.0006 0.0004 0.9753 
     NEH2-14 121 0.0045 0.0009 0.0034 0.0017 0.0023 0.9872 
     NEH2-21 122 0.0344 0.0011 0.0148 0.0002 0.0005 0.9489 
     NEH2-30 123 0.0002 0.0002 0.0002 0.0001 0.0002 0.9989 
      NEH1-7 124 0.0482 0.0009 0.0131 0.0020 0.0980 0.8377 
     NEH1-16 125 0.0003 0.0001 0.0003 0.0002 0.0003 0.9987 
     NEH1-25 126 0.0046 0.0038 0.1182 0.0008 0.0007 0.8719 
     NEH1-34 127 0.0198 0.0011 0.0248 0.0017 0.0264 0.9261 
      NEH2-7 128 0.0021 0.0036 0.0021 0.0010 0.0014 0.9898 
     NEH2-15 129 0.0001 0.0001 0.0001 0.0001 0.0001 0.9995 
     NEH2-23 130 0.0094 0.0019 0.0036 0.0055 0.0457 0.9339 
     NEH2-31 131 0.0002 0.0003 0.0001 0.0002 0.0001 0.9992 
      NEH1-8 132 0.0543 0.0002 0.0406 0.0009 0.0785 0.8255 
     NEH1-17 133 0.0014 0.0005 0.0006 0.0027 0.1128 0.8819 
     NEH1-26 134 0.1337 0.0014 0.0149 0.0030 0.0003 0.8467 
     NEH1-35 135 0.1292 0.0004 0.0572 0.0009 0.0040 0.8082 
      NEH2-8 136 0.0001 0.0001 0.0001 0.0001 0.0001 0.9995 
     NEH2-16 137 0.0008 0.0010 0.0006 0.0011 0.0002 0.9964 
     NEH2-24 138 0.0001 0.0004 0.0001 0.0001 0.0001 0.9991 
     NEH2-32 139 0.0005 0.0007 0.0003 0.0013 0.0717 0.9256 
      NEH1-1 140 0.0006 0.0007 0.0005 0.0002 0.1185 0.8796 
     NEH1-10 141 0.0003 0.0001 0.0002 0.0006 0.0003 0.9985 
     NEH1-19 142 0.0400 0.0004 0.0814 0.0016 0.0017 0.8749 
     NEH1-28 143 0.0007 0.0003 0.0007 0.0020 0.0464 0.9499 
      NEH2-1 144 0.0017 0.0004 0.0018 0.0003 0.0144 0.9814 
      NEH2-9 145 0.0004 0.0004 0.0005 0.0002 0.0002 0.9983 
     NEH2-17 146 0.0020 0.0005 0.0016 0.0375 0.0011 0.9573 
     NEH2-25 147 0.0003 0.0001 0.0003 0.0001 0.0299 0.9692 
      LIW1-1 148 0.7979 0.0072 0.0023 0.0049 0.0863 0.1015 
      LIW1-9 149 0.7430 0.0010 0.0270 0.0715 0.0858 0.0717 
     LIW1-17 150 0.0071 0.0007 0.9409 0.0002 0.0006 0.0505 
     LIW1-25 151 0.9821 0.0110 0.0037 0.0011 0.0003 0.0018 
      LIW2-9 152 0.9340 0.0022 0.0058 0.0061 0.0508 0.0012 
     LIW2-17 153 0.9882 0.0016 0.0040 0.0016 0.0009 0.0036 
     LIW2-25 154 0.0039 0.0027 0.9898 0.0003 0.0008 0.0024 
      LIW1-2 155 0.9780 0.0017 0.0051 0.0003 0.0037 0.0112 
     LIW1-10 156 0.9719 0.0056 0.0133 0.0008 0.0054 0.0030 
     LIW1-18 157 0.0065 0.0033 0.9805 0.0005 0.0035 0.0058 
     LIW1-26 158 0.9680 0.0014 0.0074 0.0029 0.0003 0.0200 
      LIW2-2 159 0.9817 0.0041 0.0069 0.0005 0.0003 0.0065 
     LIW2-10 160 0.5427 0.0014 0.4509 0.0007 0.0029 0.0014 
     LIW2-18 161 0.9043 0.0095 0.0053 0.0126 0.0064 0.0619 
     LIW2-26 162 0.8782 0.0491 0.0688 0.0013 0.0008 0.0018 
      LIW1-3 163 0.2358 0.0419 0.7013 0.0005 0.0107 0.0098 
     LIW1-11 164 0.9317 0.0072 0.0422 0.0013 0.0095 0.0080 
     LIW1-19 165 0.8211 0.0052 0.0560 0.0014 0.0516 0.0647 
     LIW1-27 166 0.0029 0.0009 0.9880 0.0006 0.0073 0.0004 
      LIW2-3 167 0.9633 0.0069 0.0169 0.0069 0.0030 0.0030 
     LIW2-11 168 0.9952 0.0011 0.0020 0.0004 0.0004 0.0008 
     LIW2-19 169 0.9635 0.0012 0.0048 0.0009 0.0016 0.0281 
     LIW2-27 170 0.9433 0.0109 0.0322 0.0004 0.0004 0.0128 
      LIW1-4 171 0.9086 0.0019 0.0813 0.0011 0.0005 0.0067 
     LIW1-12 172 0.9130 0.0391 0.0183 0.0019 0.0245 0.0031 
     LIW1-20 173 0.0195 0.0010 0.9750 0.0025 0.0006 0.0014 
     LIW1-28 174 0.9753 0.0038 0.0029 0.0007 0.0042 0.0131 
        001s 175 0.8948 0.0004 0.0887 0.0141 0.0004 0.0016 
        002s 175 0.9115 0.0004 0.0024 0.0007 0.0839 0.0010 
        003s 175 0.0086 0.0010 0.9887 0.0008 0.0003 0.0006 
        004s 175 0.8949 0.0028 0.0774 0.0051 0.0188 0.0009 
        005s 175 0.9707 0.0033 0.0208 0.0004 0.0034 0.0013 
        006s 175 0.1167 0.0063 0.7151 0.0009 0.1600 0.0010 
        007s 175 0.9753 0.0006 0.0225 0.0002 0.0007 0.0007 
        008s 175 0.9901 0.0026 0.0036 0.0018 0.0013 0.0006 
        009s 175 0.8699 0.0017 0.0092 0.0017 0.1168 0.0008 
        010s 175 0.0286 0.0004 0.9689 0.0008 0.0006 0.0007 
        011s 175 0.9323 0.0008 0.0606 0.0009 0.0045 0.0009 
        012s 175 0.9845 0.0005 0.0099 0.0045 0.0003 0.0004 
        013s 175 0.9572 0.0005 0.0370 0.0007 0.0044 0.0002 
        014s 175 0.9047 0.0004 0.0031 0.0005 0.0909 0.0004 
        015s 175 0.9892 0.0004 0.0066 0.0011 0.0009 0.0017 
        016s 175 0.9552 0.0005 0.0020 0.0004 0.0417 0.0003 
        017s 175 0.0221 0.0008 0.9641 0.0080 0.0008 0.0041 
        018s 175 0.9746 0.0064 0.0110 0.0012 0.0060 0.0008 
        019s 175 0.9702 0.0215 0.0033 0.0009 0.0011 0.0030 
        020s 175 0.3732 0.0006 0.6227 0.0018 0.0007 0.0011 
        021s 175 0.9901 0.0008 0.0040 0.0018 0.0006 0.0027 
        022s 175 0.9430 0.0006 0.0056 0.0473 0.0003 0.0033 
        023s 175 0.9757 0.0069 0.0060 0.0061 0.0017 0.0036 
        024s 175 0.9166 0.0014 0.0543 0.0045 0.0222 0.0010 
        025s 175 0.9616 0.0037 0.0012 0.0161 0.0168 0.0007 
        026s 175 0.9860 0.0005 0.0036 0.0006 0.0081 0.0011 
        027s 175 0.9354 0.0011 0.0584 0.0025 0.0011 0.0016 
        028s 175 0.9278 0.0007 0.0080 0.0007 0.0009 0.0619 
        029s 175 0.9624 0.0018 0.0342 0.0007 0.0005 0.0004 
        030s 175 0.8848 0.0008 0.0029 0.0008 0.1095 0.0012 
        031s 175 0.9766 0.0085 0.0122 0.0012 0.0012 0.0003 
        032s 175 0.0273 0.0029 0.9525 0.0006 0.0015 0.0152 
        033s 175 0.9769 0.0026 0.0055 0.0026 0.0115 0.0009 
        034s 175 0.0035 0.0003 0.9916 0.0007 0.0036 0.0003 
        035s 175 0.0025 0.0007 0.9936 0.0006 0.0022 0.0004 
        036s 175 0.9753 0.0037 0.0192 0.0008 0.0005 0.0004 
        037s 175 0.8755 0.0002 0.0998 0.0113 0.0003 0.0130 
        038s 175 0.9722 0.0003 0.0164 0.0019 0.0080 0.0012 
        039s 175 0.8392 0.0013 0.1544 0.0006 0.0020 0.0025 
        040s 175 0.9927 0.0004 0.0032 0.0006 0.0008 0.0023 
        041s 175 0.0045 0.0009 0.9918 0.0009 0.0013 0.0007 
        042s 175 0.9742 0.0190 0.0024 0.0025 0.0009 0.0010 
        043s 175 0.9847 0.0009 0.0056 0.0013 0.0039 0.0037 
        044s 175 0.3250 0.0005 0.6713 0.0004 0.0012 0.0016 
        045s 175 0.8860 0.0006 0.0304 0.0010 0.0813 0.0007 
        046s 175 0.7228 0.0009 0.2728 0.0012 0.0009 0.0015 
        047s 175 0.9123 0.0041 0.0756 0.0006 0.0006 0.0069 
        048s 175 0.9901 0.0011 0.0043 0.0020 0.0023 0.0003 
        049s 175 0.9339 0.0014 0.0112 0.0007 0.0520 0.0008 
        050s 175 0.8367 0.0017 0.0025 0.0006 0.0769 0.0816 
        001s 176 0.0023 0.0012 0.9587 0.0199 0.0173 0.0006 
        002s 176 0.9823 0.0003 0.0070 0.0066 0.0017 0.0022 
        003s 176 0.9911 0.0008 0.0029 0.0004 0.0037 0.0012 
        004s 176 0.9788 0.0022 0.0146 0.0005 0.0021 0.0017 
        005s 176 0.9749 0.0005 0.0053 0.0003 0.0008 0.0181 
        006s 176 0.9784 0.0025 0.0144 0.0035 0.0003 0.0009 
        007s 176 0.9105 0.0013 0.0026 0.0007 0.0842 0.0007 
        008s 176 0.9548 0.0013 0.0425 0.0007 0.0004 0.0003 
        009s 176 0.8720 0.0008 0.1166 0.0005 0.0007 0.0094 
        010s 176 0.3927 0.0011 0.6045 0.0004 0.0008 0.0004 
        011s 176 0.9865 0.0006 0.0053 0.0029 0.0003 0.0044 
        012s 176 0.7555 0.0007 0.1691 0.0014 0.0725 0.0009 
        013s 176 0.2861 0.0013 0.7016 0.0057 0.0020 0.0034 
        014s 176 0.9856 0.0012 0.0049 0.0072 0.0007 0.0005 
        015s 176 0.9771 0.0078 0.0116 0.0004 0.0019 0.0012 
        016s 176 0.9725 0.0047 0.0200 0.0004 0.0015 0.0009 
        017s 176 0.9958 0.0007 0.0025 0.0003 0.0003 0.0004 
        018s 176 0.9627 0.0012 0.0235 0.0004 0.0005 0.0116 
        019s 176 0.8739 0.0016 0.0895 0.0221 0.0123 0.0006 
        020s 176 0.9474 0.0009 0.0470 0.0005 0.0032 0.0009 
        021s 176 0.9895 0.0006 0.0038 0.0036 0.0015 0.0009 
        022s 176 0.9779 0.0013 0.0043 0.0155 0.0003 0.0007 
        023s 176 0.9172 0.0771 0.0033 0.0018 0.0003 0.0002 
        024s 176 0.0035 0.0013 0.9715 0.0216 0.0014 0.0007 
        025s 176 0.9743 0.0015 0.0134 0.0033 0.0050 0.0026 
        026s 176 0.9796 0.0009 0.0055 0.0106 0.0012 0.0022 
        027s 176 0.9949 0.0005 0.0023 0.0003 0.0009 0.0010 
        028s 176 0.9870 0.0011 0.0088 0.0017 0.0006 0.0007 
        029s 176 0.9842 0.0007 0.0044 0.0072 0.0004 0.0031 
        030s 176 0.0149 0.0005 0.9274 0.0011 0.0558 0.0003 
        031s 176 0.9831 0.0004 0.0078 0.0028 0.0047 0.0010 
        032s 176 0.4707 0.0004 0.4710 0.0005 0.0437 0.0137 
        033s 176 0.2100 0.0038 0.6590 0.0388 0.0741 0.0142 
        034s 176 0.9879 0.0002 0.0096 0.0005 0.0011 0.0007 
        035s 176 0.9143 0.0004 0.0056 0.0008 0.0186 0.0604 
        036s 176 0.9900 0.0003 0.0068 0.0018 0.0006 0.0005 
        037s 176 0.9186 0.0020 0.0051 0.0035 0.0589 0.0118 
        038s 176 0.9906 0.0011 0.0059 0.0009 0.0007 0.0008 
        039s 176 0.7543 0.0007 0.2437 0.0005 0.0006 0.0002 
        040s 176 0.9926 0.0004 0.0054 0.0003 0.0007 0.0007 
        041s 176 0.9788 0.0050 0.0139 0.0007 0.0010 0.0006 
        042s 176 0.9930 0.0009 0.0046 0.0005 0.0005 0.0005 
        043s 176 0.9647 0.0022 0.0035 0.0215 0.0015 0.0065 
        044s 176 0.0119 0.0003 0.9858 0.0008 0.0009 0.0003 
        045s 176 0.9824 0.0012 0.0048 0.0026 0.0075 0.0016 
        046s 176 0.9942 0.0006 0.0026 0.0009 0.0014 0.0003 
        047s 176 0.9261 0.0047 0.0657 0.0017 0.0003 0.0015 
        048s 176 0.0098 0.0107 0.9756 0.0019 0.0016 0.0004 
        050s 176 0.9811 0.0004 0.0081 0.0006 0.0019 0.0080 
        001s 177 0.4824 0.0069 0.4599 0.0020 0.0401 0.0086 
        002s 177 0.5956 0.0007 0.4020 0.0002 0.0005 0.0010 
        003s 177 0.5559 0.0436 0.3715 0.0038 0.0165 0.0088 
        004s 177 0.9907 0.0003 0.0053 0.0016 0.0004 0.0016 
        005s 177 0.6556 0.0005 0.3395 0.0004 0.0038 0.0002 
        006s 177 0.9378 0.0016 0.0325 0.0004 0.0259 0.0019 
        007s 177 0.4529 0.0005 0.5404 0.0008 0.0051 0.0003 
        008s 177 0.2642 0.0133 0.5738 0.0449 0.1026 0.0012 
        009s 177 0.9799 0.0004 0.0178 0.0009 0.0003 0.0007 
        010s 177 0.9634 0.0011 0.0040 0.0016 0.0291 0.0008 
        011s 177 0.9569 0.0003 0.0406 0.0009 0.0007 0.0006 
        012s 177 0.9904 0.0004 0.0038 0.0005 0.0042 0.0007 
        013s 177 0.9592 0.0086 0.0283 0.0008 0.0010 0.0020 
        014s 177 0.9260 0.0012 0.0119 0.0003 0.0593 0.0013 
        015s 177 0.9843 0.0012 0.0073 0.0035 0.0010 0.0027 
        016s 177 0.0008 0.0003 0.9980 0.0002 0.0003 0.0004 
        017s 177 0.9577 0.0011 0.0052 0.0325 0.0024 0.0010 
        018s 177 0.0055 0.0035 0.9823 0.0006 0.0078 0.0003 
        019s 177 0.9568 0.0007 0.0351 0.0006 0.0010 0.0059 
        020s 177 0.9897 0.0008 0.0044 0.0010 0.0018 0.0024 
        021s 177 0.0522 0.0005 0.9448 0.0006 0.0002 0.0017 
        022s 177 0.7948 0.0005 0.1865 0.0033 0.0024 0.0124 
        023s 177 0.9414 0.0020 0.0014 0.0513 0.0006 0.0034 
        024s 177 0.9933 0.0005 0.0036 0.0004 0.0006 0.0016 
        025s 177 0.9875 0.0003 0.0083 0.0024 0.0010 0.0005 
        026s 177 0.9901 0.0005 0.0057 0.0003 0.0014 0.0020 
        027s 177 0.9885 0.0012 0.0085 0.0004 0.0006 0.0008 
        028s 177 0.9249 0.0018 0.0711 0.0004 0.0005 0.0013 
        029s 177 0.9098 0.0004 0.0035 0.0425 0.0426 0.0012 
        030s 177 0.9694 0.0016 0.0134 0.0015 0.0120 0.0021 
        031s 177 0.6290 0.0009 0.3550 0.0018 0.0005 0.0129 
        032s 177 0.3006 0.0004 0.6831 0.0020 0.0129 0.0009 
        033s 177 0.9884 0.0005 0.0065 0.0003 0.0010 0.0033 
        034s 177 0.9731 0.0005 0.0234 0.0007 0.0016 0.0006 
        035s 177 0.9909 0.0009 0.0073 0.0002 0.0004 0.0003 
        036s 177 0.9346 0.0005 0.0042 0.0029 0.0018 0.0559 
        037s 177 0.9564 0.0006 0.0195 0.0118 0.0080 0.0038 
        038s 177 0.7377 0.0027 0.2452 0.0012 0.0124 0.0007 
        039s 177 0.1753 0.0045 0.8166 0.0011 0.0009 0.0017 
        040s 177 0.9589 0.0002 0.0018 0.0360 0.0015 0.0016 
        041s 177 0.2121 0.0004 0.6907 0.0242 0.0721 0.0005 
        042s 177 0.0150 0.0010 0.9329 0.0008 0.0499 0.0004 
        043s 177 0.6377 0.0004 0.3605 0.0002 0.0003 0.0009 
        044s 177 0.9432 0.0006 0.0537 0.0009 0.0009 0.0008 
        045s 177 0.9705 0.0074 0.0031 0.0016 0.0157 0.0018 
        046s 177 0.9785 0.0003 0.0170 0.0029 0.0005 0.0008 
        047s 177 0.9094 0.0014 0.0829 0.0017 0.0008 0.0038 
        048s 177 0.9241 0.0004 0.0534 0.0211 0.0007 0.0003 
        049s 177 0.0180 0.0004 0.9568 0.0206 0.0032 0.0010 
        050s 177 0.9669 0.0040 0.0273 0.0009 0.0004 0.0006 
        001s 178 0.2071 0.0016 0.7283 0.0004 0.0615 0.0012 
        002s 178 0.9470 0.0005 0.0446 0.0026 0.0022 0.0031 
        003s 178 0.9845 0.0014 0.0071 0.0011 0.0053 0.0007 
        004s 178 0.9699 0.0099 0.0153 0.0008 0.0035 0.0005 
        005s 178 0.9942 0.0016 0.0019 0.0013 0.0007 0.0003 
        006s 178 0.8945 0.0168 0.0018 0.0095 0.0274 0.0502 
        007s 178 0.9700 0.0003 0.0234 0.0054 0.0004 0.0005 
        008s 178 0.0049 0.0019 0.8950 0.0003 0.0973 0.0006 
        009s 178 0.9838 0.0015 0.0044 0.0084 0.0007 0.0013 
        010s 178 0.9938 0.0005 0.0035 0.0004 0.0008 0.0010 
        011s 178 0.0555 0.0009 0.9416 0.0006 0.0007 0.0006 
        012s 178 0.9092 0.0004 0.0866 0.0012 0.0019 0.0005 
        013s 178 0.0823 0.0057 0.9072 0.0003 0.0003 0.0043 
        014s 178 0.9320 0.0004 0.0063 0.0014 0.0459 0.0141 
        015s 178 0.9869 0.0008 0.0057 0.0013 0.0048 0.0005 
        016s 178 0.0201 0.0037 0.9690 0.0018 0.0040 0.0015 
        017s 178 0.9421 0.0013 0.0019 0.0009 0.0520 0.0019 
        018s 178 0.6980 0.0010 0.2966 0.0007 0.0014 0.0024 
        019s 178 0.9443 0.0005 0.0526 0.0006 0.0015 0.0005 
        020s 178 0.9868 0.0016 0.0105 0.0003 0.0007 0.0002 
        021s 178 0.9726 0.0007 0.0096 0.0091 0.0072 0.0009 
        022s 178 0.9909 0.0006 0.0051 0.0010 0.0021 0.0004 
        023s 178 0.8597 0.0006 0.0249 0.0040 0.0892 0.0215 
        024s 178 0.9775 0.0010 0.0195 0.0005 0.0007 0.0008 
        025s 178 0.0034 0.0003 0.9592 0.0006 0.0358 0.0007 
        026s 178 0.9927 0.0021 0.0036 0.0009 0.0002 0.0005 
        027s 178 0.3265 0.0016 0.6494 0.0027 0.0185 0.0014 
        028s 178 0.9271 0.0083 0.0152 0.0415 0.0023 0.0055 
        029s 178 0.1189 0.0005 0.8530 0.0260 0.0003 0.0012 
        030s 178 0.9613 0.0006 0.0215 0.0083 0.0017 0.0066 
        031s 178 0.9596 0.0210 0.0184 0.0005 0.0004 0.0003 
        032s 178 0.9865 0.0023 0.0095 0.0007 0.0005 0.0005 
        033s 178 0.9384 0.0016 0.0261 0.0050 0.0284 0.0005 
        034s 178 0.3768 0.0012 0.6208 0.0004 0.0004 0.0005 
        035s 178 0.9909 0.0013 0.0030 0.0004 0.0015 0.0028 
        036s 178 0.9894 0.0008 0.0083 0.0007 0.0003 0.0006 
        037s 178 0.9896 0.0004 0.0047 0.0004 0.0005 0.0044 
        039s 178 0.9743 0.0015 0.0029 0.0131 0.0020 0.0062 
        040s 178 0.6362 0.0011 0.2744 0.0006 0.0861 0.0016 
        041s 178 0.9879 0.0006 0.0086 0.0018 0.0003 0.0008 
        042s 178 0.8915 0.0180 0.0500 0.0023 0.0327 0.0056 
        043s 178 0.9121 0.0476 0.0071 0.0214 0.0030 0.0089 
        044s 178 0.0756 0.0002 0.8277 0.0890 0.0066 0.0009 
        045s 178 0.9884 0.0007 0.0081 0.0013 0.0006 0.0009 
        046s 178 0.9860 0.0007 0.0112 0.0010 0.0009 0.0003 
        047s 178 0.9727 0.0012 0.0113 0.0117 0.0021 0.0010 
        048s 178 0.0486 0.0017 0.9157 0.0013 0.0141 0.0187 
        049s 178 0.9670 0.0006 0.0229 0.0027 0.0022 0.0047 
        050s 178 0.8976 0.0062 0.0078 0.0113 0.0754 0.0016 
          01 179 0.9024 0.0011 0.0111 0.0207 0.0483 0.0165 
          02 179 0.8077 0.0015 0.1872 0.0014 0.0008 0.0013 
          03 179 0.8539 0.0003 0.0065 0.0052 0.1334 0.0008 
          04 179 0.9652 0.0005 0.0235 0.0017 0.0013 0.0078 
          05 179 0.0088 0.0028 0.9431 0.0011 0.0434 0.0007 
          06 179 0.9806 0.0111 0.0027 0.0003 0.0049 0.0003 
          07 179 0.8101 0.0003 0.1813 0.0018 0.0020 0.0044 
          08 179 0.9842 0.0021 0.0065 0.0011 0.0005 0.0057 
          09 179 0.9932 0.0008 0.0039 0.0003 0.0011 0.0008 
          10 179 0.0602 0.0003 0.9206 0.0006 0.0135 0.0046 
          11 179 0.0004 0.0003 0.9391 0.0019 0.0579 0.0004 
          12 179 0.0079 0.0020 0.9859 0.0003 0.0012 0.0027 
          13 179 0.9922 0.0023 0.0031 0.0016 0.0003 0.0004 
          14 179 0.8805 0.0004 0.0024 0.0004 0.1137 0.0026 
          15 179 0.0013 0.0006 0.9910 0.0060 0.0007 0.0004 
          16 179 0.9579 0.0027 0.0036 0.0005 0.0344 0.0008 
          17 179 0.9799 0.0009 0.0020 0.0007 0.0010 0.0156 
          18 179 0.9857 0.0014 0.0087 0.0006 0.0008 0.0027 
          19 179 0.0088 0.0025 0.9782 0.0040 0.0056 0.0009 
          20 179 0.8644 0.0040 0.0011 0.0018 0.0396 0.0892 
          21 179 0.9945 0.0003 0.0040 0.0003 0.0001 0.0007 
          22 179 0.1869 0.0262 0.7578 0.0006 0.0273 0.0011 
          23 179 0.9826 0.0007 0.0134 0.0006 0.0022 0.0005 
        001s 180 0.9290 0.0006 0.0029 0.0011 0.0431 0.0232 
        002s 180 0.3115 0.0004 0.6842 0.0009 0.0012 0.0018 
        003s 180 0.1598 0.0032 0.8341 0.0005 0.0008 0.0016 
        004s 180 0.0271 0.0003 0.9706 0.0011 0.0003 0.0006 
        005s 180 0.9594 0.0003 0.0080 0.0030 0.0032 0.0261 
        006s 180 0.8946 0.0006 0.0023 0.0012 0.1005 0.0009 
        007s 180 0.9815 0.0007 0.0160 0.0006 0.0005 0.0006 
        008s 180 0.9869 0.0005 0.0093 0.0011 0.0015 0.0007 
        009s 180 0.6677 0.0008 0.3278 0.0002 0.0026 0.0009 
        010s 180 0.9830 0.0096 0.0052 0.0004 0.0011 0.0008 
        011s 180 0.5257 0.0006 0.4714 0.0010 0.0009 0.0005 
        012s 180 0.9707 0.0009 0.0177 0.0008 0.0091 0.0007 
        013s 180 0.9667 0.0024 0.0230 0.0008 0.0011 0.0060 
        014s 180 0.6637 0.0005 0.3150 0.0006 0.0189 0.0013 
        015s 180 0.3577 0.0005 0.6381 0.0005 0.0013 0.0019 
        016s 180 0.8754 0.0021 0.0647 0.0005 0.0405 0.0168 
        017s 180 0.7501 0.0007 0.2458 0.0012 0.0011 0.0011 
        018s 180 0.3797 0.0010 0.5363 0.0005 0.0819 0.0007 
        019s 180 0.9626 0.0008 0.0336 0.0012 0.0008 0.0011 
        020s 180 0.9800 0.0016 0.0081 0.0017 0.0010 0.0075 
        021s 180 0.9312 0.0009 0.0613 0.0008 0.0033 0.0024 
        022s 180 0.0112 0.0003 0.9820 0.0012 0.0044 0.0008 
        023s 180 0.0093 0.0003 0.9860 0.0003 0.0007 0.0034 
        024s 180 0.9715 0.0007 0.0018 0.0003 0.0214 0.0044 
        025s 180 0.0530 0.0007 0.9395 0.0046 0.0017 0.0005 
        026s 180 0.9848 0.0027 0.0067 0.0042 0.0010 0.0006 
        027s 180 0.9856 0.0006 0.0047 0.0009 0.0075 0.0007 
        028s 180 0.9824 0.0013 0.0119 0.0013 0.0021 0.0010 
        029s 180 0.9163 0.0083 0.0037 0.0045 0.0048 0.0624 
        030s 180 0.9584 0.0057 0.0319 0.0031 0.0005 0.0004 
        031s 180 0.4564 0.0004 0.5409 0.0005 0.0004 0.0014 
        032s 180 0.9315 0.0193 0.0451 0.0017 0.0018 0.0007 
        033s 180 0.9768 0.0048 0.0112 0.0004 0.0065 0.0002 
        034s 180 0.9854 0.0014 0.0066 0.0041 0.0019 0.0005 
        035s 180 0.9534 0.0011 0.0067 0.0008 0.0231 0.0149 
        036s 180 0.9749 0.0044 0.0187 0.0004 0.0009 0.0008 
        037s 180 0.9822 0.0052 0.0083 0.0005 0.0026 0.0012 
        038s 180 0.9917 0.0010 0.0044 0.0012 0.0014 0.0003 
        039s 180 0.9857 0.0008 0.0093 0.0023 0.0008 0.0011 
        041s 180 0.9886 0.0003 0.0090 0.0011 0.0006 0.0004 
        042s 180 0.9680 0.0007 0.0224 0.0016 0.0010 0.0063 
        043s 180 0.9733 0.0092 0.0106 0.0025 0.0029 0.0015 
        044s 180 0.9916 0.0011 0.0055 0.0005 0.0008 0.0006 
        045s 180 0.7683 0.0025 0.2029 0.0222 0.0005 0.0036 
        046s 180 0.9495 0.0021 0.0398 0.0034 0.0035 0.0017 
        047s 180 0.4862 0.0011 0.4827 0.0009 0.0277 0.0013 
        048s 180 0.0273 0.0007 0.9697 0.0010 0.0006 0.0008 
        049s 180 0.9938 0.0011 0.0032 0.0011 0.0004 0.0003 
        050s 180 0.9855 0.0024 0.0090 0.0021 0.0004 0.0005 
         001 181 0.0002 0.0005 0.0002 0.7963 0.2028 0.0001 
         002 181 0.0001 0.0001 0.0000 0.9997 0.0001 0.0001 
         003 181 0.0001 0.0001 0.0001 0.9997 0.0001 0.0001 
         004 181 0.0059 0.0031 0.0052 0.7641 0.2215 0.0003 
         005 181 0.0037 0.0003 0.0015 0.8553 0.1357 0.0035 
         006 181 0.0001 0.0001 0.0001 0.9997 0.0001 0.0001 
         007 181 0.0001 0.0000 0.0001 0.9997 0.0001 0.0001 
         008 181 0.0001 0.0002 0.0002 0.9991 0.0004 0.0001 
         009 181 0.0000 0.0000 0.0000 0.9998 0.0000 0.0000 
         010 181 0.0001 0.0516 0.0002 0.8185 0.1294 0.0002 
         011 181 0.0001 0.0001 0.0001 0.9996 0.0001 0.0001 
         012 181 0.0003 0.0002 0.0002 0.8537 0.1404 0.0051 
         013 181 0.0019 0.0005 0.0022 0.8872 0.1078 0.0004 
         014 181 0.0003 0.0001 0.0002 0.8549 0.1443 0.0002 
         015 181 0.0001 0.0001 0.0001 0.9997 0.0001 0.0000 
         016 181 0.0004 0.0002 0.0026 0.8611 0.1348 0.0008 
         017 181 0.0000 0.0001 0.0001 0.9997 0.0001 0.0001 
         018 181 0.0004 0.0005 0.0003 0.8021 0.1964 0.0003 
         019 181 0.0012 0.0001 0.0281 0.8421 0.1279 0.0006 
         020 181 0.0000 0.0000 0.0001 0.9998 0.0000 0.0000 
         021 181 0.0001 0.0001 0.0001 0.9997 0.0001 0.0001 
         022 181 0.0000 0.0000 0.0000 0.9998 0.0001 0.0000 
         023 181 0.0001 0.0001 0.0001 0.9996 0.0001 0.0001 
         024 181 0.0160 0.0012 0.0109 0.9697 0.0005 0.0017 
         025 181 0.0002 0.0002 0.0002 0.9642 0.0351 0.0001 
         026 181 0.0001 0.0001 0.0001 0.9996 0.0001 0.0001 
         027 181 0.0000 0.0000 0.0000 0.9998 0.0001 0.0000 
         028 181 0.0000 0.0000 0.0000 0.9998 0.0001 0.0000 
         029 181 0.0001 0.0001 0.0001 0.9994 0.0001 0.0001 
         030 181 0.0001 0.0001 0.0001 0.9994 0.0002 0.0001 
         001 182 0.0001 0.0001 0.0001 0.5584 0.4412 0.0001 
         002 182 0.0004 0.0005 0.0002 0.5061 0.4925 0.0002 
         003 182 0.0003 0.0613 0.0004 0.4523 0.4856 0.0002 
         004 182 0.0002 0.0001 0.0002 0.4614 0.5379 0.0002 
         005 182 0.0006 0.0037 0.0012 0.5090 0.4853 0.0002 
         006 182 0.0022 0.0004 0.1120 0.4023 0.4819 0.0012 
         007 182 0.0006 0.0253 0.0007 0.4535 0.5198 0.0002 
         008 182 0.0008 0.0007 0.0005 0.5157 0.4822 0.0002 
         009 182 0.0002 0.0007 0.0002 0.5240 0.4747 0.0001 
         010 182 0.0053 0.0003 0.0948 0.4275 0.4717 0.0003 
         011 182 0.0002 0.0002 0.0002 0.4247 0.5745 0.0002 
         012 182 0.0008 0.0003 0.0829 0.4777 0.4378 0.0006 
         013 182 0.0010 0.0003 0.0004 0.3539 0.6436 0.0010 
         014 182 0.0235 0.0004 0.0694 0.3954 0.5084 0.0029 
         015 182 0.0001 0.0001 0.0002 0.5600 0.4395 0.0001 
         016 182 0.0003 0.0007 0.0003 0.4913 0.5074 0.0001 
         017 182 0.0205 0.0004 0.0411 0.5172 0.4204 0.0003 
         018 182 0.0003 0.0002 0.0003 0.5507 0.4485 0.0001 
         019 182 0.0002 0.0001 0.0001 0.5361 0.4634 0.0001 
         020 182 0.0001 0.0001 0.0001 0.5928 0.4068 0.0001 
         021 182 0.0012 0.0720 0.0009 0.4426 0.4824 0.0008 
         022 182 0.0002 0.0002 0.0006 0.5574 0.4414 0.0002 
         023 182 0.0002 0.0002 0.0004 0.4364 0.5627 0.0002 
         024 182 0.0002 0.0002 0.0002 0.4023 0.5969 0.0001 
         025 182 0.0002 0.0007 0.0002 0.5389 0.4599 0.0001 
         026 182 0.0001 0.0002 0.0001 0.4870 0.5125 0.0001 
         027 182 0.0004 0.0001 0.0007 0.5032 0.4945 0.0010 
         028 182 0.0003 0.0002 0.0003 0.4607 0.5383 0.0002 
         029 182 0.0006 0.0078 0.0007 0.4546 0.5355 0.0008 
         030 182 0.0001 0.0001 0.0001 0.5378 0.4617 0.0001 
          10 183 0.9738 0.0015 0.0219 0.0005 0.0004 0.0021 
          11 183 0.8769 0.0002 0.0481 0.0002 0.0032 0.0713 
          12 183 0.9377 0.0011 0.0532 0.0003 0.0004 0.0074 
          13 183 0.9370 0.0007 0.0284 0.0097 0.0235 0.0006 
          14 183 0.9343 0.0226 0.0322 0.0004 0.0003 0.0103 
          15 183 0.7440 0.0005 0.2043 0.0019 0.0052 0.0441 
          16 183 0.8988 0.0058 0.0454 0.0399 0.0089 0.0012 
          17 183 0.9675 0.0003 0.0272 0.0021 0.0004 0.0025 
          18 183 0.7162 0.0010 0.2811 0.0004 0.0004 0.0009 
          19 183 0.8140 0.0003 0.1842 0.0003 0.0003 0.0009 
          20 183 0.9466 0.0009 0.0180 0.0008 0.0331 0.0005 
          21 183 0.9382 0.0001 0.0444 0.0008 0.0010 0.0154 
          22 183 0.1084 0.0029 0.8599 0.0012 0.0017 0.0258 
          23 183 0.9492 0.0081 0.0230 0.0183 0.0009 0.0004 
          24 183 0.0063 0.0006 0.9789 0.0002 0.0003 0.0136 
          25 183 0.9559 0.0012 0.0287 0.0007 0.0020 0.0116 
          26 183 0.0021 0.0005 0.9950 0.0010 0.0008 0.0006 
          27 183 0.9201 0.0002 0.0202 0.0005 0.0500 0.0090 
          28 183 0.8645 0.0006 0.1058 0.0006 0.0061 0.0224 
          29 183 0.0018 0.0004 0.3098 0.3843 0.2926 0.0111 
          30 183 0.0785 0.0006 0.0257 0.3873 0.4449 0.0629 
          31 183 0.9491 0.0004 0.0438 0.0013 0.0006 0.0050 
          32 183 0.9665 0.0010 0.0316 0.0003 0.0003 0.0003 
          33 183 0.0012 0.0013 0.9938 0.0004 0.0028 0.0005 
          34 183 0.9680 0.0030 0.0074 0.0003 0.0009 0.0204 
          35 183 0.0610 0.0006 0.9229 0.0019 0.0038 0.0098 
          36 183 0.9524 0.0010 0.0400 0.0004 0.0003 0.0059 
          37 183 0.0015 0.0004 0.2005 0.3737 0.4129 0.0109 
          54 183 0.9148 0.0005 0.0361 0.0045 0.0428 0.0014 
          55 183 0.8014 0.0038 0.0192 0.0023 0.1059 0.0674 
           6 183 0.0138 0.0012 0.9766 0.0012 0.0064 0.0008 
           7 183 0.2277 0.0005 0.6745 0.0107 0.0851 0.0015 
           8 183 0.0332 0.0033 0.9496 0.0040 0.0067 0.0031 
           9 183 0.9667 0.0015 0.0081 0.0032 0.0009 0.0195 
           4 184 0.9662 0.0005 0.0284 0.0026 0.0016 0.0007 
           9 184 0.9851 0.0032 0.0097 0.0003 0.0014 0.0004 
          12 184 0.9167 0.0004 0.0478 0.0343 0.0005 0.0003 
          14 184 0.9875 0.0009 0.0038 0.0007 0.0013 0.0058 
          15 184 0.9940 0.0005 0.0027 0.0005 0.0004 0.0019 
          16 184 0.6389 0.0030 0.3532 0.0033 0.0005 0.0011 
          17 184 0.9818 0.0024 0.0098 0.0040 0.0008 0.0012 
          18 184 0.0012 0.0006 0.9146 0.0010 0.0819 0.0007 
          22 184 0.9435 0.0010 0.0543 0.0005 0.0004 0.0004 
          25 184 0.9559 0.0006 0.0280 0.0006 0.0140 0.0009 
          26 184 0.8155 0.0208 0.1591 0.0021 0.0007 0.0018 
          27 184 0.5707 0.0003 0.4264 0.0020 0.0003 0.0002 
          28 184 0.9933 0.0005 0.0044 0.0006 0.0005 0.0008 
          29 184 0.9933 0.0003 0.0049 0.0004 0.0003 0.0008 
          31 184 0.8077 0.0005 0.1890 0.0014 0.0009 0.0004 
          32 184 0.9767 0.0008 0.0154 0.0030 0.0015 0.0025 
          33 184 0.9876 0.0018 0.0069 0.0005 0.0012 0.0021 
          34 184 0.9941 0.0006 0.0039 0.0006 0.0004 0.0004 
          36 184 0.0005 0.0003 0.6028 0.0670 0.3292 0.0003 
          37 184 0.0019 0.0012 0.9937 0.0005 0.0023 0.0005 
          39 184 0.9087 0.0006 0.0671 0.0094 0.0029 0.0114 
          40 184 0.9191 0.0007 0.0734 0.0022 0.0020 0.0027 
          41 184 0.5224 0.0005 0.4590 0.0003 0.0156 0.0021 
          42 184 0.9758 0.0038 0.0171 0.0014 0.0014 0.0004 
          43 184 0.9930 0.0006 0.0044 0.0005 0.0007 0.0008 
          44 184 0.9084 0.0004 0.0043 0.0010 0.0830 0.0030 
          45 184 0.9953 0.0016 0.0016 0.0004 0.0003 0.0009 
          46 184 0.0663 0.0009 0.9236 0.0085 0.0003 0.0004 
          47 184 0.9249 0.0004 0.0736 0.0003 0.0003 0.0006 
          48 184 0.9405 0.0004 0.0554 0.0008 0.0003 0.0025 
          52 184 0.8863 0.0010 0.0257 0.0028 0.0839 0.0004 
          54 184 0.9925 0.0020 0.0041 0.0004 0.0008 0.0002 
          57 184 0.9936 0.0006 0.0034 0.0011 0.0007 0.0006 
          58 184 0.8779 0.0008 0.1186 0.0008 0.0009 0.0010 
          59 184 0.9342 0.0003 0.0175 0.0394 0.0077 0.0009 
          60 184 0.9835 0.0025 0.0032 0.0003 0.0015 0.0090 
           3 185 0.9337 0.0012 0.0340 0.0022 0.0177 0.0112 
           4 185 0.9870 0.0008 0.0083 0.0010 0.0007 0.0022 
           5 185 0.9466 0.0053 0.0454 0.0020 0.0004 0.0003 
           6 185 0.9945 0.0010 0.0026 0.0004 0.0011 0.0004 
           7 185 0.3913 0.0030 0.5111 0.0009 0.0934 0.0003 
           8 185 0.9217 0.0004 0.0154 0.0211 0.0396 0.0019 
           9 185 0.9263 0.0007 0.0685 0.0009 0.0015 0.0022 
          10 185 0.9892 0.0015 0.0036 0.0004 0.0018 0.0035 
          11 185 0.9373 0.0011 0.0159 0.0196 0.0245 0.0016 
          12 185 0.8732 0.0008 0.0204 0.0042 0.0991 0.0023 
          13 185 0.9750 0.0008 0.0225 0.0008 0.0005 0.0005 
          14 185 0.9913 0.0006 0.0048 0.0021 0.0005 0.0007 
          15 185 0.6799 0.0466 0.0089 0.0003 0.0314 0.2329 
          16 185 0.9835 0.0005 0.0119 0.0007 0.0022 0.0012 
          17 185 0.9362 0.0013 0.0140 0.0013 0.0013 0.0460 
          18 185 0.2350 0.0028 0.7605 0.0001 0.0012 0.0005 
          19 185 0.8932 0.0007 0.0890 0.0002 0.0008 0.0161 
          20 185 0.8468 0.0004 0.0158 0.0450 0.0915 0.0004 
          21 185 0.9815 0.0015 0.0052 0.0011 0.0033 0.0073 
          22 185 0.8723 0.0004 0.0708 0.0007 0.0030 0.0528 
          23 185 0.9005 0.0003 0.0116 0.0003 0.0860 0.0014 
          24 185 0.9802 0.0004 0.0138 0.0048 0.0002 0.0006 
          25 185 0.9074 0.0002 0.0100 0.0021 0.0749 0.0054 
          26 185 0.5921 0.0008 0.4015 0.0032 0.0006 0.0018 
          27 185 0.9924 0.0020 0.0035 0.0003 0.0008 0.0009 
          28 185 0.9905 0.0004 0.0065 0.0005 0.0019 0.0003 
          29 185 0.0512 0.0169 0.7558 0.0019 0.1149 0.0593 
          30 185 0.0193 0.0006 0.9719 0.0063 0.0008 0.0011 
          31 185 0.8656 0.0003 0.1175 0.0007 0.0153 0.0006 
          32 185 0.9917 0.0008 0.0021 0.0039 0.0011 0.0004 
          33 185 0.9515 0.0004 0.0356 0.0043 0.0076 0.0005 
          34 185 0.9915 0.0003 0.0046 0.0014 0.0004 0.0019 
          35 185 0.9506 0.0424 0.0041 0.0009 0.0012 0.0007 
          36 185 0.9922 0.0016 0.0033 0.0008 0.0008 0.0013 
          37 185 0.9789 0.0004 0.0039 0.0073 0.0089 0.0005 
          38 185 0.9009 0.0005 0.0014 0.0376 0.0594 0.0002 
          39 185 0.8767 0.0003 0.0169 0.0003 0.1043 0.0015 
          40 185 0.9856 0.0013 0.0102 0.0009 0.0006 0.0014 
          41 185 0.9377 0.0017 0.0582 0.0003 0.0009 0.0012 
          42 185 0.9729 0.0007 0.0248 0.0008 0.0004 0.0004 
           5 186 0.9810 0.0063 0.0106 0.0005 0.0012 0.0005 
           6 186 0.3712 0.0046 0.6223 0.0003 0.0012 0.0005 
           7 186 0.9821 0.0005 0.0079 0.0083 0.0006 0.0006 
           9 186 0.0239 0.0008 0.8822 0.0008 0.0914 0.0010 
          10 186 0.6756 0.0016 0.2865 0.0193 0.0163 0.0006 
          11 186 0.0179 0.0006 0.9770 0.0028 0.0011 0.0007 
          12 186 0.9666 0.0009 0.0299 0.0007 0.0015 0.0003 
          29 186 0.9821 0.0004 0.0030 0.0019 0.0009 0.0116 
          30 186 0.4510 0.0035 0.5441 0.0003 0.0002 0.0008 
          31 186 0.6830 0.0154 0.0877 0.0070 0.0481 0.1587 
          32 186 0.0021 0.0007 0.9169 0.0010 0.0577 0.0216 
          33 186 0.9905 0.0006 0.0039 0.0004 0.0006 0.0041 
          34 186 0.9422 0.0177 0.0213 0.0118 0.0039 0.0031 
          35 186 0.9912 0.0006 0.0065 0.0007 0.0002 0.0009 
          36 186 0.5297 0.0003 0.4670 0.0005 0.0020 0.0006 
          37 186 0.9677 0.0004 0.0116 0.0113 0.0083 0.0006 
          38 186 0.9576 0.0008 0.0132 0.0083 0.0044 0.0156 
          39 186 0.9890 0.0017 0.0075 0.0006 0.0009 0.0004 
          40 186 0.9945 0.0005 0.0035 0.0003 0.0005 0.0007 
          41 186 0.9797 0.0017 0.0070 0.0102 0.0009 0.0005 
          42 186 0.9928 0.0005 0.0047 0.0005 0.0010 0.0005 
          43 186 0.8989 0.0023 0.0893 0.0022 0.0066 0.0007 
          44 186 0.9866 0.0028 0.0083 0.0004 0.0003 0.0017 
          45 186 0.6600 0.0005 0.3381 0.0004 0.0003 0.0007 
          46 186 0.9833 0.0090 0.0062 0.0007 0.0005 0.0004 
          47 186 0.9795 0.0004 0.0085 0.0006 0.0100 0.0011 
          48 186 0.9878 0.0011 0.0081 0.0002 0.0022 0.0005 
          49 186 0.6001 0.0005 0.3984 0.0005 0.0002 0.0003 
          50 186 0.8292 0.0004 0.1575 0.0032 0.0078 0.0020 
          51 186 0.8895 0.0011 0.1081 0.0004 0.0003 0.0004 
          52 186 0.9495 0.0030 0.0449 0.0008 0.0009 0.0009 
          53 186 0.4744 0.0006 0.5211 0.0008 0.0004 0.0027 
          54 186 0.9808 0.0053 0.0121 0.0004 0.0006 0.0008 
          55 186 0.9784 0.0045 0.0110 0.0006 0.0047 0.0007 
          56 186 0.0034 0.0003 0.9937 0.0017 0.0004 0.0005 
          57 186 0.8949 0.0069 0.0024 0.0003 0.0253 0.0701 
          58 186 0.9931 0.0008 0.0045 0.0006 0.0007 0.0003 
          59 186 0.9904 0.0003 0.0017 0.0055 0.0014 0.0007 
          60 186 0.9917 0.0012 0.0039 0.0005 0.0003 0.0024 
           1 187 0.9512 0.0007 0.0136 0.0015 0.0296 0.0035 
           2 187 0.5283 0.0010 0.4657 0.0009 0.0027 0.0014 
           3 187 0.0115 0.0011 0.9691 0.0019 0.0076 0.0088 
           4 187 0.7962 0.0006 0.0835 0.0028 0.1115 0.0054 
           5 187 0.9845 0.0029 0.0109 0.0003 0.0009 0.0005 
           6 187 0.9740 0.0039 0.0178 0.0017 0.0019 0.0006 
           7 187 0.8251 0.0060 0.0214 0.0110 0.1356 0.0009 
           8 187 0.9874 0.0026 0.0066 0.0012 0.0015 0.0007 
           9 187 0.0047 0.0004 0.9936 0.0002 0.0004 0.0008 
          10 187 0.9688 0.0008 0.0071 0.0188 0.0039 0.0008 
          11 187 0.9895 0.0006 0.0036 0.0059 0.0003 0.0002 
          12 187 0.4529 0.0005 0.5451 0.0005 0.0005 0.0005 
          13 187 0.9540 0.0008 0.0167 0.0006 0.0268 0.0011 
          14 187 0.8620 0.0018 0.1334 0.0007 0.0007 0.0013 
          15 187 0.6474 0.0084 0.3391 0.0038 0.0009 0.0005 
          16 187 0.0020 0.0017 0.9909 0.0014 0.0025 0.0015 
          17 187 0.8771 0.0005 0.0277 0.0008 0.0887 0.0053 
          18 187 0.9672 0.0006 0.0287 0.0006 0.0018 0.0010 
          19 187 0.9923 0.0014 0.0045 0.0009 0.0004 0.0005 
          20 187 0.9855 0.0093 0.0024 0.0005 0.0012 0.0010 
          21 187 0.8941 0.0051 0.0091 0.0256 0.0640 0.0021 
          22 187 0.5369 0.0005 0.4581 0.0013 0.0005 0.0027 
          23 187 0.9909 0.0004 0.0076 0.0002 0.0006 0.0004 
          24 187 0.0129 0.0012 0.9165 0.0403 0.0260 0.0031 
          25 187 0.9898 0.0047 0.0020 0.0008 0.0008 0.0019 
          26 187 0.9741 0.0013 0.0211 0.0004 0.0003 0.0028 
          27 187 0.4467 0.0004 0.5518 0.0002 0.0003 0.0007 
          28 187 0.9525 0.0016 0.0133 0.0280 0.0004 0.0043 
          29 187 0.9703 0.0005 0.0231 0.0031 0.0017 0.0013 
          30 187 0.9463 0.0009 0.0114 0.0012 0.0005 0.0397 
          32 187 0.8928 0.0006 0.0287 0.0538 0.0239 0.0002 
          33 187 0.7120 0.0005 0.2740 0.0052 0.0076 0.0008 
          34 187 0.9876 0.0017 0.0079 0.0004 0.0017 0.0006 
          35 187 0.9492 0.0017 0.0262 0.0012 0.0159 0.0058 
          36 187 0.9934 0.0014 0.0029 0.0005 0.0005 0.0012 
          37 187 0.9640 0.0007 0.0255 0.0019 0.0018 0.0062 
          38 187 0.8088 0.0308 0.0053 0.0022 0.0962 0.0568 
           1 188 0.9185 0.0007 0.0745 0.0031 0.0024 0.0008 
           2 188 0.9844 0.0015 0.0035 0.0051 0.0048 0.0006 
           3 188 0.0617 0.0061 0.9068 0.0043 0.0197 0.0014 
           4 188 0.9288 0.0134 0.0078 0.0100 0.0395 0.0005 
           5 188 0.9804 0.0009 0.0142 0.0017 0.0007 0.0020 
           6 188 0.0071 0.0003 0.9912 0.0003 0.0003 0.0007 
           7 188 0.9934 0.0012 0.0041 0.0003 0.0005 0.0004 
           8 188 0.9126 0.0010 0.0478 0.0274 0.0108 0.0004 
           9 188 0.9754 0.0149 0.0070 0.0005 0.0016 0.0006 
          10 188 0.9438 0.0006 0.0277 0.0003 0.0263 0.0013 
          11 188 0.9939 0.0014 0.0034 0.0006 0.0002 0.0005 
          12 188 0.9434 0.0010 0.0061 0.0009 0.0005 0.0480 
          13 188 0.8835 0.0005 0.0058 0.0089 0.0912 0.0101 
          14 188 0.8900 0.0003 0.0265 0.0060 0.0733 0.0039 
          15 188 0.9929 0.0018 0.0039 0.0004 0.0006 0.0003 
          16 188 0.9080 0.0005 0.0302 0.0006 0.0595 0.0013 
          17 188 0.0057 0.0003 0.9916 0.0010 0.0005 0.0008 
          18 188 0.7751 0.0005 0.1760 0.0003 0.0013 0.0468 
          19 188 0.9867 0.0009 0.0058 0.0004 0.0030 0.0032 
          20 188 0.8630 0.0010 0.0029 0.0022 0.1230 0.0079 
          21 188 0.9001 0.0028 0.0720 0.0006 0.0176 0.0068 
          22 188 0.9788 0.0063 0.0022 0.0027 0.0007 0.0093 
          23 188 0.9445 0.0004 0.0057 0.0021 0.0015 0.0459 
          24 188 0.9502 0.0003 0.0120 0.0002 0.0002 0.0370 
          25 188 0.7041 0.0041 0.2461 0.0007 0.0006 0.0445 
          26 188 0.1288 0.0005 0.7971 0.0019 0.0704 0.0013 
          27 188 0.9325 0.0004 0.0151 0.0479 0.0022 0.0018 
          28 188 0.4774 0.0009 0.5200 0.0011 0.0004 0.0003 
          29 188 0.0031 0.0020 0.9131 0.0002 0.0770 0.0045 
          30 188 0.9079 0.0006 0.0019 0.0056 0.0827 0.0013 
          31 188 0.9870 0.0007 0.0032 0.0009 0.0043 0.0040 
          32 188 0.9810 0.0005 0.0166 0.0004 0.0010 0.0005 
          33 188 0.9823 0.0003 0.0095 0.0003 0.0038 0.0038 
          34 188 0.9859 0.0005 0.0065 0.0010 0.0004 0.0057 
          35 188 0.9137 0.0064 0.0092 0.0013 0.0181 0.0513 
          36 188 0.0659 0.0017 0.8307 0.0595 0.0402 0.0020 
          37 188 0.9883 0.0018 0.0077 0.0006 0.0011 0.0005 
          38 188 0.9029 0.0010 0.0237 0.0526 0.0189 0.0008 
          39 188 0.9198 0.0052 0.0073 0.0003 0.0657 0.0016 
          40 188 0.9882 0.0005 0.0083 0.0019 0.0005 0.0006 
           7 189 0.9881 0.0004 0.0078 0.0020 0.0012 0.0006 
           8 189 0.9755 0.0004 0.0148 0.0079 0.0006 0.0008 
           9 189 0.8680 0.0008 0.1247 0.0034 0.0011 0.0019 
          10 189 0.3192 0.0004 0.6748 0.0048 0.0005 0.0003 
          11 189 0.9637 0.0201 0.0102 0.0010 0.0004 0.0045 
          12 189 0.9304 0.0014 0.0090 0.0113 0.0473 0.0007 
          13 189 0.9947 0.0009 0.0016 0.0004 0.0004 0.0021 
          14 189 0.0423 0.0002 0.9335 0.0049 0.0125 0.0066 
          16 189 0.8254 0.0048 0.0044 0.0012 0.1618 0.0024 
          17 189 0.9930 0.0008 0.0041 0.0004 0.0008 0.0008 
          18 189 0.9446 0.0013 0.0064 0.0051 0.0407 0.0019 
          19 189 0.9735 0.0021 0.0144 0.0028 0.0004 0.0068 
          20 189 0.0078 0.0004 0.9610 0.0089 0.0212 0.0006 
          21 189 0.9802 0.0007 0.0099 0.0025 0.0058 0.0010 
          23 189 0.9659 0.0011 0.0292 0.0006 0.0005 0.0027 
          24 189 0.9520 0.0014 0.0010 0.0432 0.0016 0.0007 
          25 189 0.9831 0.0007 0.0073 0.0012 0.0059 0.0017 
          26 189 0.9800 0.0021 0.0036 0.0064 0.0064 0.0015 
          27 189 0.9291 0.0041 0.0619 0.0008 0.0010 0.0032 
          28 189 0.3962 0.0018 0.6014 0.0002 0.0002 0.0002 
          29 189 0.7079 0.0008 0.2782 0.0118 0.0003 0.0010 
          30 189 0.9571 0.0022 0.0245 0.0033 0.0006 0.0123 
          31 189 0.9914 0.0003 0.0040 0.0010 0.0004 0.0030 
          32 189 0.9117 0.0020 0.0289 0.0316 0.0254 0.0004 
          33 189 0.9788 0.0017 0.0135 0.0009 0.0007 0.0045 
          34 189 0.9652 0.0034 0.0302 0.0002 0.0007 0.0003 
          35 189 0.9939 0.0004 0.0041 0.0004 0.0005 0.0007 
          36 189 0.9456 0.0005 0.0269 0.0101 0.0155 0.0015 
          37 189 0.9838 0.0016 0.0088 0.0005 0.0006 0.0048 
          38 189 0.9614 0.0025 0.0067 0.0004 0.0259 0.0030 
          39 189 0.9682 0.0005 0.0046 0.0251 0.0008 0.0007 
          40 189 0.8152 0.0011 0.0272 0.0021 0.1532 0.0011 
          41 189 0.9698 0.0003 0.0137 0.0055 0.0056 0.0051 
          42 189 0.0557 0.0233 0.7473 0.0033 0.1658 0.0045 
          43 189 0.0072 0.0013 0.9890 0.0004 0.0014 0.0006 
           1 190 0.8282 0.0022 0.0359 0.0012 0.1315 0.0009 
           3 190 0.9498 0.0011 0.0320 0.0002 0.0037 0.0132 
           4 190 0.9093 0.0013 0.0872 0.0005 0.0011 0.0007 
           5 190 0.9544 0.0004 0.0111 0.0011 0.0324 0.0006 
           6 190 0.9853 0.0013 0.0110 0.0008 0.0006 0.0009 
           7 190 0.9926 0.0002 0.0038 0.0009 0.0007 0.0018 
           8 190 0.9569 0.0014 0.0020 0.0052 0.0054 0.0290 
           9 190 0.0042 0.0094 0.5500 0.1082 0.2468 0.0815 
          10 190 0.9900 0.0008 0.0069 0.0006 0.0012 0.0004 
          11 190 0.9033 0.0180 0.0626 0.0103 0.0051 0.0006 
          12 190 0.7185 0.0015 0.2774 0.0009 0.0003 0.0014 
          13 190 0.0045 0.0017 0.9920 0.0004 0.0009 0.0004 
          14 190 0.9900 0.0032 0.0045 0.0010 0.0010 0.0004 
          15 190 0.0418 0.0368 0.9108 0.0011 0.0074 0.0022 
          16 190 0.9922 0.0003 0.0032 0.0022 0.0014 0.0006 
          17 190 0.9101 0.0046 0.0803 0.0032 0.0010 0.0008 
          18 190 0.0670 0.0006 0.9117 0.0015 0.0151 0.0041 
          19 190 0.9893 0.0007 0.0073 0.0008 0.0008 0.0011 
          20 190 0.9835 0.0007 0.0081 0.0004 0.0006 0.0068 
          22 190 0.7552 0.0005 0.1152 0.0402 0.0879 0.0010 
          23 190 0.9849 0.0008 0.0056 0.0063 0.0014 0.0009 
          24 190 0.7973 0.0006 0.1263 0.0011 0.0736 0.0011 
          25 190 0.9837 0.0008 0.0101 0.0018 0.0033 0.0004 
          26 190 0.9931 0.0020 0.0031 0.0003 0.0003 0.0011 
          27 190 0.0042 0.0145 0.9788 0.0003 0.0014 0.0008 
          28 190 0.9258 0.0079 0.0613 0.0013 0.0029 0.0007 
          29 190 0.0008 0.0003 0.9957 0.0022 0.0008 0.0003 
          31 190 0.0016 0.0006 0.9770 0.0189 0.0016 0.0003 
           7 191 0.9855 0.0003 0.0124 0.0004 0.0009 0.0006 
           8 191 0.9814 0.0005 0.0137 0.0028 0.0008 0.0007 
           9 191 0.9937 0.0003 0.0043 0.0007 0.0004 0.0006 
          10 191 0.9876 0.0005 0.0059 0.0006 0.0012 0.0042 
          11 191 0.9758 0.0005 0.0174 0.0045 0.0012 0.0006 
          12 191 0.8758 0.0706 0.0075 0.0004 0.0453 0.0004 
          13 191 0.0565 0.0011 0.9392 0.0013 0.0013 0.0007 
          14 191 0.9735 0.0015 0.0158 0.0054 0.0034 0.0003 
          15 191 0.9091 0.0006 0.0084 0.0005 0.0795 0.0018 
          16 191 0.9868 0.0008 0.0076 0.0008 0.0010 0.0030 
          17 191 0.8813 0.0010 0.0109 0.0082 0.0488 0.0498 
          18 191 0.8354 0.0009 0.1587 0.0039 0.0004 0.0008 
          19 191 0.9763 0.0013 0.0028 0.0103 0.0047 0.0046 
          20 191 0.9758 0.0002 0.0072 0.0025 0.0124 0.0019 
          21 191 0.8590 0.0045 0.0790 0.0015 0.0295 0.0265 
          22 191 0.9614 0.0005 0.0348 0.0017 0.0012 0.0005 
          23 191 0.9785 0.0009 0.0120 0.0004 0.0075 0.0008 
          24 191 0.9643 0.0003 0.0328 0.0006 0.0016 0.0004 
          25 191 0.8715 0.0012 0.1049 0.0015 0.0203 0.0006 
          26 191 0.8660 0.0007 0.0233 0.0112 0.0967 0.0022 
          27 191 0.4471 0.0010 0.5502 0.0006 0.0005 0.0006 
          28 191 0.0081 0.0007 0.9837 0.0032 0.0002 0.0041 
          29 191 0.8349 0.0005 0.1431 0.0008 0.0014 0.0192 
          30 191 0.9848 0.0007 0.0130 0.0003 0.0010 0.0003 
          39 191 0.9718 0.0173 0.0064 0.0032 0.0007 0.0007 
          40 191 0.9928 0.0004 0.0048 0.0011 0.0006 0.0004 
          41 191 0.9033 0.0005 0.0313 0.0011 0.0607 0.0031 
          42 191 0.9934 0.0006 0.0049 0.0004 0.0004 0.0003 
          43 191 0.9360 0.0007 0.0028 0.0003 0.0594 0.0007 
          44 191 0.9677 0.0002 0.0166 0.0059 0.0043 0.0054 
          45 191 0.9632 0.0065 0.0262 0.0010 0.0004 0.0027 
          46 191 0.8482 0.0004 0.0070 0.0014 0.1287 0.0142 
          47 191 0.9906 0.0010 0.0019 0.0019 0.0030 0.0016 
          48 191 0.9899 0.0029 0.0047 0.0008 0.0005 0.0011 
          49 191 0.9724 0.0049 0.0018 0.0079 0.0012 0.0117 
          50 191 0.9131 0.0011 0.0834 0.0009 0.0008 0.0007 
           9 192 0.9937 0.0005 0.0046 0.0004 0.0005 0.0003 
          10 192 0.9888 0.0019 0.0065 0.0015 0.0010 0.0002 
          11 192 0.7502 0.0011 0.2068 0.0001 0.0377 0.0041 
          12 192 0.5933 0.0007 0.4025 0.0016 0.0015 0.0005 
          13 192 0.9043 0.0010 0.0060 0.0335 0.0549 0.0003 
          14 192 0.9118 0.0005 0.0105 0.0008 0.0121 0.0643 
          15 192 0.9922 0.0019 0.0031 0.0010 0.0003 0.0015 
          16 192 0.9868 0.0004 0.0041 0.0074 0.0007 0.0005 
          17 192 0.9612 0.0079 0.0103 0.0107 0.0079 0.0019 
          18 192 0.0756 0.0006 0.9195 0.0006 0.0026 0.0011 
          19 192 0.9853 0.0025 0.0066 0.0041 0.0010 0.0005 
          20 192 0.7742 0.0213 0.1811 0.0005 0.0212 0.0017 
          21 192 0.9863 0.0085 0.0037 0.0005 0.0004 0.0006 
          22 192 0.9646 0.0024 0.0057 0.0106 0.0024 0.0143 
          23 192 0.0032 0.0011 0.9027 0.0008 0.0895 0.0027 
          24 192 0.9900 0.0029 0.0033 0.0026 0.0006 0.0006 
          33 192 0.0287 0.0159 0.8924 0.0007 0.0612 0.0011 
          35 192 0.9859 0.0088 0.0027 0.0004 0.0006 0.0016 
          36 192 0.9796 0.0006 0.0187 0.0003 0.0003 0.0004 
          37 192 0.5321 0.0012 0.4649 0.0006 0.0004 0.0008 
          38 192 0.3237 0.0004 0.6526 0.0027 0.0198 0.0007 
          39 192 0.9892 0.0007 0.0069 0.0012 0.0014 0.0005 
          40 192 0.9024 0.0003 0.0172 0.0041 0.0755 0.0004 
          41 192 0.8865 0.0002 0.0599 0.0092 0.0431 0.0010 
          42 192 0.3139 0.0003 0.6483 0.0031 0.0278 0.0065 
          43 192 0.9828 0.0035 0.0088 0.0014 0.0005 0.0029 
          45 192 0.9923 0.0024 0.0034 0.0005 0.0005 0.0008 
          46 192 0.8401 0.0189 0.1342 0.0039 0.0008 0.0021 
          47 192 0.9441 0.0004 0.0530 0.0007 0.0012 0.0006 
          48 192 0.9888 0.0002 0.0087 0.0006 0.0006 0.0011 
          49 192 0.9429 0.0032 0.0037 0.0459 0.0035 0.0007 
          50 192 0.9832 0.0005 0.0145 0.0004 0.0009 0.0005 
