        001s  1 0.0008 0.7036 0.0015 0.0003 0.2932 0.0006 
        002s  1 0.0006 0.1184 0.0005 0.0020 0.8779 0.0007 
        003s  1 0.0015 0.0135 0.0155 0.0007 0.9673 0.0016 
        004s  1 0.0031 0.2606 0.0005 0.0281 0.7034 0.0044 
        005s  1 0.2166 0.0010 0.0004 0.2062 0.5746 0.0011 
        006s  1 0.0003 0.9956 0.0004 0.0009 0.0024 0.0004 
        007s  1 0.0039 0.9656 0.0007 0.0004 0.0262 0.0032 
        008s  1 0.0019 0.2657 0.0008 0.0011 0.7296 0.0009 
        009s  1 0.0537 0.5703 0.0023 0.0043 0.3617 0.0077 
        010s  1 0.0073 0.9847 0.0008 0.0009 0.0059 0.0004 
        011s  1 0.0012 0.9794 0.0044 0.0018 0.0106 0.0026 
        012s  1 0.1226 0.8427 0.0070 0.0068 0.0201 0.0009 
        013s  1 0.0020 0.9222 0.0010 0.0305 0.0344 0.0098 
        014s  1 0.0283 0.9389 0.0198 0.0013 0.0059 0.0060 
        015s  1 0.0006 0.9888 0.0007 0.0004 0.0092 0.0003 
        016s  1 0.0032 0.9574 0.0011 0.0004 0.0312 0.0067 
        018s  1 0.1480 0.7515 0.0015 0.0011 0.0961 0.0017 
        019s  1 0.0145 0.8382 0.0050 0.0006 0.1407 0.0010 
        020s  1 0.0007 0.9780 0.0089 0.0002 0.0046 0.0077 
        021s  1 0.0003 0.9619 0.0006 0.0094 0.0203 0.0075 
        022s  1 0.0002 0.0185 0.0007 0.0002 0.9797 0.0008 
        023s  1 0.0003 0.8916 0.0008 0.0005 0.0965 0.0102 
        024s  1 0.0012 0.9884 0.0005 0.0012 0.0078 0.0008 
        025s  1 0.0084 0.9806 0.0005 0.0021 0.0076 0.0008 
        026s  1 0.0008 0.9777 0.0059 0.0007 0.0046 0.0103 
        027s  1 0.0017 0.9517 0.0005 0.0086 0.0350 0.0025 
        028s  1 0.0523 0.8763 0.0018 0.0544 0.0144 0.0008 
        029s  1 0.0009 0.9815 0.0067 0.0005 0.0099 0.0006 
        030s  1 0.0010 0.9863 0.0061 0.0026 0.0034 0.0007 
        031s  1 0.0003 0.9593 0.0003 0.0003 0.0387 0.0010 
        032s  1 0.0007 0.9928 0.0011 0.0004 0.0043 0.0007 
        033s  1 0.0060 0.9832 0.0008 0.0008 0.0081 0.0011 
        034s  1 0.0010 0.3207 0.0025 0.0009 0.6195 0.0553 
        035s  1 0.0017 0.9918 0.0016 0.0015 0.0025 0.0009 
        036s  1 0.0844 0.2358 0.0003 0.0007 0.6779 0.0009 
        037s  1 0.1113 0.7873 0.0015 0.0073 0.0462 0.0465 
        038s  1 0.0016 0.9863 0.0007 0.0007 0.0100 0.0008 
        039s  1 0.0005 0.9691 0.0008 0.0167 0.0126 0.0003 
        040s  1 0.0012 0.9039 0.0006 0.0049 0.0864 0.0031 
        041s  1 0.0029 0.9807 0.0007 0.0004 0.0121 0.0032 
        042s  1 0.0772 0.8383 0.0006 0.0002 0.0012 0.0824 
        043s  1 0.0065 0.0106 0.0016 0.0009 0.9800 0.0005 
        044s  1 0.0910 0.6464 0.0042 0.0077 0.2427 0.0079 
        045s  1 0.0056 0.9886 0.0010 0.0013 0.0027 0.0008 
        046s  1 0.0010 0.9750 0.0023 0.0004 0.0209 0.0004 
        047s  1 0.0009 0.9893 0.0014 0.0002 0.0035 0.0047 
        048s  1 0.0576 0.3001 0.0005 0.0002 0.6409 0.0007 
        049s  1 0.0004 0.0391 0.0007 0.0010 0.9585 0.0004 
        050s  1 0.1027 0.8481 0.0004 0.0025 0.0459 0.0004 
        051s  1 0.0004 0.9651 0.0276 0.0005 0.0056 0.0008 
        052s  1 0.0087 0.9493 0.0180 0.0070 0.0151 0.0019 
        053s  1 0.0015 0.9944 0.0003 0.0005 0.0029 0.0004 
        054s  1 0.0002 0.9889 0.0025 0.0047 0.0026 0.0011 
        055s  1 0.0904 0.8293 0.0022 0.0012 0.0021 0.0748 
          01  2 0.1224 0.8224 0.0280 0.0015 0.0240 0.0018 
          02  2 0.0181 0.9729 0.0013 0.0030 0.0038 0.0008 
          03  2 0.0014 0.9899 0.0004 0.0007 0.0063 0.0013 
          04  2 0.0036 0.9066 0.0011 0.0195 0.0598 0.0094 
          05  2 0.1157 0.0245 0.0003 0.0004 0.8588 0.0003 
          06  2 0.0377 0.9461 0.0007 0.0017 0.0132 0.0007 
          07  2 0.0077 0.7821 0.0009 0.0019 0.2068 0.0007 
          08  2 0.0760 0.1139 0.0006 0.0004 0.8085 0.0006 
          09  2 0.0006 0.9701 0.0074 0.0003 0.0213 0.0003 
          10  2 0.0010 0.9866 0.0007 0.0006 0.0106 0.0004 
          11  2 0.0091 0.9467 0.0101 0.0009 0.0304 0.0028 
          12  2 0.0008 0.9877 0.0014 0.0008 0.0089 0.0005 
          13  2 0.0003 0.8099 0.0006 0.0005 0.1881 0.0006 
          14  2 0.0003 0.5876 0.0034 0.0077 0.3799 0.0212 
          15  2 0.0006 0.7004 0.0009 0.0005 0.2965 0.0011 
          16  2 0.0007 0.9292 0.0048 0.0563 0.0050 0.0040 
          17  2 0.0021 0.9363 0.0009 0.0008 0.0589 0.0010 
          18  2 0.0148 0.9764 0.0020 0.0027 0.0032 0.0008 
          19  2 0.0016 0.9863 0.0022 0.0003 0.0051 0.0045 
          20  2 0.0582 0.9234 0.0015 0.0046 0.0044 0.0078 
          21  2 0.0012 0.9721 0.0163 0.0007 0.0087 0.0010 
          22  2 0.0020 0.9810 0.0052 0.0041 0.0021 0.0056 
          23  2 0.0014 0.9902 0.0009 0.0021 0.0035 0.0020 
          24  2 0.0004 0.9942 0.0010 0.0006 0.0031 0.0007 
          25  2 0.0053 0.8617 0.0017 0.0263 0.1039 0.0011 
          26  2 0.0005 0.0010 0.0007 0.0004 0.9972 0.0003 
          27  2 0.0010 0.9426 0.0016 0.0277 0.0239 0.0032 
          28  2 0.0016 0.9192 0.0009 0.0002 0.0737 0.0044 
          29  2 0.0010 0.9927 0.0010 0.0010 0.0040 0.0003 
          30  2 0.1579 0.6977 0.0118 0.0005 0.0481 0.0841 
          01  3 0.4302 0.2688 0.0005 0.2183 0.0707 0.0114 
          02  3 0.3321 0.1265 0.0737 0.4621 0.0018 0.0039 
          03  3 0.3109 0.0012 0.0004 0.3128 0.3740 0.0007 
          04  3 0.4623 0.0195 0.0007 0.3520 0.1641 0.0014 
          05  3 0.3624 0.0005 0.1150 0.4009 0.0005 0.1208 
          06  3 0.4237 0.0334 0.0003 0.4979 0.0435 0.0011 
          07  3 0.3708 0.0058 0.0014 0.2496 0.3719 0.0004 
          08  3 0.3701 0.0112 0.0027 0.3227 0.2912 0.0022 
          09  3 0.4229 0.0024 0.0002 0.2667 0.3051 0.0028 
          10  3 0.2011 0.0107 0.2199 0.4181 0.0164 0.1338 
          11  3 0.4064 0.0059 0.0003 0.3036 0.2836 0.0003 
          12  3 0.4060 0.0009 0.0003 0.3084 0.2842 0.0003 
          13  3 0.4589 0.0020 0.0121 0.5224 0.0043 0.0003 
          14  3 0.3347 0.0018 0.0439 0.4580 0.0042 0.1574 
          15  3 0.3757 0.0032 0.0002 0.2751 0.3436 0.0022 
          16  3 0.3102 0.0756 0.0033 0.6010 0.0060 0.0040 
          17  3 0.4184 0.1343 0.0005 0.1807 0.2658 0.0004 
          18  3 0.2055 0.0050 0.1648 0.3368 0.0086 0.2794 
          19  3 0.3697 0.0294 0.0008 0.4634 0.1330 0.0038 
          20  3 0.4562 0.0044 0.0003 0.3109 0.1741 0.0542 
          21  3 0.3699 0.1745 0.0008 0.3756 0.0729 0.0063 
          22  3 0.4742 0.0008 0.0004 0.2225 0.2998 0.0023 
          23  3 0.4104 0.1862 0.0003 0.3572 0.0446 0.0012 
          24  3 0.4894 0.0086 0.1681 0.2850 0.0436 0.0053 
          25  3 0.3128 0.0006 0.2501 0.3053 0.0004 0.1308 
          26  3 0.4325 0.0221 0.0005 0.3398 0.2046 0.0005 
          27  3 0.2593 0.0405 0.1329 0.3703 0.0197 0.1773 
          28  3 0.4486 0.0472 0.0014 0.4635 0.0389 0.0002 
          29  3 0.3943 0.0951 0.0037 0.4206 0.0769 0.0094 
          30  3 0.4397 0.0015 0.0007 0.2452 0.3126 0.0003 
         001  4 0.9996 0.0001 0.0001 0.0001 0.0001 0.0001 
         002  4 0.9990 0.0002 0.0002 0.0002 0.0002 0.0001 
         003  4 0.9995 0.0001 0.0001 0.0001 0.0001 0.0001 
         004  4 0.9995 0.0001 0.0001 0.0002 0.0001 0.0001 
         005  4 0.9991 0.0001 0.0004 0.0002 0.0001 0.0001 
         006  4 0.9263 0.0005 0.0002 0.0723 0.0003 0.0004 
         007  4 0.9380 0.0017 0.0002 0.0522 0.0072 0.0007 
         008  4 0.9887 0.0006 0.0030 0.0004 0.0009 0.0065 
         009  4 0.9994 0.0001 0.0001 0.0001 0.0001 0.0001 
         010  4 0.9955 0.0001 0.0001 0.0042 0.0001 0.0001 
         011  4 0.9421 0.0009 0.0004 0.0185 0.0009 0.0373 
         012  4 0.9996 0.0001 0.0001 0.0001 0.0001 0.0001 
         013  4 0.9997 0.0001 0.0001 0.0001 0.0001 0.0001 
         014  4 0.9993 0.0001 0.0001 0.0001 0.0002 0.0002 
         015  4 0.9997 0.0001 0.0001 0.0001 0.0001 0.0000 
         016  4 0.9995 0.0001 0.0001 0.0002 0.0001 0.0001 
         017  4 0.9995 0.0001 0.0001 0.0001 0.0001 0.0001 
         019  4 0.9143 0.0003 0.0003 0.0839 0.0002 0.0009 
         020  4 0.9992 0.0002 0.0003 0.0001 0.0002 0.0001 
         021  4 0.9885 0.0003 0.0004 0.0102 0.0003 0.0003 
         001  5 0.9620 0.0006 0.0013 0.0003 0.0002 0.0356 
         002  5 0.9526 0.0144 0.0008 0.0004 0.0296 0.0022 
         003  5 0.7527 0.1673 0.0003 0.0731 0.0003 0.0064 
         004  5 0.9351 0.0483 0.0002 0.0005 0.0121 0.0038 
         005  5 0.9975 0.0003 0.0002 0.0011 0.0003 0.0006 
         006  5 0.8978 0.0004 0.0003 0.1010 0.0003 0.0002 
         007  5 0.9109 0.0003 0.0003 0.0879 0.0003 0.0003 
         008  5 0.9968 0.0002 0.0002 0.0024 0.0002 0.0001 
         009  5 0.9292 0.0552 0.0002 0.0025 0.0117 0.0012 
         010  5 0.9252 0.0037 0.0004 0.0663 0.0030 0.0014 
         011  5 0.9910 0.0014 0.0003 0.0005 0.0008 0.0060 
         012  5 0.8658 0.0486 0.0009 0.0784 0.0048 0.0015 
         013  5 0.7511 0.1864 0.0004 0.0482 0.0133 0.0006 
         014  5 0.7035 0.1656 0.0201 0.0952 0.0007 0.0149 
         015  5 0.9712 0.0002 0.0002 0.0279 0.0002 0.0003 
         016  5 0.9368 0.0014 0.0008 0.0590 0.0014 0.0006 
         017  5 0.8831 0.0152 0.0033 0.0817 0.0166 0.0002 
         018  5 0.8775 0.0103 0.0326 0.0401 0.0018 0.0376 
         019  5 0.9901 0.0003 0.0072 0.0002 0.0004 0.0018 
         020  5 0.9993 0.0001 0.0001 0.0001 0.0002 0.0001 
         021  5 0.8596 0.1229 0.0006 0.0004 0.0130 0.0035 
         022  5 0.9233 0.0193 0.0024 0.0056 0.0020 0.0474 
         023  5 0.9655 0.0015 0.0006 0.0288 0.0008 0.0027 
         024  5 0.8862 0.0420 0.0003 0.0645 0.0067 0.0003 
         025  5 0.8880 0.0114 0.0010 0.0705 0.0285 0.0007 
         026  5 0.8400 0.1414 0.0006 0.0118 0.0059 0.0002 
         027  5 0.9991 0.0002 0.0001 0.0004 0.0002 0.0001 
         028  5 0.9257 0.0105 0.0008 0.0492 0.0037 0.0101 
         029  5 0.9963 0.0005 0.0003 0.0021 0.0006 0.0003 
         030  5 0.9900 0.0009 0.0049 0.0009 0.0006 0.0026 
        001s  6 0.0013 0.7064 0.0009 0.0254 0.2558 0.0101 
        002s  6 0.0471 0.9282 0.0162 0.0003 0.0075 0.0007 
        003s  6 0.0167 0.8421 0.0005 0.0005 0.1384 0.0017 
        004s  6 0.0005 0.9854 0.0004 0.0003 0.0128 0.0006 
        006s  6 0.0605 0.8998 0.0018 0.0172 0.0089 0.0118 
        007s  6 0.0005 0.9921 0.0009 0.0027 0.0033 0.0005 
        008s  6 0.0029 0.9800 0.0028 0.0007 0.0083 0.0053 
        009s  6 0.0003 0.9945 0.0008 0.0004 0.0032 0.0008 
        010s  6 0.0108 0.9534 0.0127 0.0068 0.0018 0.0144 
        011s  6 0.0006 0.9932 0.0003 0.0028 0.0019 0.0011 
        012s  6 0.0005 0.9837 0.0028 0.0028 0.0089 0.0012 
        013s  6 0.0019 0.9936 0.0006 0.0007 0.0029 0.0004 
        014s  6 0.0799 0.4221 0.0003 0.0004 0.4969 0.0004 
        015s  6 0.0096 0.9758 0.0010 0.0049 0.0028 0.0059 
        016s  6 0.0004 0.9152 0.0006 0.0010 0.0819 0.0009 
        018s  6 0.2672 0.7284 0.0006 0.0011 0.0020 0.0006 
        019s  6 0.0082 0.8854 0.0010 0.0018 0.1015 0.0020 
        020s  6 0.0003 0.9640 0.0010 0.0006 0.0335 0.0006 
        021s  6 0.0014 0.9775 0.0014 0.0131 0.0029 0.0036 
        022s  6 0.0009 0.9530 0.0003 0.0003 0.0415 0.0040 
        023s  6 0.0194 0.3297 0.0002 0.0005 0.6492 0.0010 
        024s  6 0.0329 0.9489 0.0022 0.0021 0.0130 0.0009 
        025s  6 0.0019 0.9194 0.0005 0.0004 0.0098 0.0680 
        026s  6 0.0004 0.9727 0.0024 0.0006 0.0235 0.0004 
        027s  6 0.0010 0.9838 0.0013 0.0004 0.0129 0.0005 
        028s  6 0.0159 0.9213 0.0467 0.0078 0.0010 0.0073 
        029s  6 0.0005 0.9939 0.0014 0.0003 0.0029 0.0011 
        030s  6 0.0732 0.9146 0.0024 0.0010 0.0032 0.0055 
        031s  6 0.0010 0.3431 0.0005 0.0027 0.6523 0.0004 
        032s  6 0.0089 0.9804 0.0004 0.0017 0.0080 0.0006 
        033s  6 0.0939 0.9020 0.0005 0.0002 0.0030 0.0004 
        034s  6 0.0015 0.9717 0.0003 0.0019 0.0085 0.0161 
        035s  6 0.1219 0.0007 0.0010 0.0003 0.8753 0.0008 
        036s  6 0.0008 0.9880 0.0003 0.0064 0.0032 0.0013 
        037s  6 0.0011 0.9903 0.0023 0.0008 0.0036 0.0020 
        038s  6 0.0003 0.9038 0.0011 0.0026 0.0913 0.0009 
        039s  6 0.0004 0.9940 0.0009 0.0002 0.0038 0.0007 
        040s  6 0.0003 0.8451 0.0005 0.0039 0.1499 0.0003 
        041s  6 0.0294 0.3006 0.0045 0.0002 0.6628 0.0025 
        042s  6 0.0117 0.9197 0.0041 0.0008 0.0123 0.0514 
        043s  6 0.0006 0.9904 0.0003 0.0010 0.0030 0.0048 
        044s  6 0.0006 0.8611 0.0029 0.0005 0.1343 0.0006 
        045s  6 0.0052 0.9774 0.0007 0.0003 0.0143 0.0022 
        001s  7 0.0010 0.0869 0.0004 0.0004 0.9104 0.0010 
        002s  7 0.0172 0.4831 0.0016 0.0010 0.4953 0.0019 
        003s  7 0.0008 0.0093 0.0011 0.0016 0.9863 0.0010 
        004s  7 0.0010 0.9753 0.0010 0.0036 0.0184 0.0006 
        005s  7 0.0121 0.9647 0.0004 0.0028 0.0175 0.0025 
        006s  7 0.0591 0.9310 0.0005 0.0010 0.0036 0.0049 
        007s  7 0.0076 0.9629 0.0172 0.0068 0.0041 0.0014 
        008s  7 0.0089 0.0051 0.0023 0.0004 0.9824 0.0009 
        009s  7 0.0027 0.9730 0.0007 0.0017 0.0112 0.0107 
        010s  7 0.0006 0.0028 0.0007 0.0002 0.9946 0.0012 
        011s  7 0.0005 0.9890 0.0010 0.0005 0.0083 0.0008 
        012s  7 0.0005 0.9953 0.0005 0.0004 0.0028 0.0005 
        013s  7 0.0004 0.9785 0.0007 0.0079 0.0082 0.0043 
        014s  7 0.0138 0.3950 0.0004 0.0005 0.5900 0.0003 
        015s  7 0.0157 0.9759 0.0016 0.0012 0.0043 0.0013 
        016s  7 0.0812 0.0009 0.0004 0.0002 0.9164 0.0010 
        017s  7 0.0012 0.9887 0.0003 0.0008 0.0083 0.0006 
        018s  7 0.0024 0.9890 0.0042 0.0004 0.0035 0.0005 
        019s  7 0.0014 0.9754 0.0029 0.0012 0.0082 0.0109 
        020s  7 0.0005 0.9843 0.0003 0.0016 0.0129 0.0004 
        021s  7 0.0018 0.9902 0.0018 0.0005 0.0047 0.0009 
        022s  7 0.0021 0.9912 0.0003 0.0028 0.0027 0.0009 
        023s  7 0.0078 0.9448 0.0018 0.0014 0.0258 0.0183 
        024s  7 0.0014 0.9918 0.0017 0.0006 0.0035 0.0009 
        025s  7 0.0009 0.9863 0.0009 0.0061 0.0049 0.0009 
        026s  7 0.0009 0.0191 0.0010 0.0003 0.9778 0.0009 
        027s  7 0.0008 0.4578 0.0019 0.0010 0.5381 0.0004 
        028s  7 0.0067 0.9868 0.0002 0.0010 0.0048 0.0004 
        029s  7 0.0109 0.9530 0.0009 0.0006 0.0327 0.0019 
        030s  7 0.0003 0.8810 0.0060 0.0007 0.1089 0.0029 
        031s  7 0.0023 0.9744 0.0003 0.0014 0.0092 0.0125 
        032s  7 0.1011 0.8907 0.0057 0.0002 0.0018 0.0003 
        033s  7 0.0377 0.9481 0.0038 0.0006 0.0081 0.0016 
        034s  7 0.0010 0.9532 0.0015 0.0422 0.0014 0.0006 
        035s  7 0.0004 0.9948 0.0005 0.0003 0.0031 0.0010 
        036s  7 0.0005 0.9518 0.0009 0.0031 0.0344 0.0093 
        037s  7 0.0653 0.9154 0.0006 0.0051 0.0084 0.0052 
        038s  7 0.0111 0.9834 0.0008 0.0005 0.0031 0.0010 
        039s  7 0.0004 0.7861 0.0003 0.0003 0.2125 0.0003 
        040s  7 0.0054 0.0017 0.0005 0.0174 0.9746 0.0004 
        041s  7 0.0266 0.6924 0.0019 0.0004 0.2767 0.0020 
        042s  7 0.0034 0.0382 0.0004 0.0006 0.9570 0.0003 
        043s  7 0.0013 0.9867 0.0006 0.0002 0.0082 0.0029 
        044s  7 0.0570 0.9102 0.0013 0.0133 0.0027 0.0156 
         003  8 0.0057 0.9768 0.0111 0.0014 0.0044 0.0006 
         009  8 0.0013 0.9882 0.0003 0.0005 0.0082 0.0014 
         010  8 0.0004 0.9897 0.0004 0.0002 0.0072 0.0022 
         017  8 0.0006 0.9912 0.0012 0.0006 0.0025 0.0038 
         002  9 0.0005 0.9874 0.0006 0.0007 0.0095 0.0012 
         003  9 0.0002 0.9940 0.0004 0.0003 0.0048 0.0004 
         004  9 0.0004 0.9894 0.0004 0.0002 0.0085 0.0011 
         005  9 0.0004 0.9888 0.0013 0.0010 0.0043 0.0042 
         006  9 0.0009 0.9927 0.0006 0.0006 0.0035 0.0018 
         007  9 0.0031 0.9881 0.0010 0.0003 0.0063 0.0012 
         009  9 0.0017 0.9811 0.0015 0.0002 0.0136 0.0019 
         010  9 0.0003 0.9936 0.0016 0.0003 0.0027 0.0015 
         013  9 0.0009 0.9727 0.0005 0.0006 0.0240 0.0014 
         014  9 0.0004 0.9826 0.0065 0.0002 0.0083 0.0019 
         016  9 0.0002 0.9956 0.0011 0.0002 0.0023 0.0007 
         018  9 0.0007 0.9902 0.0050 0.0009 0.0021 0.0012 
         019  9 0.0007 0.9908 0.0051 0.0009 0.0022 0.0005 
         020  9 0.0004 0.9975 0.0003 0.0003 0.0011 0.0003 
         021  9 0.0003 0.9956 0.0002 0.0002 0.0030 0.0007 
         022  9 0.0003 0.9921 0.0012 0.0005 0.0055 0.0005 
         024  9 0.0006 0.9740 0.0026 0.0004 0.0185 0.0039 
         028  9 0.0005 0.9929 0.0006 0.0007 0.0039 0.0013 
         029  9 0.0004 0.9922 0.0010 0.0003 0.0056 0.0006 
         030  9 0.0004 0.9958 0.0006 0.0004 0.0020 0.0008 
         031  9 0.0021 0.9881 0.0010 0.0004 0.0081 0.0004 
         033  9 0.0046 0.9788 0.0005 0.0004 0.0146 0.0010 
         001 10 0.0004 0.9915 0.0012 0.0004 0.0062 0.0003 
         002 10 0.0004 0.9920 0.0015 0.0002 0.0052 0.0007 
         003 10 0.0003 0.9857 0.0006 0.0006 0.0020 0.0109 
         004 10 0.0004 0.9328 0.0005 0.0003 0.0632 0.0027 
         005 10 0.0004 0.9927 0.0021 0.0004 0.0036 0.0009 
         006 10 0.0014 0.9947 0.0007 0.0004 0.0022 0.0006 
         007 10 0.0007 0.9908 0.0003 0.0003 0.0054 0.0025 
         008 10 0.0006 0.9925 0.0008 0.0004 0.0019 0.0038 
         009 10 0.0007 0.9881 0.0039 0.0012 0.0055 0.0006 
         010 10 0.0008 0.9792 0.0029 0.0005 0.0157 0.0009 
         011 10 0.0005 0.9548 0.0003 0.0010 0.0044 0.0390 
         012 10 0.0005 0.9900 0.0005 0.0011 0.0040 0.0039 
         013 10 0.0003 0.9930 0.0006 0.0022 0.0030 0.0009 
         014 10 0.0006 0.8039 0.0009 0.0007 0.1929 0.0010 
         016 10 0.0009 0.9894 0.0016 0.0008 0.0065 0.0008 
         017 10 0.0005 0.9947 0.0007 0.0007 0.0025 0.0009 
         018 10 0.0074 0.9861 0.0031 0.0005 0.0023 0.0006 
         019 10 0.0005 0.9916 0.0037 0.0003 0.0029 0.0009 
         020 10 0.0010 0.9772 0.0073 0.0008 0.0120 0.0018 
         021 10 0.0008 0.9584 0.0025 0.0003 0.0375 0.0004 
         022 10 0.0002 0.9577 0.0003 0.0005 0.0405 0.0007 
         023 10 0.0003 0.9949 0.0003 0.0008 0.0029 0.0008 
         024 10 0.0003 0.9929 0.0016 0.0002 0.0031 0.0019 
         026 10 0.0005 0.9954 0.0007 0.0005 0.0024 0.0006 
        001s 11 0.0880 0.7768 0.0014 0.0005 0.1234 0.0100 
        002s 11 0.0005 0.9787 0.0037 0.0066 0.0089 0.0017 
        003s 11 0.0050 0.9643 0.0013 0.0006 0.0284 0.0005 
        004s 11 0.0003 0.9866 0.0003 0.0018 0.0093 0.0017 
        005s 11 0.0021 0.9449 0.0065 0.0005 0.0454 0.0005 
        006s 11 0.0014 0.9582 0.0018 0.0090 0.0272 0.0023 
        007s 11 0.0071 0.8716 0.0029 0.0341 0.0835 0.0008 
        008s 11 0.0007 0.9931 0.0004 0.0003 0.0050 0.0004 
        009s 11 0.0003 0.9829 0.0134 0.0004 0.0025 0.0006 
        010s 11 0.0015 0.8825 0.0007 0.0004 0.1143 0.0007 
        011s 11 0.0963 0.0633 0.0005 0.0051 0.8279 0.0070 
        012s 11 0.1107 0.8754 0.0008 0.0004 0.0124 0.0004 
        013s 11 0.0008 0.7621 0.0002 0.0006 0.2353 0.0009 
        014s 11 0.0021 0.1116 0.0016 0.0065 0.8775 0.0007 
        015s 11 0.0022 0.9681 0.0013 0.0017 0.0225 0.0042 
        016s 11 0.0439 0.5826 0.0037 0.0004 0.3143 0.0550 
        017s 11 0.0917 0.8715 0.0006 0.0005 0.0341 0.0017 
        018s 11 0.0027 0.0418 0.0013 0.0012 0.9522 0.0008 
        019s 11 0.0009 0.9721 0.0003 0.0007 0.0073 0.0188 
        020s 11 0.0010 0.3191 0.0026 0.0006 0.6752 0.0016 
        021s 11 0.0004 0.9940 0.0005 0.0005 0.0033 0.0013 
        022s 11 0.0010 0.9554 0.0007 0.0332 0.0093 0.0004 
        023s 11 0.0274 0.1155 0.0005 0.0004 0.8335 0.0227 
        025s 11 0.0003 0.9888 0.0003 0.0004 0.0093 0.0009 
        026s 11 0.0284 0.9163 0.0010 0.0005 0.0021 0.0517 
        027s 11 0.0009 0.9914 0.0005 0.0022 0.0044 0.0005 
        028s 11 0.0070 0.9865 0.0003 0.0012 0.0042 0.0008 
        029s 11 0.0569 0.9397 0.0007 0.0005 0.0017 0.0005 
        030s 11 0.0504 0.9413 0.0009 0.0011 0.0056 0.0007 
        031s 11 0.0002 0.9929 0.0008 0.0008 0.0048 0.0004 
        032s 11 0.0008 0.9391 0.0006 0.0004 0.0556 0.0035 
        033s 11 0.0042 0.9231 0.0012 0.0005 0.0701 0.0008 
        034s 11 0.0008 0.0878 0.0004 0.0011 0.9095 0.0004 
        035s 11 0.0012 0.3977 0.0013 0.0011 0.5983 0.0004 
        036s 11 0.0164 0.9670 0.0012 0.0019 0.0132 0.0004 
        037s 11 0.0013 0.0329 0.0012 0.0004 0.9630 0.0013 
        038s 11 0.0023 0.7030 0.0006 0.0005 0.2931 0.0006 
        039s 11 0.0014 0.9888 0.0005 0.0003 0.0082 0.0009 
        040s 11 0.0733 0.9178 0.0005 0.0025 0.0053 0.0005 
        041s 11 0.0007 0.9621 0.0246 0.0009 0.0075 0.0043 
        042s 11 0.0004 0.5222 0.0007 0.0007 0.4649 0.0110 
        043s 11 0.0361 0.9369 0.0006 0.0009 0.0077 0.0179 
        044s 11 0.0004 0.9554 0.0014 0.0050 0.0328 0.0051 
        045s 11 0.0004 0.9735 0.0005 0.0023 0.0135 0.0099 
        046s 11 0.0116 0.1930 0.0007 0.0015 0.7627 0.0305 
        047s 11 0.0008 0.9924 0.0005 0.0016 0.0035 0.0013 
        048s 11 0.0042 0.9571 0.0016 0.0023 0.0028 0.0320 
        049s 11 0.0013 0.9886 0.0015 0.0003 0.0071 0.0011 
        050s 11 0.0003 0.9927 0.0003 0.0013 0.0045 0.0010 
        051s 11 0.0007 0.9156 0.0004 0.0179 0.0157 0.0498 
        052s 11 0.0017 0.1314 0.0015 0.0016 0.8615 0.0023 
        053s 11 0.0006 0.9919 0.0012 0.0004 0.0052 0.0008 
        054s 11 0.0010 0.9826 0.0005 0.0067 0.0087 0.0005 
        055s 11 0.0564 0.0666 0.0002 0.0007 0.8758 0.0003 
        001s 12 0.0016 0.9782 0.0012 0.0034 0.0147 0.0008 
        002s 12 0.0010 0.9935 0.0026 0.0004 0.0017 0.0009 
        003s 12 0.0004 0.9921 0.0008 0.0005 0.0059 0.0004 
        004s 12 0.0549 0.9295 0.0024 0.0004 0.0066 0.0063 
        005s 12 0.0005 0.3888 0.0011 0.0004 0.6086 0.0005 
        006s 12 0.0360 0.9397 0.0008 0.0021 0.0202 0.0013 
        007s 12 0.0011 0.9906 0.0029 0.0011 0.0028 0.0014 
        008s 12 0.0122 0.9822 0.0007 0.0012 0.0032 0.0006 
        009s 12 0.0241 0.9256 0.0217 0.0013 0.0218 0.0056 
        010s 12 0.0062 0.9310 0.0013 0.0324 0.0287 0.0004 
        011s 12 0.0012 0.9888 0.0009 0.0022 0.0063 0.0007 
        012s 12 0.0012 0.9859 0.0005 0.0063 0.0033 0.0030 
        013s 12 0.0010 0.9614 0.0005 0.0004 0.0031 0.0335 
        014s 12 0.0021 0.3809 0.0031 0.0404 0.5338 0.0397 
        015s 12 0.0047 0.9889 0.0017 0.0008 0.0030 0.0009 
        016s 12 0.0007 0.9912 0.0004 0.0004 0.0034 0.0038 
        017s 12 0.0039 0.9751 0.0003 0.0007 0.0190 0.0010 
        018s 12 0.0030 0.9644 0.0025 0.0003 0.0280 0.0018 
        019s 12 0.0057 0.9625 0.0031 0.0004 0.0278 0.0005 
        020s 12 0.0823 0.9073 0.0004 0.0004 0.0088 0.0009 
        021s 12 0.0032 0.9903 0.0005 0.0006 0.0032 0.0021 
        022s 12 0.0482 0.9290 0.0023 0.0007 0.0151 0.0048 
        023s 12 0.0004 0.9888 0.0010 0.0004 0.0082 0.0012 
        024s 12 0.0005 0.5246 0.0004 0.0002 0.4736 0.0006 
        025s 12 0.0034 0.9846 0.0041 0.0021 0.0048 0.0010 
        026s 12 0.0310 0.8999 0.0160 0.0005 0.0520 0.0007 
        027s 12 0.0032 0.9903 0.0003 0.0008 0.0050 0.0004 
        028s 12 0.0008 0.0245 0.0138 0.0003 0.9571 0.0034 
        029s 12 0.0003 0.7743 0.0004 0.0007 0.2232 0.0011 
        030s 12 0.0015 0.9894 0.0004 0.0011 0.0072 0.0005 
        031s 12 0.0047 0.9864 0.0008 0.0012 0.0044 0.0025 
        032s 12 0.0004 0.1331 0.0105 0.0004 0.8547 0.0008 
        033s 12 0.0013 0.9822 0.0005 0.0054 0.0102 0.0004 
        034s 12 0.0004 0.0789 0.0005 0.0004 0.9195 0.0004 
        035s 12 0.0137 0.9138 0.0005 0.0007 0.0710 0.0002 
        036s 12 0.0039 0.9403 0.0019 0.0075 0.0457 0.0006 
        037s 12 0.0013 0.9941 0.0009 0.0003 0.0028 0.0007 
        001s 13 0.0096 0.9742 0.0010 0.0006 0.0120 0.0026 
        002s 13 0.0755 0.0584 0.0003 0.0005 0.8646 0.0006 
        003s 13 0.0012 0.9929 0.0008 0.0003 0.0035 0.0013 
        004s 13 0.0007 0.9769 0.0112 0.0005 0.0079 0.0030 
        005s 13 0.0033 0.9840 0.0022 0.0052 0.0032 0.0021 
        006s 13 0.0009 0.9895 0.0011 0.0016 0.0064 0.0005 
        007s 13 0.0012 0.9627 0.0004 0.0315 0.0035 0.0008 
        008s 13 0.0597 0.9353 0.0016 0.0013 0.0016 0.0006 
        009s 13 0.1284 0.8544 0.0107 0.0026 0.0029 0.0010 
        010s 13 0.0710 0.9231 0.0016 0.0007 0.0025 0.0010 
        011s 13 0.0058 0.7642 0.0066 0.0210 0.1989 0.0036 
        012s 13 0.0545 0.9118 0.0040 0.0012 0.0121 0.0164 
        013s 13 0.0100 0.2353 0.0014 0.0131 0.7313 0.0089 
        014s 13 0.0008 0.9592 0.0012 0.0331 0.0023 0.0034 
        015s 13 0.0059 0.9458 0.0131 0.0006 0.0279 0.0067 
        016s 13 0.0005 0.9943 0.0006 0.0005 0.0030 0.0011 
        017s 13 0.0190 0.9523 0.0046 0.0116 0.0120 0.0005 
        018s 13 0.0005 0.9906 0.0006 0.0003 0.0074 0.0006 
        019s 13 0.0004 0.9762 0.0005 0.0013 0.0206 0.0009 
        020s 13 0.0011 0.0482 0.0019 0.0037 0.9448 0.0003 
        021s 13 0.0006 0.9911 0.0005 0.0004 0.0056 0.0016 
        022s 13 0.0014 0.9946 0.0003 0.0006 0.0024 0.0007 
        023s 13 0.0017 0.9776 0.0006 0.0004 0.0193 0.0004 
        024s 13 0.0223 0.9249 0.0007 0.0037 0.0076 0.0408 
        025s 13 0.0009 0.9933 0.0009 0.0006 0.0024 0.0019 
        026s 13 0.0924 0.8821 0.0004 0.0078 0.0088 0.0085 
        027s 13 0.0500 0.9382 0.0041 0.0012 0.0051 0.0014 
        028s 13 0.0078 0.5279 0.0065 0.0068 0.4482 0.0028 
        029s 13 0.0088 0.0841 0.0006 0.0014 0.9036 0.0015 
        030s 13 0.0601 0.2851 0.0005 0.0003 0.6270 0.0270 
        031s 13 0.0038 0.8870 0.0018 0.0010 0.0059 0.1006 
        032s 13 0.0006 0.9903 0.0005 0.0027 0.0056 0.0003 
        033s 13 0.0050 0.9481 0.0009 0.0350 0.0104 0.0007 
        034s 13 0.0212 0.0161 0.0022 0.0052 0.9543 0.0010 
        035s 13 0.0008 0.7891 0.0014 0.0006 0.2055 0.0025 
        036s 13 0.0019 0.8617 0.0005 0.0004 0.1352 0.0004 
        037s 13 0.0005 0.9910 0.0005 0.0004 0.0056 0.0020 
        038s 13 0.0004 0.4679 0.0010 0.0016 0.5282 0.0009 
        039s 13 0.1027 0.8181 0.0007 0.0006 0.0044 0.0735 
        040s 13 0.0012 0.9924 0.0004 0.0010 0.0039 0.0011 
        041s 13 0.0588 0.9308 0.0005 0.0022 0.0057 0.0020 
        042s 13 0.0004 0.0215 0.0006 0.0009 0.9758 0.0007 
        001s 14 0.0161 0.1725 0.0025 0.0007 0.8075 0.0007 
        002s 14 0.0649 0.9181 0.0054 0.0018 0.0085 0.0012 
        003s 14 0.0004 0.0073 0.0004 0.0005 0.9907 0.0008 
        004s 14 0.0088 0.9736 0.0009 0.0071 0.0062 0.0033 
        005s 14 0.0004 0.8509 0.0007 0.0002 0.1475 0.0004 
        006s 14 0.0005 0.9736 0.0004 0.0005 0.0245 0.0004 
        007s 14 0.0006 0.9839 0.0004 0.0008 0.0128 0.0014 
        008s 14 0.0824 0.0148 0.0175 0.0018 0.8810 0.0025 
        009s 14 0.0026 0.9687 0.0062 0.0008 0.0206 0.0010 
        010s 14 0.0433 0.5287 0.0185 0.0005 0.4078 0.0011 
        011s 14 0.0053 0.5664 0.0005 0.0310 0.3960 0.0008 
        012s 14 0.0004 0.0428 0.0016 0.0013 0.9524 0.0015 
        013s 14 0.0011 0.8841 0.0005 0.0028 0.1068 0.0046 
        014s 14 0.0392 0.9427 0.0074 0.0006 0.0096 0.0005 
        015s 14 0.0010 0.9653 0.0074 0.0006 0.0229 0.0028 
        016s 14 0.0019 0.9816 0.0006 0.0002 0.0023 0.0133 
        017s 14 0.0550 0.9215 0.0010 0.0123 0.0096 0.0005 
        018s 14 0.0009 0.9912 0.0011 0.0004 0.0052 0.0012 
        019s 14 0.0013 0.9880 0.0004 0.0019 0.0076 0.0007 
        020s 14 0.0005 0.1465 0.0068 0.0003 0.8446 0.0012 
        021s 14 0.0073 0.9797 0.0084 0.0003 0.0037 0.0006 
        022s 14 0.0056 0.9699 0.0021 0.0023 0.0186 0.0015 
        023s 14 0.0042 0.9774 0.0025 0.0011 0.0116 0.0032 
        024s 14 0.0565 0.6904 0.0018 0.0016 0.2482 0.0015 
        025s 14 0.0645 0.8552 0.0005 0.0003 0.0794 0.0002 
        026s 14 0.0007 0.9907 0.0020 0.0002 0.0053 0.0010 
        027s 14 0.0028 0.9437 0.0004 0.0007 0.0499 0.0024 
        028s 14 0.0007 0.9673 0.0018 0.0017 0.0277 0.0007 
        029s 14 0.0004 0.9899 0.0005 0.0002 0.0081 0.0008 
        030s 14 0.0008 0.9093 0.0005 0.0113 0.0776 0.0004 
        031s 14 0.0005 0.7395 0.0008 0.0149 0.2425 0.0018 
        032s 14 0.0010 0.6623 0.0004 0.0008 0.3328 0.0026 
        033s 14 0.0007 0.5683 0.0005 0.0516 0.3782 0.0006 
        034s 14 0.0003 0.9949 0.0006 0.0004 0.0031 0.0008 
        035s 14 0.0785 0.7867 0.0003 0.0819 0.0516 0.0011 
        036s 14 0.0615 0.0434 0.0020 0.0368 0.8516 0.0047 
        037s 14 0.0013 0.9680 0.0008 0.0003 0.0268 0.0029 
        038s 14 0.0008 0.9803 0.0008 0.0008 0.0169 0.0004 
        039s 14 0.0029 0.9736 0.0036 0.0017 0.0134 0.0048 
        040s 14 0.0130 0.9682 0.0004 0.0006 0.0170 0.0007 
        041s 14 0.0008 0.6241 0.0005 0.0010 0.3725 0.0011 
        042s 14 0.0768 0.9081 0.0013 0.0003 0.0122 0.0013 
        001s 15 0.0006 0.4776 0.0008 0.0004 0.5192 0.0014 
        002s 15 0.0932 0.8316 0.0092 0.0030 0.0495 0.0135 
        003s 15 0.0116 0.9770 0.0011 0.0005 0.0035 0.0064 
        004s 15 0.0005 0.9875 0.0092 0.0005 0.0021 0.0002 
        005s 15 0.0137 0.9729 0.0011 0.0027 0.0032 0.0065 
        006s 15 0.0181 0.9684 0.0006 0.0010 0.0109 0.0010 
        007s 15 0.0004 0.9826 0.0009 0.0004 0.0153 0.0004 
        008s 15 0.0005 0.9835 0.0006 0.0004 0.0144 0.0005 
        009s 15 0.0333 0.9090 0.0006 0.0027 0.0186 0.0358 
        010s 15 0.0003 0.0743 0.0003 0.0004 0.9232 0.0015 
        011s 15 0.0007 0.9304 0.0004 0.0631 0.0046 0.0007 
        012s 15 0.0028 0.9890 0.0012 0.0014 0.0037 0.0019 
        013s 15 0.0006 0.0405 0.0044 0.0004 0.9532 0.0008 
        014s 15 0.0021 0.9820 0.0044 0.0009 0.0057 0.0049 
        015s 15 0.0772 0.9138 0.0010 0.0035 0.0012 0.0034 
        016s 15 0.0038 0.0639 0.0222 0.0630 0.8469 0.0002 
        017s 15 0.0018 0.9703 0.0163 0.0004 0.0091 0.0022 
        018s 15 0.0026 0.4476 0.0019 0.0002 0.5473 0.0005 
        019s 15 0.0041 0.4009 0.0008 0.0006 0.5888 0.0048 
        020s 15 0.0004 0.4916 0.0004 0.0007 0.5065 0.0003 
        021s 15 0.0794 0.8635 0.0018 0.0007 0.0519 0.0028 
        022s 15 0.0007 0.9790 0.0008 0.0017 0.0172 0.0005 
        023s 15 0.0289 0.9628 0.0005 0.0029 0.0039 0.0010 
        024s 15 0.0014 0.9934 0.0005 0.0017 0.0024 0.0007 
        025s 15 0.0062 0.9247 0.0014 0.0013 0.0382 0.0283 
        026s 15 0.0013 0.9493 0.0038 0.0007 0.0191 0.0258 
        027s 15 0.0028 0.9404 0.0113 0.0089 0.0360 0.0005 
        028s 15 0.0005 0.9880 0.0020 0.0012 0.0070 0.0012 
        029s 15 0.0006 0.9910 0.0017 0.0010 0.0043 0.0015 
        030s 15 0.0005 0.9919 0.0016 0.0004 0.0050 0.0005 
        031s 15 0.0679 0.9032 0.0024 0.0011 0.0192 0.0061 
        032s 15 0.0005 0.9957 0.0008 0.0002 0.0012 0.0016 
        033s 15 0.0303 0.0124 0.0011 0.0011 0.9549 0.0003 
        035s 15 0.0019 0.9898 0.0022 0.0026 0.0027 0.0007 
        036s 15 0.0008 0.5665 0.0003 0.0008 0.4252 0.0064 
        037s 15 0.0011 0.9794 0.0006 0.0072 0.0108 0.0009 
        038s 15 0.0039 0.9910 0.0009 0.0009 0.0029 0.0004 
        039s 15 0.0703 0.4228 0.0004 0.0005 0.5058 0.0003 
        040s 15 0.0037 0.9691 0.0028 0.0019 0.0217 0.0008 
        041s 15 0.0685 0.9104 0.0006 0.0052 0.0119 0.0034 
        042s 15 0.0046 0.9848 0.0029 0.0004 0.0063 0.0010 
        043s 15 0.0052 0.5020 0.0004 0.0012 0.4891 0.0020 
        044s 15 0.0054 0.9889 0.0010 0.0008 0.0032 0.0007 
        045s 15 0.0045 0.8855 0.0015 0.0318 0.0012 0.0757 
        046s 15 0.0208 0.9493 0.0005 0.0059 0.0223 0.0013 
        047s 15 0.0337 0.9598 0.0006 0.0018 0.0034 0.0007 
        048s 15 0.0006 0.6242 0.0010 0.0005 0.3536 0.0202 
        049s 15 0.0148 0.9590 0.0005 0.0010 0.0242 0.0005 
        050s 15 0.1326 0.8451 0.0091 0.0007 0.0106 0.0019 
         001 16 0.1612 0.0756 0.0039 0.0109 0.7477 0.0006 
         002 16 0.0490 0.9463 0.0002 0.0013 0.0028 0.0004 
         003 16 0.0039 0.9835 0.0023 0.0050 0.0035 0.0018 
         004 16 0.0008 0.9926 0.0007 0.0008 0.0039 0.0012 
         005 16 0.0535 0.8905 0.0023 0.0060 0.0131 0.0346 
         006 16 0.0131 0.9702 0.0010 0.0015 0.0021 0.0121 
         007 16 0.0060 0.9686 0.0008 0.0008 0.0225 0.0013 
         008 16 0.1396 0.6748 0.0011 0.0032 0.1808 0.0004 
         009 16 0.0021 0.3383 0.0016 0.0004 0.6572 0.0004 
         010 16 0.0257 0.8257 0.0006 0.0004 0.1465 0.0010 
         011 16 0.0033 0.0504 0.0006 0.0014 0.9426 0.0017 
         012 16 0.0006 0.9613 0.0010 0.0026 0.0336 0.0009 
         013 16 0.0006 0.9923 0.0005 0.0010 0.0050 0.0006 
         014 16 0.0391 0.9551 0.0009 0.0007 0.0039 0.0003 
         015 16 0.0004 0.6250 0.0019 0.0018 0.0026 0.3684 
         016 16 0.0019 0.9797 0.0044 0.0003 0.0030 0.0107 
         017 16 0.0038 0.3002 0.0005 0.0067 0.6876 0.0011 
         018 16 0.0347 0.9305 0.0054 0.0038 0.0018 0.0238 
         019 16 0.0446 0.0381 0.0010 0.0050 0.9106 0.0005 
         020 16 0.0002 0.9904 0.0008 0.0006 0.0073 0.0007 
         021 16 0.0969 0.8562 0.0030 0.0320 0.0114 0.0005 
         022 16 0.0368 0.9590 0.0011 0.0003 0.0017 0.0012 
         023 16 0.0099 0.0301 0.0005 0.0006 0.9501 0.0089 
         024 16 0.0082 0.4373 0.0009 0.0003 0.5294 0.0240 
         025 16 0.0261 0.1099 0.0016 0.0194 0.8390 0.0040 
         026 16 0.1080 0.8853 0.0003 0.0009 0.0018 0.0036 
         027 16 0.0131 0.9670 0.0089 0.0004 0.0087 0.0019 
         028 16 0.1471 0.8001 0.0206 0.0257 0.0063 0.0003 
         029 16 0.0021 0.9606 0.0012 0.0330 0.0021 0.0010 
         030 16 0.0006 0.4224 0.0005 0.0059 0.5702 0.0003 
         031 16 0.0012 0.9787 0.0149 0.0009 0.0036 0.0007 
         032 16 0.0890 0.8992 0.0012 0.0014 0.0035 0.0058 
         033 16 0.0005 0.9904 0.0003 0.0008 0.0077 0.0003 
         034 16 0.0014 0.4040 0.0003 0.0016 0.5912 0.0015 
         035 16 0.0002 0.9950 0.0006 0.0006 0.0033 0.0002 
         036 16 0.0004 0.8733 0.0021 0.0004 0.1217 0.0021 
         037 16 0.0166 0.5287 0.0007 0.0105 0.4401 0.0033 
         038 16 0.0027 0.9280 0.0016 0.0011 0.0595 0.0071 
         039 16 0.0014 0.5477 0.0013 0.0004 0.4487 0.0005 
         040 16 0.0008 0.9832 0.0005 0.0018 0.0122 0.0016 
         041 16 0.0007 0.9923 0.0003 0.0006 0.0048 0.0012 
         042 16 0.0010 0.8819 0.0023 0.0008 0.1135 0.0005 
         043 16 0.0011 0.9815 0.0012 0.0006 0.0148 0.0009 
         044 16 0.0033 0.2374 0.0017 0.0010 0.7550 0.0016 
         045 16 0.0022 0.9787 0.0026 0.0067 0.0096 0.0002 
         047 16 0.0029 0.9303 0.0071 0.0404 0.0186 0.0007 
         048 16 0.0014 0.9892 0.0006 0.0040 0.0043 0.0004 
         049 16 0.0004 0.8589 0.0005 0.0030 0.1329 0.0042 
         050 16 0.0005 0.9889 0.0005 0.0008 0.0091 0.0004 
         051 16 0.0009 0.9764 0.0016 0.0014 0.0193 0.0003 
         052 16 0.0002 0.9703 0.0003 0.0005 0.0278 0.0009 
         053 16 0.0003 0.9759 0.0009 0.0007 0.0215 0.0008 
         054 16 0.0605 0.4761 0.0012 0.0005 0.4609 0.0008 
         055 16 0.0075 0.8845 0.0005 0.0541 0.0532 0.0003 
         056 16 0.0017 0.9814 0.0007 0.0003 0.0063 0.0095 
         057 16 0.0768 0.0250 0.0006 0.0003 0.8972 0.0002 
         058 16 0.0901 0.5731 0.0002 0.0068 0.3146 0.0153 
         059 16 0.0878 0.7415 0.0054 0.0117 0.0673 0.0864 
         060 16 0.0028 0.7852 0.0012 0.0004 0.1994 0.0110 
         061 16 0.0015 0.4777 0.0010 0.0006 0.5173 0.0018 
         062 16 0.0008 0.9774 0.0010 0.0083 0.0120 0.0005 
         063 16 0.0034 0.9792 0.0004 0.0006 0.0157 0.0007 
         064 16 0.0004 0.9822 0.0005 0.0006 0.0138 0.0025 
         065 16 0.0010 0.6128 0.0016 0.0035 0.3776 0.0034 
         066 16 0.0003 0.9919 0.0014 0.0003 0.0055 0.0005 
         067 16 0.0008 0.8950 0.0010 0.0034 0.0234 0.0764 
         068 16 0.0055 0.9540 0.0009 0.0018 0.0084 0.0293 
         069 16 0.0009 0.9866 0.0049 0.0006 0.0065 0.0005 
         070 16 0.0055 0.8745 0.0032 0.0007 0.1156 0.0005 
         071 16 0.0771 0.9080 0.0006 0.0102 0.0036 0.0004 
         072 16 0.0074 0.9789 0.0009 0.0011 0.0105 0.0012 
         073 16 0.0007 0.8492 0.0008 0.0037 0.1452 0.0004 
         074 16 0.0003 0.9937 0.0007 0.0009 0.0041 0.0003 
         075 16 0.0273 0.9372 0.0007 0.0053 0.0286 0.0008 
         076 16 0.0008 0.9928 0.0007 0.0009 0.0044 0.0004 
         077 16 0.0187 0.8914 0.0270 0.0061 0.0008 0.0561 
         078 16 0.0027 0.0009 0.0005 0.0003 0.9941 0.0014 
         079 16 0.0897 0.9030 0.0013 0.0026 0.0027 0.0008 
         080 16 0.0028 0.3677 0.0005 0.0002 0.6278 0.0011 
         081 16 0.0022 0.0041 0.0015 0.0316 0.9602 0.0004 
         082 16 0.0151 0.8956 0.0004 0.0133 0.0753 0.0003 
         083 16 0.0006 0.9933 0.0006 0.0011 0.0026 0.0018 
         084 16 0.0014 0.8468 0.0027 0.0015 0.1462 0.0014 
         085 16 0.0014 0.9720 0.0024 0.0007 0.0144 0.0092 
         086 16 0.1078 0.8782 0.0006 0.0041 0.0090 0.0005 
         087 16 0.0084 0.1399 0.0015 0.0032 0.8466 0.0003 
         088 16 0.0006 0.2203 0.0007 0.0003 0.7752 0.0029 
         089 16 0.0012 0.9743 0.0007 0.0088 0.0139 0.0011 
         090 16 0.0070 0.9841 0.0014 0.0007 0.0063 0.0005 
         091 16 0.0009 0.9595 0.0007 0.0014 0.0366 0.0008 
         092 16 0.0252 0.0576 0.0005 0.0008 0.9151 0.0008 
         093 16 0.0016 0.9657 0.0023 0.0004 0.0295 0.0005 
         094 16 0.0064 0.9393 0.0056 0.0012 0.0041 0.0434 
         095 16 0.0004 0.9502 0.0013 0.0002 0.0474 0.0005 
         096 16 0.0013 0.9636 0.0004 0.0257 0.0062 0.0028 
         097 16 0.0069 0.8821 0.0012 0.0847 0.0165 0.0086 
         098 16 0.0011 0.9771 0.0079 0.0006 0.0097 0.0037 
         099 16 0.0007 0.9898 0.0010 0.0004 0.0039 0.0041 
         100 16 0.0008 0.9803 0.0008 0.0004 0.0161 0.0017 
         101 16 0.0123 0.0133 0.0005 0.0005 0.9703 0.0031 
         102 16 0.0006 0.0534 0.0006 0.0016 0.9421 0.0019 
         103 16 0.0015 0.9846 0.0031 0.0021 0.0065 0.0023 
         104 16 0.0036 0.9887 0.0005 0.0005 0.0030 0.0038 
         105 16 0.0804 0.8852 0.0051 0.0211 0.0038 0.0044 
         106 16 0.0015 0.5795 0.0004 0.0003 0.4153 0.0030 
         107 16 0.0158 0.8128 0.0492 0.0005 0.1141 0.0076 
         108 16 0.1225 0.6445 0.0662 0.0009 0.0033 0.1626 
         109 16 0.0165 0.8982 0.0005 0.0032 0.0810 0.0006 
         110 16 0.0004 0.9725 0.0004 0.0006 0.0248 0.0013 
         111 16 0.0588 0.6618 0.0008 0.0005 0.2768 0.0014 
         112 16 0.0520 0.9371 0.0007 0.0006 0.0086 0.0011 
         113 16 0.0550 0.9369 0.0006 0.0050 0.0013 0.0013 
         114 16 0.0171 0.9360 0.0048 0.0004 0.0400 0.0016 
         115 16 0.0004 0.9955 0.0004 0.0010 0.0020 0.0007 
         116 16 0.0068 0.1316 0.0005 0.0010 0.8593 0.0009 
         117 16 0.0080 0.9730 0.0057 0.0034 0.0091 0.0008 
         118 16 0.0051 0.9787 0.0010 0.0003 0.0052 0.0097 
         119 16 0.0014 0.6258 0.0016 0.0008 0.3694 0.0011 
         120 16 0.0003 0.9696 0.0010 0.0199 0.0088 0.0005 
         121 16 0.0005 0.7489 0.0003 0.0086 0.2041 0.0375 
         122 16 0.0003 0.9400 0.0003 0.0007 0.0583 0.0004 
         123 16 0.0030 0.5186 0.0023 0.0012 0.4744 0.0004 
         124 16 0.0123 0.9775 0.0003 0.0007 0.0080 0.0013 
         126 16 0.1639 0.8239 0.0026 0.0009 0.0066 0.0021 
         001 17 0.0010 0.9741 0.0113 0.0016 0.0113 0.0007 
         002 17 0.0041 0.9272 0.0005 0.0005 0.0672 0.0004 
         003 17 0.0008 0.9945 0.0009 0.0007 0.0026 0.0004 
         005 17 0.0004 0.9736 0.0212 0.0008 0.0037 0.0004 
         006 17 0.0020 0.9416 0.0014 0.0500 0.0045 0.0004 
         007 17 0.1025 0.0061 0.0054 0.0174 0.8475 0.0211 
         008 17 0.1083 0.8744 0.0006 0.0141 0.0021 0.0006 
         009 17 0.0002 0.9961 0.0005 0.0004 0.0025 0.0004 
         010 17 0.0006 0.9519 0.0009 0.0009 0.0445 0.0012 
         011 17 0.1377 0.4762 0.0017 0.0012 0.0056 0.3775 
         012 17 0.0046 0.9867 0.0007 0.0004 0.0061 0.0014 
         013 17 0.0003 0.9969 0.0007 0.0002 0.0016 0.0003 
         014 17 0.0004 0.1585 0.0014 0.0004 0.8389 0.0005 
         015 17 0.0010 0.2452 0.0010 0.0038 0.7486 0.0004 
         016 17 0.0007 0.9893 0.0004 0.0009 0.0083 0.0004 
         017 17 0.0012 0.9919 0.0008 0.0021 0.0028 0.0011 
         018 17 0.0318 0.9068 0.0224 0.0015 0.0370 0.0005 
         019 17 0.0007 0.5310 0.0007 0.0002 0.4669 0.0006 
         020 17 0.0010 0.9919 0.0004 0.0011 0.0048 0.0008 
         021 17 0.0003 0.9946 0.0006 0.0008 0.0027 0.0011 
         022 17 0.0363 0.9319 0.0159 0.0065 0.0084 0.0009 
         023 17 0.0118 0.9372 0.0025 0.0004 0.0474 0.0007 
         024 17 0.0205 0.9247 0.0014 0.0384 0.0115 0.0034 
         025 17 0.0004 0.9634 0.0004 0.0006 0.0349 0.0003 
         002 18 0.0002 0.9770 0.0057 0.0009 0.0144 0.0017 
         003 18 0.0003 0.9950 0.0004 0.0003 0.0029 0.0011 
         004 18 0.0601 0.9282 0.0030 0.0006 0.0071 0.0009 
         005 18 0.0040 0.4171 0.0006 0.0006 0.5433 0.0344 
         006 18 0.0006 0.9908 0.0006 0.0003 0.0068 0.0010 
         007 18 0.0013 0.9760 0.0024 0.0049 0.0150 0.0004 
         008 18 0.0003 0.2060 0.0004 0.0008 0.7907 0.0019 
         009 18 0.0113 0.9720 0.0011 0.0047 0.0086 0.0023 
         010 18 0.0004 0.9458 0.0027 0.0023 0.0402 0.0086 
         011 18 0.0008 0.9870 0.0015 0.0006 0.0078 0.0022 
         012 18 0.0027 0.0029 0.0007 0.0007 0.9911 0.0020 
         015 18 0.0013 0.8508 0.0003 0.0004 0.1456 0.0016 
         016 18 0.0019 0.4401 0.0006 0.0049 0.5520 0.0004 
         018 18 0.0004 0.9765 0.0066 0.0004 0.0095 0.0066 
         026 18 0.0004 0.3934 0.0042 0.0099 0.5912 0.0009 
         027 18 0.0003 0.9927 0.0020 0.0006 0.0029 0.0015 
         028 18 0.0009 0.0663 0.0274 0.0008 0.9044 0.0002 
         029 18 0.0011 0.9925 0.0008 0.0006 0.0045 0.0005 
         031 18 0.0603 0.1694 0.0371 0.0039 0.6497 0.0796 
         032 18 0.0004 0.9677 0.0011 0.0006 0.0297 0.0004 
         033 18 0.0015 0.9890 0.0012 0.0004 0.0069 0.0009 
         035 18 0.0008 0.0037 0.0004 0.0004 0.9940 0.0007 
         036 18 0.0006 0.9855 0.0008 0.0006 0.0055 0.0070 
         037 18 0.0012 0.9460 0.0161 0.0154 0.0129 0.0085 
         038 18 0.0033 0.9150 0.0510 0.0164 0.0112 0.0031 
         039 18 0.0004 0.9810 0.0005 0.0004 0.0164 0.0012 
         044 18 0.1181 0.8367 0.0006 0.0099 0.0340 0.0006 
         046 18 0.0035 0.9583 0.0071 0.0003 0.0025 0.0282 
         049 18 0.0005 0.4298 0.0007 0.0004 0.5683 0.0003 
         053 18 0.0010 0.1281 0.0013 0.0006 0.8683 0.0006 
         054 18 0.0011 0.9824 0.0009 0.0119 0.0029 0.0008 
         056 18 0.0656 0.9209 0.0024 0.0002 0.0074 0.0034 
         057 18 0.0003 0.2130 0.0009 0.0035 0.7784 0.0039 
         058 18 0.0014 0.9844 0.0052 0.0005 0.0052 0.0034 
        001s 19 0.0701 0.9118 0.0008 0.0006 0.0159 0.0008 
        002s 19 0.0024 0.3891 0.0014 0.0005 0.6055 0.0011 
        003s 19 0.0334 0.9361 0.0005 0.0003 0.0294 0.0003 
        004s 19 0.0022 0.9507 0.0075 0.0014 0.0161 0.0222 
        005s 19 0.0066 0.8755 0.0054 0.0254 0.0128 0.0744 
        006s 19 0.0010 0.9886 0.0017 0.0016 0.0051 0.0020 
        007s 19 0.0021 0.4495 0.0006 0.0170 0.5166 0.0143 
        008s 19 0.0456 0.9379 0.0005 0.0018 0.0007 0.0135 
        009s 19 0.0006 0.0159 0.0007 0.0006 0.9803 0.0019 
        010s 19 0.0019 0.9748 0.0130 0.0037 0.0061 0.0005 
        011s 19 0.0004 0.9807 0.0052 0.0034 0.0092 0.0010 
        012s 19 0.0028 0.8902 0.0021 0.0016 0.1028 0.0006 
        013s 19 0.0030 0.4674 0.0012 0.0046 0.5231 0.0006 
        014s 19 0.0414 0.0320 0.0008 0.0079 0.8977 0.0203 
        015s 19 0.0007 0.9898 0.0006 0.0019 0.0065 0.0005 
        016s 19 0.0005 0.6447 0.0256 0.0008 0.2827 0.0457 
        017s 19 0.0559 0.7294 0.0019 0.0007 0.2095 0.0026 
        018s 19 0.0020 0.9834 0.0013 0.0008 0.0100 0.0026 
        019s 19 0.0853 0.9016 0.0011 0.0048 0.0057 0.0015 
        020s 19 0.0745 0.9167 0.0011 0.0027 0.0041 0.0008 
        021s 19 0.0034 0.4636 0.0013 0.0016 0.5294 0.0008 
        022s 19 0.0210 0.9616 0.0010 0.0012 0.0143 0.0008 
        023s 19 0.0008 0.9871 0.0028 0.0035 0.0034 0.0025 
        024s 19 0.0005 0.9889 0.0016 0.0002 0.0070 0.0018 
        025s 19 0.1308 0.8593 0.0014 0.0003 0.0040 0.0042 
        026s 19 0.0044 0.9800 0.0030 0.0044 0.0043 0.0038 
        027s 19 0.0031 0.6784 0.0009 0.0008 0.3159 0.0011 
        028s 19 0.0075 0.9825 0.0007 0.0012 0.0077 0.0004 
        029s 19 0.0003 0.8911 0.0015 0.0010 0.1055 0.0006 
        030s 19 0.0010 0.0238 0.0032 0.0013 0.9700 0.0006 
        031s 19 0.0029 0.9730 0.0005 0.0014 0.0216 0.0006 
        032s 19 0.0004 0.0463 0.0005 0.0010 0.9515 0.0003 
        033s 19 0.0003 0.9825 0.0014 0.0013 0.0101 0.0045 
        034s 19 0.0007 0.7308 0.0004 0.0012 0.2661 0.0008 
        035s 19 0.0166 0.9690 0.0036 0.0016 0.0043 0.0049 
        036s 19 0.0005 0.5863 0.0003 0.0010 0.4099 0.0020 
        037s 19 0.0004 0.4309 0.0007 0.0002 0.5675 0.0003 
        038s 19 0.0019 0.9845 0.0019 0.0015 0.0082 0.0021 
        039s 19 0.0007 0.8599 0.0005 0.0007 0.1380 0.0003 
        040s 19 0.0007 0.9553 0.0005 0.0303 0.0128 0.0003 
        041s 19 0.0003 0.9805 0.0003 0.0006 0.0178 0.0006 
        042s 19 0.0033 0.9691 0.0108 0.0011 0.0029 0.0128 
        043s 19 0.0391 0.8353 0.0021 0.0019 0.1212 0.0005 
        044s 19 0.0004 0.9512 0.0014 0.0005 0.0450 0.0014 
        045s 19 0.0008 0.9884 0.0012 0.0002 0.0080 0.0014 
        046s 19 0.0023 0.9816 0.0015 0.0011 0.0077 0.0058 
        047s 19 0.0009 0.6697 0.0005 0.0073 0.3213 0.0004 
        048s 19 0.0912 0.8978 0.0017 0.0040 0.0048 0.0006 
        049s 19 0.0075 0.9628 0.0005 0.0074 0.0160 0.0059 
        050s 19 0.0021 0.9861 0.0004 0.0002 0.0106 0.0006 
        051s 19 0.0061 0.5885 0.0011 0.0415 0.3520 0.0108 
        052s 19 0.0011 0.9300 0.0010 0.0006 0.0664 0.0008 
      LIW2-4 20 0.0009 0.9777 0.0022 0.0024 0.0147 0.0022 
     LIW2-12 21 0.0010 0.8709 0.0147 0.0004 0.0364 0.0766 
     LIW2-20 22 0.0023 0.9676 0.0055 0.0004 0.0228 0.0014 
     LIW2-28 23 0.0479 0.8783 0.0017 0.0018 0.0046 0.0656 
      LIW1-5 24 0.0011 0.9899 0.0016 0.0006 0.0033 0.0035 
     LIW1-13 25 0.0589 0.9069 0.0005 0.0106 0.0124 0.0107 
     LIW1-21 26 0.0141 0.9150 0.0083 0.0004 0.0336 0.0286 
     LIW1-29 27 0.0218 0.9449 0.0034 0.0030 0.0095 0.0173 
      LIW2-5 28 0.0006 0.9782 0.0079 0.0010 0.0090 0.0033 
     LIW2-34 29 0.0003 0.9723 0.0092 0.0009 0.0138 0.0035 
     LIW2-21 30 0.0972 0.4796 0.0016 0.0006 0.4126 0.0084 
     LIW2-29 31 0.1848 0.8038 0.0040 0.0037 0.0023 0.0014 
      LIW1-6 32 0.0010 0.9513 0.0009 0.0004 0.0421 0.0041 
     LIW1-14 33 0.0414 0.0433 0.0348 0.0016 0.8783 0.0006 
     LIW1-22 34 0.0006 0.9620 0.0274 0.0003 0.0043 0.0053 
     LIW1-30 35 0.0017 0.9857 0.0014 0.0004 0.0074 0.0034 
      LIW2-6 36 0.0019 0.9462 0.0036 0.0125 0.0100 0.0258 
     LIW2-14 37 0.0019 0.9055 0.0004 0.0004 0.0863 0.0055 
     LIW2-22 38 0.0754 0.8398 0.0007 0.0005 0.0061 0.0775 
     LIW2-30 39 0.0004 0.9308 0.0404 0.0002 0.0245 0.0036 
      LIW1-7 40 0.0255 0.8815 0.0144 0.0011 0.0218 0.0556 
     LIW1-15 41 0.0004 0.8431 0.0044 0.0004 0.1379 0.0137 
     LIW1-23 42 0.0047 0.8507 0.0022 0.0012 0.1346 0.0066 
     LIW1-31 43 0.0010 0.0028 0.0020 0.0011 0.9889 0.0043 
      LIW2-7 44 0.0866 0.9011 0.0070 0.0028 0.0011 0.0013 
     LIW2-15 45 0.0008 0.9372 0.0552 0.0004 0.0039 0.0025 
     LIW2-23 46 0.0004 0.9035 0.0006 0.0053 0.0020 0.0882 
      LIW1-8 47 0.0004 0.9812 0.0010 0.0011 0.0125 0.0038 
     LIW1-16 48 0.0003 0.9828 0.0010 0.0011 0.0127 0.0021 
      LIW2-8 49 0.0005 0.9899 0.0031 0.0004 0.0034 0.0027 
     LIW2-16 50 0.2999 0.0046 0.0040 0.0300 0.6521 0.0095 
     LIW2-24 51 0.1780 0.7394 0.0036 0.0175 0.0563 0.0053 
     LIW2-32 52 0.0079 0.9301 0.0070 0.0024 0.0032 0.0495 
     LIW1-47 53 0.0022 0.4557 0.0020 0.0034 0.5278 0.0089 
      UMFS-1 54 0.0002 0.0004 0.9986 0.0004 0.0002 0.0001 
     UMFS-19 55 0.0002 0.0001 0.9991 0.0002 0.0001 0.0001 
     UMFS-31 56 0.0002 0.1203 0.8100 0.0003 0.0681 0.0011 
      UMFS-2 57 0.0002 0.0420 0.9387 0.0005 0.0184 0.0002 
     UMFS-10 58 0.0003 0.0977 0.8943 0.0005 0.0067 0.0006 
     UMFS-20 59 0.0052 0.1419 0.8434 0.0015 0.0076 0.0004 
     UMFS-32 60 0.0003 0.0004 0.9982 0.0004 0.0004 0.0002 
      UMFS-3 61 0.0001 0.0001 0.9996 0.0001 0.0001 0.0001 
     UMFS-11 62 0.2279 0.0004 0.0003 0.1412 0.6296 0.0007 
     UMFS-21 63 0.0276 0.0110 0.9339 0.0013 0.0212 0.0050 
     UMFS-33 64 0.0000 0.0000 0.9998 0.0000 0.0000 0.0000 
      UMFS-4 65 0.0000 0.0001 0.9997 0.0001 0.0000 0.0000 
     UMFS-22 66 0.0013 0.0249 0.9493 0.0022 0.0203 0.0020 
     UMFS-34 67 0.0047 0.2564 0.5876 0.0029 0.0648 0.0837 
      UMFS-5 68 0.0011 0.0546 0.9181 0.0050 0.0192 0.0020 
     UMFS-13 69 0.0009 0.0008 0.9942 0.0007 0.0009 0.0024 
     UMFS-23 70 0.0010 0.1242 0.7702 0.0013 0.1026 0.0008 
     UMFS-35 71 0.0001 0.0001 0.9994 0.0001 0.0001 0.0001 
      UMFS-6 72 0.0001 0.0001 0.9997 0.0001 0.0001 0.0001 
     UMFS-14 73 0.0000 0.0000 0.9998 0.0000 0.0000 0.0000 
     UMFS-24 74 0.0031 0.1253 0.7519 0.0017 0.1176 0.0005 
     UMFS-36 75 0.0000 0.0000 0.9998 0.0000 0.0000 0.0000 
      UMFS-7 76 0.2628 0.0003 0.0002 0.2643 0.4101 0.0623 
     UMFS-15 77 0.0001 0.0001 0.9997 0.0001 0.0001 0.0000 
     UMFS-25 78 0.0064 0.1846 0.7910 0.0052 0.0124 0.0004 
     UMFS-37 79 0.0001 0.0001 0.9997 0.0001 0.0000 0.0001 
      UMFS-8 80 0.0026 0.0092 0.9824 0.0005 0.0044 0.0009 
     UMFS-16 81 0.0001 0.0001 0.9994 0.0001 0.0001 0.0001 
     UMFS-26 82 0.0074 0.3460 0.4833 0.0037 0.0223 0.1374 
     UMFS-38 83 0.0001 0.0002 0.9995 0.0001 0.0001 0.0001 
      NEH1-2 84 0.0283 0.0008 0.0010 0.0033 0.0010 0.9655 
     NEH1-11 85 0.0506 0.0007 0.0004 0.0010 0.0005 0.9468 
     NEH1-20 86 0.0007 0.0921 0.0061 0.0016 0.0241 0.8755 
     NEH1-29 87 0.0006 0.0012 0.0002 0.0002 0.0008 0.9970 
      NEH2-2 88 0.0003 0.0002 0.0002 0.0002 0.0004 0.9988 
     NEH2-10 89 0.0007 0.0065 0.0004 0.0003 0.0051 0.9870 
     NEH2-18 90 0.0038 0.0002 0.0002 0.0003 0.0002 0.9954 
     NEH2-26 91 0.0028 0.0013 0.0003 0.0004 0.0013 0.9940 
      NEH1-3 92 0.0007 0.1000 0.0003 0.0007 0.0558 0.8425 
     NEH1-12 93 0.0036 0.0003 0.0005 0.0505 0.0003 0.9448 
     NEH1-21 94 0.0003 0.0280 0.0003 0.0309 0.0064 0.9340 
     NEH1-30 95 0.0702 0.0054 0.0002 0.0002 0.0094 0.9145 
      NEH2-3 96 0.0001 0.0002 0.0002 0.0002 0.0002 0.9992 
     NEH2-11 97 0.0330 0.0004 0.0019 0.0003 0.0003 0.9641 
     NEH2-19 98 0.0021 0.0035 0.0034 0.0009 0.0038 0.9864 
     NEH2-27 99 0.0001 0.0001 0.0001 0.0001 0.0001 0.9995 
      NEH1-4 100 0.0023 0.0002 0.0002 0.0001 0.0001 0.9971 
     NEH1-13 101 0.0023 0.0100 0.0005 0.0018 0.2215 0.7639 
     NEH1-22 102 0.0007 0.1069 0.0006 0.0005 0.0937 0.7976 
     NEH1-31 103 0.0029 0.0005 0.0001 0.0002 0.0006 0.9957 
      NEH2-4 104 0.0023 0.0042 0.0027 0.0005 0.0033 0.9870 
     NEH2-12 105 0.0609 0.0004 0.0075 0.0006 0.0003 0.9304 
     NEH2-20 106 0.0004 0.1830 0.0008 0.0002 0.0151 0.8006 
     NEH2-28 107 0.0013 0.0013 0.0004 0.0140 0.0010 0.9821 
      NEH1-5 108 0.0184 0.0331 0.0004 0.0004 0.0950 0.8526 
     NEH1-14 109 0.0613 0.0839 0.0008 0.0076 0.0844 0.7619 
     NEH1-23 110 0.0004 0.1773 0.0052 0.0003 0.0490 0.7678 
     NEH1-32 111 0.0019 0.0010 0.0003 0.0036 0.0014 0.9918 
      NEH2-5 112 0.0003 0.0002 0.0002 0.0001 0.0002 0.9990 
     NEH2-13 113 0.0265 0.0010 0.0004 0.0010 0.0009 0.9703 
     NEH2-22 114 0.0005 0.0006 0.0012 0.0004 0.0008 0.9966 
     NEH2-29 115 0.0004 0.0215 0.0004 0.0005 0.0280 0.9492 
      NEH1-6 116 0.0002 0.0002 0.0002 0.0003 0.0001 0.9991 
     NEH1-15 117 0.0036 0.0010 0.0003 0.0390 0.0023 0.9539 
     NEH1-24 118 0.0005 0.0007 0.0015 0.0170 0.0005 0.9799 
     NEH1-33 119 0.0004 0.1108 0.0006 0.0004 0.0182 0.8695 
      NEH2-6 120 0.0005 0.0097 0.0091 0.0006 0.0046 0.9756 
     NEH2-14 121 0.0031 0.0042 0.0008 0.0019 0.0036 0.9864 
     NEH2-21 122 0.0003 0.0345 0.0009 0.0003 0.0180 0.9460 
     NEH2-30 123 0.0003 0.0002 0.0002 0.0002 0.0003 0.9989 
      NEH1-7 124 0.0969 0.0577 0.0005 0.0011 0.0094 0.8343 
     NEH1-16 125 0.0003 0.0003 0.0001 0.0002 0.0002 0.9987 
     NEH1-25 126 0.0005 0.0047 0.0019 0.0008 0.1202 0.8719 
     NEH1-34 127 0.0212 0.0202 0.0007 0.0018 0.0291 0.9269 
      NEH2-7 128 0.0014 0.0018 0.0040 0.0009 0.0021 0.9898 
     NEH2-15 129 0.0001 0.0001 0.0001 0.0001 0.0001 0.9995 
     NEH2-23 130 0.0496 0.0081 0.0006 0.0045 0.0039 0.9333 
     NEH2-31 131 0.0001 0.0001 0.0003 0.0002 0.0002 0.9991 
      NEH1-8 132 0.0765 0.0352 0.0002 0.0008 0.0644 0.8228 
     NEH1-17 133 0.1151 0.0008 0.0003 0.0015 0.0011 0.8812 
     NEH1-26 134 0.0004 0.0663 0.0018 0.0032 0.0809 0.8473 
     NEH1-35 135 0.0023 0.1303 0.0005 0.0020 0.0581 0.8068 
      NEH2-8 136 0.0001 0.0002 0.0001 0.0001 0.0001 0.9994 
     NEH2-16 137 0.0002 0.0008 0.0008 0.0013 0.0008 0.9961 
     NEH2-24 138 0.0001 0.0002 0.0006 0.0001 0.0002 0.9988 
     NEH2-32 139 0.0728 0.0005 0.0005 0.0007 0.0003 0.9252 
      NEH1-1 140 0.1187 0.0006 0.0006 0.0003 0.0004 0.8794 
     NEH1-10 141 0.0003 0.0002 0.0001 0.0005 0.0003 0.9986 
     NEH1-19 142 0.0010 0.0353 0.0003 0.0024 0.0871 0.8739 
     NEH1-28 143 0.0447 0.0005 0.0003 0.0037 0.0010 0.9499 
      NEH2-1 144 0.0173 0.0014 0.0003 0.0003 0.0016 0.9790 
      NEH2-9 145 0.0002 0.0006 0.0003 0.0003 0.0005 0.9981 
     NEH2-17 146 0.0018 0.0029 0.0006 0.0356 0.0019 0.9572 
     NEH2-25 147 0.0283 0.0002 0.0002 0.0002 0.0003 0.9708 
      LIW1-1 148 0.0871 0.7958 0.0079 0.0041 0.0014 0.1036 
      LIW1-9 149 0.0858 0.7633 0.0013 0.0718 0.0076 0.0702 
     LIW1-17 150 0.0010 0.0329 0.0014 0.0003 0.9139 0.0506 
     LIW1-25 151 0.0002 0.9811 0.0108 0.0013 0.0038 0.0029 
      LIW2-9 152 0.0509 0.9339 0.0013 0.0061 0.0063 0.0015 
     LIW2-17 153 0.0008 0.9873 0.0017 0.0019 0.0047 0.0036 
     LIW2-25 154 0.0007 0.0041 0.0029 0.0003 0.9901 0.0019 
      LIW1-2 155 0.0044 0.9743 0.0020 0.0003 0.0043 0.0148 
     LIW1-10 156 0.0061 0.9766 0.0048 0.0009 0.0087 0.0029 
     LIW1-18 157 0.0039 0.0396 0.0030 0.0005 0.9487 0.0042 
     LIW1-26 158 0.0003 0.9688 0.0012 0.0043 0.0041 0.0212 
      LIW2-2 159 0.0005 0.9828 0.0041 0.0006 0.0068 0.0052 
     LIW2-10 160 0.0032 0.5329 0.0014 0.0005 0.4608 0.0011 
     LIW2-18 161 0.0093 0.8988 0.0072 0.0171 0.0021 0.0655 
     LIW2-26 162 0.0005 0.9143 0.0517 0.0011 0.0309 0.0016 
      LIW1-3 163 0.0101 0.3339 0.0428 0.0004 0.6052 0.0077 
     LIW1-11 164 0.0085 0.9529 0.0064 0.0022 0.0227 0.0073 
     LIW1-19 165 0.0499 0.8451 0.0063 0.0015 0.0333 0.0639 
     LIW1-27 166 0.0073 0.0024 0.0012 0.0003 0.9884 0.0004 
      LIW2-3 167 0.0034 0.9616 0.0080 0.0070 0.0171 0.0029 
     LIW2-11 168 0.0004 0.9935 0.0014 0.0004 0.0036 0.0007 
     LIW2-19 169 0.0021 0.9566 0.0008 0.0006 0.0154 0.0245 
     LIW2-27 170 0.0003 0.9519 0.0113 0.0005 0.0205 0.0155 
      LIW1-4 171 0.0004 0.8824 0.0027 0.0010 0.1051 0.0085 
     LIW1-12 172 0.0269 0.9289 0.0367 0.0011 0.0036 0.0029 
     LIW1-20 173 0.0012 0.0495 0.0009 0.0021 0.9445 0.0018 
     LIW1-28 174 0.0039 0.9772 0.0034 0.0009 0.0033 0.0113 
        001s 175 0.0006 0.8541 0.0005 0.0107 0.1322 0.0019 
        002s 175 0.0835 0.9114 0.0008 0.0008 0.0025 0.0009 
        003s 175 0.0002 0.0391 0.0007 0.0007 0.9586 0.0006 
        004s 175 0.0157 0.8988 0.0055 0.0060 0.0731 0.0009 
        005s 175 0.0031 0.9652 0.0031 0.0006 0.0262 0.0018 
        006s 175 0.1592 0.1106 0.0088 0.0018 0.7190 0.0006 
        007s 175 0.0006 0.9721 0.0006 0.0003 0.0257 0.0008 
        008s 175 0.0015 0.9911 0.0032 0.0013 0.0024 0.0005 
        009s 175 0.1170 0.8686 0.0044 0.0016 0.0070 0.0014 
        010s 175 0.0005 0.0499 0.0004 0.0009 0.9473 0.0010 
        011s 175 0.0035 0.8830 0.0005 0.0009 0.1109 0.0012 
        012s 175 0.0002 0.9853 0.0004 0.0052 0.0086 0.0003 
        013s 175 0.0055 0.9435 0.0005 0.0009 0.0494 0.0003 
        014s 175 0.0915 0.9030 0.0005 0.0004 0.0042 0.0004 
        015s 175 0.0008 0.9896 0.0006 0.0016 0.0061 0.0012 
        016s 175 0.0420 0.9545 0.0005 0.0004 0.0023 0.0002 
        017s 175 0.0011 0.0722 0.0013 0.0104 0.9109 0.0042 
        018s 175 0.0037 0.9511 0.0069 0.0013 0.0355 0.0014 
        019s 175 0.0008 0.9641 0.0242 0.0010 0.0048 0.0052 
        020s 175 0.0004 0.4327 0.0006 0.0015 0.5638 0.0010 
        021s 175 0.0004 0.9903 0.0006 0.0021 0.0044 0.0021 
        022s 175 0.0005 0.9413 0.0005 0.0488 0.0071 0.0018 
        023s 175 0.0015 0.9776 0.0068 0.0065 0.0038 0.0038 
        024s 175 0.0225 0.9261 0.0012 0.0064 0.0430 0.0008 
        025s 175 0.0223 0.9583 0.0035 0.0147 0.0008 0.0004 
        026s 175 0.0080 0.9851 0.0007 0.0009 0.0043 0.0011 
        027s 175 0.0008 0.9330 0.0008 0.0022 0.0617 0.0016 
        028s 175 0.0014 0.9279 0.0004 0.0005 0.0090 0.0608 
        029s 175 0.0006 0.9757 0.0019 0.0012 0.0201 0.0006 
        030s 175 0.1088 0.8849 0.0006 0.0013 0.0028 0.0016 
        031s 175 0.0015 0.9731 0.0088 0.0015 0.0148 0.0005 
        032s 175 0.0016 0.0669 0.0031 0.0007 0.9125 0.0151 
        033s 175 0.0177 0.9670 0.0022 0.0032 0.0091 0.0007 
        034s 175 0.0023 0.0409 0.0003 0.0007 0.9553 0.0004 
        035s 175 0.0024 0.0024 0.0007 0.0007 0.9932 0.0005 
        036s 175 0.0005 0.9782 0.0041 0.0011 0.0155 0.0005 
        037s 175 0.0003 0.9197 0.0002 0.0141 0.0532 0.0125 
        038s 175 0.0101 0.9725 0.0003 0.0017 0.0146 0.0006 
        039s 175 0.0017 0.8791 0.0011 0.0006 0.1147 0.0027 
        040s 175 0.0006 0.9935 0.0005 0.0007 0.0028 0.0020 
        041s 175 0.0007 0.0077 0.0008 0.0009 0.9892 0.0007 
        042s 175 0.0009 0.9730 0.0182 0.0028 0.0039 0.0012 
        043s 175 0.0035 0.9821 0.0008 0.0016 0.0073 0.0048 
        044s 175 0.0009 0.3776 0.0006 0.0003 0.6192 0.0014 
        045s 175 0.0817 0.8965 0.0010 0.0006 0.0199 0.0004 
        046s 175 0.0011 0.7801 0.0013 0.0008 0.2149 0.0019 
        047s 175 0.0006 0.9261 0.0041 0.0006 0.0597 0.0089 
        048s 175 0.0026 0.9897 0.0013 0.0025 0.0034 0.0005 
        049s 175 0.0565 0.9296 0.0025 0.0009 0.0098 0.0007 
        050s 175 0.0773 0.8369 0.0020 0.0004 0.0020 0.0814 
        001s 176 0.0174 0.0026 0.0021 0.0165 0.9610 0.0005 
        002s 176 0.0022 0.9787 0.0003 0.0079 0.0074 0.0036 
        003s 176 0.0035 0.9920 0.0006 0.0005 0.0023 0.0011 
        004s 176 0.0023 0.9844 0.0027 0.0009 0.0077 0.0020 
        005s 176 0.0013 0.9712 0.0005 0.0003 0.0057 0.0211 
        006s 176 0.0004 0.9806 0.0026 0.0043 0.0115 0.0006 
        007s 176 0.0850 0.9063 0.0014 0.0006 0.0057 0.0009 
        008s 176 0.0005 0.9738 0.0015 0.0009 0.0230 0.0003 
        009s 176 0.0008 0.8691 0.0008 0.0005 0.1209 0.0079 
        010s 176 0.0014 0.4552 0.0013 0.0004 0.5411 0.0005 
        011s 176 0.0002 0.9895 0.0006 0.0024 0.0035 0.0038 
        012s 176 0.0740 0.8386 0.0007 0.0010 0.0847 0.0011 
        013s 176 0.0031 0.2984 0.0013 0.0037 0.6917 0.0018 
        014s 176 0.0009 0.9856 0.0010 0.0082 0.0037 0.0006 
        015s 176 0.0020 0.9713 0.0068 0.0005 0.0179 0.0016 
        016s 176 0.0014 0.9758 0.0056 0.0003 0.0162 0.0008 
        017s 176 0.0002 0.9960 0.0005 0.0003 0.0026 0.0004 
        018s 176 0.0005 0.9623 0.0017 0.0003 0.0222 0.0130 
        019s 176 0.0118 0.9085 0.0011 0.0220 0.0561 0.0005 
        020s 176 0.0023 0.9724 0.0009 0.0006 0.0224 0.0014 
        021s 176 0.0018 0.9869 0.0006 0.0037 0.0059 0.0012 
        022s 176 0.0003 0.9783 0.0013 0.0165 0.0028 0.0008 
        023s 176 0.0002 0.9169 0.0761 0.0009 0.0056 0.0003 
        024s 176 0.0015 0.0049 0.0015 0.0184 0.9730 0.0007 
        025s 176 0.0053 0.9779 0.0019 0.0034 0.0095 0.0021 
        026s 176 0.0012 0.9803 0.0007 0.0118 0.0039 0.0022 
        027s 176 0.0006 0.9954 0.0007 0.0004 0.0022 0.0008 
        028s 176 0.0008 0.9871 0.0012 0.0018 0.0081 0.0010 
        029s 176 0.0004 0.9850 0.0008 0.0078 0.0036 0.0023 
        030s 176 0.0586 0.0838 0.0006 0.0006 0.8561 0.0003 
        031s 176 0.0046 0.9839 0.0004 0.0019 0.0080 0.0012 
        032s 176 0.0426 0.4353 0.0009 0.0007 0.5003 0.0201 
        033s 176 0.0768 0.2324 0.0053 0.0325 0.6294 0.0235 
        034s 176 0.0012 0.9874 0.0002 0.0006 0.0099 0.0006 
        035s 176 0.0187 0.9125 0.0005 0.0005 0.0027 0.0652 
        036s 176 0.0006 0.9875 0.0004 0.0016 0.0090 0.0007 
        037s 176 0.0622 0.9160 0.0035 0.0037 0.0024 0.0123 
        038s 176 0.0005 0.9857 0.0012 0.0007 0.0111 0.0007 
        039s 176 0.0009 0.7737 0.0005 0.0004 0.2243 0.0003 
        040s 176 0.0009 0.9929 0.0004 0.0002 0.0049 0.0007 
        041s 176 0.0010 0.9821 0.0045 0.0006 0.0111 0.0007 
        042s 176 0.0005 0.9901 0.0009 0.0007 0.0074 0.0005 
        043s 176 0.0016 0.9654 0.0020 0.0221 0.0019 0.0072 
        044s 176 0.0010 0.0532 0.0003 0.0008 0.9443 0.0004 
        045s 176 0.0066 0.9829 0.0009 0.0028 0.0061 0.0008 
        046s 176 0.0013 0.9939 0.0005 0.0006 0.0034 0.0003 
        047s 176 0.0004 0.9408 0.0049 0.0016 0.0509 0.0014 
        048s 176 0.0016 0.0503 0.0099 0.0020 0.9359 0.0004 
        050s 176 0.0019 0.9804 0.0005 0.0007 0.0079 0.0086 
        001s 177 0.0340 0.5246 0.0137 0.0027 0.4141 0.0109 
        002s 177 0.0005 0.6077 0.0007 0.0003 0.3897 0.0011 
        003s 177 0.0194 0.5913 0.0485 0.0028 0.3301 0.0079 
        004s 177 0.0005 0.9911 0.0003 0.0023 0.0046 0.0012 
        005s 177 0.0036 0.6166 0.0006 0.0004 0.3784 0.0004 
        006s 177 0.0245 0.9385 0.0029 0.0003 0.0317 0.0021 
        007s 177 0.0069 0.5061 0.0003 0.0006 0.4856 0.0004 
        008s 177 0.1039 0.3164 0.0134 0.0444 0.5212 0.0007 
        009s 177 0.0004 0.9855 0.0005 0.0006 0.0123 0.0007 
        010s 177 0.0345 0.9562 0.0009 0.0017 0.0057 0.0010 
        011s 177 0.0010 0.9526 0.0003 0.0010 0.0445 0.0006 
        012s 177 0.0049 0.9888 0.0005 0.0005 0.0045 0.0007 
        013s 177 0.0009 0.9745 0.0075 0.0007 0.0145 0.0020 
        014s 177 0.0617 0.9283 0.0009 0.0004 0.0076 0.0011 
        015s 177 0.0008 0.9824 0.0007 0.0037 0.0097 0.0026 
        016s 177 0.0002 0.0011 0.0006 0.0002 0.9976 0.0003 
        017s 177 0.0019 0.9561 0.0013 0.0363 0.0031 0.0013 
        018s 177 0.0079 0.0234 0.0031 0.0008 0.9643 0.0004 
        019s 177 0.0009 0.9369 0.0005 0.0007 0.0562 0.0048 
        020s 177 0.0020 0.9860 0.0009 0.0013 0.0069 0.0030 
        021s 177 0.0003 0.1191 0.0005 0.0007 0.8780 0.0015 
        022s 177 0.0027 0.8502 0.0005 0.0032 0.1282 0.0152 
        023s 177 0.0005 0.9429 0.0012 0.0522 0.0024 0.0009 
        024s 177 0.0010 0.9906 0.0006 0.0006 0.0051 0.0021 
        025s 177 0.0014 0.9879 0.0005 0.0023 0.0072 0.0007 
        026s 177 0.0013 0.9884 0.0006 0.0003 0.0067 0.0027 
        027s 177 0.0005 0.9908 0.0009 0.0005 0.0064 0.0008 
        028s 177 0.0004 0.9622 0.0019 0.0004 0.0343 0.0008 
        029s 177 0.0428 0.9082 0.0003 0.0442 0.0033 0.0011 
        030s 177 0.0127 0.9668 0.0022 0.0014 0.0151 0.0017 
        031s 177 0.0005 0.6896 0.0008 0.0023 0.2887 0.0181 
        032s 177 0.0118 0.3953 0.0005 0.0011 0.5906 0.0007 
        033s 177 0.0011 0.9876 0.0005 0.0003 0.0069 0.0036 
        034s 177 0.0013 0.9710 0.0005 0.0007 0.0258 0.0007 
        035s 177 0.0004 0.9894 0.0011 0.0003 0.0085 0.0004 
        036s 177 0.0027 0.9284 0.0006 0.0058 0.0023 0.0603 
        037s 177 0.0080 0.9512 0.0007 0.0128 0.0232 0.0041 
        038s 177 0.0147 0.7435 0.0033 0.0015 0.2361 0.0009 
        039s 177 0.0008 0.2574 0.0049 0.0008 0.7350 0.0012 
        040s 177 0.0021 0.9575 0.0004 0.0355 0.0032 0.0014 
        041s 177 0.0716 0.2689 0.0003 0.0206 0.6382 0.0005 
        042s 177 0.0474 0.0857 0.0010 0.0005 0.8648 0.0005 
        043s 177 0.0005 0.6955 0.0006 0.0003 0.3027 0.0004 
        044s 177 0.0009 0.9546 0.0004 0.0007 0.0422 0.0011 
        045s 177 0.0190 0.9647 0.0093 0.0018 0.0036 0.0015 
        046s 177 0.0004 0.9820 0.0005 0.0029 0.0134 0.0008 
        047s 177 0.0009 0.9268 0.0014 0.0018 0.0659 0.0032 
        048s 177 0.0009 0.9501 0.0006 0.0158 0.0321 0.0005 
        049s 177 0.0039 0.0419 0.0003 0.0159 0.9372 0.0009 
        050s 177 0.0003 0.9621 0.0046 0.0007 0.0317 0.0006 
        001s 178 0.0607 0.3531 0.0017 0.0004 0.5822 0.0019 
        002s 178 0.0024 0.9636 0.0006 0.0016 0.0284 0.0034 
        003s 178 0.0058 0.9858 0.0013 0.0011 0.0053 0.0007 
        004s 178 0.0032 0.9692 0.0117 0.0008 0.0147 0.0005 
        005s 178 0.0008 0.9947 0.0013 0.0012 0.0013 0.0005 
        006s 178 0.0376 0.8883 0.0140 0.0065 0.0020 0.0515 
        007s 178 0.0003 0.9682 0.0004 0.0042 0.0262 0.0006 
        008s 178 0.0974 0.0505 0.0033 0.0004 0.8477 0.0008 
        009s 178 0.0007 0.9815 0.0015 0.0096 0.0050 0.0017 
        010s 178 0.0009 0.9954 0.0004 0.0003 0.0022 0.0008 
        011s 178 0.0008 0.1139 0.0012 0.0006 0.8829 0.0006 
        012s 178 0.0015 0.9292 0.0004 0.0010 0.0673 0.0006 
        013s 178 0.0003 0.1518 0.0075 0.0003 0.8363 0.0037 
        014s 178 0.0492 0.9306 0.0005 0.0014 0.0076 0.0107 
        015s 178 0.0041 0.9868 0.0008 0.0015 0.0061 0.0006 
        016s 178 0.0031 0.0886 0.0042 0.0026 0.9000 0.0016 
        017s 178 0.0531 0.9353 0.0014 0.0009 0.0066 0.0027 
        018s 178 0.0014 0.7198 0.0013 0.0009 0.2747 0.0019 
        019s 178 0.0023 0.9466 0.0004 0.0007 0.0496 0.0004 
        020s 178 0.0010 0.9825 0.0011 0.0003 0.0149 0.0002 
        021s 178 0.0075 0.9699 0.0008 0.0123 0.0087 0.0008 
        022s 178 0.0015 0.9943 0.0005 0.0008 0.0025 0.0004 
        023s 178 0.0882 0.8534 0.0005 0.0052 0.0219 0.0308 
        024s 178 0.0008 0.9793 0.0007 0.0003 0.0180 0.0008 
        025s 178 0.0398 0.0135 0.0004 0.0005 0.9452 0.0006 
        026s 178 0.0003 0.9917 0.0021 0.0011 0.0042 0.0006 
        027s 178 0.0237 0.3709 0.0008 0.0030 0.6006 0.0009 
        028s 178 0.0023 0.9217 0.0045 0.0408 0.0232 0.0075 
        029s 178 0.0002 0.1322 0.0004 0.0224 0.8441 0.0007 
        030s 178 0.0014 0.9595 0.0006 0.0082 0.0259 0.0045 
        031s 178 0.0004 0.9650 0.0228 0.0005 0.0110 0.0004 
        032s 178 0.0005 0.9894 0.0029 0.0008 0.0057 0.0007 
        033s 178 0.0261 0.8745 0.0018 0.0034 0.0936 0.0006 
        034s 178 0.0005 0.3846 0.0008 0.0002 0.6133 0.0005 
        035s 178 0.0017 0.9916 0.0012 0.0006 0.0023 0.0026 
        036s 178 0.0003 0.9933 0.0005 0.0005 0.0046 0.0007 
        037s 178 0.0006 0.9895 0.0004 0.0003 0.0041 0.0051 
        039s 178 0.0026 0.9722 0.0021 0.0144 0.0033 0.0053 
        040s 178 0.0836 0.5004 0.0015 0.0008 0.4120 0.0018 
        041s 178 0.0003 0.9851 0.0006 0.0028 0.0104 0.0008 
        042s 178 0.0383 0.9190 0.0131 0.0018 0.0238 0.0040 
        043s 178 0.0031 0.9187 0.0449 0.0179 0.0040 0.0114 
        044s 178 0.0029 0.1815 0.0004 0.0878 0.7263 0.0011 
        045s 178 0.0006 0.9877 0.0007 0.0012 0.0084 0.0014 
        046s 178 0.0009 0.9880 0.0009 0.0011 0.0088 0.0004 
        047s 178 0.0027 0.9722 0.0009 0.0132 0.0102 0.0008 
        048s 178 0.0117 0.0956 0.0013 0.0017 0.8723 0.0174 
        049s 178 0.0020 0.9626 0.0005 0.0028 0.0271 0.0051 
        050s 178 0.0745 0.8959 0.0062 0.0139 0.0070 0.0025 
          01 179 0.0519 0.8942 0.0007 0.0136 0.0190 0.0207 
          02 179 0.0008 0.8957 0.0008 0.0009 0.0993 0.0025 
          03 179 0.1332 0.8505 0.0002 0.0090 0.0059 0.0011 
          04 179 0.0011 0.9743 0.0005 0.0017 0.0148 0.0075 
          05 179 0.0448 0.0739 0.0024 0.0010 0.8773 0.0006 
          06 179 0.0041 0.9829 0.0102 0.0004 0.0022 0.0003 
          07 179 0.0012 0.7755 0.0002 0.0020 0.2154 0.0057 
          08 179 0.0003 0.9880 0.0016 0.0008 0.0043 0.0050 
          09 179 0.0011 0.9910 0.0005 0.0003 0.0062 0.0010 
          10 179 0.0144 0.1358 0.0002 0.0005 0.8448 0.0043 
          11 179 0.0522 0.0014 0.0004 0.0012 0.9446 0.0003 
          12 179 0.0013 0.0181 0.0021 0.0003 0.9751 0.0032 
          13 179 0.0003 0.9909 0.0019 0.0016 0.0048 0.0004 
          14 179 0.1162 0.8761 0.0004 0.0008 0.0035 0.0030 
          15 179 0.0007 0.0030 0.0008 0.0094 0.9856 0.0006 
          16 179 0.0348 0.9590 0.0024 0.0006 0.0023 0.0009 
          17 179 0.0010 0.9762 0.0009 0.0007 0.0030 0.0182 
          18 179 0.0009 0.9813 0.0015 0.0006 0.0131 0.0027 
          19 179 0.0046 0.0395 0.0017 0.0028 0.9505 0.0008 
          20 179 0.0412 0.8555 0.0038 0.0023 0.0080 0.0894 
          21 179 0.0002 0.9944 0.0003 0.0003 0.0042 0.0006 
          22 179 0.0242 0.3497 0.0168 0.0008 0.6072 0.0014 
          23 179 0.0024 0.9870 0.0006 0.0007 0.0086 0.0006 
        001s 180 0.0367 0.9294 0.0006 0.0013 0.0030 0.0290 
        002s 180 0.0012 0.3903 0.0004 0.0006 0.6062 0.0013 
        003s 180 0.0009 0.1786 0.0035 0.0007 0.8144 0.0020 
        004s 180 0.0004 0.0984 0.0004 0.0013 0.8990 0.0006 
        005s 180 0.0028 0.9628 0.0002 0.0017 0.0063 0.0262 
        006s 180 0.1015 0.8929 0.0010 0.0012 0.0030 0.0005 
        007s 180 0.0004 0.9849 0.0008 0.0006 0.0127 0.0006 
        008s 180 0.0021 0.9847 0.0004 0.0014 0.0108 0.0005 
        009s 180 0.0022 0.7184 0.0008 0.0003 0.2772 0.0011 
        010s 180 0.0014 0.9822 0.0097 0.0003 0.0056 0.0008 
        011s 180 0.0005 0.5263 0.0003 0.0010 0.4713 0.0005 
        012s 180 0.0129 0.9594 0.0009 0.0007 0.0255 0.0006 
        013s 180 0.0010 0.9754 0.0025 0.0014 0.0136 0.0062 
        014s 180 0.0167 0.7028 0.0004 0.0005 0.2785 0.0011 
        015s 180 0.0008 0.4695 0.0007 0.0006 0.5268 0.0017 
        016s 180 0.0417 0.9048 0.0028 0.0005 0.0338 0.0164 
        017s 180 0.0006 0.7740 0.0007 0.0008 0.2230 0.0009 
        018s 180 0.0816 0.4398 0.0008 0.0004 0.4769 0.0004 
        019s 180 0.0015 0.9740 0.0007 0.0011 0.0212 0.0015 
        020s 180 0.0015 0.9808 0.0026 0.0023 0.0049 0.0080 
        021s 180 0.0032 0.9547 0.0010 0.0006 0.0377 0.0028 
        022s 180 0.0048 0.0515 0.0004 0.0012 0.9409 0.0011 
        023s 180 0.0006 0.0345 0.0003 0.0003 0.9609 0.0035 
        024s 180 0.0235 0.9689 0.0006 0.0004 0.0018 0.0048 
        025s 180 0.0033 0.1297 0.0008 0.0040 0.8618 0.0004 
        026s 180 0.0010 0.9858 0.0040 0.0043 0.0045 0.0005 
        027s 180 0.0079 0.9835 0.0012 0.0007 0.0061 0.0007 
        028s 180 0.0017 0.9876 0.0013 0.0015 0.0069 0.0010 
        029s 180 0.0040 0.9163 0.0072 0.0052 0.0023 0.0649 
        030s 180 0.0006 0.9572 0.0089 0.0036 0.0293 0.0004 
        031s 180 0.0007 0.4984 0.0005 0.0005 0.4985 0.0014 
        032s 180 0.0017 0.9422 0.0165 0.0020 0.0370 0.0005 
        033s 180 0.0077 0.9766 0.0054 0.0006 0.0095 0.0002 
        034s 180 0.0017 0.9872 0.0012 0.0040 0.0053 0.0005 
        035s 180 0.0241 0.9493 0.0011 0.0008 0.0101 0.0146 
        036s 180 0.0007 0.9752 0.0048 0.0004 0.0181 0.0007 
        037s 180 0.0031 0.9837 0.0056 0.0006 0.0059 0.0011 
        038s 180 0.0015 0.9906 0.0007 0.0010 0.0058 0.0003 
        039s 180 0.0011 0.9789 0.0010 0.0019 0.0158 0.0013 
        041s 180 0.0006 0.9898 0.0003 0.0010 0.0078 0.0004 
        042s 180 0.0010 0.9411 0.0008 0.0018 0.0488 0.0065 
        043s 180 0.0027 0.9786 0.0072 0.0018 0.0081 0.0016 
        044s 180 0.0010 0.9903 0.0009 0.0005 0.0067 0.0006 
        045s 180 0.0003 0.8132 0.0029 0.0251 0.1537 0.0047 
        046s 180 0.0067 0.9516 0.0021 0.0027 0.0353 0.0016 
        047s 180 0.0267 0.5550 0.0014 0.0008 0.4148 0.0013 
        048s 180 0.0005 0.0669 0.0006 0.0007 0.9305 0.0008 
        049s 180 0.0004 0.9944 0.0010 0.0016 0.0021 0.0004 
        050s 180 0.0003 0.9822 0.0030 0.0027 0.0114 0.0004 
         001 181 0.2013 0.0002 0.0004 0.7976 0.0003 0.0001 
         002 181 0.0001 0.0001 0.0001 0.9997 0.0001 0.0001 
         003 181 0.0001 0.0001 0.0001 0.9997 0.0001 0.0000 
         004 181 0.2209 0.0023 0.0036 0.7654 0.0075 0.0003 
         005 181 0.1343 0.0053 0.0003 0.8559 0.0009 0.0032 
         006 181 0.0001 0.0001 0.0001 0.9997 0.0001 0.0001 
         007 181 0.0001 0.0001 0.0001 0.9997 0.0001 0.0001 
         008 181 0.0002 0.0002 0.0002 0.9992 0.0001 0.0001 
         009 181 0.0000 0.0000 0.0000 0.9998 0.0000 0.0000 
         010 181 0.1288 0.0001 0.0514 0.8192 0.0002 0.0002 
         011 181 0.0001 0.0001 0.0001 0.9996 0.0001 0.0001 
         012 181 0.1406 0.0003 0.0002 0.8546 0.0002 0.0041 
         013 181 0.1042 0.0031 0.0008 0.8876 0.0039 0.0004 
         014 181 0.1431 0.0003 0.0001 0.8559 0.0003 0.0002 
         015 181 0.0001 0.0001 0.0001 0.9997 0.0001 0.0000 
         016 181 0.1339 0.0005 0.0002 0.8613 0.0035 0.0007 
         017 181 0.0001 0.0001 0.0001 0.9997 0.0001 0.0001 
         018 181 0.1950 0.0003 0.0009 0.8031 0.0005 0.0003 
         019 181 0.1211 0.0010 0.0002 0.8409 0.0364 0.0005 
         020 181 0.0000 0.0001 0.0000 0.9997 0.0001 0.0000 
         021 181 0.0001 0.0000 0.0001 0.9997 0.0001 0.0000 
         022 181 0.0001 0.0000 0.0000 0.9998 0.0001 0.0000 
         023 181 0.0001 0.0001 0.0001 0.9996 0.0001 0.0001 
         024 181 0.0004 0.0139 0.0012 0.9703 0.0127 0.0014 
         025 181 0.0343 0.0001 0.0002 0.9652 0.0001 0.0001 
         026 181 0.0001 0.0001 0.0001 0.9997 0.0001 0.0001 
         027 181 0.0001 0.0000 0.0000 0.9998 0.0000 0.0000 
         028 181 0.0000 0.0000 0.0000 0.9998 0.0000 0.0000 
         029 181 0.0001 0.0001 0.0001 0.9994 0.0001 0.0001 
         030 181 0.0002 0.0001 0.0001 0.9994 0.0001 0.0001 
         001 182 0.4390 0.0001 0.0001 0.5605 0.0002 0.0001 
         002 182 0.4908 0.0005 0.0003 0.5080 0.0002 0.0002 
         003 182 0.4837 0.0004 0.0615 0.4537 0.0004 0.0003 
         004 182 0.5370 0.0002 0.0002 0.4622 0.0001 0.0003 
         005 182 0.4830 0.0003 0.0022 0.5109 0.0035 0.0002 
         006 182 0.4798 0.0014 0.0003 0.4027 0.1146 0.0012 
         007 182 0.5219 0.0014 0.0181 0.4577 0.0006 0.0003 
         008 182 0.4805 0.0004 0.0005 0.5179 0.0005 0.0001 
         009 182 0.4736 0.0002 0.0006 0.5252 0.0002 0.0002 
         010 182 0.4691 0.0056 0.0004 0.4276 0.0970 0.0005 
         011 182 0.5729 0.0004 0.0002 0.4262 0.0002 0.0001 
         012 182 0.4376 0.0084 0.0003 0.4795 0.0732 0.0009 
         013 182 0.6426 0.0009 0.0006 0.3551 0.0002 0.0007 
         014 182 0.5039 0.0015 0.0003 0.3946 0.0959 0.0038 
         015 182 0.4382 0.0001 0.0001 0.5613 0.0001 0.0001 
         016 182 0.5057 0.0002 0.0011 0.4926 0.0003 0.0001 
         017 182 0.4143 0.0204 0.0003 0.5161 0.0487 0.0002 
         018 182 0.4468 0.0003 0.0002 0.5523 0.0003 0.0001 
         019 182 0.4621 0.0002 0.0001 0.5373 0.0001 0.0001 
         020 182 0.4062 0.0001 0.0001 0.5935 0.0001 0.0001 
         021 182 0.4811 0.0018 0.0713 0.4440 0.0008 0.0011 
         022 182 0.4395 0.0003 0.0004 0.5591 0.0006 0.0002 
         023 182 0.5615 0.0003 0.0001 0.4377 0.0002 0.0002 
         024 182 0.5952 0.0002 0.0002 0.4041 0.0002 0.0001 
         025 182 0.4576 0.0002 0.0008 0.5411 0.0002 0.0001 
         026 182 0.5112 0.0001 0.0002 0.4882 0.0001 0.0001 
         027 182 0.4928 0.0006 0.0001 0.5051 0.0004 0.0009 
         028 182 0.5365 0.0003 0.0003 0.4622 0.0006 0.0002 
         029 182 0.5351 0.0003 0.0075 0.4560 0.0005 0.0005 
         030 182 0.4605 0.0001 0.0001 0.5390 0.0001 0.0001 
          10 183 0.0003 0.9724 0.0018 0.0004 0.0229 0.0022 
          11 183 0.0037 0.9052 0.0004 0.0001 0.0202 0.0704 
          12 183 0.0004 0.9426 0.0011 0.0004 0.0489 0.0066 
          13 183 0.0322 0.9066 0.0007 0.0077 0.0521 0.0007 
          14 183 0.0003 0.9263 0.0252 0.0003 0.0326 0.0153 
          15 183 0.0084 0.8085 0.0008 0.0019 0.1405 0.0399 
          16 183 0.0173 0.8364 0.0047 0.0410 0.0995 0.0011 
          17 183 0.0004 0.9739 0.0004 0.0017 0.0211 0.0026 
          18 183 0.0005 0.6938 0.0007 0.0004 0.3036 0.0011 
          19 183 0.0002 0.7887 0.0003 0.0003 0.2095 0.0010 
          20 183 0.0352 0.9428 0.0010 0.0011 0.0193 0.0005 
          21 183 0.0011 0.9354 0.0001 0.0006 0.0431 0.0197 
          22 183 0.0036 0.2029 0.0028 0.0018 0.7639 0.0251 
          23 183 0.0008 0.9586 0.0053 0.0151 0.0198 0.0004 
          24 183 0.0003 0.0145 0.0008 0.0003 0.9740 0.0101 
          25 183 0.0018 0.9567 0.0010 0.0005 0.0272 0.0128 
          26 183 0.0011 0.0031 0.0007 0.0009 0.9935 0.0007 
          27 183 0.0539 0.9169 0.0002 0.0004 0.0193 0.0093 
          28 183 0.0053 0.8508 0.0005 0.0004 0.1198 0.0233 
          29 183 0.2875 0.0010 0.0004 0.3831 0.3196 0.0084 
          30 183 0.4434 0.0219 0.0005 0.3888 0.0815 0.0638 
          31 183 0.0004 0.9429 0.0005 0.0009 0.0481 0.0072 
          32 183 0.0002 0.9735 0.0012 0.0003 0.0244 0.0003 
          33 183 0.0023 0.0013 0.0011 0.0003 0.9943 0.0006 
          34 183 0.0007 0.9634 0.0030 0.0002 0.0057 0.0268 
          35 183 0.0041 0.1526 0.0007 0.0013 0.8322 0.0091 
          36 183 0.0003 0.9350 0.0010 0.0005 0.0577 0.0055 
          37 183 0.4095 0.0006 0.0003 0.3723 0.2075 0.0098 
          54 183 0.0467 0.9298 0.0004 0.0052 0.0156 0.0023 
          55 183 0.1062 0.8050 0.0045 0.0012 0.0142 0.0690 
           6 183 0.0063 0.0240 0.0012 0.0016 0.9662 0.0007 
           7 183 0.0830 0.1205 0.0003 0.0129 0.7791 0.0042 
           8 183 0.0080 0.0597 0.0027 0.0053 0.9217 0.0026 
           9 183 0.0012 0.9714 0.0019 0.0023 0.0039 0.0193 
           4 184 0.0011 0.9726 0.0005 0.0020 0.0228 0.0009 
           9 184 0.0016 0.9898 0.0025 0.0006 0.0049 0.0007 
          12 184 0.0010 0.9272 0.0004 0.0311 0.0400 0.0002 
          14 184 0.0011 0.9829 0.0012 0.0008 0.0056 0.0086 
          15 184 0.0004 0.9912 0.0008 0.0005 0.0045 0.0026 
          16 184 0.0005 0.6422 0.0038 0.0041 0.3478 0.0018 
          17 184 0.0009 0.9849 0.0023 0.0033 0.0076 0.0010 
          18 184 0.0802 0.0012 0.0006 0.0010 0.9164 0.0006 
          22 184 0.0006 0.9571 0.0008 0.0004 0.0406 0.0006 
          25 184 0.0139 0.9522 0.0009 0.0008 0.0315 0.0007 
          26 184 0.0004 0.8223 0.0242 0.0020 0.1500 0.0010 
          27 184 0.0003 0.5910 0.0004 0.0035 0.4045 0.0003 
          28 184 0.0005 0.9927 0.0005 0.0005 0.0051 0.0008 
          29 184 0.0002 0.9925 0.0002 0.0004 0.0060 0.0007 
          31 184 0.0010 0.8494 0.0006 0.0015 0.1471 0.0006 
          32 184 0.0020 0.9677 0.0010 0.0025 0.0246 0.0022 
          33 184 0.0014 0.9880 0.0020 0.0005 0.0059 0.0022 
          34 184 0.0005 0.9953 0.0004 0.0006 0.0028 0.0004 
          36 184 0.3277 0.0006 0.0003 0.0647 0.6064 0.0003 
          37 184 0.0020 0.0017 0.0011 0.0006 0.9942 0.0003 
          39 184 0.0027 0.8887 0.0006 0.0089 0.0842 0.0149 
          40 184 0.0021 0.9282 0.0008 0.0021 0.0638 0.0030 
          41 184 0.0150 0.5685 0.0009 0.0006 0.4137 0.0013 
          42 184 0.0010 0.9830 0.0040 0.0011 0.0106 0.0004 
          43 184 0.0005 0.9927 0.0005 0.0005 0.0049 0.0008 
          44 184 0.0838 0.8923 0.0003 0.0009 0.0195 0.0031 
          45 184 0.0004 0.9943 0.0019 0.0004 0.0027 0.0004 
          46 184 0.0004 0.1491 0.0013 0.0113 0.8375 0.0004 
          47 184 0.0002 0.9433 0.0002 0.0002 0.0554 0.0006 
          48 184 0.0003 0.9426 0.0004 0.0009 0.0540 0.0018 
          52 184 0.0815 0.8502 0.0008 0.0022 0.0648 0.0005 
          54 184 0.0010 0.9846 0.0020 0.0004 0.0118 0.0003 
          57 184 0.0007 0.9914 0.0007 0.0012 0.0055 0.0005 
          58 184 0.0017 0.7997 0.0011 0.0005 0.1960 0.0010 
          59 184 0.0098 0.9382 0.0002 0.0396 0.0112 0.0010 
          60 184 0.0015 0.9854 0.0024 0.0003 0.0025 0.0079 
           3 185 0.0226 0.9359 0.0009 0.0030 0.0272 0.0104 
           4 185 0.0005 0.9885 0.0011 0.0013 0.0062 0.0023 
           5 185 0.0006 0.9507 0.0059 0.0018 0.0406 0.0004 
           6 185 0.0011 0.9955 0.0008 0.0004 0.0016 0.0005 
           7 185 0.0927 0.4020 0.0022 0.0007 0.5021 0.0004 
           8 185 0.0338 0.9179 0.0006 0.0250 0.0219 0.0008 
           9 185 0.0020 0.8677 0.0006 0.0008 0.1264 0.0025 
          10 185 0.0020 0.9888 0.0015 0.0007 0.0035 0.0034 
          11 185 0.0283 0.9455 0.0011 0.0170 0.0062 0.0019 
          12 185 0.0988 0.8670 0.0009 0.0059 0.0256 0.0018 
          13 185 0.0006 0.9817 0.0007 0.0007 0.0159 0.0005 
          14 185 0.0005 0.9885 0.0009 0.0019 0.0072 0.0010 
          15 185 0.0313 0.6893 0.0420 0.0002 0.0058 0.2313 
          16 185 0.0015 0.9851 0.0008 0.0007 0.0102 0.0017 
          17 185 0.0005 0.9389 0.0016 0.0009 0.0100 0.0481 
          18 185 0.0013 0.2821 0.0030 0.0002 0.7127 0.0007 
          19 185 0.0005 0.9021 0.0007 0.0002 0.0798 0.0167 
          20 185 0.0948 0.8455 0.0003 0.0325 0.0260 0.0009 
          21 185 0.0035 0.9809 0.0016 0.0015 0.0048 0.0077 
          22 185 0.0055 0.8808 0.0008 0.0010 0.0596 0.0523 
          23 185 0.0866 0.8929 0.0003 0.0003 0.0184 0.0016 
          24 185 0.0002 0.9855 0.0004 0.0034 0.0101 0.0004 
          25 185 0.0740 0.9053 0.0002 0.0015 0.0150 0.0040 
          26 185 0.0006 0.5976 0.0010 0.0020 0.3970 0.0018 
          27 185 0.0006 0.9910 0.0019 0.0003 0.0051 0.0010 
          28 185 0.0020 0.9928 0.0004 0.0003 0.0042 0.0002 
          29 185 0.1141 0.1027 0.0155 0.0058 0.7032 0.0587 
          30 185 0.0011 0.0282 0.0005 0.0055 0.9635 0.0011 
          31 185 0.0188 0.8900 0.0003 0.0007 0.0896 0.0006 
          32 185 0.0015 0.9900 0.0008 0.0041 0.0031 0.0005 
          33 185 0.0056 0.9499 0.0005 0.0040 0.0395 0.0004 
          34 185 0.0004 0.9921 0.0003 0.0016 0.0036 0.0020 
          35 185 0.0015 0.9442 0.0422 0.0007 0.0101 0.0013 
          36 185 0.0011 0.9925 0.0012 0.0008 0.0034 0.0009 
          37 185 0.0077 0.9786 0.0003 0.0092 0.0037 0.0006 
          38 185 0.0604 0.8957 0.0003 0.0407 0.0026 0.0003 
          39 185 0.1040 0.8795 0.0003 0.0002 0.0130 0.0030 
          40 185 0.0006 0.9785 0.0017 0.0011 0.0170 0.0012 
          41 185 0.0011 0.9346 0.0017 0.0002 0.0613 0.0011 
          42 185 0.0005 0.9866 0.0005 0.0009 0.0109 0.0006 
           5 186 0.0011 0.9828 0.0056 0.0005 0.0096 0.0004 
           6 186 0.0021 0.4177 0.0031 0.0004 0.5761 0.0006 
           7 186 0.0006 0.9767 0.0005 0.0087 0.0132 0.0003 
           9 186 0.0919 0.0393 0.0011 0.0008 0.8661 0.0009 
          10 186 0.0107 0.7276 0.0014 0.0236 0.2357 0.0010 
          11 186 0.0010 0.0499 0.0006 0.0023 0.9454 0.0007 
          12 186 0.0019 0.9558 0.0009 0.0007 0.0404 0.0003 
          29 186 0.0010 0.9810 0.0005 0.0019 0.0047 0.0108 
          30 186 0.0002 0.4391 0.0045 0.0004 0.5544 0.0014 
          31 186 0.0458 0.6991 0.0146 0.0089 0.0738 0.1577 
          32 186 0.0582 0.0038 0.0004 0.0008 0.9075 0.0292 
          33 186 0.0004 0.9892 0.0006 0.0003 0.0050 0.0045 
          34 186 0.0036 0.9286 0.0185 0.0124 0.0321 0.0049 
          35 186 0.0002 0.9907 0.0005 0.0006 0.0068 0.0013 
          36 186 0.0031 0.5462 0.0004 0.0003 0.4482 0.0017 
          37 186 0.0087 0.9615 0.0005 0.0107 0.0179 0.0007 
          38 186 0.0040 0.9472 0.0011 0.0106 0.0203 0.0169 
          39 186 0.0006 0.9909 0.0026 0.0004 0.0051 0.0004 
          40 186 0.0009 0.9913 0.0003 0.0004 0.0065 0.0007 
          41 186 0.0010 0.9739 0.0019 0.0072 0.0156 0.0003 
          42 186 0.0012 0.9919 0.0004 0.0004 0.0055 0.0005 
          43 186 0.0062 0.9489 0.0040 0.0024 0.0377 0.0007 
          44 186 0.0004 0.9877 0.0029 0.0003 0.0069 0.0017 
          45 186 0.0004 0.6806 0.0009 0.0003 0.3174 0.0005 
          46 186 0.0004 0.9869 0.0067 0.0006 0.0049 0.0005 
          47 186 0.0093 0.9831 0.0003 0.0006 0.0055 0.0012 
          48 186 0.0020 0.9903 0.0010 0.0003 0.0056 0.0006 
          49 186 0.0003 0.6614 0.0006 0.0005 0.3369 0.0002 
          50 186 0.0130 0.8892 0.0004 0.0020 0.0936 0.0019 
          51 186 0.0004 0.8595 0.0015 0.0004 0.1379 0.0004 
          52 186 0.0009 0.9612 0.0022 0.0006 0.0340 0.0011 
          53 186 0.0004 0.5215 0.0004 0.0008 0.4751 0.0018 
          54 186 0.0007 0.9819 0.0047 0.0003 0.0110 0.0013 
          55 186 0.0054 0.9805 0.0055 0.0006 0.0070 0.0009 
          56 186 0.0004 0.0036 0.0003 0.0020 0.9931 0.0006 
          57 186 0.0208 0.9009 0.0075 0.0006 0.0011 0.0691 
          58 186 0.0007 0.9938 0.0008 0.0008 0.0036 0.0003 
          59 186 0.0015 0.9912 0.0003 0.0045 0.0019 0.0006 
          60 186 0.0003 0.9912 0.0013 0.0005 0.0044 0.0023 
           1 187 0.0309 0.9500 0.0012 0.0013 0.0140 0.0027 
           2 187 0.0030 0.5274 0.0011 0.0013 0.4663 0.0008 
           3 187 0.0070 0.0484 0.0011 0.0017 0.9301 0.0117 
           4 187 0.1114 0.8174 0.0005 0.0040 0.0622 0.0044 
           5 187 0.0012 0.9852 0.0036 0.0003 0.0091 0.0006 
           6 187 0.0018 0.9777 0.0044 0.0016 0.0138 0.0007 
           7 187 0.1380 0.8435 0.0070 0.0071 0.0038 0.0006 
           8 187 0.0012 0.9852 0.0030 0.0012 0.0088 0.0005 
           9 187 0.0004 0.0142 0.0003 0.0002 0.9841 0.0009 
          10 187 0.0041 0.9536 0.0012 0.0226 0.0174 0.0011 
          11 187 0.0003 0.9896 0.0005 0.0060 0.0034 0.0002 
          12 187 0.0005 0.4765 0.0004 0.0008 0.5213 0.0004 
          13 187 0.0250 0.9519 0.0006 0.0005 0.0202 0.0017 
          14 187 0.0007 0.8664 0.0021 0.0008 0.1283 0.0016 
          15 187 0.0013 0.6523 0.0077 0.0044 0.3338 0.0007 
          16 187 0.0022 0.0024 0.0020 0.0017 0.9899 0.0017 
          17 187 0.0902 0.8947 0.0006 0.0005 0.0109 0.0031 
          18 187 0.0012 0.9706 0.0005 0.0007 0.0261 0.0010 
          19 187 0.0004 0.9927 0.0013 0.0008 0.0043 0.0005 
          20 187 0.0012 0.9866 0.0071 0.0005 0.0034 0.0013 
          21 187 0.0647 0.8902 0.0017 0.0297 0.0119 0.0018 
          22 187 0.0007 0.5762 0.0006 0.0017 0.4188 0.0020 
          23 187 0.0006 0.9919 0.0005 0.0002 0.0062 0.0006 
          24 187 0.0287 0.0090 0.0011 0.0437 0.9149 0.0027 
          25 187 0.0010 0.9911 0.0033 0.0009 0.0018 0.0019 
          26 187 0.0003 0.9725 0.0016 0.0004 0.0224 0.0028 
          27 187 0.0004 0.4831 0.0005 0.0004 0.5151 0.0006 
          28 187 0.0003 0.9632 0.0013 0.0247 0.0067 0.0037 
          29 187 0.0018 0.9757 0.0004 0.0040 0.0165 0.0015 
          30 187 0.0006 0.9411 0.0014 0.0014 0.0125 0.0430 
          32 187 0.0249 0.8144 0.0004 0.0500 0.1100 0.0003 
          33 187 0.0058 0.7010 0.0003 0.0054 0.2868 0.0006 
          34 187 0.0020 0.9866 0.0025 0.0004 0.0079 0.0006 
          35 187 0.0168 0.9564 0.0018 0.0012 0.0184 0.0054 
          36 187 0.0006 0.9930 0.0014 0.0005 0.0032 0.0011 
          37 187 0.0015 0.9329 0.0008 0.0016 0.0545 0.0088 
          38 187 0.0978 0.8026 0.0331 0.0024 0.0076 0.0565 
           1 188 0.0023 0.9024 0.0007 0.0045 0.0896 0.0006 
           2 188 0.0060 0.9816 0.0016 0.0057 0.0044 0.0007 
           3 188 0.0225 0.1310 0.0051 0.0041 0.8360 0.0013 
           4 188 0.0408 0.9255 0.0123 0.0093 0.0116 0.0006 
           5 188 0.0008 0.9781 0.0011 0.0023 0.0142 0.0036 
           6 188 0.0004 0.0133 0.0004 0.0004 0.9846 0.0009 
           7 188 0.0006 0.9933 0.0009 0.0004 0.0044 0.0004 
           8 188 0.0091 0.9221 0.0008 0.0229 0.0448 0.0002 
           9 188 0.0011 0.9617 0.0201 0.0005 0.0160 0.0006 
          10 188 0.0319 0.9315 0.0006 0.0004 0.0346 0.0010 
          11 188 0.0002 0.9951 0.0016 0.0007 0.0020 0.0004 
          12 188 0.0006 0.9481 0.0009 0.0017 0.0032 0.0455 
          13 188 0.0912 0.8886 0.0009 0.0072 0.0061 0.0060 
          14 188 0.0745 0.8981 0.0002 0.0041 0.0200 0.0031 
          15 188 0.0006 0.9912 0.0024 0.0003 0.0052 0.0003 
          16 188 0.0575 0.8968 0.0008 0.0006 0.0435 0.0009 
          17 188 0.0005 0.0159 0.0004 0.0010 0.9813 0.0008 
          18 188 0.0028 0.8628 0.0003 0.0004 0.0892 0.0445 
          19 188 0.0025 0.9871 0.0009 0.0007 0.0063 0.0025 
          20 188 0.1244 0.8482 0.0014 0.0026 0.0168 0.0067 
          21 188 0.0175 0.9328 0.0032 0.0007 0.0411 0.0047 
          22 188 0.0006 0.9789 0.0061 0.0024 0.0024 0.0095 
          23 188 0.0019 0.9360 0.0003 0.0027 0.0091 0.0500 
          24 188 0.0003 0.9531 0.0005 0.0002 0.0092 0.0368 
          25 188 0.0005 0.6272 0.0029 0.0006 0.3273 0.0415 
          26 188 0.0697 0.1488 0.0008 0.0031 0.7763 0.0013 
          27 188 0.0021 0.9341 0.0005 0.0500 0.0115 0.0019 
          28 188 0.0010 0.5384 0.0005 0.0011 0.4587 0.0003 
          29 188 0.0777 0.0154 0.0013 0.0004 0.9021 0.0031 
          30 188 0.0837 0.9036 0.0003 0.0072 0.0041 0.0012 
          31 188 0.0040 0.9875 0.0010 0.0011 0.0027 0.0038 
          32 188 0.0010 0.9627 0.0006 0.0005 0.0346 0.0006 
          33 188 0.0039 0.9812 0.0003 0.0003 0.0102 0.0041 
          34 188 0.0003 0.9852 0.0007 0.0014 0.0056 0.0069 
          35 188 0.0170 0.9184 0.0067 0.0014 0.0069 0.0496 
          36 188 0.0427 0.1692 0.0020 0.0566 0.7286 0.0010 
          37 188 0.0013 0.9846 0.0014 0.0006 0.0114 0.0007 
          38 188 0.0185 0.8894 0.0007 0.0532 0.0375 0.0008 
          39 188 0.0650 0.9179 0.0050 0.0005 0.0107 0.0009 
          40 188 0.0005 0.9919 0.0004 0.0021 0.0046 0.0005 
           7 189 0.0015 0.9841 0.0006 0.0020 0.0114 0.0005 
           8 189 0.0007 0.9803 0.0004 0.0072 0.0102 0.0011 
           9 189 0.0013 0.9025 0.0008 0.0029 0.0904 0.0021 
          10 189 0.0008 0.3495 0.0004 0.0068 0.6421 0.0003 
          11 189 0.0008 0.9619 0.0193 0.0014 0.0121 0.0045 
          12 189 0.0479 0.9304 0.0016 0.0122 0.0074 0.0006 
          13 189 0.0005 0.9935 0.0010 0.0004 0.0026 0.0021 
          14 189 0.0131 0.1177 0.0003 0.0035 0.8600 0.0054 
          16 189 0.1619 0.8215 0.0050 0.0007 0.0080 0.0029 
          17 189 0.0008 0.9925 0.0012 0.0003 0.0043 0.0009 
          18 189 0.0413 0.9484 0.0009 0.0035 0.0038 0.0021 
          19 189 0.0005 0.9748 0.0019 0.0025 0.0136 0.0066 
          20 189 0.0193 0.0142 0.0003 0.0111 0.9545 0.0006 
          21 189 0.0049 0.9807 0.0008 0.0032 0.0094 0.0011 
          23 189 0.0005 0.9704 0.0012 0.0006 0.0242 0.0032 
          24 189 0.0029 0.9494 0.0015 0.0427 0.0030 0.0006 
          25 189 0.0055 0.9852 0.0007 0.0015 0.0053 0.0018 
          26 189 0.0069 0.9763 0.0023 0.0081 0.0048 0.0015 
          27 189 0.0013 0.9349 0.0036 0.0008 0.0560 0.0035 
          28 189 0.0001 0.4034 0.0012 0.0003 0.5946 0.0003 
          29 189 0.0004 0.7161 0.0009 0.0102 0.2711 0.0013 
          30 189 0.0006 0.9593 0.0016 0.0031 0.0196 0.0159 
          31 189 0.0004 0.9911 0.0004 0.0006 0.0043 0.0032 
          32 189 0.0283 0.9027 0.0009 0.0303 0.0374 0.0004 
          33 189 0.0005 0.9818 0.0019 0.0008 0.0085 0.0064 
          34 189 0.0005 0.9574 0.0048 0.0002 0.0367 0.0004 
          35 189 0.0004 0.9939 0.0004 0.0007 0.0041 0.0006 
          36 189 0.0145 0.9533 0.0008 0.0130 0.0171 0.0013 
          37 189 0.0005 0.9859 0.0016 0.0004 0.0057 0.0060 
          38 189 0.0289 0.9601 0.0031 0.0005 0.0055 0.0019 
          39 189 0.0008 0.9594 0.0006 0.0230 0.0153 0.0008 
          40 189 0.1536 0.8358 0.0008 0.0021 0.0058 0.0019 
          41 189 0.0067 0.9703 0.0003 0.0052 0.0129 0.0046 
          42 189 0.1657 0.0667 0.0295 0.0043 0.7302 0.0036 
          43 189 0.0017 0.0363 0.0013 0.0004 0.9597 0.0007 
           1 190 0.1322 0.8439 0.0015 0.0005 0.0216 0.0004 
           3 190 0.0050 0.9536 0.0010 0.0002 0.0259 0.0143 
           4 190 0.0007 0.9062 0.0019 0.0006 0.0900 0.0006 
           5 190 0.0344 0.9517 0.0005 0.0009 0.0118 0.0007 
           6 190 0.0006 0.9883 0.0011 0.0008 0.0084 0.0009 
           7 190 0.0008 0.9914 0.0002 0.0008 0.0052 0.0016 
           8 190 0.0049 0.9606 0.0014 0.0039 0.0033 0.0259 
           9 190 0.2441 0.0009 0.0098 0.1070 0.5586 0.0795 
          10 190 0.0011 0.9907 0.0005 0.0007 0.0066 0.0003 
          11 190 0.0058 0.8805 0.0161 0.0084 0.0887 0.0005 
          12 190 0.0005 0.6988 0.0014 0.0009 0.2973 0.0012 
          13 190 0.0007 0.0102 0.0014 0.0007 0.9867 0.0003 
          14 190 0.0009 0.9881 0.0044 0.0013 0.0047 0.0005 
          15 190 0.0067 0.0791 0.0376 0.0008 0.8736 0.0023 
          16 190 0.0016 0.9903 0.0004 0.0031 0.0042 0.0005 
          17 190 0.0009 0.9374 0.0040 0.0054 0.0513 0.0010 
          18 190 0.0182 0.1124 0.0004 0.0016 0.8625 0.0050 
          19 190 0.0007 0.9820 0.0006 0.0007 0.0148 0.0012 
          20 190 0.0008 0.9797 0.0007 0.0006 0.0116 0.0066 
          22 190 0.0902 0.8310 0.0007 0.0378 0.0396 0.0006 
          23 190 0.0014 0.9827 0.0007 0.0087 0.0057 0.0007 
          24 190 0.0771 0.8416 0.0005 0.0006 0.0793 0.0008 
          25 190 0.0026 0.9853 0.0011 0.0016 0.0088 0.0005 
          26 190 0.0003 0.9942 0.0016 0.0004 0.0018 0.0016 
          27 190 0.0014 0.0056 0.0161 0.0003 0.9756 0.0008 
          28 190 0.0033 0.9376 0.0062 0.0015 0.0510 0.0005 
          29 190 0.0012 0.0010 0.0003 0.0019 0.9954 0.0002 
          31 190 0.0026 0.0028 0.0010 0.0171 0.9762 0.0003 
           7 191 0.0006 0.9875 0.0003 0.0002 0.0109 0.0005 
           8 191 0.0008 0.9815 0.0005 0.0036 0.0130 0.0006 
           9 191 0.0004 0.9940 0.0004 0.0008 0.0037 0.0007 
          10 191 0.0010 0.9865 0.0005 0.0004 0.0063 0.0054 
          11 191 0.0008 0.9808 0.0007 0.0051 0.0121 0.0006 
          12 191 0.0430 0.8783 0.0710 0.0006 0.0066 0.0004 
          13 191 0.0019 0.1003 0.0009 0.0008 0.8951 0.0011 
          14 191 0.0039 0.9772 0.0016 0.0038 0.0131 0.0004 
          15 191 0.0791 0.9050 0.0011 0.0008 0.0115 0.0025 
          16 191 0.0012 0.9847 0.0007 0.0011 0.0095 0.0029 
          17 191 0.0492 0.8720 0.0010 0.0145 0.0171 0.0462 
          18 191 0.0004 0.8633 0.0005 0.0041 0.1308 0.0009 
          19 191 0.0062 0.9767 0.0013 0.0092 0.0024 0.0042 
          20 191 0.0150 0.9740 0.0002 0.0022 0.0064 0.0021 
          21 191 0.0337 0.8681 0.0035 0.0012 0.0637 0.0298 
          22 191 0.0010 0.9619 0.0003 0.0019 0.0344 0.0005 
          23 191 0.0089 0.9762 0.0007 0.0004 0.0129 0.0009 
          24 191 0.0018 0.9571 0.0004 0.0005 0.0397 0.0005 
          25 191 0.0248 0.8501 0.0011 0.0017 0.1218 0.0006 
          26 191 0.0989 0.8458 0.0007 0.0082 0.0437 0.0027 
          27 191 0.0007 0.4540 0.0007 0.0009 0.5430 0.0006 
          28 191 0.0004 0.0239 0.0008 0.0026 0.9684 0.0039 
          29 191 0.0010 0.7948 0.0006 0.0009 0.1822 0.0204 
          30 191 0.0011 0.9860 0.0007 0.0003 0.0116 0.0003 
          39 191 0.0005 0.9671 0.0189 0.0039 0.0091 0.0004 
          40 191 0.0007 0.9915 0.0006 0.0010 0.0058 0.0004 
          41 191 0.0631 0.8812 0.0004 0.0013 0.0509 0.0030 
          42 191 0.0004 0.9939 0.0006 0.0004 0.0043 0.0003 
          43 191 0.0600 0.9293 0.0009 0.0004 0.0083 0.0011 
          44 191 0.0035 0.9567 0.0002 0.0060 0.0296 0.0040 
          45 191 0.0004 0.9684 0.0039 0.0016 0.0230 0.0027 
          46 191 0.1284 0.8404 0.0005 0.0007 0.0156 0.0144 
          47 191 0.0049 0.9892 0.0008 0.0022 0.0017 0.0012 
          48 191 0.0006 0.9901 0.0031 0.0008 0.0040 0.0015 
          49 191 0.0014 0.9736 0.0034 0.0095 0.0020 0.0102 
          50 191 0.0008 0.9510 0.0009 0.0010 0.0454 0.0009 
           9 192 0.0003 0.9933 0.0003 0.0004 0.0054 0.0003 
          10 192 0.0019 0.9880 0.0018 0.0024 0.0057 0.0002 
          11 192 0.0411 0.8134 0.0011 0.0002 0.1380 0.0063 
          12 192 0.0009 0.5726 0.0005 0.0010 0.4244 0.0006 
          13 192 0.0521 0.9039 0.0009 0.0334 0.0091 0.0006 
          14 192 0.0150 0.8795 0.0005 0.0005 0.0377 0.0669 
          15 192 0.0002 0.9901 0.0022 0.0010 0.0051 0.0015 
          16 192 0.0006 0.9853 0.0005 0.0085 0.0044 0.0006 
          17 192 0.0079 0.9674 0.0086 0.0103 0.0039 0.0019 
          18 192 0.0022 0.1247 0.0007 0.0006 0.8708 0.0010 
          19 192 0.0014 0.9863 0.0019 0.0045 0.0054 0.0006 
          20 192 0.0213 0.6464 0.0289 0.0008 0.3020 0.0006 
          21 192 0.0003 0.9789 0.0091 0.0005 0.0107 0.0005 
          22 192 0.0023 0.9606 0.0023 0.0122 0.0079 0.0148 
          23 192 0.0881 0.0081 0.0007 0.0005 0.8988 0.0039 
          24 192 0.0007 0.9891 0.0023 0.0033 0.0040 0.0006 
          33 192 0.0589 0.1239 0.0166 0.0006 0.7994 0.0005 
          35 192 0.0004 0.9885 0.0070 0.0006 0.0020 0.0015 
          36 192 0.0006 0.9842 0.0012 0.0005 0.0131 0.0004 
          37 192 0.0002 0.5339 0.0008 0.0005 0.4636 0.0011 
          38 192 0.0206 0.3480 0.0003 0.0024 0.6277 0.0010 
          39 192 0.0017 0.9910 0.0007 0.0012 0.0049 0.0006 
          40 192 0.0743 0.9113 0.0002 0.0034 0.0102 0.0005 
          41 192 0.0470 0.8775 0.0002 0.0064 0.0674 0.0014 
          42 192 0.0295 0.3271 0.0004 0.0016 0.6314 0.0100 
          43 192 0.0006 0.9866 0.0036 0.0016 0.0055 0.0021 
          45 192 0.0007 0.9908 0.0031 0.0005 0.0040 0.0010 
          46 192 0.0007 0.8496 0.0217 0.0023 0.1242 0.0014 
          47 192 0.0014 0.9604 0.0004 0.0006 0.0369 0.0004 
          48 192 0.0006 0.9893 0.0003 0.0007 0.0083 0.0009 
          49 192 0.0053 0.9412 0.0036 0.0458 0.0029 0.0011 
          50 192 0.0007 0.9896 0.0008 0.0005 0.0080 0.0005 
