        001s  1 0.0002 0.3575 0.0011 0.0005 0.0006 0.6402 
        002s  1 0.0022 0.9625 0.0004 0.0009 0.0006 0.0334 
        003s  1 0.0007 0.9790 0.0117 0.0015 0.0025 0.0046 
        004s  1 0.0287 0.8331 0.0004 0.0043 0.0018 0.1316 
        005s  1 0.2067 0.5666 0.0003 0.0007 0.2185 0.0072 
        006s  1 0.0012 0.0027 0.0003 0.0004 0.0003 0.9951 
        007s  1 0.0004 0.0374 0.0007 0.0030 0.0026 0.9558 
        008s  1 0.0009 0.7238 0.0006 0.0008 0.0020 0.2719 
        009s  1 0.0035 0.4301 0.0010 0.0082 0.0554 0.5018 
        010s  1 0.0009 0.0062 0.0007 0.0003 0.0088 0.9831 
        011s  1 0.0023 0.0074 0.0037 0.0021 0.0013 0.9832 
        012s  1 0.0050 0.1047 0.0090 0.0009 0.1218 0.7586 
        013s  1 0.0260 0.0517 0.0014 0.0063 0.0019 0.9127 
        014s  1 0.0016 0.0271 0.0196 0.0066 0.0281 0.9170 
        015s  1 0.0004 0.0079 0.0008 0.0004 0.0006 0.9898 
        016s  1 0.0006 0.0449 0.0009 0.0057 0.0018 0.9462 
        018s  1 0.0017 0.0543 0.0007 0.0011 0.1475 0.7946 
        019s  1 0.0005 0.1348 0.0033 0.0014 0.0152 0.8447 
        020s  1 0.0004 0.0051 0.0081 0.0079 0.0005 0.9780 
        021s  1 0.0096 0.0404 0.0010 0.0062 0.0003 0.9424 
        022s  1 0.0002 0.9901 0.0005 0.0008 0.0003 0.0080 
        023s  1 0.0004 0.1039 0.0009 0.0098 0.0004 0.8846 
        024s  1 0.0011 0.0045 0.0005 0.0007 0.0011 0.9921 
        025s  1 0.0014 0.0047 0.0003 0.0011 0.0084 0.9841 
        026s  1 0.0009 0.0058 0.0044 0.0103 0.0009 0.9778 
        027s  1 0.0091 0.0130 0.0006 0.0031 0.0023 0.9718 
        028s  1 0.0546 0.0049 0.0014 0.0005 0.0566 0.8820 
        029s  1 0.0005 0.0115 0.0059 0.0008 0.0008 0.9804 
        030s  1 0.0026 0.0028 0.0074 0.0010 0.0010 0.9852 
        031s  1 0.0002 0.0392 0.0004 0.0009 0.0005 0.9588 
        032s  1 0.0005 0.0037 0.0008 0.0009 0.0007 0.9934 
        033s  1 0.0009 0.0165 0.0009 0.0009 0.0049 0.9758 
        034s  1 0.0009 0.6242 0.0023 0.0449 0.0008 0.3270 
        035s  1 0.0020 0.0025 0.0018 0.0009 0.0017 0.9911 
        036s  1 0.0009 0.6174 0.0002 0.0011 0.0850 0.2953 
        037s  1 0.0128 0.1392 0.0013 0.0427 0.1072 0.6968 
        038s  1 0.0006 0.0140 0.0004 0.0008 0.0017 0.9824 
        039s  1 0.0211 0.0058 0.0007 0.0003 0.0004 0.9717 
        040s  1 0.0032 0.0649 0.0007 0.0033 0.0011 0.9269 
        041s  1 0.0003 0.0094 0.0008 0.0026 0.0027 0.9841 
        042s  1 0.0005 0.0680 0.0008 0.0805 0.0787 0.7715 
        043s  1 0.0009 0.9793 0.0010 0.0004 0.0075 0.0109 
        044s  1 0.0167 0.1623 0.0024 0.0069 0.0901 0.7216 
        045s  1 0.0013 0.0025 0.0010 0.0008 0.0059 0.9884 
        046s  1 0.0004 0.0137 0.0019 0.0008 0.0014 0.9817 
        047s  1 0.0002 0.0054 0.0012 0.0044 0.0008 0.9879 
        048s  1 0.0003 0.7651 0.0004 0.0003 0.0529 0.1810 
        049s  1 0.0010 0.9871 0.0006 0.0004 0.0006 0.0104 
        050s  1 0.0028 0.0479 0.0004 0.0005 0.1021 0.8463 
        051s  1 0.0005 0.0077 0.0274 0.0008 0.0002 0.9634 
        052s  1 0.0079 0.0224 0.0199 0.0017 0.0080 0.9401 
        053s  1 0.0004 0.0032 0.0003 0.0005 0.0018 0.9938 
        054s  1 0.0024 0.0035 0.0022 0.0010 0.0003 0.9906 
        055s  1 0.0011 0.0095 0.0019 0.0749 0.0905 0.8221 
          01  2 0.0016 0.0224 0.0230 0.0023 0.1242 0.8265 
          02  2 0.0022 0.0050 0.0012 0.0006 0.0202 0.9709 
          03  2 0.0006 0.0050 0.0002 0.0010 0.0011 0.9920 
          04  2 0.0197 0.0269 0.0010 0.0111 0.0021 0.9392 
          05  2 0.0005 0.8729 0.0003 0.0004 0.1172 0.0087 
          06  2 0.0017 0.0110 0.0005 0.0006 0.0369 0.9493 
          07  2 0.0028 0.2128 0.0008 0.0005 0.0076 0.7754 
          08  2 0.0004 0.8618 0.0005 0.0008 0.0746 0.0620 
          09  2 0.0003 0.0417 0.0077 0.0003 0.0005 0.9495 
          10  2 0.0006 0.0103 0.0005 0.0004 0.0016 0.9866 
          11  2 0.0012 0.0380 0.0082 0.0036 0.0101 0.9389 
          12  2 0.0009 0.0134 0.0018 0.0005 0.0009 0.9824 
          13  2 0.0003 0.1643 0.0005 0.0004 0.0004 0.8341 
          14  2 0.0092 0.4659 0.0027 0.0226 0.0003 0.4993 
          15  2 0.0002 0.3690 0.0012 0.0011 0.0006 0.6280 
          16  2 0.0579 0.0100 0.0022 0.0064 0.0009 0.9226 
          17  2 0.0007 0.0786 0.0009 0.0009 0.0019 0.9170 
          18  2 0.0033 0.0019 0.0015 0.0010 0.0198 0.9726 
          19  2 0.0002 0.0075 0.0016 0.0032 0.0012 0.9862 
          20  2 0.0063 0.0163 0.0015 0.0044 0.0588 0.9127 
          21  2 0.0004 0.0149 0.0169 0.0005 0.0011 0.9662 
          22  2 0.0032 0.0029 0.0052 0.0055 0.0018 0.9814 
          23  2 0.0017 0.0037 0.0008 0.0021 0.0010 0.9908 
          24  2 0.0005 0.0035 0.0010 0.0009 0.0004 0.9937 
          25  2 0.0264 0.1271 0.0013 0.0008 0.0033 0.8410 
          26  2 0.0002 0.9981 0.0005 0.0002 0.0003 0.0007 
          27  2 0.0271 0.0344 0.0013 0.0045 0.0010 0.9318 
          28  2 0.0002 0.1175 0.0009 0.0037 0.0016 0.8761 
          29  2 0.0008 0.0060 0.0009 0.0002 0.0007 0.9912 
          30  2 0.0004 0.0357 0.0135 0.0825 0.1581 0.7099 
          01  3 0.2175 0.0051 0.0006 0.0043 0.4316 0.3408 
          02  3 0.4617 0.0014 0.0721 0.0028 0.3317 0.1303 
          03  3 0.3124 0.0007 0.0004 0.0011 0.3182 0.3673 
          04  3 0.3508 0.0036 0.0005 0.0008 0.4657 0.1786 
          05  3 0.4007 0.0006 0.1143 0.1200 0.3638 0.0006 
          06  3 0.4966 0.0009 0.0003 0.0009 0.4248 0.0766 
          07  3 0.2498 0.0029 0.0011 0.0003 0.3774 0.3684 
          08  3 0.3222 0.0021 0.0041 0.0045 0.3754 0.2917 
          09  3 0.2671 0.0018 0.0001 0.0023 0.4293 0.2993 
          10  3 0.4147 0.0230 0.2165 0.1283 0.1996 0.0179 
          11  3 0.3047 0.0012 0.0003 0.0003 0.4157 0.2778 
          12  3 0.3144 0.0033 0.0005 0.0007 0.4209 0.2602 
          13  3 0.5209 0.0023 0.0152 0.0003 0.4585 0.0029 
          14  3 0.4576 0.0034 0.0447 0.1553 0.3359 0.0031 
          15  3 0.2742 0.0024 0.0003 0.0013 0.3816 0.3403 
          16  3 0.5994 0.0026 0.0038 0.0024 0.3111 0.0807 
          17  3 0.1776 0.0059 0.0007 0.0004 0.4208 0.3947 
          18  3 0.3358 0.0070 0.1655 0.2791 0.2070 0.0057 
          19  3 0.4620 0.0092 0.0005 0.0057 0.3713 0.1513 
          20  3 0.3089 0.0057 0.0002 0.0532 0.4595 0.1725 
          21  3 0.3743 0.0044 0.0008 0.0029 0.3738 0.2438 
          22  3 0.2297 0.0018 0.0005 0.0043 0.4917 0.2720 
          23  3 0.3558 0.0010 0.0002 0.0006 0.4128 0.2296 
          24  3 0.2857 0.0299 0.1695 0.0042 0.4945 0.0161 
          25  3 0.3048 0.0003 0.2492 0.1308 0.3146 0.0004 
          26  3 0.3407 0.0023 0.0005 0.0007 0.4384 0.2175 
          27  3 0.3686 0.0404 0.1314 0.1752 0.2586 0.0258 
          28  3 0.4624 0.0063 0.0019 0.0002 0.4504 0.0789 
          29  3 0.4200 0.0720 0.0041 0.0102 0.3946 0.0991 
          30  3 0.2478 0.1749 0.0011 0.0005 0.4492 0.1265 
         001  4 0.0001 0.0001 0.0001 0.0001 0.9996 0.0001 
         002  4 0.0002 0.0003 0.0002 0.0001 0.9989 0.0002 
         003  4 0.0001 0.0001 0.0001 0.0001 0.9995 0.0001 
         004  4 0.0002 0.0001 0.0001 0.0001 0.9995 0.0001 
         005  4 0.0002 0.0002 0.0003 0.0001 0.9991 0.0001 
         006  4 0.0726 0.0005 0.0001 0.0003 0.9260 0.0005 
         007  4 0.0543 0.0034 0.0002 0.0010 0.9398 0.0014 
         008  4 0.0003 0.0011 0.0025 0.0063 0.9889 0.0008 
         009  4 0.0002 0.0001 0.0001 0.0001 0.9994 0.0001 
         010  4 0.0035 0.0001 0.0001 0.0001 0.9962 0.0001 
         011  4 0.0241 0.0009 0.0004 0.0326 0.9413 0.0006 
         012  4 0.0001 0.0001 0.0001 0.0001 0.9996 0.0001 
         013  4 0.0001 0.0001 0.0001 0.0001 0.9996 0.0001 
         014  4 0.0001 0.0002 0.0001 0.0001 0.9993 0.0002 
         015  4 0.0001 0.0001 0.0001 0.0000 0.9997 0.0001 
         016  4 0.0001 0.0001 0.0001 0.0001 0.9996 0.0001 
         017  4 0.0001 0.0001 0.0001 0.0001 0.9994 0.0001 
         019  4 0.0842 0.0003 0.0004 0.0005 0.9144 0.0002 
         020  4 0.0001 0.0003 0.0002 0.0002 0.9990 0.0002 
         021  4 0.0109 0.0004 0.0004 0.0004 0.9875 0.0004 
         001  5 0.0004 0.0003 0.0013 0.0353 0.9622 0.0005 
         002  5 0.0003 0.0390 0.0010 0.0018 0.9514 0.0064 
         003  5 0.0721 0.0018 0.0003 0.0052 0.7543 0.1663 
         004  5 0.0004 0.0176 0.0003 0.0015 0.9344 0.0459 
         005  5 0.0011 0.0002 0.0002 0.0005 0.9976 0.0004 
         006  5 0.1004 0.0002 0.0006 0.0002 0.8981 0.0006 
         007  5 0.0877 0.0003 0.0002 0.0003 0.9113 0.0002 
         008  5 0.0036 0.0001 0.0002 0.0001 0.9958 0.0002 
         009  5 0.0023 0.0109 0.0002 0.0010 0.9298 0.0558 
         010  5 0.0687 0.0008 0.0004 0.0019 0.9253 0.0029 
         011  5 0.0004 0.0007 0.0002 0.0035 0.9931 0.0020 
         012  5 0.0800 0.0223 0.0007 0.0014 0.8676 0.0281 
         013  5 0.0483 0.0025 0.0005 0.0004 0.7532 0.1951 
         014  5 0.0939 0.0016 0.0135 0.0231 0.7036 0.1643 
         015  5 0.0270 0.0002 0.0002 0.0002 0.9722 0.0002 
         016  5 0.0585 0.0011 0.0006 0.0004 0.9369 0.0026 
         017  5 0.0787 0.0077 0.0016 0.0002 0.8793 0.0325 
         018  5 0.0357 0.0067 0.0263 0.0377 0.8770 0.0165 
         019  5 0.0002 0.0002 0.0071 0.0015 0.9906 0.0004 
         020  5 0.0001 0.0001 0.0001 0.0002 0.9993 0.0001 
         021  5 0.0004 0.0092 0.0005 0.0055 0.8598 0.1246 
         022  5 0.0037 0.0032 0.0017 0.0471 0.9238 0.0205 
         023  5 0.0285 0.0012 0.0005 0.0028 0.9659 0.0011 
         024  5 0.0651 0.0110 0.0004 0.0006 0.8890 0.0339 
         025  5 0.0712 0.0164 0.0008 0.0006 0.8894 0.0216 
         026  5 0.0121 0.0008 0.0004 0.0003 0.8392 0.1473 
         027  5 0.0002 0.0001 0.0001 0.0001 0.9992 0.0001 
         028  5 0.0487 0.0047 0.0008 0.0093 0.9235 0.0130 
         029  5 0.0025 0.0004 0.0002 0.0002 0.9963 0.0005 
         030  5 0.0009 0.0009 0.0048 0.0015 0.9910 0.0010 
        001s  6 0.0267 0.1671 0.0012 0.0174 0.0012 0.7865 
        002s  6 0.0005 0.0092 0.0166 0.0010 0.0476 0.9251 
        003s  6 0.0004 0.1541 0.0004 0.0024 0.0208 0.8219 
        004s  6 0.0003 0.0200 0.0005 0.0008 0.0004 0.9780 
        006s  6 0.0145 0.0049 0.0020 0.0099 0.0637 0.9050 
        007s  6 0.0023 0.0039 0.0009 0.0003 0.0006 0.9919 
        008s  6 0.0006 0.0108 0.0033 0.0050 0.0030 0.9773 
        009s  6 0.0005 0.0075 0.0010 0.0010 0.0002 0.9898 
        010s  6 0.0053 0.0019 0.0086 0.0134 0.0128 0.9579 
        011s  6 0.0018 0.0036 0.0002 0.0014 0.0006 0.9924 
        012s  6 0.0037 0.0067 0.0024 0.0017 0.0005 0.9850 
        013s  6 0.0006 0.0035 0.0008 0.0004 0.0012 0.9935 
        014s  6 0.0004 0.4443 0.0003 0.0003 0.0785 0.4762 
        015s  6 0.0061 0.0021 0.0009 0.0072 0.0098 0.9739 
        016s  6 0.0007 0.1878 0.0004 0.0012 0.0004 0.8096 
        018s  6 0.0014 0.0240 0.0004 0.0006 0.2677 0.7059 
        019s  6 0.0015 0.0713 0.0008 0.0025 0.0092 0.9147 
        020s  6 0.0008 0.0305 0.0011 0.0005 0.0003 0.9669 
        021s  6 0.0130 0.0052 0.0014 0.0051 0.0013 0.9740 
        022s  6 0.0004 0.0370 0.0005 0.0035 0.0014 0.9573 
        023s  6 0.0006 0.6400 0.0003 0.0008 0.0122 0.3462 
        024s  6 0.0017 0.0192 0.0016 0.0009 0.0334 0.9431 
        025s  6 0.0006 0.0261 0.0005 0.0691 0.0016 0.9022 
        026s  6 0.0006 0.0197 0.0013 0.0004 0.0004 0.9776 
        027s  6 0.0004 0.0158 0.0012 0.0005 0.0008 0.9813 
        028s  6 0.0071 0.0029 0.0452 0.0078 0.0156 0.9214 
        029s  6 0.0004 0.0028 0.0014 0.0008 0.0005 0.9942 
        030s  6 0.0008 0.0084 0.0020 0.0108 0.0715 0.9065 
        031s  6 0.0032 0.8259 0.0004 0.0004 0.0014 0.1687 
        032s  6 0.0015 0.0078 0.0004 0.0005 0.0085 0.9812 
        033s  6 0.0003 0.0026 0.0005 0.0008 0.0932 0.9026 
        034s  6 0.0020 0.0085 0.0004 0.0134 0.0012 0.9745 
        035s  6 0.0003 0.8752 0.0008 0.0008 0.1223 0.0007 
        036s  6 0.0056 0.0057 0.0003 0.0009 0.0006 0.9870 
        037s  6 0.0006 0.0038 0.0022 0.0011 0.0008 0.9915 
        038s  6 0.0023 0.1639 0.0016 0.0008 0.0003 0.8312 
        039s  6 0.0004 0.0041 0.0009 0.0006 0.0003 0.9938 
        040s  6 0.0021 0.1572 0.0004 0.0006 0.0003 0.8394 
        041s  6 0.0002 0.8349 0.0051 0.0033 0.0290 0.1276 
        042s  6 0.0006 0.0275 0.0042 0.0520 0.0089 0.9068 
        043s  6 0.0007 0.0037 0.0003 0.0053 0.0006 0.9894 
        044s  6 0.0004 0.2018 0.0029 0.0006 0.0006 0.7937 
        045s  6 0.0005 0.0127 0.0006 0.0020 0.0051 0.9791 
        001s  7 0.0004 0.9766 0.0004 0.0008 0.0007 0.0211 
        002s  7 0.0006 0.5765 0.0010 0.0015 0.0134 0.4069 
        003s  7 0.0013 0.9912 0.0012 0.0009 0.0011 0.0044 
        004s  7 0.0035 0.0311 0.0009 0.0005 0.0007 0.9633 
        005s  7 0.0028 0.0342 0.0007 0.0018 0.0117 0.9488 
        006s  7 0.0013 0.0019 0.0003 0.0049 0.0593 0.9322 
        007s  7 0.0059 0.0065 0.0159 0.0018 0.0051 0.9648 
        008s  7 0.0003 0.9862 0.0015 0.0012 0.0085 0.0024 
        009s  7 0.0014 0.0360 0.0007 0.0110 0.0029 0.9480 
        010s  7 0.0002 0.9954 0.0006 0.0008 0.0007 0.0022 
        011s  7 0.0006 0.0083 0.0012 0.0009 0.0006 0.9883 
        012s  7 0.0006 0.0022 0.0004 0.0005 0.0005 0.9959 
        013s  7 0.0080 0.0123 0.0004 0.0037 0.0004 0.9752 
        014s  7 0.0008 0.7208 0.0005 0.0004 0.0207 0.2569 
        015s  7 0.0014 0.0061 0.0012 0.0008 0.0189 0.9715 
        016s  7 0.0002 0.9125 0.0002 0.0014 0.0852 0.0005 
        017s  7 0.0007 0.0085 0.0004 0.0005 0.0010 0.9888 
        018s  7 0.0006 0.0027 0.0040 0.0006 0.0015 0.9905 
        019s  7 0.0015 0.0097 0.0033 0.0136 0.0014 0.9705 
        020s  7 0.0016 0.0108 0.0002 0.0005 0.0005 0.9864 
        021s  7 0.0005 0.0039 0.0014 0.0010 0.0020 0.9912 
        022s  7 0.0022 0.0026 0.0003 0.0009 0.0020 0.9919 
        023s  7 0.0011 0.0187 0.0014 0.0150 0.0093 0.9545 
        024s  7 0.0005 0.0034 0.0020 0.0006 0.0012 0.9923 
        025s  7 0.0065 0.0051 0.0009 0.0010 0.0008 0.9856 
        026s  7 0.0002 0.9928 0.0012 0.0006 0.0013 0.0038 
        027s  7 0.0007 0.5588 0.0013 0.0004 0.0013 0.4377 
        028s  7 0.0008 0.0030 0.0002 0.0006 0.0048 0.9907 
        029s  7 0.0006 0.0291 0.0009 0.0026 0.0076 0.9593 
        030s  7 0.0006 0.1149 0.0046 0.0042 0.0003 0.8754 
        031s  7 0.0011 0.0160 0.0003 0.0134 0.0022 0.9670 
        032s  7 0.0003 0.0038 0.0035 0.0004 0.1005 0.8914 
        033s  7 0.0007 0.0041 0.0028 0.0012 0.0431 0.9480 
        034s  7 0.0414 0.0070 0.0016 0.0008 0.0013 0.9480 
        035s  7 0.0003 0.0037 0.0004 0.0009 0.0003 0.9944 
        036s  7 0.0030 0.0888 0.0008 0.0095 0.0006 0.8973 
        037s  7 0.0043 0.0148 0.0005 0.0036 0.0678 0.9090 
        038s  7 0.0005 0.0042 0.0010 0.0011 0.0130 0.9803 
        039s  7 0.0003 0.1884 0.0003 0.0003 0.0004 0.8103 
        040s  7 0.0180 0.9774 0.0003 0.0004 0.0026 0.0013 
        041s  7 0.0004 0.2329 0.0017 0.0014 0.0261 0.7374 
        042s  7 0.0005 0.9888 0.0003 0.0003 0.0022 0.0078 
        043s  7 0.0003 0.0136 0.0005 0.0037 0.0016 0.9803 
        044s  7 0.0160 0.0044 0.0015 0.0340 0.0534 0.8908 
         003  8 0.0019 0.0030 0.0099 0.0009 0.0045 0.9798 
         009  8 0.0006 0.0086 0.0005 0.0008 0.0013 0.9881 
         010  8 0.0002 0.0077 0.0003 0.0019 0.0004 0.9895 
         017  8 0.0007 0.0040 0.0014 0.0031 0.0006 0.9902 
         002  9 0.0008 0.0125 0.0005 0.0011 0.0003 0.9848 
         003  9 0.0003 0.0040 0.0004 0.0005 0.0002 0.9946 
         004  9 0.0002 0.0083 0.0003 0.0016 0.0003 0.9894 
         005  9 0.0010 0.0050 0.0012 0.0039 0.0004 0.9884 
         006  9 0.0007 0.0035 0.0007 0.0014 0.0007 0.9931 
         007  9 0.0002 0.0070 0.0011 0.0011 0.0035 0.9871 
         009  9 0.0003 0.0097 0.0011 0.0019 0.0013 0.9857 
         010  9 0.0004 0.0031 0.0018 0.0017 0.0002 0.9928 
         013  9 0.0006 0.0316 0.0003 0.0014 0.0014 0.9647 
         014  9 0.0002 0.0103 0.0050 0.0017 0.0004 0.9823 
         016  9 0.0002 0.0046 0.0010 0.0006 0.0002 0.9934 
         018  9 0.0008 0.0031 0.0048 0.0013 0.0009 0.9891 
         019  9 0.0007 0.0032 0.0061 0.0005 0.0007 0.9888 
         020  9 0.0003 0.0017 0.0005 0.0002 0.0003 0.9969 
         021  9 0.0002 0.0033 0.0003 0.0008 0.0004 0.9951 
         022  9 0.0004 0.0086 0.0012 0.0006 0.0003 0.9890 
         024  9 0.0003 0.0093 0.0025 0.0031 0.0005 0.9843 
         028  9 0.0008 0.0055 0.0006 0.0011 0.0004 0.9916 
         029  9 0.0004 0.0057 0.0013 0.0006 0.0003 0.9917 
         030  9 0.0003 0.0029 0.0006 0.0010 0.0005 0.9947 
         031  9 0.0004 0.0122 0.0010 0.0005 0.0012 0.9847 
         033  9 0.0004 0.0109 0.0007 0.0011 0.0064 0.9806 
         001 10 0.0005 0.0083 0.0011 0.0003 0.0004 0.9894 
         002 10 0.0002 0.0066 0.0017 0.0005 0.0003 0.9907 
         003 10 0.0008 0.0030 0.0006 0.0093 0.0003 0.9861 
         004 10 0.0003 0.1424 0.0005 0.0024 0.0005 0.8539 
         005 10 0.0005 0.0049 0.0015 0.0009 0.0003 0.9919 
         006 10 0.0006 0.0030 0.0006 0.0004 0.0010 0.9945 
         007 10 0.0003 0.0077 0.0004 0.0028 0.0006 0.9882 
         008 10 0.0006 0.0020 0.0007 0.0046 0.0006 0.9915 
         009 10 0.0014 0.0059 0.0041 0.0005 0.0005 0.9876 
         010 10 0.0005 0.0175 0.0025 0.0010 0.0006 0.9779 
         011 10 0.0011 0.0150 0.0003 0.0297 0.0004 0.9537 
         012 10 0.0011 0.0042 0.0004 0.0031 0.0006 0.9905 
         013 10 0.0020 0.0033 0.0008 0.0007 0.0003 0.9930 
         014 10 0.0008 0.2565 0.0006 0.0005 0.0004 0.7412 
         016 10 0.0011 0.0056 0.0011 0.0006 0.0005 0.9911 
         017 10 0.0007 0.0026 0.0010 0.0008 0.0005 0.9944 
         018 10 0.0004 0.0039 0.0017 0.0006 0.0061 0.9872 
         019 10 0.0004 0.0036 0.0049 0.0013 0.0004 0.9895 
         020 10 0.0010 0.0210 0.0072 0.0018 0.0008 0.9682 
         021 10 0.0003 0.0389 0.0028 0.0004 0.0010 0.9566 
         022 10 0.0007 0.0483 0.0002 0.0007 0.0003 0.9498 
         023 10 0.0006 0.0033 0.0003 0.0008 0.0002 0.9947 
         024 10 0.0002 0.0042 0.0012 0.0020 0.0004 0.9921 
         026 10 0.0004 0.0013 0.0006 0.0006 0.0005 0.9967 
        001s 11 0.0005 0.2633 0.0006 0.0109 0.0849 0.6398 
        002s 11 0.0066 0.0124 0.0035 0.0013 0.0005 0.9757 
        003s 11 0.0004 0.0229 0.0014 0.0004 0.0052 0.9696 
        004s 11 0.0015 0.0097 0.0003 0.0013 0.0005 0.9868 
        005s 11 0.0004 0.0372 0.0048 0.0005 0.0017 0.9553 
        006s 11 0.0102 0.0188 0.0017 0.0023 0.0011 0.9660 
        007s 11 0.0386 0.1026 0.0010 0.0011 0.0056 0.8511 
        008s 11 0.0003 0.0078 0.0005 0.0004 0.0005 0.9905 
        009s 11 0.0004 0.0021 0.0134 0.0004 0.0003 0.9835 
        010s 11 0.0003 0.1837 0.0006 0.0008 0.0014 0.8132 
        011s 11 0.0029 0.8893 0.0004 0.0092 0.0944 0.0037 
        012s 11 0.0003 0.0013 0.0006 0.0004 0.1099 0.8875 
        013s 11 0.0004 0.3055 0.0001 0.0008 0.0007 0.6925 
        014s 11 0.0049 0.9614 0.0013 0.0009 0.0018 0.0298 
        015s 11 0.0016 0.0328 0.0017 0.0041 0.0018 0.9579 
        016s 11 0.0006 0.3843 0.0086 0.0574 0.0266 0.5225 
        017s 11 0.0004 0.0056 0.0007 0.0015 0.0913 0.9004 
        018s 11 0.0010 0.9826 0.0012 0.0007 0.0025 0.0120 
        019s 11 0.0006 0.0146 0.0002 0.0198 0.0007 0.9641 
        020s 11 0.0010 0.7971 0.0017 0.0016 0.0007 0.1978 
        021s 11 0.0005 0.0044 0.0003 0.0013 0.0006 0.9929 
        022s 11 0.0294 0.0136 0.0011 0.0004 0.0020 0.9535 
        023s 11 0.0003 0.9245 0.0004 0.0176 0.0256 0.0316 
        025s 11 0.0004 0.0075 0.0003 0.0009 0.0003 0.9906 
        026s 11 0.0005 0.0086 0.0009 0.0544 0.0320 0.9036 
        027s 11 0.0018 0.0047 0.0004 0.0004 0.0008 0.9918 
        028s 11 0.0011 0.0043 0.0003 0.0010 0.0066 0.9866 
        029s 11 0.0004 0.0008 0.0006 0.0002 0.0548 0.9432 
        030s 11 0.0010 0.0018 0.0009 0.0012 0.0492 0.9459 
        031s 11 0.0008 0.0061 0.0007 0.0003 0.0003 0.9918 
        032s 11 0.0003 0.0842 0.0010 0.0030 0.0009 0.9106 
        033s 11 0.0005 0.1660 0.0012 0.0009 0.0043 0.8271 
        034s 11 0.0016 0.9760 0.0003 0.0003 0.0006 0.0211 
        035s 11 0.0007 0.6289 0.0013 0.0003 0.0015 0.3673 
        036s 11 0.0016 0.0148 0.0012 0.0003 0.0189 0.9632 
        037s 11 0.0004 0.9835 0.0010 0.0013 0.0011 0.0127 
        038s 11 0.0007 0.3047 0.0007 0.0007 0.0023 0.6910 
        039s 11 0.0003 0.0077 0.0007 0.0011 0.0019 0.9883 
        040s 11 0.0019 0.0008 0.0005 0.0007 0.0708 0.9252 
        041s 11 0.0017 0.0085 0.0194 0.0039 0.0007 0.9658 
        042s 11 0.0008 0.5079 0.0006 0.0064 0.0004 0.4839 
        043s 11 0.0004 0.0134 0.0003 0.0236 0.0383 0.9240 
        044s 11 0.0047 0.0210 0.0009 0.0046 0.0003 0.9685 
        045s 11 0.0023 0.0140 0.0004 0.0112 0.0004 0.9717 
        046s 11 0.0010 0.8265 0.0008 0.0285 0.0141 0.1291 
        047s 11 0.0011 0.0024 0.0006 0.0009 0.0007 0.9942 
        048s 11 0.0026 0.0040 0.0021 0.0286 0.0046 0.9580 
        049s 11 0.0004 0.0050 0.0013 0.0010 0.0010 0.9914 
        050s 11 0.0010 0.0049 0.0003 0.0011 0.0003 0.9924 
        051s 11 0.0213 0.0680 0.0004 0.0487 0.0004 0.8612 
        052s 11 0.0022 0.9549 0.0009 0.0020 0.0009 0.0390 
        053s 11 0.0004 0.0106 0.0014 0.0007 0.0004 0.9865 
        054s 11 0.0047 0.0063 0.0003 0.0007 0.0009 0.9870 
        055s 11 0.0006 0.9345 0.0003 0.0003 0.0554 0.0090 
        001s 12 0.0044 0.0150 0.0009 0.0009 0.0013 0.9775 
        002s 12 0.0004 0.0027 0.0024 0.0007 0.0009 0.9928 
        003s 12 0.0006 0.0065 0.0006 0.0002 0.0004 0.9917 
        004s 12 0.0005 0.0085 0.0021 0.0050 0.0550 0.9288 
        005s 12 0.0006 0.6795 0.0009 0.0009 0.0003 0.3177 
        006s 12 0.0023 0.0181 0.0006 0.0014 0.0357 0.9418 
        007s 12 0.0013 0.0042 0.0031 0.0016 0.0011 0.9887 
        008s 12 0.0009 0.0036 0.0005 0.0006 0.0104 0.9840 
        009s 12 0.0010 0.0220 0.0196 0.0047 0.0237 0.9291 
        010s 12 0.0326 0.0422 0.0011 0.0004 0.0075 0.9162 
        011s 12 0.0017 0.0124 0.0010 0.0008 0.0013 0.9828 
        012s 12 0.0072 0.0036 0.0004 0.0032 0.0010 0.9846 
        013s 12 0.0002 0.0018 0.0007 0.0325 0.0011 0.9637 
        014s 12 0.0410 0.5604 0.0022 0.0377 0.0017 0.3570 
        015s 12 0.0006 0.0032 0.0020 0.0009 0.0051 0.9882 
        016s 12 0.0006 0.0029 0.0006 0.0030 0.0006 0.9923 
        017s 12 0.0009 0.0319 0.0003 0.0011 0.0026 0.9632 
        018s 12 0.0002 0.0086 0.0029 0.0016 0.0018 0.9849 
        019s 12 0.0005 0.0384 0.0029 0.0006 0.0046 0.9531 
        020s 12 0.0005 0.0156 0.0002 0.0005 0.0829 0.9002 
        021s 12 0.0004 0.0079 0.0005 0.0023 0.0034 0.9855 
        022s 12 0.0007 0.0171 0.0043 0.0033 0.0501 0.9245 
        023s 12 0.0004 0.0099 0.0011 0.0012 0.0004 0.9870 
        024s 12 0.0003 0.4981 0.0003 0.0008 0.0006 0.5000 
        025s 12 0.0024 0.0054 0.0042 0.0009 0.0034 0.9838 
        026s 12 0.0007 0.1128 0.0103 0.0008 0.0314 0.8441 
        027s 12 0.0008 0.0068 0.0003 0.0004 0.0025 0.9892 
        028s 12 0.0004 0.9820 0.0112 0.0025 0.0010 0.0030 
        029s 12 0.0005 0.3658 0.0003 0.0011 0.0006 0.6317 
        030s 12 0.0012 0.0045 0.0004 0.0005 0.0009 0.9924 
        031s 12 0.0009 0.0049 0.0007 0.0023 0.0036 0.9876 
        032s 12 0.0004 0.9566 0.0072 0.0008 0.0004 0.0346 
        033s 12 0.0067 0.0111 0.0004 0.0005 0.0010 0.9803 
        034s 12 0.0004 0.9818 0.0006 0.0004 0.0003 0.0164 
        035s 12 0.0008 0.0655 0.0006 0.0005 0.0134 0.9192 
        036s 12 0.0093 0.0426 0.0025 0.0011 0.0044 0.9401 
        037s 12 0.0003 0.0040 0.0010 0.0007 0.0011 0.9929 
        001s 13 0.0007 0.0118 0.0010 0.0023 0.0125 0.9717 
        002s 13 0.0005 0.9032 0.0003 0.0005 0.0769 0.0187 
        003s 13 0.0002 0.0053 0.0008 0.0010 0.0009 0.9917 
        004s 13 0.0003 0.0068 0.0098 0.0020 0.0010 0.9802 
        005s 13 0.0057 0.0044 0.0028 0.0017 0.0026 0.9829 
        006s 13 0.0015 0.0085 0.0008 0.0005 0.0008 0.9879 
        007s 13 0.0346 0.0096 0.0005 0.0011 0.0006 0.9535 
        008s 13 0.0010 0.0037 0.0014 0.0008 0.0564 0.9367 
        009s 13 0.0018 0.0031 0.0086 0.0009 0.1289 0.8567 
        010s 13 0.0005 0.0029 0.0011 0.0007 0.0701 0.9246 
        011s 13 0.0184 0.2421 0.0049 0.0021 0.0042 0.7284 
        012s 13 0.0026 0.0040 0.0036 0.0148 0.0546 0.9205 
        013s 13 0.0155 0.8717 0.0007 0.0061 0.0078 0.0981 
        014s 13 0.0325 0.0030 0.0006 0.0036 0.0008 0.9595 
        015s 13 0.0006 0.0269 0.0126 0.0073 0.0062 0.9465 
        016s 13 0.0003 0.0051 0.0005 0.0010 0.0004 0.9926 
        017s 13 0.0083 0.0138 0.0036 0.0008 0.0179 0.9556 
        018s 13 0.0003 0.0087 0.0007 0.0008 0.0005 0.9890 
        019s 13 0.0016 0.0282 0.0003 0.0010 0.0006 0.9683 
        020s 13 0.0021 0.9894 0.0020 0.0003 0.0006 0.0056 
        021s 13 0.0002 0.0156 0.0005 0.0017 0.0007 0.9813 
        022s 13 0.0006 0.0042 0.0005 0.0008 0.0013 0.9925 
        023s 13 0.0004 0.0282 0.0006 0.0004 0.0012 0.9692 
        024s 13 0.0048 0.0202 0.0008 0.0371 0.0200 0.9171 
        025s 13 0.0005 0.0026 0.0007 0.0021 0.0008 0.9932 
        026s 13 0.0057 0.0009 0.0003 0.0076 0.0921 0.8934 
        027s 13 0.0010 0.0017 0.0032 0.0011 0.0496 0.9435 
        028s 13 0.0099 0.5586 0.0042 0.0036 0.0054 0.4183 
        029s 13 0.0014 0.9510 0.0004 0.0013 0.0088 0.0371 
        030s 13 0.0003 0.7201 0.0007 0.0277 0.0553 0.1959 
        031s 13 0.0019 0.0036 0.0011 0.0994 0.0024 0.8915 
        032s 13 0.0023 0.0061 0.0005 0.0003 0.0005 0.9903 
        033s 13 0.0351 0.0127 0.0004 0.0007 0.0045 0.9466 
        034s 13 0.0035 0.9722 0.0020 0.0006 0.0186 0.0031 
        035s 13 0.0006 0.2404 0.0016 0.0040 0.0006 0.7528 
        036s 13 0.0004 0.1473 0.0004 0.0006 0.0032 0.8481 
        037s 13 0.0006 0.0055 0.0008 0.0017 0.0003 0.9911 
        038s 13 0.0017 0.5166 0.0012 0.0011 0.0007 0.4787 
        039s 13 0.0007 0.0223 0.0010 0.0730 0.1028 0.8002 
        040s 13 0.0008 0.0045 0.0004 0.0013 0.0015 0.9915 
        041s 13 0.0034 0.0030 0.0005 0.0013 0.0616 0.9302 
        042s 13 0.0006 0.9928 0.0006 0.0008 0.0004 0.0049 
        001s 14 0.0008 0.8573 0.0018 0.0011 0.0145 0.1244 
        002s 14 0.0036 0.0033 0.0042 0.0013 0.0649 0.9227 
        003s 14 0.0003 0.9947 0.0004 0.0006 0.0005 0.0035 
        004s 14 0.0058 0.0045 0.0008 0.0023 0.0099 0.9767 
        005s 14 0.0002 0.2700 0.0004 0.0005 0.0003 0.7286 
        006s 14 0.0005 0.0121 0.0003 0.0003 0.0004 0.9864 
        007s 14 0.0010 0.0165 0.0005 0.0011 0.0007 0.9802 
        008s 14 0.0013 0.8951 0.0155 0.0018 0.0817 0.0046 
        009s 14 0.0006 0.0157 0.0054 0.0009 0.0016 0.9757 
        010s 14 0.0004 0.4810 0.0157 0.0016 0.0436 0.4576 
        011s 14 0.0284 0.5126 0.0005 0.0012 0.0042 0.4531 
        012s 14 0.0013 0.9863 0.0017 0.0015 0.0004 0.0088 
        013s 14 0.0020 0.0701 0.0006 0.0056 0.0010 0.9207 
        014s 14 0.0009 0.0055 0.0075 0.0005 0.0409 0.9447 
        015s 14 0.0006 0.0245 0.0082 0.0024 0.0007 0.9636 
        016s 14 0.0002 0.0013 0.0005 0.0112 0.0010 0.9859 
        017s 14 0.0128 0.0050 0.0009 0.0002 0.0566 0.9244 
        018s 14 0.0004 0.0046 0.0009 0.0012 0.0010 0.9919 
        019s 14 0.0018 0.0047 0.0004 0.0008 0.0015 0.9908 
        020s 14 0.0003 0.9459 0.0058 0.0010 0.0007 0.0463 
        021s 14 0.0003 0.0043 0.0106 0.0004 0.0061 0.9784 
        022s 14 0.0029 0.0139 0.0017 0.0011 0.0060 0.9745 
        023s 14 0.0007 0.0224 0.0018 0.0026 0.0042 0.9682 
        024s 14 0.0014 0.3848 0.0024 0.0016 0.0508 0.5590 
        025s 14 0.0003 0.0730 0.0004 0.0004 0.0633 0.8626 
        026s 14 0.0002 0.0047 0.0018 0.0012 0.0006 0.9915 
        027s 14 0.0005 0.0258 0.0007 0.0035 0.0019 0.9676 
        028s 14 0.0022 0.0275 0.0029 0.0007 0.0005 0.9662 
        029s 14 0.0003 0.0094 0.0006 0.0011 0.0003 0.9883 
        030s 14 0.0097 0.0823 0.0006 0.0008 0.0012 0.9054 
        031s 14 0.0157 0.3219 0.0004 0.0015 0.0006 0.6600 
        032s 14 0.0010 0.3595 0.0003 0.0024 0.0011 0.6357 
        033s 14 0.0509 0.4617 0.0007 0.0006 0.0004 0.4858 
        034s 14 0.0003 0.0035 0.0006 0.0005 0.0002 0.9948 
        035s 14 0.0817 0.0083 0.0003 0.0007 0.0790 0.8300 
        036s 14 0.0308 0.8990 0.0026 0.0031 0.0600 0.0045 
        037s 14 0.0003 0.0264 0.0009 0.0022 0.0012 0.9689 
        038s 14 0.0009 0.0152 0.0005 0.0004 0.0006 0.9823 
        039s 14 0.0019 0.0150 0.0036 0.0043 0.0018 0.9734 
        040s 14 0.0006 0.0164 0.0005 0.0010 0.0134 0.9682 
        041s 14 0.0011 0.3035 0.0002 0.0006 0.0007 0.6938 
        042s 14 0.0003 0.0102 0.0013 0.0019 0.0755 0.9108 
        001s 15 0.0004 0.5598 0.0011 0.0017 0.0009 0.4361 
        002s 15 0.0016 0.1348 0.0074 0.0130 0.0936 0.7496 
        003s 15 0.0005 0.0039 0.0009 0.0057 0.0128 0.9761 
        004s 15 0.0003 0.0026 0.0098 0.0003 0.0005 0.9864 
        005s 15 0.0012 0.0043 0.0011 0.0051 0.0159 0.9724 
        006s 15 0.0013 0.0088 0.0007 0.0012 0.0121 0.9759 
        007s 15 0.0003 0.0160 0.0010 0.0005 0.0003 0.9819 
        008s 15 0.0004 0.0111 0.0006 0.0005 0.0003 0.9871 
        009s 15 0.0034 0.0062 0.0006 0.0376 0.0287 0.9237 
        010s 15 0.0005 0.9730 0.0003 0.0017 0.0005 0.0241 
        011s 15 0.0627 0.0053 0.0003 0.0011 0.0006 0.9299 
        012s 15 0.0014 0.0026 0.0014 0.0018 0.0029 0.9900 
        013s 15 0.0004 0.9851 0.0054 0.0008 0.0006 0.0079 
        014s 15 0.0008 0.0045 0.0040 0.0044 0.0023 0.9840 
        015s 15 0.0039 0.0019 0.0009 0.0072 0.0790 0.9072 
        016s 15 0.0616 0.8914 0.0323 0.0004 0.0036 0.0107 
        017s 15 0.0007 0.0089 0.0139 0.0019 0.0014 0.9732 
        018s 15 0.0002 0.5665 0.0014 0.0003 0.0018 0.4298 
        019s 15 0.0006 0.5579 0.0006 0.0043 0.0043 0.4324 
        020s 15 0.0006 0.5757 0.0004 0.0006 0.0005 0.4222 
        021s 15 0.0006 0.0077 0.0028 0.0037 0.0793 0.9059 
        022s 15 0.0019 0.0110 0.0007 0.0006 0.0006 0.9852 
        023s 15 0.0018 0.0031 0.0004 0.0007 0.0290 0.9650 
        024s 15 0.0019 0.0031 0.0004 0.0008 0.0016 0.9923 
        025s 15 0.0016 0.0320 0.0012 0.0231 0.0070 0.9351 
        026s 15 0.0010 0.0265 0.0025 0.0212 0.0009 0.9479 
        027s 15 0.0076 0.0331 0.0140 0.0005 0.0046 0.9402 
        028s 15 0.0013 0.0109 0.0025 0.0015 0.0004 0.9833 
        029s 15 0.0008 0.0085 0.0012 0.0013 0.0008 0.9874 
        030s 15 0.0004 0.0096 0.0014 0.0006 0.0004 0.9876 
        031s 15 0.0015 0.0858 0.0012 0.0050 0.0647 0.8416 
        032s 15 0.0002 0.0015 0.0008 0.0018 0.0007 0.9950 
        033s 15 0.0009 0.9652 0.0008 0.0002 0.0249 0.0078 
        035s 15 0.0020 0.0042 0.0021 0.0008 0.0021 0.9887 
        036s 15 0.0011 0.4593 0.0003 0.0036 0.0009 0.5348 
        037s 15 0.0074 0.0120 0.0005 0.0009 0.0006 0.9787 
        038s 15 0.0010 0.0040 0.0007 0.0003 0.0031 0.9909 
        039s 15 0.0004 0.4899 0.0004 0.0002 0.0732 0.4359 
        040s 15 0.0021 0.0233 0.0026 0.0007 0.0048 0.9665 
        041s 15 0.0052 0.0240 0.0005 0.0012 0.0711 0.8980 
        042s 15 0.0004 0.0072 0.0029 0.0009 0.0060 0.9826 
        043s 15 0.0010 0.5298 0.0004 0.0010 0.0068 0.4610 
        044s 15 0.0008 0.0029 0.0008 0.0009 0.0065 0.9882 
        045s 15 0.0349 0.0058 0.0021 0.0787 0.0025 0.8760 
        046s 15 0.0044 0.0174 0.0004 0.0012 0.0203 0.9563 
        047s 15 0.0019 0.0018 0.0004 0.0004 0.0361 0.9594 
        048s 15 0.0003 0.3699 0.0007 0.0246 0.0005 0.6039 
        049s 15 0.0012 0.0272 0.0004 0.0006 0.0152 0.9554 
        050s 15 0.0006 0.0037 0.0092 0.0024 0.1342 0.8499 
         001 16 0.0115 0.7993 0.0028 0.0006 0.1620 0.0238 
         002 16 0.0008 0.0022 0.0002 0.0005 0.0464 0.9499 
         003 16 0.0040 0.0050 0.0031 0.0011 0.0038 0.9830 
         004 16 0.0008 0.0027 0.0006 0.0012 0.0008 0.9939 
         005 16 0.0038 0.0396 0.0017 0.0330 0.0556 0.8663 
         006 16 0.0013 0.0020 0.0007 0.0101 0.0143 0.9717 
         007 16 0.0009 0.0133 0.0011 0.0017 0.0048 0.9782 
         008 16 0.0051 0.1713 0.0014 0.0005 0.1405 0.6812 
         009 16 0.0003 0.6825 0.0015 0.0004 0.0018 0.3135 
         010 16 0.0006 0.1901 0.0004 0.0011 0.0209 0.7869 
         011 16 0.0011 0.9727 0.0006 0.0013 0.0034 0.0209 
         012 16 0.0020 0.0536 0.0010 0.0011 0.0010 0.9413 
         013 16 0.0006 0.0044 0.0005 0.0004 0.0003 0.9937 
         014 16 0.0008 0.0051 0.0017 0.0003 0.0365 0.9556 
         015 16 0.0034 0.0070 0.0016 0.3679 0.0002 0.6198 
         016 16 0.0003 0.0040 0.0044 0.0140 0.0016 0.9758 
         017 16 0.0067 0.7607 0.0008 0.0008 0.0036 0.2275 
         018 16 0.0024 0.0012 0.0052 0.0209 0.0366 0.9336 
         019 16 0.0044 0.9535 0.0009 0.0004 0.0378 0.0030 
         020 16 0.0007 0.0052 0.0012 0.0007 0.0003 0.9919 
         021 16 0.0330 0.0108 0.0048 0.0005 0.0970 0.8539 
         022 16 0.0003 0.0012 0.0009 0.0013 0.0324 0.9639 
         023 16 0.0007 0.9791 0.0005 0.0071 0.0073 0.0052 
         024 16 0.0004 0.6562 0.0010 0.0183 0.0030 0.3211 
         025 16 0.0190 0.9339 0.0010 0.0032 0.0248 0.0181 
         026 16 0.0009 0.0029 0.0003 0.0025 0.1083 0.8852 
         027 16 0.0003 0.0072 0.0091 0.0017 0.0153 0.9664 
         028 16 0.0211 0.0371 0.0115 0.0003 0.1480 0.7820 
         029 16 0.0349 0.0026 0.0013 0.0008 0.0027 0.9578 
         030 16 0.0054 0.6235 0.0003 0.0003 0.0004 0.3701 
         031 16 0.0007 0.0026 0.0137 0.0006 0.0015 0.9809 
         032 16 0.0011 0.0017 0.0009 0.0049 0.0916 0.8998 
         033 16 0.0010 0.0052 0.0003 0.0003 0.0006 0.9927 
         034 16 0.0030 0.6293 0.0003 0.0007 0.0014 0.3652 
         035 16 0.0008 0.0051 0.0005 0.0003 0.0002 0.9932 
         036 16 0.0005 0.1404 0.0016 0.0023 0.0004 0.8548 
         037 16 0.0156 0.4992 0.0007 0.0029 0.0115 0.4700 
         038 16 0.0011 0.0990 0.0013 0.0064 0.0019 0.8902 
         039 16 0.0003 0.4148 0.0009 0.0007 0.0014 0.5819 
         040 16 0.0016 0.0125 0.0004 0.0018 0.0009 0.9828 
         041 16 0.0006 0.0068 0.0004 0.0014 0.0006 0.9902 
         042 16 0.0008 0.1679 0.0025 0.0005 0.0009 0.8274 
         043 16 0.0006 0.0215 0.0009 0.0010 0.0010 0.9751 
         044 16 0.0008 0.9043 0.0013 0.0011 0.0035 0.0890 
         045 16 0.0059 0.0081 0.0024 0.0003 0.0031 0.9802 
         047 16 0.0394 0.0136 0.0035 0.0015 0.0026 0.9394 
         048 16 0.0046 0.0068 0.0007 0.0005 0.0014 0.9859 
         049 16 0.0022 0.1923 0.0005 0.0039 0.0003 0.8007 
         050 16 0.0009 0.0050 0.0005 0.0003 0.0003 0.9930 
         051 16 0.0017 0.0432 0.0016 0.0008 0.0013 0.9514 
         052 16 0.0004 0.0504 0.0005 0.0007 0.0002 0.9478 
         053 16 0.0007 0.0292 0.0009 0.0007 0.0003 0.9682 
         054 16 0.0007 0.3854 0.0010 0.0004 0.0638 0.5487 
         055 16 0.0540 0.0470 0.0004 0.0004 0.0081 0.8901 
         056 16 0.0004 0.0046 0.0006 0.0087 0.0019 0.9839 
         057 16 0.0005 0.9184 0.0004 0.0003 0.0748 0.0056 
         058 16 0.0061 0.3791 0.0002 0.0040 0.0880 0.5227 
         059 16 0.0112 0.2130 0.0027 0.0871 0.0848 0.6011 
         060 16 0.0007 0.1956 0.0011 0.0087 0.0023 0.7916 
         061 16 0.0009 0.5792 0.0006 0.0022 0.0015 0.4157 
         062 16 0.0086 0.0051 0.0016 0.0004 0.0006 0.9837 
         063 16 0.0004 0.0152 0.0005 0.0005 0.0041 0.9793 
         064 16 0.0008 0.0062 0.0007 0.0024 0.0004 0.9896 
         065 16 0.0016 0.4994 0.0016 0.0024 0.0012 0.4937 
         066 16 0.0004 0.0043 0.0009 0.0007 0.0004 0.9934 
         067 16 0.0031 0.0310 0.0006 0.0759 0.0009 0.8883 
         068 16 0.0013 0.0079 0.0008 0.0307 0.0039 0.9554 
         069 16 0.0007 0.0086 0.0073 0.0004 0.0006 0.9823 
         070 16 0.0008 0.1111 0.0029 0.0008 0.0053 0.8792 
         071 16 0.0078 0.0030 0.0005 0.0004 0.0762 0.9120 
         072 16 0.0007 0.0177 0.0009 0.0013 0.0080 0.9715 
         073 16 0.0032 0.1623 0.0007 0.0004 0.0012 0.8322 
         074 16 0.0009 0.0048 0.0004 0.0003 0.0004 0.9932 
         075 16 0.0046 0.0103 0.0008 0.0009 0.0232 0.9603 
         076 16 0.0006 0.0046 0.0007 0.0005 0.0012 0.9925 
         077 16 0.0045 0.0028 0.0275 0.0514 0.0245 0.8893 
         078 16 0.0004 0.9943 0.0003 0.0010 0.0031 0.0009 
         079 16 0.0036 0.0021 0.0021 0.0004 0.0894 0.9023 
         080 16 0.0002 0.7722 0.0004 0.0019 0.0027 0.2226 
         081 16 0.0318 0.9587 0.0007 0.0007 0.0023 0.0058 
         082 16 0.0114 0.1024 0.0005 0.0003 0.0142 0.8711 
         083 16 0.0010 0.0025 0.0006 0.0015 0.0006 0.9938 
         084 16 0.0020 0.1672 0.0026 0.0008 0.0013 0.8262 
         085 16 0.0006 0.0099 0.0019 0.0115 0.0010 0.9751 
         086 16 0.0048 0.0152 0.0006 0.0011 0.1064 0.8718 
         087 16 0.0021 0.9591 0.0017 0.0003 0.0072 0.0296 
         088 16 0.0002 0.8687 0.0006 0.0023 0.0005 0.1276 
         089 16 0.0072 0.0169 0.0011 0.0009 0.0012 0.9728 
         090 16 0.0006 0.0088 0.0012 0.0004 0.0074 0.9816 
         091 16 0.0017 0.0572 0.0008 0.0006 0.0010 0.9386 
         092 16 0.0007 0.9648 0.0006 0.0005 0.0195 0.0139 
         093 16 0.0004 0.0315 0.0020 0.0005 0.0018 0.9638 
         094 16 0.0006 0.0041 0.0058 0.0382 0.0044 0.9468 
         095 16 0.0003 0.0713 0.0012 0.0004 0.0005 0.9262 
         096 16 0.0248 0.0072 0.0004 0.0046 0.0016 0.9615 
         097 16 0.0853 0.0083 0.0022 0.0071 0.0125 0.8847 
         098 16 0.0005 0.0084 0.0080 0.0033 0.0010 0.9787 
         099 16 0.0003 0.0041 0.0009 0.0059 0.0006 0.9881 
         100 16 0.0004 0.0335 0.0006 0.0022 0.0012 0.9621 
         101 16 0.0004 0.9825 0.0007 0.0032 0.0104 0.0029 
         102 16 0.0012 0.9775 0.0003 0.0018 0.0009 0.0183 
         103 16 0.0021 0.0081 0.0037 0.0023 0.0011 0.9828 
         104 16 0.0007 0.0051 0.0003 0.0043 0.0031 0.9866 
         105 16 0.0267 0.0273 0.0052 0.0028 0.0796 0.8584 
         106 16 0.0004 0.5181 0.0004 0.0022 0.0009 0.4779 
         107 16 0.0004 0.2357 0.0461 0.0057 0.0083 0.7038 
         108 16 0.0011 0.0039 0.0674 0.1629 0.1216 0.6431 
         109 16 0.0045 0.0835 0.0007 0.0005 0.0121 0.8987 
         110 16 0.0005 0.0178 0.0003 0.0015 0.0003 0.9796 
         111 16 0.0006 0.2826 0.0006 0.0010 0.0525 0.6628 
         112 16 0.0004 0.0128 0.0008 0.0015 0.0473 0.9372 
         113 16 0.0061 0.0034 0.0006 0.0007 0.0532 0.9360 
         114 16 0.0004 0.0343 0.0050 0.0018 0.0199 0.9386 
         115 16 0.0008 0.0019 0.0004 0.0007 0.0003 0.9959 
         116 16 0.0007 0.9676 0.0004 0.0009 0.0055 0.0249 
         117 16 0.0023 0.0102 0.0040 0.0009 0.0097 0.9729 
         118 16 0.0004 0.0061 0.0010 0.0109 0.0058 0.9758 
         119 16 0.0007 0.4522 0.0016 0.0007 0.0014 0.5435 
         120 16 0.0175 0.0128 0.0009 0.0005 0.0004 0.9678 
         121 16 0.0073 0.1252 0.0002 0.0300 0.0005 0.8368 
         122 16 0.0006 0.0485 0.0004 0.0007 0.0003 0.9496 
         123 16 0.0014 0.5439 0.0018 0.0005 0.0018 0.4506 
         124 16 0.0006 0.0087 0.0003 0.0009 0.0111 0.9784 
         126 16 0.0007 0.0053 0.0036 0.0021 0.1631 0.8253 
         001 17 0.0034 0.0142 0.0089 0.0005 0.0008 0.9723 
         002 17 0.0004 0.0874 0.0004 0.0005 0.0025 0.9087 
         003 17 0.0004 0.0020 0.0011 0.0005 0.0006 0.9954 
         005 17 0.0007 0.0092 0.0219 0.0003 0.0002 0.9677 
         006 17 0.0484 0.0042 0.0009 0.0005 0.0017 0.9442 
         007 17 0.0147 0.8575 0.0026 0.0159 0.1037 0.0057 
         008 17 0.0113 0.0015 0.0006 0.0011 0.1058 0.8797 
         009 17 0.0003 0.0019 0.0006 0.0005 0.0003 0.9964 
         010 17 0.0012 0.0821 0.0005 0.0011 0.0007 0.9145 
         011 17 0.0018 0.0028 0.0017 0.3780 0.1389 0.4769 
         012 17 0.0006 0.0134 0.0008 0.0015 0.0045 0.9792 
         013 17 0.0002 0.0016 0.0006 0.0004 0.0003 0.9970 
         014 17 0.0004 0.9680 0.0011 0.0003 0.0003 0.0299 
         015 17 0.0050 0.8452 0.0009 0.0004 0.0008 0.1478 
         016 17 0.0006 0.0082 0.0007 0.0005 0.0008 0.9892 
         017 17 0.0024 0.0045 0.0012 0.0012 0.0014 0.9893 
         018 17 0.0016 0.0332 0.0205 0.0005 0.0308 0.9134 
         019 17 0.0002 0.4570 0.0006 0.0003 0.0005 0.5413 
         020 17 0.0009 0.0036 0.0004 0.0007 0.0010 0.9933 
         021 17 0.0008 0.0028 0.0005 0.0011 0.0003 0.9946 
         022 17 0.0071 0.0078 0.0091 0.0010 0.0380 0.9370 
         023 17 0.0003 0.0360 0.0028 0.0005 0.0124 0.9479 
         024 17 0.0402 0.0044 0.0014 0.0019 0.0189 0.9333 
         025 17 0.0006 0.0230 0.0003 0.0003 0.0006 0.9752 
         002 18 0.0010 0.0174 0.0049 0.0018 0.0003 0.9747 
         003 18 0.0003 0.0032 0.0004 0.0009 0.0004 0.9948 
         004 18 0.0004 0.0081 0.0029 0.0008 0.0585 0.9293 
         005 18 0.0005 0.5603 0.0008 0.0356 0.0026 0.4001 
         006 18 0.0003 0.0180 0.0004 0.0011 0.0005 0.9798 
         007 18 0.0038 0.0137 0.0029 0.0004 0.0015 0.9777 
         008 18 0.0011 0.8109 0.0004 0.0015 0.0002 0.1859 
         009 18 0.0041 0.0065 0.0009 0.0028 0.0122 0.9735 
         010 18 0.0022 0.0296 0.0028 0.0081 0.0003 0.9569 
         011 18 0.0005 0.0071 0.0020 0.0021 0.0006 0.9877 
         012 18 0.0005 0.9930 0.0005 0.0011 0.0034 0.0015 
         015 18 0.0005 0.1604 0.0004 0.0014 0.0012 0.8361 
         016 18 0.0040 0.5475 0.0004 0.0005 0.0015 0.4462 
         018 18 0.0004 0.0174 0.0064 0.0058 0.0003 0.9697 
         026 18 0.0137 0.7859 0.0028 0.0005 0.0005 0.1966 
         027 18 0.0004 0.0037 0.0020 0.0017 0.0003 0.9919 
         028 18 0.0006 0.9668 0.0240 0.0003 0.0007 0.0077 
         029 18 0.0007 0.0067 0.0005 0.0005 0.0010 0.9905 
         031 18 0.0039 0.7909 0.0393 0.0813 0.0593 0.0254 
         032 18 0.0003 0.0222 0.0014 0.0003 0.0004 0.9753 
         033 18 0.0004 0.0114 0.0012 0.0008 0.0014 0.9848 
         035 18 0.0004 0.9947 0.0006 0.0006 0.0007 0.0030 
         036 18 0.0004 0.0036 0.0009 0.0080 0.0004 0.9866 
         037 18 0.0112 0.0144 0.0158 0.0114 0.0013 0.9458 
         038 18 0.0191 0.0379 0.0543 0.0034 0.0028 0.8825 
         039 18 0.0004 0.0120 0.0003 0.0011 0.0005 0.9858 
         044 18 0.0088 0.0417 0.0010 0.0004 0.1200 0.8280 
         046 18 0.0003 0.0071 0.0077 0.0297 0.0036 0.9517 
         049 18 0.0005 0.5704 0.0010 0.0004 0.0005 0.4272 
         053 18 0.0004 0.9499 0.0011 0.0006 0.0013 0.0466 
         054 18 0.0106 0.0053 0.0007 0.0009 0.0013 0.9811 
         056 18 0.0002 0.0075 0.0020 0.0016 0.0688 0.9198 
         057 18 0.0032 0.9028 0.0006 0.0035 0.0003 0.0897 
         058 18 0.0005 0.0069 0.0061 0.0034 0.0019 0.9811 
        001s 19 0.0009 0.0062 0.0006 0.0005 0.0719 0.9198 
        002s 19 0.0006 0.7401 0.0011 0.0010 0.0043 0.2529 
        003s 19 0.0003 0.0106 0.0005 0.0004 0.0339 0.9543 
        004s 19 0.0012 0.0249 0.0056 0.0272 0.0012 0.9399 
        005s 19 0.0294 0.0112 0.0060 0.0734 0.0034 0.8766 
        006s 19 0.0014 0.0064 0.0015 0.0019 0.0013 0.9874 
        007s 19 0.0187 0.6735 0.0003 0.0184 0.0018 0.2874 
        008s 19 0.0013 0.0011 0.0012 0.0132 0.0408 0.9423 
        009s 19 0.0006 0.9849 0.0005 0.0016 0.0008 0.0117 
        010s 19 0.0030 0.0072 0.0114 0.0006 0.0020 0.9758 
        011s 19 0.0042 0.0234 0.0049 0.0012 0.0004 0.9659 
        012s 19 0.0023 0.1992 0.0016 0.0005 0.0021 0.7944 
        013s 19 0.0070 0.6421 0.0007 0.0004 0.0015 0.3482 
        014s 19 0.0077 0.9364 0.0005 0.0187 0.0341 0.0024 
        015s 19 0.0021 0.0043 0.0005 0.0004 0.0008 0.9920 
        016s 19 0.0020 0.2371 0.0180 0.0440 0.0011 0.6978 
        017s 19 0.0007 0.2544 0.0018 0.0039 0.0597 0.6795 
        018s 19 0.0006 0.0047 0.0011 0.0028 0.0025 0.9884 
        019s 19 0.0045 0.0071 0.0007 0.0027 0.0848 0.9002 
        020s 19 0.0032 0.0073 0.0005 0.0004 0.0740 0.9146 
        021s 19 0.0008 0.5835 0.0016 0.0002 0.0026 0.4111 
        022s 19 0.0009 0.0046 0.0007 0.0007 0.0189 0.9742 
        023s 19 0.0041 0.0052 0.0021 0.0020 0.0008 0.9858 
        024s 19 0.0003 0.0048 0.0022 0.0020 0.0006 0.9902 
        025s 19 0.0003 0.0096 0.0015 0.0020 0.1305 0.8560 
        026s 19 0.0043 0.0044 0.0031 0.0020 0.0043 0.9820 
        027s 19 0.0008 0.3853 0.0007 0.0014 0.0023 0.6096 
        028s 19 0.0013 0.0063 0.0008 0.0003 0.0068 0.9846 
        029s 19 0.0008 0.0917 0.0016 0.0006 0.0003 0.9050 
        030s 19 0.0009 0.9879 0.0030 0.0008 0.0010 0.0064 
        031s 19 0.0011 0.0414 0.0004 0.0008 0.0025 0.9540 
        032s 19 0.0014 0.9892 0.0004 0.0003 0.0003 0.0082 
        033s 19 0.0010 0.0055 0.0013 0.0040 0.0003 0.9879 
        034s 19 0.0008 0.2719 0.0009 0.0011 0.0009 0.7244 
        035s 19 0.0020 0.0086 0.0029 0.0040 0.0151 0.9674 
        036s 19 0.0013 0.4490 0.0003 0.0023 0.0004 0.5468 
        037s 19 0.0003 0.6690 0.0011 0.0004 0.0004 0.3288 
        038s 19 0.0015 0.0153 0.0014 0.0014 0.0018 0.9786 
        039s 19 0.0011 0.2358 0.0009 0.0004 0.0005 0.7613 
        040s 19 0.0324 0.0169 0.0005 0.0004 0.0005 0.9494 
        041s 19 0.0006 0.0197 0.0003 0.0005 0.0004 0.9785 
        042s 19 0.0010 0.0029 0.0084 0.0117 0.0035 0.9726 
        043s 19 0.0022 0.1530 0.0015 0.0004 0.0357 0.8071 
        044s 19 0.0006 0.0689 0.0011 0.0018 0.0004 0.9272 
        045s 19 0.0002 0.0197 0.0009 0.0014 0.0006 0.9772 
        046s 19 0.0013 0.0054 0.0013 0.0045 0.0019 0.9856 
        047s 19 0.0102 0.3319 0.0005 0.0003 0.0007 0.6563 
        048s 19 0.0050 0.0164 0.0016 0.0007 0.0904 0.8859 
        049s 19 0.0077 0.0127 0.0004 0.0061 0.0057 0.9675 
        050s 19 0.0002 0.0131 0.0005 0.0005 0.0022 0.9834 
        051s 19 0.0384 0.4569 0.0008 0.0117 0.0062 0.4859 
        052s 19 0.0009 0.0583 0.0012 0.0007 0.0010 0.9379 
      LIW2-4 20 0.0015 0.0124 0.0021 0.0024 0.0006 0.9809 
     LIW2-12 21 0.0002 0.1081 0.0137 0.0771 0.0015 0.7994 
     LIW2-20 22 0.0006 0.0224 0.0044 0.0012 0.0031 0.9684 
     LIW2-28 23 0.0011 0.0281 0.0020 0.0647 0.0541 0.8500 
      LIW1-5 24 0.0005 0.0034 0.0020 0.0029 0.0011 0.9900 
     LIW1-13 25 0.0115 0.0041 0.0005 0.0175 0.0576 0.9088 
     LIW1-21 26 0.0004 0.0609 0.0067 0.0366 0.0119 0.8834 
     LIW1-29 27 0.0027 0.0088 0.0030 0.0170 0.0214 0.9470 
      LIW2-5 28 0.0009 0.0079 0.0068 0.0022 0.0006 0.9816 
     LIW2-34 29 0.0009 0.0165 0.0088 0.0043 0.0003 0.9693 
     LIW2-21 30 0.0006 0.4896 0.0019 0.0078 0.0953 0.4048 
     LIW2-29 31 0.0061 0.0124 0.0031 0.0019 0.1860 0.7906 
      LIW1-6 32 0.0005 0.0361 0.0010 0.0028 0.0009 0.9587 
     LIW1-14 33 0.0012 0.9107 0.0357 0.0009 0.0478 0.0038 
     LIW1-22 34 0.0006 0.0069 0.0303 0.0073 0.0005 0.9545 
     LIW1-30 35 0.0005 0.0060 0.0009 0.0038 0.0020 0.9868 
      LIW2-6 36 0.0131 0.0229 0.0029 0.0295 0.0023 0.9294 
     LIW2-14 37 0.0005 0.1028 0.0004 0.0071 0.0024 0.8869 
     LIW2-22 38 0.0005 0.0024 0.0009 0.0772 0.0747 0.8443 
     LIW2-30 39 0.0004 0.0500 0.0415 0.0055 0.0006 0.9021 
      LIW1-7 40 0.0009 0.0254 0.0163 0.0503 0.0345 0.8726 
     LIW1-15 41 0.0005 0.1291 0.0046 0.0122 0.0003 0.8532 
     LIW1-23 42 0.0012 0.1213 0.0024 0.0058 0.0050 0.8642 
     LIW1-31 43 0.0009 0.9898 0.0020 0.0030 0.0010 0.0032 
      LIW2-7 44 0.0034 0.0060 0.0070 0.0010 0.0856 0.8969 
     LIW2-15 45 0.0003 0.0424 0.0550 0.0030 0.0010 0.8983 
     LIW2-23 46 0.0061 0.0066 0.0010 0.0861 0.0005 0.8998 
      LIW1-8 47 0.0009 0.0084 0.0011 0.0029 0.0005 0.9863 
     LIW1-16 48 0.0010 0.0059 0.0013 0.0020 0.0004 0.9895 
      LIW2-8 49 0.0005 0.0035 0.0030 0.0026 0.0004 0.9900 
     LIW2-16 50 0.0314 0.6417 0.0044 0.0097 0.3026 0.0103 
     LIW2-24 51 0.0140 0.0135 0.0030 0.0073 0.1800 0.7822 
     LIW2-32 52 0.0020 0.0116 0.0070 0.0510 0.0087 0.9197 
     LIW1-47 53 0.0033 0.5713 0.0019 0.0147 0.0033 0.4054 
      UMFS-1 54 0.0005 0.0003 0.9984 0.0001 0.0002 0.0005 
     UMFS-19 55 0.0002 0.0002 0.9990 0.0002 0.0003 0.0001 
     UMFS-31 56 0.0003 0.0313 0.8095 0.0010 0.0003 0.1576 
      UMFS-2 57 0.0002 0.0120 0.9392 0.0002 0.0002 0.0482 
     UMFS-10 58 0.0006 0.0113 0.8933 0.0007 0.0002 0.0938 
     UMFS-20 59 0.0014 0.0025 0.8430 0.0003 0.0076 0.1452 
     UMFS-32 60 0.0004 0.0004 0.9981 0.0002 0.0004 0.0004 
      UMFS-3 61 0.0001 0.0001 0.9996 0.0001 0.0001 0.0001 
     UMFS-11 62 0.1429 0.6223 0.0003 0.0006 0.2334 0.0004 
     UMFS-21 63 0.0008 0.0249 0.9339 0.0098 0.0215 0.0090 
     UMFS-33 64 0.0000 0.0000 0.9998 0.0000 0.0000 0.0000 
      UMFS-4 65 0.0000 0.0000 0.9998 0.0000 0.0001 0.0000 
     UMFS-22 66 0.0020 0.0170 0.9476 0.0016 0.0011 0.0308 
     UMFS-34 67 0.0022 0.0243 0.5869 0.0839 0.0069 0.2958 
      UMFS-5 68 0.0043 0.0202 0.9172 0.0014 0.0006 0.0562 
     UMFS-13 69 0.0010 0.0007 0.9935 0.0029 0.0006 0.0013 
     UMFS-23 70 0.0034 0.0736 0.7688 0.0007 0.0015 0.1520 
     UMFS-35 71 0.0001 0.0001 0.9993 0.0002 0.0001 0.0001 
      UMFS-6 72 0.0001 0.0001 0.9997 0.0001 0.0001 0.0001 
     UMFS-14 73 0.0000 0.0000 0.9998 0.0000 0.0000 0.0000 
     UMFS-24 74 0.0009 0.0428 0.7508 0.0003 0.0044 0.2008 
     UMFS-36 75 0.0000 0.0001 0.9998 0.0000 0.0001 0.0000 
      UMFS-7 76 0.2664 0.3955 0.0002 0.0679 0.2695 0.0003 
     UMFS-15 77 0.0001 0.0001 0.9997 0.0001 0.0001 0.0001 
     UMFS-25 78 0.0045 0.0050 0.7904 0.0003 0.0025 0.1973 
     UMFS-37 79 0.0001 0.0001 0.9997 0.0001 0.0001 0.0001 
      UMFS-8 80 0.0004 0.0060 0.9821 0.0009 0.0022 0.0085 
     UMFS-16 81 0.0001 0.0001 0.9995 0.0001 0.0001 0.0001 
     UMFS-26 82 0.0027 0.0143 0.4823 0.1370 0.0123 0.3515 
     UMFS-38 83 0.0001 0.0002 0.9994 0.0001 0.0001 0.0001 
      NEH1-2 84 0.0014 0.0009 0.0010 0.9640 0.0319 0.0008 
     NEH1-11 85 0.0012 0.0018 0.0006 0.9473 0.0482 0.0010 
     NEH1-20 86 0.0014 0.0329 0.0071 0.8763 0.0004 0.0819 
     NEH1-29 87 0.0002 0.0009 0.0002 0.9974 0.0005 0.0009 
      NEH2-2 88 0.0001 0.0003 0.0002 0.9987 0.0003 0.0004 
     NEH2-10 89 0.0005 0.0039 0.0003 0.9879 0.0006 0.0069 
     NEH2-18 90 0.0002 0.0001 0.0002 0.9960 0.0033 0.0002 
     NEH2-26 91 0.0004 0.0013 0.0005 0.9934 0.0028 0.0016 
      NEH1-3 92 0.0009 0.0336 0.0002 0.8427 0.0011 0.1215 
     NEH1-12 93 0.0503 0.0005 0.0006 0.9455 0.0029 0.0003 
     NEH1-21 94 0.0310 0.0064 0.0002 0.9373 0.0004 0.0248 
     NEH1-30 95 0.0003 0.0057 0.0003 0.9146 0.0727 0.0064 
      NEH2-3 96 0.0002 0.0001 0.0002 0.9993 0.0001 0.0001 
     NEH2-11 97 0.0003 0.0005 0.0018 0.9635 0.0337 0.0003 
     NEH2-19 98 0.0013 0.0034 0.0040 0.9865 0.0024 0.0023 
     NEH2-27 99 0.0001 0.0001 0.0001 0.9995 0.0001 0.0001 
      NEH1-4 100 0.0001 0.0001 0.0002 0.9960 0.0035 0.0001 
     NEH1-13 101 0.0014 0.2190 0.0010 0.7650 0.0013 0.0122 
     NEH1-22 102 0.0007 0.1499 0.0004 0.7979 0.0004 0.0508 
     NEH1-31 103 0.0001 0.0005 0.0001 0.9955 0.0034 0.0004 
      NEH2-4 104 0.0004 0.0035 0.0030 0.9872 0.0028 0.0030 
     NEH2-12 105 0.0004 0.0005 0.0074 0.9308 0.0605 0.0004 
     NEH2-20 106 0.0002 0.0051 0.0014 0.8005 0.0004 0.1924 
     NEH2-28 107 0.0130 0.0009 0.0006 0.9838 0.0009 0.0008 
      NEH1-5 108 0.0003 0.0734 0.0002 0.8534 0.0242 0.0485 
     NEH1-14 109 0.0109 0.1477 0.0007 0.7614 0.0598 0.0195 
     NEH1-23 110 0.0002 0.0074 0.0058 0.7672 0.0005 0.2189 
     NEH1-32 111 0.0028 0.0012 0.0003 0.9934 0.0017 0.0006 
      NEH2-5 112 0.0001 0.0002 0.0002 0.9992 0.0002 0.0002 
     NEH2-13 113 0.0007 0.0013 0.0003 0.9700 0.0268 0.0009 
     NEH2-22 114 0.0005 0.0006 0.0009 0.9967 0.0006 0.0008 
     NEH2-29 115 0.0005 0.0240 0.0005 0.9505 0.0003 0.0242 
      NEH1-6 116 0.0003 0.0001 0.0001 0.9990 0.0002 0.0002 
     NEH1-15 117 0.0391 0.0014 0.0002 0.9533 0.0039 0.0021 
     NEH1-24 118 0.0175 0.0005 0.0013 0.9794 0.0005 0.0008 
     NEH1-33 119 0.0003 0.0137 0.0004 0.8694 0.0008 0.1154 
      NEH2-6 120 0.0006 0.0052 0.0076 0.9765 0.0005 0.0096 
     NEH2-14 121 0.0018 0.0047 0.0006 0.9874 0.0026 0.0030 
     NEH2-21 122 0.0003 0.0160 0.0011 0.9501 0.0005 0.0320 
     NEH2-30 123 0.0001 0.0002 0.0002 0.9991 0.0002 0.0002 
      NEH1-7 124 0.0024 0.0376 0.0006 0.8384 0.0996 0.0214 
     NEH1-16 125 0.0003 0.0004 0.0002 0.9986 0.0003 0.0003 
     NEH1-25 126 0.0004 0.1153 0.0023 0.8710 0.0005 0.0104 
     NEH1-34 127 0.0011 0.0220 0.0007 0.9263 0.0224 0.0275 
      NEH2-7 128 0.0008 0.0031 0.0043 0.9887 0.0016 0.0014 
     NEH2-15 129 0.0001 0.0001 0.0001 0.9996 0.0001 0.0001 
     NEH2-23 130 0.0047 0.0065 0.0014 0.9337 0.0474 0.0063 
     NEH2-31 131 0.0002 0.0001 0.0002 0.9992 0.0001 0.0002 
      NEH1-8 132 0.0016 0.0894 0.0002 0.8258 0.0790 0.0040 
     NEH1-17 133 0.0023 0.0008 0.0004 0.8812 0.1147 0.0006 
     NEH1-26 134 0.0024 0.0767 0.0019 0.8476 0.0005 0.0711 
     NEH1-35 135 0.0008 0.0478 0.0004 0.8089 0.0045 0.1376 
      NEH2-8 136 0.0001 0.0001 0.0001 0.9995 0.0001 0.0001 
     NEH2-16 137 0.0010 0.0008 0.0009 0.9965 0.0003 0.0005 
     NEH2-24 138 0.0001 0.0002 0.0006 0.9988 0.0001 0.0001 
     NEH2-32 139 0.0011 0.0005 0.0004 0.9246 0.0732 0.0002 
      NEH1-1 140 0.0002 0.0003 0.0008 0.8794 0.1188 0.0005 
     NEH1-10 141 0.0006 0.0003 0.0001 0.9985 0.0003 0.0002 
     NEH1-19 142 0.0024 0.0976 0.0003 0.8736 0.0011 0.0250 
     NEH1-28 143 0.0030 0.0007 0.0002 0.9493 0.0460 0.0007 
      NEH2-1 144 0.0003 0.0011 0.0003 0.9765 0.0211 0.0007 
      NEH2-9 145 0.0003 0.0004 0.0003 0.9984 0.0002 0.0004 
     NEH2-17 146 0.0350 0.0022 0.0004 0.9588 0.0012 0.0024 
     NEH2-25 147 0.0001 0.0002 0.0001 0.9691 0.0302 0.0003 
      LIW1-1 148 0.0028 0.0054 0.0082 0.1004 0.0870 0.7963 
      LIW1-9 149 0.0699 0.0130 0.0011 0.0713 0.0892 0.7554 
     LIW1-17 150 0.0003 0.9486 0.0012 0.0459 0.0005 0.0036 
     LIW1-25 151 0.0011 0.0025 0.0101 0.0018 0.0002 0.9843 
      LIW2-9 152 0.0055 0.0052 0.0020 0.0020 0.0499 0.9355 
     LIW2-17 153 0.0019 0.0046 0.0012 0.0035 0.0008 0.9880 
     LIW2-25 154 0.0003 0.9913 0.0025 0.0026 0.0010 0.0024 
      LIW1-2 155 0.0003 0.0025 0.0014 0.0133 0.0037 0.9788 
     LIW1-10 156 0.0012 0.0132 0.0045 0.0038 0.0058 0.9714 
     LIW1-18 157 0.0005 0.9805 0.0022 0.0046 0.0032 0.0091 
     LIW1-26 158 0.0026 0.0130 0.0010 0.0242 0.0003 0.9588 
      LIW2-2 159 0.0006 0.0055 0.0040 0.0044 0.0003 0.9853 
     LIW2-10 160 0.0004 0.5017 0.0008 0.0010 0.0030 0.4930 
     LIW2-18 161 0.0094 0.0080 0.0081 0.0616 0.0087 0.9042 
     LIW2-26 162 0.0010 0.0222 0.0491 0.0016 0.0007 0.9253 
      LIW1-3 163 0.0005 0.9027 0.0400 0.0147 0.0061 0.0360 
     LIW1-11 164 0.0019 0.0654 0.0069 0.0060 0.0109 0.9089 
     LIW1-19 165 0.0024 0.0422 0.0073 0.0664 0.0445 0.8372 
     LIW1-27 166 0.0004 0.9895 0.0010 0.0004 0.0055 0.0032 
      LIW2-3 167 0.0085 0.0195 0.0094 0.0030 0.0027 0.9569 
     LIW2-11 168 0.0003 0.0028 0.0010 0.0010 0.0005 0.9945 
     LIW2-19 169 0.0007 0.0083 0.0010 0.0290 0.0013 0.9597 
     LIW2-27 170 0.0004 0.0333 0.0086 0.0189 0.0004 0.9383 
      LIW1-4 171 0.0013 0.0616 0.0017 0.0075 0.0004 0.9275 
     LIW1-12 172 0.0017 0.0463 0.0370 0.0037 0.0222 0.8892 
     LIW1-20 173 0.0023 0.9786 0.0006 0.0013 0.0008 0.0164 
     LIW1-28 174 0.0008 0.0049 0.0032 0.0116 0.0042 0.9754 
        001s 175 0.0150 0.1382 0.0005 0.0014 0.0004 0.8446 
        002s 175 0.0008 0.0084 0.0003 0.0011 0.0845 0.9048 
        003s 175 0.0005 0.9897 0.0007 0.0005 0.0003 0.0083 
        004s 175 0.0046 0.0543 0.0039 0.0009 0.0203 0.9159 
        005s 175 0.0005 0.0245 0.0029 0.0016 0.0025 0.9680 
        006s 175 0.0021 0.7897 0.0088 0.0008 0.1597 0.0390 
        007s 175 0.0003 0.0187 0.0005 0.0007 0.0007 0.9791 
        008s 175 0.0011 0.0034 0.0020 0.0005 0.0015 0.9914 
        009s 175 0.0012 0.0086 0.0021 0.0012 0.1177 0.8692 
        010s 175 0.0012 0.9777 0.0003 0.0009 0.0006 0.0194 
        011s 175 0.0006 0.0999 0.0006 0.0014 0.0043 0.8932 
        012s 175 0.0054 0.0113 0.0005 0.0004 0.0003 0.9821 
        013s 175 0.0005 0.0251 0.0005 0.0002 0.0056 0.9681 
        014s 175 0.0008 0.0031 0.0007 0.0003 0.0919 0.9033 
        015s 175 0.0011 0.0093 0.0005 0.0017 0.0008 0.9866 
        016s 175 0.0006 0.0016 0.0005 0.0003 0.0440 0.9531 
        017s 175 0.0089 0.9637 0.0008 0.0040 0.0009 0.0216 
        018s 175 0.0009 0.0088 0.0077 0.0011 0.0039 0.9776 
        019s 175 0.0009 0.0017 0.0202 0.0051 0.0009 0.9712 
        020s 175 0.0009 0.6395 0.0007 0.0005 0.0006 0.3578 
        021s 175 0.0017 0.0037 0.0006 0.0025 0.0005 0.9910 
        022s 175 0.0459 0.0021 0.0004 0.0030 0.0004 0.9483 
        023s 175 0.0061 0.0040 0.0062 0.0030 0.0022 0.9785 
        024s 175 0.0044 0.0594 0.0007 0.0005 0.0265 0.9084 
        025s 175 0.0127 0.0025 0.0045 0.0005 0.0237 0.9560 
        026s 175 0.0007 0.0026 0.0005 0.0011 0.0078 0.9873 
        027s 175 0.0018 0.0441 0.0010 0.0017 0.0009 0.9506 
        028s 175 0.0004 0.0246 0.0005 0.0596 0.0013 0.9137 
        029s 175 0.0009 0.0369 0.0017 0.0005 0.0005 0.9595 
        030s 175 0.0014 0.0038 0.0006 0.0019 0.1085 0.8838 
        031s 175 0.0015 0.0245 0.0088 0.0004 0.0010 0.9639 
        032s 175 0.0006 0.9662 0.0027 0.0141 0.0010 0.0154 
        033s 175 0.0043 0.0077 0.0027 0.0007 0.0142 0.9704 
        034s 175 0.0007 0.9889 0.0003 0.0003 0.0027 0.0070 
        035s 175 0.0007 0.9939 0.0006 0.0004 0.0020 0.0025 
        036s 175 0.0006 0.0182 0.0041 0.0006 0.0005 0.9759 
        037s 175 0.0122 0.0906 0.0003 0.0141 0.0003 0.8826 
        038s 175 0.0016 0.0148 0.0003 0.0008 0.0100 0.9725 
        039s 175 0.0008 0.1456 0.0010 0.0026 0.0020 0.8480 
        040s 175 0.0008 0.0033 0.0006 0.0017 0.0007 0.9930 
        041s 175 0.0007 0.9936 0.0007 0.0008 0.0008 0.0034 
        042s 175 0.0021 0.0033 0.0162 0.0013 0.0009 0.9762 
        043s 175 0.0011 0.0062 0.0007 0.0028 0.0035 0.9857 
        044s 175 0.0004 0.7245 0.0004 0.0010 0.0010 0.2727 
        045s 175 0.0009 0.0200 0.0008 0.0006 0.0822 0.8955 
        046s 175 0.0012 0.2999 0.0010 0.0021 0.0010 0.6949 
        047s 175 0.0007 0.0465 0.0054 0.0077 0.0006 0.9392 
        048s 175 0.0020 0.0041 0.0011 0.0005 0.0028 0.9895 
        049s 175 0.0007 0.0196 0.0015 0.0008 0.0523 0.9251 
        050s 175 0.0004 0.0113 0.0011 0.0826 0.0771 0.8275 
        001s 176 0.0188 0.9580 0.0027 0.0005 0.0186 0.0014 
        002s 176 0.0075 0.0073 0.0003 0.0028 0.0024 0.9796 
        003s 176 0.0003 0.0040 0.0008 0.0012 0.0036 0.9901 
        004s 176 0.0007 0.0183 0.0023 0.0020 0.0024 0.9743 
        005s 176 0.0003 0.0031 0.0005 0.0244 0.0010 0.9706 
        006s 176 0.0042 0.0099 0.0022 0.0006 0.0004 0.9827 
        007s 176 0.0012 0.0012 0.0017 0.0006 0.0855 0.9098 
        008s 176 0.0009 0.0470 0.0014 0.0002 0.0005 0.9501 
        009s 176 0.0005 0.1187 0.0009 0.0077 0.0005 0.8717 
        010s 176 0.0005 0.5843 0.0009 0.0006 0.0010 0.4129 
        011s 176 0.0026 0.0043 0.0006 0.0040 0.0003 0.9883 
        012s 176 0.0011 0.1133 0.0007 0.0013 0.0740 0.8096 
        013s 176 0.0042 0.7133 0.0012 0.0026 0.0020 0.2767 
        014s 176 0.0076 0.0043 0.0012 0.0004 0.0008 0.9857 
        015s 176 0.0004 0.0307 0.0068 0.0013 0.0020 0.9589 
        016s 176 0.0003 0.0343 0.0058 0.0009 0.0014 0.9573 
        017s 176 0.0003 0.0021 0.0007 0.0004 0.0002 0.9963 
        018s 176 0.0005 0.0439 0.0016 0.0102 0.0005 0.9433 
        019s 176 0.0184 0.0991 0.0010 0.0006 0.0135 0.8674 
        020s 176 0.0006 0.0717 0.0009 0.0012 0.0037 0.9219 
        021s 176 0.0031 0.0063 0.0009 0.0011 0.0012 0.9875 
        022s 176 0.0153 0.0102 0.0015 0.0006 0.0002 0.9721 
        023s 176 0.0030 0.0120 0.0770 0.0002 0.0004 0.9074 
        024s 176 0.0186 0.9756 0.0008 0.0007 0.0008 0.0034 
        025s 176 0.0031 0.0141 0.0020 0.0026 0.0042 0.9740 
        026s 176 0.0102 0.0070 0.0009 0.0019 0.0017 0.9784 
        027s 176 0.0003 0.0020 0.0005 0.0009 0.0005 0.9958 
        028s 176 0.0020 0.0073 0.0010 0.0008 0.0007 0.9882 
        029s 176 0.0080 0.0042 0.0008 0.0027 0.0002 0.9842 
        030s 176 0.0011 0.9349 0.0006 0.0002 0.0534 0.0098 
        031s 176 0.0021 0.0123 0.0006 0.0011 0.0050 0.9790 
        032s 176 0.0009 0.5886 0.0008 0.0154 0.0440 0.3502 
        033s 176 0.0362 0.5772 0.0036 0.0155 0.0729 0.2947 
        034s 176 0.0005 0.0126 0.0002 0.0006 0.0013 0.9848 
        035s 176 0.0006 0.0063 0.0005 0.0619 0.0237 0.9070 
        036s 176 0.0018 0.0083 0.0004 0.0006 0.0003 0.9885 
        037s 176 0.0036 0.0012 0.0020 0.0153 0.0596 0.9183 
        038s 176 0.0010 0.0086 0.0012 0.0006 0.0008 0.9879 
        039s 176 0.0007 0.2732 0.0005 0.0004 0.0005 0.7247 
        040s 176 0.0003 0.0054 0.0003 0.0009 0.0007 0.9925 
        041s 176 0.0006 0.0169 0.0052 0.0006 0.0012 0.9754 
        042s 176 0.0006 0.0057 0.0011 0.0004 0.0004 0.9919 
        043s 176 0.0231 0.0027 0.0024 0.0048 0.0016 0.9655 
        044s 176 0.0008 0.9876 0.0003 0.0003 0.0009 0.0101 
        045s 176 0.0023 0.0048 0.0009 0.0008 0.0067 0.9845 
        046s 176 0.0006 0.0022 0.0006 0.0004 0.0016 0.9946 
        047s 176 0.0012 0.0606 0.0057 0.0012 0.0003 0.9311 
        048s 176 0.0021 0.9817 0.0077 0.0005 0.0011 0.0069 
        050s 176 0.0005 0.0056 0.0004 0.0090 0.0019 0.9826 
        001s 177 0.0036 0.6111 0.0092 0.0084 0.0348 0.3329 
        002s 177 0.0004 0.4199 0.0004 0.0012 0.0005 0.5776 
        003s 177 0.0046 0.3914 0.0438 0.0066 0.0174 0.5362 
        004s 177 0.0022 0.0056 0.0004 0.0015 0.0004 0.9900 
        005s 177 0.0005 0.3157 0.0006 0.0004 0.0046 0.6782 
        006s 177 0.0003 0.0604 0.0015 0.0017 0.0284 0.9077 
        007s 177 0.0007 0.5309 0.0004 0.0006 0.0068 0.4605 
        008s 177 0.0473 0.7884 0.0083 0.0013 0.1029 0.0517 
        009s 177 0.0006 0.0190 0.0007 0.0010 0.0003 0.9785 
        010s 177 0.0020 0.0041 0.0013 0.0007 0.0209 0.9709 
        011s 177 0.0010 0.0400 0.0003 0.0004 0.0009 0.9575 
        012s 177 0.0004 0.0040 0.0005 0.0007 0.0053 0.9892 
        013s 177 0.0009 0.0265 0.0066 0.0018 0.0008 0.9635 
        014s 177 0.0004 0.0193 0.0012 0.0018 0.0607 0.9166 
        015s 177 0.0040 0.0139 0.0007 0.0024 0.0009 0.9781 
        016s 177 0.0002 0.9974 0.0005 0.0002 0.0003 0.0014 
        017s 177 0.0377 0.0054 0.0011 0.0009 0.0027 0.9524 
        018s 177 0.0006 0.9844 0.0032 0.0003 0.0081 0.0035 
        019s 177 0.0008 0.0414 0.0005 0.0044 0.0009 0.9520 
        020s 177 0.0011 0.0057 0.0009 0.0026 0.0016 0.9882 
        021s 177 0.0005 0.9589 0.0005 0.0018 0.0003 0.0379 
        022s 177 0.0033 0.1746 0.0004 0.0150 0.0029 0.8037 
        023s 177 0.0503 0.0076 0.0022 0.0012 0.0003 0.9385 
        024s 177 0.0006 0.0028 0.0005 0.0020 0.0008 0.9932 
        025s 177 0.0020 0.0099 0.0006 0.0006 0.0012 0.9857 
        026s 177 0.0003 0.0055 0.0005 0.0028 0.0016 0.9892 
        027s 177 0.0006 0.0107 0.0010 0.0010 0.0006 0.9862 
        028s 177 0.0005 0.0648 0.0017 0.0010 0.0005 0.9315 
        029s 177 0.0419 0.0042 0.0002 0.0016 0.0377 0.9143 
        030s 177 0.0010 0.0132 0.0018 0.0021 0.0148 0.9672 
        031s 177 0.0017 0.4538 0.0011 0.0108 0.0004 0.5322 
        032s 177 0.0025 0.6919 0.0004 0.0004 0.0130 0.2918 
        033s 177 0.0003 0.0076 0.0004 0.0027 0.0011 0.9879 
        034s 177 0.0008 0.0230 0.0005 0.0008 0.0014 0.9735 
        035s 177 0.0003 0.0074 0.0009 0.0003 0.0004 0.9907 
        036s 177 0.0072 0.0025 0.0004 0.0585 0.0021 0.9293 
        037s 177 0.0088 0.0317 0.0005 0.0034 0.0106 0.9449 
        038s 177 0.0017 0.2858 0.0021 0.0011 0.0087 0.7005 
        039s 177 0.0007 0.8888 0.0052 0.0018 0.0010 0.1024 
        040s 177 0.0405 0.0042 0.0003 0.0013 0.0010 0.9527 
        041s 177 0.0241 0.7942 0.0002 0.0004 0.0703 0.1109 
        042s 177 0.0006 0.9397 0.0013 0.0005 0.0417 0.0162 
        043s 177 0.0002 0.3502 0.0005 0.0004 0.0004 0.6482 
        044s 177 0.0008 0.0462 0.0004 0.0008 0.0011 0.9508 
        045s 177 0.0016 0.0083 0.0072 0.0021 0.0167 0.9641 
        046s 177 0.0030 0.0155 0.0006 0.0007 0.0004 0.9798 
        047s 177 0.0021 0.0839 0.0011 0.0028 0.0007 0.9095 
        048s 177 0.0162 0.0521 0.0005 0.0005 0.0007 0.9300 
        049s 177 0.0153 0.9693 0.0003 0.0009 0.0046 0.0095 
        050s 177 0.0011 0.0504 0.0051 0.0005 0.0003 0.9426 
        001s 178 0.0006 0.7691 0.0012 0.0011 0.0581 0.1699 
        002s 178 0.0021 0.0624 0.0006 0.0029 0.0024 0.9297 
        003s 178 0.0012 0.0086 0.0014 0.0009 0.0049 0.9831 
        004s 178 0.0007 0.0109 0.0120 0.0005 0.0031 0.9728 
        005s 178 0.0011 0.0015 0.0015 0.0004 0.0007 0.9949 
        006s 178 0.0039 0.0069 0.0185 0.0557 0.0408 0.8742 
        007s 178 0.0050 0.0171 0.0005 0.0008 0.0003 0.9763 
        008s 178 0.0004 0.8961 0.0014 0.0006 0.0970 0.0044 
        009s 178 0.0103 0.0041 0.0018 0.0022 0.0008 0.9809 
        010s 178 0.0004 0.0022 0.0004 0.0009 0.0009 0.9953 
        011s 178 0.0008 0.9484 0.0008 0.0010 0.0006 0.0485 
        012s 178 0.0008 0.0863 0.0005 0.0004 0.0020 0.9099 
        013s 178 0.0003 0.9486 0.0054 0.0039 0.0003 0.0414 
        014s 178 0.0008 0.0188 0.0005 0.0109 0.0500 0.9191 
        015s 178 0.0009 0.0068 0.0008 0.0005 0.0042 0.9869 
        016s 178 0.0022 0.9749 0.0043 0.0017 0.0027 0.0143 
        017s 178 0.0007 0.0027 0.0012 0.0028 0.0529 0.9397 
        018s 178 0.0008 0.3455 0.0010 0.0017 0.0020 0.6489 
        019s 178 0.0007 0.0568 0.0003 0.0004 0.0020 0.9398 
        020s 178 0.0004 0.0176 0.0011 0.0002 0.0008 0.9799 
        021s 178 0.0103 0.0065 0.0010 0.0008 0.0050 0.9764 
        022s 178 0.0009 0.0037 0.0005 0.0004 0.0012 0.9933 
        023s 178 0.0067 0.0331 0.0006 0.0290 0.0874 0.8432 
        024s 178 0.0003 0.0079 0.0007 0.0009 0.0009 0.9894 
        025s 178 0.0004 0.9546 0.0004 0.0005 0.0401 0.0040 
        026s 178 0.0011 0.0035 0.0023 0.0007 0.0003 0.9921 
        027s 178 0.0033 0.6740 0.0018 0.0007 0.0248 0.2953 
        028s 178 0.0427 0.0488 0.0080 0.0072 0.0010 0.8924 
        029s 178 0.0244 0.8412 0.0004 0.0008 0.0002 0.1330 
        030s 178 0.0073 0.0192 0.0005 0.0050 0.0019 0.9661 
        031s 178 0.0004 0.0184 0.0234 0.0003 0.0002 0.9574 
        032s 178 0.0008 0.0067 0.0018 0.0006 0.0003 0.9898 
        033s 178 0.0046 0.0269 0.0020 0.0005 0.0223 0.9439 
        034s 178 0.0003 0.7228 0.0008 0.0005 0.0004 0.2751 
        035s 178 0.0004 0.0033 0.0010 0.0027 0.0010 0.9917 
        036s 178 0.0007 0.0066 0.0005 0.0006 0.0002 0.9914 
        037s 178 0.0003 0.0054 0.0004 0.0054 0.0006 0.9879 
        039s 178 0.0168 0.0024 0.0012 0.0071 0.0028 0.9698 
        040s 178 0.0008 0.2642 0.0014 0.0032 0.0858 0.6446 
        041s 178 0.0029 0.0066 0.0007 0.0008 0.0002 0.9888 
        042s 178 0.0021 0.0830 0.0156 0.0042 0.0333 0.8617 
        043s 178 0.0187 0.0045 0.0410 0.0085 0.0041 0.9233 
        044s 178 0.0888 0.8532 0.0002 0.0016 0.0034 0.0527 
        045s 178 0.0014 0.0068 0.0007 0.0010 0.0008 0.9892 
        046s 178 0.0011 0.0076 0.0009 0.0004 0.0009 0.9891 
        047s 178 0.0094 0.0110 0.0012 0.0008 0.0029 0.9746 
        048s 178 0.0018 0.9254 0.0017 0.0183 0.0136 0.0391 
        049s 178 0.0035 0.0188 0.0004 0.0042 0.0026 0.9706 
        050s 178 0.0123 0.0251 0.0098 0.0042 0.0738 0.8748 
          01 179 0.0225 0.0092 0.0005 0.0172 0.0449 0.9057 
          02 179 0.0010 0.1425 0.0012 0.0019 0.0008 0.8527 
          03 179 0.0075 0.0106 0.0002 0.0007 0.1332 0.8478 
          04 179 0.0022 0.0272 0.0005 0.0074 0.0017 0.9611 
          05 179 0.0011 0.9411 0.0024 0.0008 0.0421 0.0126 
          06 179 0.0002 0.0031 0.0087 0.0004 0.0053 0.9823 
          07 179 0.0015 0.2687 0.0003 0.0063 0.0008 0.7223 
          08 179 0.0009 0.0076 0.0018 0.0060 0.0004 0.9833 
          09 179 0.0003 0.0082 0.0005 0.0008 0.0008 0.9894 
          10 179 0.0007 0.9461 0.0004 0.0039 0.0141 0.0348 
          11 179 0.0013 0.9384 0.0003 0.0003 0.0582 0.0015 
          12 179 0.0002 0.9893 0.0021 0.0022 0.0014 0.0047 
          13 179 0.0018 0.0034 0.0024 0.0004 0.0003 0.9917 
          14 179 0.0008 0.0088 0.0008 0.0033 0.1149 0.8714 
          15 179 0.0065 0.9901 0.0005 0.0006 0.0008 0.0014 
          16 179 0.0008 0.0032 0.0024 0.0009 0.0285 0.9642 
          17 179 0.0006 0.0032 0.0011 0.0183 0.0015 0.9754 
          18 179 0.0005 0.0094 0.0013 0.0032 0.0008 0.9847 
          19 179 0.0035 0.9768 0.0018 0.0006 0.0041 0.0132 
          20 179 0.0024 0.0155 0.0016 0.0903 0.0422 0.8479 
          21 179 0.0003 0.0039 0.0003 0.0007 0.0001 0.9947 
          22 179 0.0006 0.6988 0.0178 0.0008 0.0242 0.2578 
          23 179 0.0005 0.0164 0.0007 0.0005 0.0024 0.9795 
        001s 180 0.0011 0.0023 0.0007 0.0281 0.0427 0.9250 
        002s 180 0.0007 0.6905 0.0004 0.0014 0.0009 0.3062 
        003s 180 0.0006 0.8901 0.0037 0.0016 0.0011 0.1031 
        004s 180 0.0010 0.9773 0.0004 0.0004 0.0004 0.0205 
        005s 180 0.0022 0.0079 0.0003 0.0219 0.0044 0.9633 
        006s 180 0.0014 0.0118 0.0009 0.0007 0.1016 0.8836 
        007s 180 0.0009 0.0157 0.0006 0.0006 0.0004 0.9818 
        008s 180 0.0011 0.0109 0.0005 0.0004 0.0016 0.9855 
        009s 180 0.0003 0.4046 0.0010 0.0009 0.0027 0.5905 
        010s 180 0.0004 0.0052 0.0085 0.0006 0.0012 0.9842 
        011s 180 0.0010 0.4969 0.0004 0.0006 0.0008 0.5004 
        012s 180 0.0009 0.0227 0.0009 0.0006 0.0094 0.9655 
        013s 180 0.0011 0.0364 0.0023 0.0046 0.0008 0.9549 
        014s 180 0.0006 0.3481 0.0004 0.0015 0.0156 0.6339 
        015s 180 0.0004 0.6181 0.0004 0.0014 0.0011 0.3786 
        016s 180 0.0008 0.0451 0.0018 0.0131 0.0422 0.8970 
        017s 180 0.0009 0.2555 0.0007 0.0008 0.0008 0.7413 
        018s 180 0.0009 0.6421 0.0011 0.0007 0.0799 0.2752 
        019s 180 0.0008 0.0233 0.0007 0.0012 0.0014 0.9727 
        020s 180 0.0020 0.0054 0.0022 0.0073 0.0011 0.9819 
        021s 180 0.0007 0.0539 0.0010 0.0024 0.0032 0.9388 
        022s 180 0.0008 0.9838 0.0002 0.0008 0.0036 0.0107 
        023s 180 0.0002 0.9902 0.0003 0.0025 0.0005 0.0063 
        024s 180 0.0004 0.0024 0.0007 0.0053 0.0195 0.9717 
        025s 180 0.0034 0.9535 0.0009 0.0004 0.0027 0.0391 
        026s 180 0.0040 0.0051 0.0039 0.0006 0.0010 0.9853 
        027s 180 0.0008 0.0084 0.0007 0.0008 0.0072 0.9821 
        028s 180 0.0017 0.0111 0.0011 0.0013 0.0017 0.9831 
        029s 180 0.0020 0.0049 0.0052 0.0598 0.0067 0.9216 
        030s 180 0.0035 0.0277 0.0074 0.0004 0.0005 0.9605 
        031s 180 0.0005 0.5474 0.0004 0.0013 0.0006 0.4498 
        032s 180 0.0019 0.0901 0.0207 0.0007 0.0013 0.8853 
        033s 180 0.0006 0.0113 0.0039 0.0003 0.0071 0.9768 
        034s 180 0.0045 0.0052 0.0013 0.0005 0.0016 0.9869 
        035s 180 0.0006 0.0118 0.0012 0.0146 0.0235 0.9484 
        036s 180 0.0003 0.0169 0.0043 0.0008 0.0007 0.9769 
        037s 180 0.0006 0.0078 0.0045 0.0013 0.0020 0.9838 
        038s 180 0.0012 0.0027 0.0010 0.0003 0.0015 0.9934 
        039s 180 0.0024 0.0094 0.0008 0.0013 0.0007 0.9853 
        041s 180 0.0012 0.0084 0.0004 0.0003 0.0005 0.9892 
        042s 180 0.0016 0.0203 0.0011 0.0087 0.0009 0.9673 
        043s 180 0.0017 0.0132 0.0083 0.0020 0.0028 0.9719 
        044s 180 0.0004 0.0069 0.0011 0.0006 0.0008 0.9903 
        045s 180 0.0324 0.1610 0.0016 0.0019 0.0004 0.8027 
        046s 180 0.0032 0.0855 0.0016 0.0017 0.0049 0.9030 
        047s 180 0.0006 0.5359 0.0013 0.0010 0.0230 0.4383 
        048s 180 0.0010 0.9706 0.0004 0.0008 0.0005 0.0267 
        049s 180 0.0015 0.0028 0.0012 0.0004 0.0004 0.9938 
        050s 180 0.0025 0.0196 0.0027 0.0005 0.0003 0.9745 
         001 181 0.7967 0.0001 0.0004 0.0001 0.2024 0.0002 
         002 181 0.9997 0.0001 0.0001 0.0001 0.0001 0.0001 
         003 181 0.9997 0.0001 0.0001 0.0001 0.0001 0.0001 
         004 181 0.7651 0.0043 0.0031 0.0003 0.2221 0.0051 
         005 181 0.8549 0.0012 0.0003 0.0029 0.1350 0.0057 
         006 181 0.9997 0.0001 0.0001 0.0001 0.0001 0.0001 
         007 181 0.9997 0.0001 0.0001 0.0001 0.0001 0.0001 
         008 181 0.9991 0.0001 0.0002 0.0001 0.0004 0.0001 
         009 181 0.9998 0.0000 0.0000 0.0000 0.0000 0.0000 
         010 181 0.8188 0.0002 0.0514 0.0002 0.1293 0.0002 
         011 181 0.9996 0.0001 0.0001 0.0001 0.0001 0.0001 
         012 181 0.8544 0.0002 0.0002 0.0030 0.1420 0.0001 
         013 181 0.8874 0.0020 0.0006 0.0004 0.1068 0.0028 
         014 181 0.8550 0.0003 0.0001 0.0003 0.1440 0.0003 
         015 181 0.9997 0.0001 0.0001 0.0000 0.0001 0.0000 
         016 181 0.8614 0.0016 0.0002 0.0006 0.1356 0.0007 
         017 181 0.9997 0.0000 0.0001 0.0000 0.0001 0.0000 
         018 181 0.8019 0.0004 0.0006 0.0002 0.1963 0.0005 
         019 181 0.8430 0.0262 0.0001 0.0006 0.1292 0.0009 
         020 181 0.9998 0.0000 0.0000 0.0000 0.0000 0.0001 
         021 181 0.9997 0.0001 0.0000 0.0000 0.0001 0.0001 
         022 181 0.9998 0.0000 0.0000 0.0000 0.0001 0.0000 
         023 181 0.9996 0.0001 0.0001 0.0001 0.0001 0.0001 
         024 181 0.9706 0.0121 0.0016 0.0015 0.0004 0.0138 
         025 181 0.9649 0.0002 0.0001 0.0001 0.0344 0.0003 
         026 181 0.9997 0.0001 0.0000 0.0001 0.0001 0.0001 
         027 181 0.9998 0.0000 0.0000 0.0000 0.0000 0.0000 
         028 181 0.9998 0.0000 0.0000 0.0000 0.0000 0.0000 
         029 181 0.9994 0.0001 0.0001 0.0001 0.0002 0.0001 
         030 181 0.9995 0.0001 0.0001 0.0001 0.0001 0.0001 
         001 182 0.5589 0.0001 0.0001 0.0001 0.4407 0.0001 
         002 182 0.5070 0.0006 0.0003 0.0002 0.4916 0.0004 
         003 182 0.4529 0.0003 0.0614 0.0002 0.4847 0.0005 
         004 182 0.4609 0.0001 0.0001 0.0002 0.5384 0.0002 
         005 182 0.5093 0.0012 0.0019 0.0001 0.4856 0.0018 
         006 182 0.4026 0.1112 0.0002 0.0015 0.4830 0.0014 
         007 182 0.4551 0.0007 0.0207 0.0003 0.5222 0.0009 
         008 182 0.5158 0.0007 0.0006 0.0001 0.4817 0.0011 
         009 182 0.5236 0.0003 0.0007 0.0002 0.4750 0.0003 
         010 182 0.4272 0.1002 0.0005 0.0003 0.4705 0.0013 
         011 182 0.4250 0.0002 0.0001 0.0001 0.5742 0.0004 
         012 182 0.4779 0.0819 0.0003 0.0005 0.4381 0.0014 
         013 182 0.3534 0.0007 0.0004 0.0009 0.6436 0.0011 
         014 182 0.3969 0.0090 0.0004 0.0037 0.5104 0.0797 
         015 182 0.5600 0.0001 0.0001 0.0001 0.4395 0.0002 
         016 182 0.4912 0.0002 0.0005 0.0001 0.5076 0.0003 
         017 182 0.5156 0.0460 0.0003 0.0002 0.4187 0.0191 
         018 182 0.5511 0.0003 0.0002 0.0001 0.4481 0.0002 
         019 182 0.5357 0.0001 0.0001 0.0001 0.4635 0.0003 
         020 182 0.5929 0.0001 0.0001 0.0001 0.4068 0.0001 
         021 182 0.4424 0.0013 0.0712 0.0008 0.4820 0.0022 
         022 182 0.5578 0.0003 0.0003 0.0002 0.4411 0.0003 
         023 182 0.4362 0.0002 0.0001 0.0002 0.5631 0.0002 
         024 182 0.4030 0.0002 0.0002 0.0001 0.5964 0.0002 
         025 182 0.5395 0.0002 0.0005 0.0001 0.4594 0.0003 
         026 182 0.4875 0.0002 0.0002 0.0001 0.5120 0.0001 
         027 182 0.5035 0.0003 0.0002 0.0012 0.4945 0.0004 
         028 182 0.4607 0.0003 0.0003 0.0002 0.5384 0.0002 
         029 182 0.4550 0.0004 0.0057 0.0010 0.5369 0.0011 
         030 182 0.5381 0.0001 0.0002 0.0001 0.4614 0.0002 
          10 183 0.0004 0.0063 0.0015 0.0026 0.0003 0.9888 
          11 183 0.0001 0.0126 0.0004 0.0722 0.0020 0.9128 
          12 183 0.0003 0.0196 0.0013 0.0068 0.0004 0.9715 
          13 183 0.0092 0.0054 0.0007 0.0005 0.0283 0.9559 
          14 183 0.0004 0.0179 0.0236 0.0124 0.0002 0.9455 
          15 183 0.0016 0.0745 0.0007 0.0375 0.0072 0.8785 
          16 183 0.0407 0.0504 0.0028 0.0011 0.0073 0.8978 
          17 183 0.0016 0.0049 0.0004 0.0028 0.0005 0.9897 
          18 183 0.0004 0.2358 0.0007 0.0012 0.0004 0.7615 
          19 183 0.0003 0.1599 0.0003 0.0014 0.0003 0.8378 
          20 183 0.0017 0.0056 0.0011 0.0007 0.0315 0.9594 
          21 183 0.0007 0.0326 0.0001 0.0161 0.0013 0.9492 
          22 183 0.0013 0.8656 0.0031 0.0243 0.0027 0.1031 
          23 183 0.0183 0.0079 0.0053 0.0005 0.0009 0.9671 
          24 183 0.0002 0.9748 0.0007 0.0132 0.0002 0.0109 
          25 183 0.0006 0.0113 0.0009 0.0110 0.0013 0.9749 
          26 183 0.0012 0.9943 0.0006 0.0007 0.0008 0.0023 
          27 183 0.0008 0.0082 0.0002 0.0065 0.0507 0.9336 
          28 183 0.0004 0.0397 0.0005 0.0220 0.0064 0.9310 
          29 183 0.3851 0.2825 0.0003 0.0161 0.2953 0.0207 
          30 183 0.3875 0.0320 0.0006 0.0655 0.4469 0.0675 
          31 183 0.0012 0.0340 0.0004 0.0062 0.0006 0.9576 
          32 183 0.0002 0.0075 0.0011 0.0003 0.0003 0.9906 
          33 183 0.0002 0.9944 0.0011 0.0006 0.0026 0.0010 
          34 183 0.0002 0.0022 0.0030 0.0271 0.0006 0.9668 
          35 183 0.0016 0.8877 0.0006 0.0120 0.0032 0.0949 
          36 183 0.0004 0.0201 0.0012 0.0049 0.0004 0.9730 
          37 183 0.3762 0.1206 0.0003 0.0236 0.4204 0.0588 
          54 183 0.0062 0.0049 0.0004 0.0018 0.0461 0.9406 
          55 183 0.0012 0.0115 0.0033 0.0672 0.1074 0.8094 
           6 183 0.0011 0.9660 0.0012 0.0009 0.0061 0.0247 
           7 183 0.0088 0.5446 0.0004 0.0020 0.0874 0.3567 
           8 183 0.0050 0.9299 0.0024 0.0028 0.0070 0.0529 
           9 183 0.0023 0.0032 0.0015 0.0202 0.0012 0.9717 
           4 184 0.0014 0.0263 0.0005 0.0007 0.0016 0.9696 
           9 184 0.0005 0.0046 0.0026 0.0004 0.0009 0.9909 
          12 184 0.0289 0.0330 0.0005 0.0002 0.0008 0.9366 
          14 184 0.0007 0.0040 0.0011 0.0057 0.0011 0.9875 
          15 184 0.0004 0.0026 0.0006 0.0027 0.0003 0.9934 
          16 184 0.0024 0.3593 0.0021 0.0017 0.0003 0.6343 
          17 184 0.0036 0.0089 0.0014 0.0013 0.0010 0.9838 
          18 184 0.0011 0.9142 0.0004 0.0008 0.0816 0.0019 
          22 184 0.0005 0.0237 0.0009 0.0004 0.0004 0.9741 
          25 184 0.0007 0.0228 0.0009 0.0007 0.0128 0.9621 
          26 184 0.0014 0.1617 0.0210 0.0016 0.0004 0.8138 
          27 184 0.0021 0.4168 0.0003 0.0004 0.0004 0.5800 
          28 184 0.0006 0.0044 0.0005 0.0008 0.0005 0.9931 
          29 184 0.0003 0.0036 0.0002 0.0007 0.0003 0.9948 
          31 184 0.0017 0.1120 0.0006 0.0009 0.0016 0.8832 
          32 184 0.0029 0.0152 0.0009 0.0025 0.0020 0.9766 
          33 184 0.0004 0.0068 0.0019 0.0019 0.0009 0.9880 
          34 184 0.0005 0.0051 0.0004 0.0004 0.0004 0.9932 
          36 184 0.0662 0.6025 0.0002 0.0003 0.3287 0.0021 
          37 184 0.0006 0.9937 0.0009 0.0004 0.0022 0.0022 
          39 184 0.0088 0.0388 0.0007 0.0130 0.0030 0.9358 
          40 184 0.0026 0.0682 0.0009 0.0028 0.0016 0.9239 
          41 184 0.0004 0.4476 0.0006 0.0018 0.0127 0.5369 
          42 184 0.0009 0.0125 0.0045 0.0005 0.0013 0.9803 
          43 184 0.0005 0.0062 0.0006 0.0007 0.0007 0.9912 
          44 184 0.0007 0.0029 0.0003 0.0039 0.0829 0.9094 
          45 184 0.0004 0.0023 0.0018 0.0007 0.0003 0.9945 
          46 184 0.0089 0.9590 0.0008 0.0005 0.0003 0.0305 
          47 184 0.0002 0.0374 0.0005 0.0006 0.0002 0.9611 
          48 184 0.0007 0.0643 0.0003 0.0015 0.0004 0.9328 
          52 184 0.0015 0.0304 0.0008 0.0006 0.0837 0.8830 
          54 184 0.0004 0.0026 0.0018 0.0002 0.0011 0.9939 
          57 184 0.0011 0.0034 0.0007 0.0006 0.0008 0.9934 
          58 184 0.0009 0.1376 0.0005 0.0011 0.0018 0.8581 
          59 184 0.0413 0.0083 0.0002 0.0010 0.0093 0.9400 
          60 184 0.0003 0.0028 0.0024 0.0101 0.0013 0.9829 
           3 185 0.0026 0.0456 0.0012 0.0118 0.0170 0.9217 
           4 185 0.0012 0.0068 0.0010 0.0021 0.0006 0.9882 
           5 185 0.0017 0.0408 0.0052 0.0005 0.0006 0.9512 
           6 185 0.0003 0.0019 0.0006 0.0005 0.0015 0.9952 
           7 185 0.0013 0.6311 0.0042 0.0003 0.0930 0.2700 
           8 185 0.0243 0.0126 0.0003 0.0009 0.0390 0.9229 
           9 185 0.0011 0.0993 0.0006 0.0027 0.0013 0.8949 
          10 185 0.0006 0.0037 0.0010 0.0038 0.0015 0.9894 
          11 185 0.0202 0.0086 0.0013 0.0016 0.0236 0.9447 
          12 185 0.0061 0.0127 0.0008 0.0016 0.0991 0.8796 
          13 185 0.0005 0.0168 0.0006 0.0004 0.0006 0.9811 
          14 185 0.0018 0.0024 0.0008 0.0005 0.0005 0.9940 
          15 185 0.0003 0.0010 0.0394 0.2329 0.0321 0.6943 
          16 185 0.0005 0.0124 0.0004 0.0011 0.0021 0.9835 
          17 185 0.0009 0.0076 0.0013 0.0523 0.0008 0.9371 
          18 185 0.0002 0.7606 0.0038 0.0005 0.0022 0.2327 
          19 185 0.0003 0.0547 0.0008 0.0215 0.0005 0.9221 
          20 185 0.0352 0.0136 0.0003 0.0009 0.0952 0.8548 
          21 185 0.0014 0.0025 0.0013 0.0081 0.0033 0.9834 
          22 185 0.0008 0.0668 0.0006 0.0512 0.0039 0.8768 
          23 185 0.0004 0.0130 0.0003 0.0010 0.0848 0.9006 
          24 185 0.0036 0.0192 0.0003 0.0005 0.0003 0.9762 
          25 185 0.0023 0.0052 0.0003 0.0051 0.0728 0.9143 
          26 185 0.0027 0.3962 0.0005 0.0018 0.0005 0.5984 
          27 185 0.0003 0.0041 0.0022 0.0013 0.0007 0.9914 
          28 185 0.0004 0.0048 0.0003 0.0002 0.0017 0.9926 
          29 185 0.0050 0.7899 0.0104 0.0584 0.1132 0.0231 
          30 185 0.0064 0.9770 0.0006 0.0012 0.0010 0.0139 
          31 185 0.0009 0.1332 0.0003 0.0005 0.0167 0.8484 
          32 185 0.0034 0.0022 0.0010 0.0004 0.0012 0.9918 
          33 185 0.0032 0.0141 0.0007 0.0005 0.0053 0.9762 
          34 185 0.0015 0.0033 0.0003 0.0017 0.0003 0.9928 
          35 185 0.0014 0.0032 0.0418 0.0011 0.0010 0.9515 
          36 185 0.0010 0.0047 0.0018 0.0008 0.0009 0.9908 
          37 185 0.0104 0.0032 0.0003 0.0005 0.0074 0.9782 
          38 185 0.0423 0.0029 0.0004 0.0002 0.0568 0.8974 
          39 185 0.0002 0.0134 0.0002 0.0031 0.1041 0.8790 
          40 185 0.0014 0.0097 0.0011 0.0014 0.0006 0.9859 
          41 185 0.0004 0.0467 0.0019 0.0009 0.0012 0.9489 
          42 185 0.0009 0.0147 0.0006 0.0006 0.0005 0.9827 
           5 186 0.0004 0.0057 0.0057 0.0004 0.0008 0.9869 
           6 186 0.0004 0.6417 0.0022 0.0005 0.0026 0.3526 
           7 186 0.0100 0.0065 0.0006 0.0004 0.0006 0.9820 
           9 186 0.0005 0.8710 0.0007 0.0014 0.0895 0.0369 
          10 186 0.0164 0.3681 0.0013 0.0008 0.0115 0.6019 
          11 186 0.0029 0.9800 0.0005 0.0005 0.0012 0.0150 
          12 186 0.0009 0.0198 0.0011 0.0004 0.0011 0.9767 
          29 186 0.0017 0.0035 0.0004 0.0122 0.0004 0.9818 
          30 186 0.0004 0.5819 0.0021 0.0012 0.0002 0.4142 
          31 186 0.0090 0.0323 0.0106 0.1581 0.0484 0.7416 
          32 186 0.0006 0.9224 0.0009 0.0173 0.0528 0.0060 
          33 186 0.0002 0.0053 0.0006 0.0041 0.0005 0.9893 
          34 186 0.0141 0.0205 0.0187 0.0019 0.0045 0.9405 
          35 186 0.0006 0.0058 0.0006 0.0008 0.0002 0.9920 
          36 186 0.0003 0.5106 0.0003 0.0010 0.0036 0.4841 
          37 186 0.0110 0.0078 0.0004 0.0007 0.0086 0.9715 
          38 186 0.0089 0.0181 0.0010 0.0155 0.0036 0.9529 
          39 186 0.0004 0.0040 0.0020 0.0003 0.0006 0.9927 
          40 186 0.0005 0.0047 0.0004 0.0009 0.0008 0.9927 
          41 186 0.0086 0.0060 0.0015 0.0006 0.0013 0.9820 
          42 186 0.0004 0.0051 0.0006 0.0005 0.0008 0.9927 
          43 186 0.0022 0.0658 0.0030 0.0009 0.0059 0.9222 
          44 186 0.0003 0.0065 0.0022 0.0017 0.0003 0.9890 
          45 186 0.0003 0.3569 0.0003 0.0004 0.0004 0.6416 
          46 186 0.0007 0.0070 0.0091 0.0004 0.0004 0.9823 
          47 186 0.0005 0.0053 0.0004 0.0011 0.0062 0.9866 
          48 186 0.0003 0.0055 0.0008 0.0010 0.0026 0.9899 
          49 186 0.0007 0.3802 0.0006 0.0003 0.0002 0.6180 
          50 186 0.0024 0.1264 0.0005 0.0015 0.0094 0.8598 
          51 186 0.0006 0.1264 0.0012 0.0003 0.0004 0.8711 
          52 186 0.0007 0.0621 0.0025 0.0010 0.0006 0.9331 
          53 186 0.0006 0.5891 0.0010 0.0023 0.0004 0.4067 
          54 186 0.0004 0.0097 0.0041 0.0012 0.0009 0.9837 
          55 186 0.0004 0.0088 0.0048 0.0008 0.0056 0.9795 
          56 186 0.0015 0.9946 0.0003 0.0005 0.0004 0.0027 
          57 186 0.0004 0.0013 0.0062 0.0740 0.0172 0.9010 
          58 186 0.0008 0.0043 0.0007 0.0003 0.0008 0.9932 
          59 186 0.0045 0.0022 0.0004 0.0004 0.0015 0.9910 
          60 186 0.0004 0.0031 0.0017 0.0024 0.0003 0.9922 
           1 187 0.0014 0.0087 0.0008 0.0039 0.0288 0.9565 
           2 187 0.0014 0.5134 0.0009 0.0015 0.0029 0.4799 
           3 187 0.0012 0.9721 0.0009 0.0088 0.0075 0.0095 
           4 187 0.0036 0.0343 0.0006 0.0041 0.1134 0.8439 
           5 187 0.0003 0.0126 0.0031 0.0006 0.0011 0.9824 
           6 187 0.0017 0.0105 0.0051 0.0008 0.0020 0.9800 
           7 187 0.0064 0.0047 0.0081 0.0008 0.1384 0.8415 
           8 187 0.0011 0.0087 0.0025 0.0007 0.0013 0.9857 
           9 187 0.0002 0.9950 0.0003 0.0010 0.0004 0.0031 
          10 187 0.0186 0.0053 0.0009 0.0009 0.0040 0.9702 
          11 187 0.0059 0.0026 0.0004 0.0002 0.0004 0.9906 
          12 187 0.0006 0.5558 0.0003 0.0004 0.0004 0.4425 
          13 187 0.0006 0.0145 0.0008 0.0013 0.0248 0.9579 
          14 187 0.0009 0.1433 0.0022 0.0018 0.0009 0.8509 
          15 187 0.0060 0.3559 0.0059 0.0005 0.0011 0.6306 
          16 187 0.0015 0.9910 0.0018 0.0015 0.0024 0.0018 
          17 187 0.0004 0.0097 0.0005 0.0041 0.0895 0.8958 
          18 187 0.0006 0.0142 0.0005 0.0008 0.0017 0.9822 
          19 187 0.0006 0.0036 0.0014 0.0004 0.0002 0.9938 
          20 187 0.0005 0.0024 0.0071 0.0008 0.0010 0.9881 
          21 187 0.0305 0.0079 0.0030 0.0020 0.0633 0.8933 
          22 187 0.0019 0.4890 0.0005 0.0022 0.0006 0.5058 
          23 187 0.0003 0.0059 0.0004 0.0006 0.0008 0.9920 
          24 187 0.0391 0.9315 0.0013 0.0022 0.0218 0.0041 
          25 187 0.0011 0.0024 0.0038 0.0018 0.0009 0.9900 
          26 187 0.0004 0.0214 0.0011 0.0025 0.0003 0.9742 
          27 187 0.0002 0.6294 0.0007 0.0004 0.0003 0.3690 
          28 187 0.0278 0.0083 0.0013 0.0049 0.0004 0.9573 
          29 187 0.0040 0.0247 0.0006 0.0009 0.0016 0.9683 
          30 187 0.0019 0.0069 0.0011 0.0386 0.0007 0.9509 
          32 187 0.0536 0.0132 0.0005 0.0006 0.0225 0.9096 
          33 187 0.0040 0.1412 0.0004 0.0011 0.0092 0.8441 
          34 187 0.0004 0.0058 0.0015 0.0005 0.0017 0.9900 
          35 187 0.0010 0.0200 0.0027 0.0068 0.0165 0.9530 
          36 187 0.0005 0.0024 0.0009 0.0014 0.0004 0.9943 
          37 187 0.0022 0.0279 0.0005 0.0079 0.0019 0.9595 
          38 187 0.0035 0.0146 0.0233 0.0571 0.0968 0.8047 
           1 188 0.0032 0.1171 0.0007 0.0009 0.0026 0.8755 
           2 188 0.0048 0.0037 0.0020 0.0005 0.0046 0.9844 
           3 188 0.0036 0.9479 0.0047 0.0011 0.0178 0.0249 
           4 188 0.0102 0.0029 0.0098 0.0006 0.0365 0.9400 
           5 188 0.0019 0.0126 0.0013 0.0027 0.0009 0.9807 
           6 188 0.0003 0.9931 0.0004 0.0007 0.0003 0.0052 
           7 188 0.0004 0.0029 0.0008 0.0004 0.0004 0.9950 
           8 188 0.0253 0.0176 0.0007 0.0003 0.0107 0.9454 
           9 188 0.0005 0.0054 0.0189 0.0006 0.0018 0.9728 
          10 188 0.0004 0.0274 0.0005 0.0013 0.0268 0.9435 
          11 188 0.0005 0.0029 0.0016 0.0005 0.0002 0.9943 
          12 188 0.0011 0.0045 0.0010 0.0476 0.0005 0.9453 
          13 188 0.0087 0.0129 0.0005 0.0049 0.0941 0.8789 
          14 188 0.0031 0.0080 0.0003 0.0043 0.0757 0.9087 
          15 188 0.0004 0.0029 0.0019 0.0005 0.0005 0.9940 
          16 188 0.0004 0.0207 0.0005 0.0008 0.0599 0.9177 
          17 188 0.0007 0.9930 0.0004 0.0007 0.0006 0.0046 
          18 188 0.0003 0.1394 0.0003 0.0472 0.0030 0.8098 
          19 188 0.0005 0.0060 0.0009 0.0029 0.0026 0.9872 
          20 188 0.0026 0.0035 0.0008 0.0060 0.1241 0.8629 
          21 188 0.0007 0.1074 0.0022 0.0052 0.0124 0.8720 
          22 188 0.0024 0.0025 0.0053 0.0079 0.0006 0.9812 
          23 188 0.0014 0.0043 0.0003 0.0484 0.0017 0.9440 
          24 188 0.0002 0.0138 0.0005 0.0363 0.0002 0.9490 
          25 188 0.0004 0.3154 0.0031 0.0453 0.0007 0.6352 
          26 188 0.0029 0.8402 0.0006 0.0010 0.0703 0.0850 
          27 188 0.0508 0.0067 0.0004 0.0012 0.0021 0.9389 
          28 188 0.0008 0.5073 0.0004 0.0005 0.0009 0.4902 
          29 188 0.0002 0.9106 0.0011 0.0024 0.0761 0.0096 
          30 188 0.0070 0.0062 0.0004 0.0012 0.0827 0.9025 
          31 188 0.0009 0.0037 0.0007 0.0037 0.0050 0.9860 
          32 188 0.0003 0.0122 0.0006 0.0004 0.0010 0.9854 
          33 188 0.0003 0.0116 0.0003 0.0036 0.0044 0.9798 
          34 188 0.0013 0.0086 0.0005 0.0064 0.0004 0.9829 
          35 188 0.0016 0.0081 0.0051 0.0502 0.0139 0.9212 
          36 188 0.0591 0.8218 0.0018 0.0015 0.0403 0.0754 
          37 188 0.0006 0.0124 0.0013 0.0005 0.0013 0.9839 
          38 188 0.0519 0.0204 0.0008 0.0011 0.0266 0.8992 
          39 188 0.0006 0.0027 0.0025 0.0009 0.0644 0.9289 
          40 188 0.0021 0.0062 0.0005 0.0005 0.0005 0.9902 
           7 189 0.0025 0.0049 0.0006 0.0005 0.0016 0.9899 
           8 189 0.0103 0.0103 0.0005 0.0011 0.0005 0.9773 
           9 189 0.0026 0.1204 0.0007 0.0023 0.0010 0.8730 
          10 189 0.0064 0.7044 0.0004 0.0003 0.0008 0.2877 
          11 189 0.0014 0.0114 0.0189 0.0032 0.0006 0.9644 
          12 189 0.0077 0.0037 0.0009 0.0008 0.0464 0.9405 
          13 189 0.0005 0.0021 0.0011 0.0020 0.0004 0.9939 
          14 189 0.0032 0.9356 0.0001 0.0065 0.0126 0.0420 
          16 189 0.0005 0.0033 0.0034 0.0032 0.1629 0.8267 
          17 189 0.0003 0.0033 0.0011 0.0009 0.0007 0.9937 
          18 189 0.0046 0.0056 0.0008 0.0015 0.0393 0.9482 
          19 189 0.0020 0.0096 0.0024 0.0072 0.0005 0.9784 
          20 189 0.0069 0.9573 0.0004 0.0006 0.0235 0.0113 
          21 189 0.0030 0.0057 0.0006 0.0007 0.0043 0.9857 
          23 189 0.0006 0.0167 0.0009 0.0029 0.0004 0.9784 
          24 189 0.0428 0.0022 0.0019 0.0006 0.0018 0.9507 
          25 189 0.0015 0.0092 0.0008 0.0018 0.0047 0.9820 
          26 189 0.0062 0.0051 0.0021 0.0012 0.0071 0.9783 
          27 189 0.0009 0.0599 0.0041 0.0024 0.0012 0.9315 
          28 189 0.0004 0.6235 0.0015 0.0005 0.0001 0.3740 
          29 189 0.0091 0.2923 0.0005 0.0010 0.0005 0.6966 
          30 189 0.0035 0.0114 0.0017 0.0160 0.0007 0.9667 
          31 189 0.0008 0.0043 0.0003 0.0036 0.0003 0.9907 
          32 189 0.0270 0.0322 0.0009 0.0003 0.0306 0.9090 
          33 189 0.0010 0.0075 0.0023 0.0070 0.0006 0.9815 
          34 189 0.0002 0.0243 0.0041 0.0002 0.0007 0.9705 
          35 189 0.0005 0.0040 0.0005 0.0007 0.0004 0.9940 
          36 189 0.0120 0.0142 0.0005 0.0006 0.0200 0.9528 
          37 189 0.0004 0.0069 0.0016 0.0049 0.0004 0.9858 
          38 189 0.0004 0.0079 0.0039 0.0024 0.0280 0.9574 
          39 189 0.0282 0.0056 0.0007 0.0007 0.0004 0.9644 
          40 189 0.0025 0.0145 0.0011 0.0013 0.1559 0.8248 
          41 189 0.0057 0.0199 0.0003 0.0047 0.0057 0.9636 
          42 189 0.0033 0.7978 0.0184 0.0020 0.1667 0.0119 
          43 189 0.0003 0.9911 0.0012 0.0006 0.0018 0.0051 
           1 190 0.0007 0.0106 0.0022 0.0003 0.1317 0.8545 
           3 190 0.0002 0.0249 0.0007 0.0160 0.0059 0.9523 
           4 190 0.0005 0.1235 0.0011 0.0006 0.0009 0.8734 
           5 190 0.0006 0.0129 0.0006 0.0006 0.0315 0.9539 
           6 190 0.0007 0.0188 0.0010 0.0007 0.0004 0.9783 
           7 190 0.0006 0.0040 0.0002 0.0014 0.0006 0.9932 
           8 190 0.0036 0.0033 0.0012 0.0348 0.0057 0.9514 
           9 190 0.1090 0.5516 0.0093 0.0808 0.2479 0.0014 
          10 190 0.0006 0.0059 0.0007 0.0005 0.0015 0.9908 
          11 190 0.0079 0.0454 0.0142 0.0006 0.0065 0.9255 
          12 190 0.0013 0.3078 0.0019 0.0012 0.0003 0.6876 
          13 190 0.0008 0.9931 0.0009 0.0003 0.0008 0.0041 
          14 190 0.0013 0.0043 0.0032 0.0007 0.0008 0.9896 
          15 190 0.0006 0.9068 0.0369 0.0021 0.0045 0.0492 
          16 190 0.0027 0.0036 0.0004 0.0008 0.0013 0.9912 
          17 190 0.0049 0.0438 0.0058 0.0009 0.0009 0.9437 
          18 190 0.0015 0.9011 0.0009 0.0046 0.0164 0.0755 
          19 190 0.0005 0.0065 0.0009 0.0009 0.0007 0.9906 
          20 190 0.0005 0.0055 0.0008 0.0072 0.0006 0.9854 
          22 190 0.0437 0.2333 0.0005 0.0006 0.0857 0.6362 
          23 190 0.0076 0.0059 0.0006 0.0010 0.0010 0.9839 
          24 190 0.0009 0.0264 0.0006 0.0007 0.0761 0.8953 
          25 190 0.0016 0.0077 0.0008 0.0004 0.0026 0.9870 
          26 190 0.0004 0.0030 0.0017 0.0012 0.0004 0.9934 
          27 190 0.0003 0.9801 0.0138 0.0007 0.0013 0.0039 
          28 190 0.0014 0.0455 0.0069 0.0005 0.0031 0.9426 
          29 190 0.0019 0.9963 0.0002 0.0003 0.0008 0.0006 
          31 190 0.0190 0.9760 0.0007 0.0003 0.0019 0.0021 
           7 191 0.0003 0.0112 0.0003 0.0006 0.0008 0.9868 
           8 191 0.0032 0.0119 0.0007 0.0011 0.0009 0.9821 
           9 191 0.0005 0.0035 0.0004 0.0006 0.0005 0.9944 
          10 191 0.0004 0.0039 0.0005 0.0048 0.0007 0.9897 
          11 191 0.0050 0.0089 0.0005 0.0008 0.0009 0.9838 
          12 191 0.0005 0.0121 0.0720 0.0005 0.0307 0.8842 
          13 191 0.0009 0.9564 0.0009 0.0008 0.0016 0.0394 
          14 191 0.0038 0.0131 0.0015 0.0003 0.0042 0.9772 
          15 191 0.0010 0.0074 0.0008 0.0019 0.0792 0.9096 
          16 191 0.0010 0.0066 0.0005 0.0028 0.0011 0.9880 
          17 191 0.0172 0.0061 0.0011 0.0467 0.0451 0.8838 
          18 191 0.0047 0.1943 0.0006 0.0008 0.0003 0.7993 
          19 191 0.0084 0.0031 0.0013 0.0039 0.0054 0.9779 
          20 191 0.0029 0.0091 0.0003 0.0021 0.0139 0.9717 
          21 191 0.0013 0.0413 0.0032 0.0262 0.0358 0.8922 
          22 191 0.0017 0.0215 0.0004 0.0007 0.0011 0.9745 
          23 191 0.0005 0.0101 0.0006 0.0008 0.0075 0.9805 
          24 191 0.0007 0.0286 0.0003 0.0003 0.0016 0.9685 
          25 191 0.0022 0.0453 0.0007 0.0007 0.0244 0.9268 
          26 191 0.0157 0.0033 0.0008 0.0012 0.0973 0.8817 
          27 191 0.0007 0.5519 0.0010 0.0008 0.0004 0.4452 
          28 191 0.0039 0.9844 0.0007 0.0041 0.0003 0.0065 
          29 191 0.0009 0.0844 0.0005 0.0190 0.0008 0.8944 
          30 191 0.0003 0.0071 0.0009 0.0003 0.0008 0.9906 
          39 191 0.0027 0.0069 0.0169 0.0005 0.0007 0.9722 
          40 191 0.0013 0.0048 0.0007 0.0004 0.0006 0.9924 
          41 191 0.0008 0.0518 0.0007 0.0040 0.0594 0.8833 
          42 191 0.0004 0.0055 0.0005 0.0002 0.0003 0.9931 
          43 191 0.0004 0.0073 0.0006 0.0011 0.0614 0.9292 
          44 191 0.0051 0.0150 0.0002 0.0053 0.0035 0.9709 
          45 191 0.0010 0.0192 0.0051 0.0026 0.0005 0.9717 
          46 191 0.0016 0.0021 0.0005 0.0162 0.1282 0.8515 
          47 191 0.0017 0.0019 0.0009 0.0014 0.0041 0.9900 
          48 191 0.0010 0.0042 0.0031 0.0009 0.0004 0.9904 
          49 191 0.0082 0.0029 0.0045 0.0125 0.0012 0.9707 
          50 191 0.0013 0.0659 0.0008 0.0010 0.0009 0.9301 
           9 192 0.0007 0.0045 0.0004 0.0002 0.0004 0.9939 
          10 192 0.0018 0.0052 0.0020 0.0002 0.0012 0.9896 
          11 192 0.0002 0.1452 0.0007 0.0034 0.0394 0.8111 
          12 192 0.0008 0.4617 0.0009 0.0004 0.0013 0.5349 
          13 192 0.0320 0.0140 0.0006 0.0005 0.0560 0.8969 
          14 192 0.0006 0.0099 0.0004 0.0659 0.0164 0.9067 
          15 192 0.0011 0.0036 0.0017 0.0017 0.0003 0.9917 
          16 192 0.0092 0.0033 0.0003 0.0007 0.0005 0.9861 
          17 192 0.0124 0.0036 0.0064 0.0013 0.0095 0.9669 
          18 192 0.0007 0.9531 0.0004 0.0008 0.0026 0.0424 
          19 192 0.0056 0.0042 0.0023 0.0004 0.0010 0.9864 
          20 192 0.0004 0.1647 0.0218 0.0013 0.0268 0.7849 
          21 192 0.0005 0.0057 0.0082 0.0005 0.0003 0.9848 
          22 192 0.0083 0.0037 0.0019 0.0126 0.0036 0.9699 
          23 192 0.0004 0.8982 0.0006 0.0046 0.0897 0.0065 
          24 192 0.0034 0.0043 0.0023 0.0005 0.0006 0.9889 
          33 192 0.0006 0.8810 0.0145 0.0010 0.0559 0.0471 
          35 192 0.0006 0.0026 0.0062 0.0012 0.0006 0.9887 
          36 192 0.0005 0.0081 0.0007 0.0005 0.0005 0.9896 
          37 192 0.0004 0.4571 0.0011 0.0013 0.0004 0.5397 
          38 192 0.0027 0.6112 0.0003 0.0009 0.0254 0.3594 
          39 192 0.0011 0.0045 0.0006 0.0006 0.0013 0.9919 
          40 192 0.0052 0.0021 0.0002 0.0002 0.0743 0.9180 
          41 192 0.0105 0.0833 0.0002 0.0017 0.0414 0.8629 
          42 192 0.0038 0.6475 0.0002 0.0057 0.0248 0.3179 
          43 192 0.0013 0.0058 0.0025 0.0025 0.0004 0.9875 
          45 192 0.0006 0.0044 0.0022 0.0011 0.0005 0.9912 
          46 192 0.0025 0.0885 0.0216 0.0014 0.0011 0.8848 
          47 192 0.0006 0.0458 0.0004 0.0006 0.0010 0.9516 
          48 192 0.0007 0.0071 0.0003 0.0011 0.0005 0.9903 
          49 192 0.0463 0.0040 0.0050 0.0011 0.0048 0.9388 
          50 192 0.0004 0.0153 0.0008 0.0004 0.0007 0.9824 
