        001s  1 0.0008 0.0006 0.9986 
        002s  1 0.0010 0.0025 0.9965 
        003s  1 0.0034 0.0036 0.9930 
        004s  1 0.0050 0.0425 0.9525 
        005s  1 0.0017 0.4280 0.5703 
        006s  1 0.0007 0.0009 0.9984 
        007s  1 0.0053 0.0017 0.9930 
        008s  1 0.0013 0.0041 0.9946 
        009s  1 0.0124 0.0696 0.9181 
        010s  1 0.0006 0.0059 0.9935 
        011s  1 0.0034 0.0038 0.9927 
        012s  1 0.0024 0.1293 0.8684 
        013s  1 0.0123 0.0303 0.9575 
        014s  1 0.0134 0.0239 0.9627 
        015s  1 0.0008 0.0008 0.9984 
        016s  1 0.0111 0.0017 0.9872 
        018s  1 0.0022 0.1375 0.8603 
        019s  1 0.0018 0.0047 0.9936 
        020s  1 0.0123 0.0006 0.9872 
        021s  1 0.0086 0.0013 0.9901 
        022s  1 0.0011 0.0003 0.9986 
        023s  1 0.0142 0.0005 0.9853 
        024s  1 0.0010 0.0017 0.9972 
        025s  1 0.0018 0.0105 0.9877 
        026s  1 0.0129 0.0014 0.9857 
        027s  1 0.0038 0.0103 0.9860 
        028s  1 0.0014 0.1104 0.8882 
        029s  1 0.0009 0.0010 0.9982 
        030s  1 0.0010 0.0041 0.9949 
        031s  1 0.0015 0.0004 0.9981 
        032s  1 0.0010 0.0011 0.9979 
        033s  1 0.0014 0.0068 0.9917 
        034s  1 0.0562 0.0019 0.9419 
        035s  1 0.0016 0.0032 0.9952 
        036s  1 0.0022 0.0773 0.9205 
        037s  1 0.0608 0.1161 0.8231 
        038s  1 0.0011 0.0020 0.9970 
        039s  1 0.0007 0.0044 0.9949 
        040s  1 0.0040 0.0031 0.9930 
        041s  1 0.0056 0.0018 0.9926 
        042s  1 0.0968 0.0342 0.8690 
        043s  1 0.0006 0.0209 0.9784 
        044s  1 0.0148 0.1089 0.8763 
        045s  1 0.0015 0.0051 0.9934 
        046s  1 0.0010 0.0012 0.9978 
        047s  1 0.0081 0.0006 0.9912 
        048s  1 0.0013 0.0072 0.9915 
        049s  1 0.0006 0.0011 0.9982 
        050s  1 0.0008 0.0999 0.8993 
        051s  1 0.0020 0.0006 0.9974 
        052s  1 0.0026 0.0268 0.9706 
        053s  1 0.0009 0.0016 0.9975 
        054s  1 0.0016 0.0008 0.9976 
        055s  1 0.0858 0.0779 0.8363 
          01  2 0.0076 0.1150 0.8774 
          02  2 0.0010 0.0224 0.9766 
          03  2 0.0020 0.0018 0.9962 
          04  2 0.0142 0.0269 0.9589 
          05  2 0.0005 0.0933 0.9062 
          06  2 0.0011 0.0378 0.9612 
          07  2 0.0009 0.0173 0.9818 
          08  2 0.0016 0.0495 0.9488 
          09  2 0.0005 0.0006 0.9989 
          10  2 0.0007 0.0016 0.9976 
          11  2 0.0050 0.0054 0.9896 
          12  2 0.0008 0.0013 0.9979 
          13  2 0.0007 0.0007 0.9987 
          14  2 0.0277 0.0012 0.9711 
          15  2 0.0018 0.0009 0.9973 
          16  2 0.0085 0.0404 0.9512 
          17  2 0.0018 0.0029 0.9953 
          18  2 0.0018 0.0306 0.9675 
          19  2 0.0061 0.0010 0.9929 
          20  2 0.0139 0.0704 0.9157 
          21  2 0.0011 0.0013 0.9976 
          22  2 0.0103 0.0065 0.9832 
          23  2 0.0028 0.0033 0.9940 
          24  2 0.0010 0.0008 0.9981 
          25  2 0.0012 0.0391 0.9597 
          26  2 0.0004 0.0012 0.9984 
          27  2 0.0047 0.0146 0.9807 
          28  2 0.0069 0.0008 0.9924 
          29  2 0.0004 0.0015 0.9981 
          30  2 0.1030 0.1213 0.7757 
          01  3 0.0167 0.6309 0.3524 
          02  3 0.0095 0.7965 0.1940 
          03  3 0.0021 0.6157 0.3822 
          04  3 0.0057 0.7942 0.2001 
          05  3 0.1534 0.7754 0.0712 
          06  3 0.0026 0.9103 0.0871 
          07  3 0.0007 0.6017 0.3977 
          08  3 0.0130 0.6770 0.3099 
          09  3 0.0131 0.6634 0.3235 
          10  3 0.1369 0.6157 0.2475 
          11  3 0.0005 0.6975 0.3020 
          12  3 0.0010 0.7092 0.2898 
          13  3 0.0008 0.9774 0.0218 
          14  3 0.1726 0.7951 0.0323 
          15  3 0.0065 0.6360 0.3575 
          16  3 0.0027 0.9175 0.0798 
          17  3 0.0021 0.5636 0.4343 
          18  3 0.2912 0.5326 0.1763 
          19  3 0.0096 0.8270 0.1634 
          20  3 0.0738 0.7417 0.1845 
          21  3 0.0173 0.7397 0.2431 
          22  3 0.0148 0.6806 0.3046 
          23  3 0.0032 0.7511 0.2457 
          24  3 0.0205 0.7528 0.2267 
          25  3 0.1878 0.6492 0.1629 
          26  3 0.0022 0.7549 0.2429 
          27  3 0.1794 0.6229 0.1977 
          28  3 0.0005 0.9036 0.0960 
          29  3 0.0277 0.7993 0.1730 
          30  3 0.0008 0.6739 0.3253 
         001  4 0.1070 0.8922 0.0008 
         002  4 0.0711 0.8620 0.0669 
         003  4 0.0839 0.8716 0.0445 
         004  4 0.0655 0.9340 0.0005 
         005  4 0.1217 0.8745 0.0038 
         006  4 0.0430 0.8877 0.0693 
         007  4 0.0824 0.8212 0.0964 
         008  4 0.1257 0.8204 0.0539 
         009  4 0.0965 0.9018 0.0016 
         010  4 0.0009 0.9986 0.0006 
         011  4 0.1524 0.8364 0.0112 
         012  4 0.1142 0.8647 0.0211 
         013  4 0.0243 0.9579 0.0178 
         014  4 0.0925 0.8798 0.0277 
         015  4 0.0021 0.9967 0.0011 
         016  4 0.0627 0.9356 0.0017 
         017  4 0.0034 0.9066 0.0900 
         019  4 0.1014 0.8955 0.0031 
         020  4 0.0876 0.8353 0.0772 
         021  4 0.1052 0.8849 0.0099 
         001  5 0.1218 0.8563 0.0219 
         002  5 0.0999 0.7781 0.1221 
         003  5 0.0920 0.6939 0.2141 
         004  5 0.0971 0.7663 0.1366 
         005  5 0.0984 0.8589 0.0427 
         006  5 0.0083 0.8940 0.0976 
         007  5 0.0787 0.9125 0.0088 
         008  5 0.0554 0.9268 0.0178 
         009  5 0.0761 0.7678 0.1561 
         010  5 0.1019 0.8557 0.0423 
         011  5 0.1441 0.8446 0.0113 
         012  5 0.0759 0.8230 0.1011 
         013  5 0.0330 0.6782 0.2887 
         014  5 0.1062 0.6593 0.2345 
         015  5 0.0621 0.9296 0.0083 
         016  5 0.0322 0.8713 0.0965 
         017  5 0.0104 0.8114 0.1782 
         018  5 0.0944 0.7627 0.1429 
         019  5 0.0944 0.8562 0.0494 
         020  5 0.1094 0.8711 0.0195 
         021  5 0.0997 0.6722 0.2281 
         022  5 0.1305 0.7546 0.1148 
         023  5 0.0749 0.9204 0.0047 
         024  5 0.0381 0.7721 0.1898 
         025  5 0.0346 0.8118 0.1536 
         026  5 0.0223 0.7106 0.2671 
         027  5 0.0704 0.9117 0.0179 
         028  5 0.0921 0.8129 0.0950 
         029  5 0.0094 0.8779 0.1127 
         030  5 0.0936 0.8260 0.0804 
        001s  6 0.0253 0.0181 0.9566 
        002s  6 0.0015 0.0171 0.9813 
        003s  6 0.0039 0.0045 0.9916 
        004s  6 0.0010 0.0007 0.9983 
        006s  6 0.0198 0.0869 0.8933 
        007s  6 0.0008 0.0017 0.9975 
        008s  6 0.0078 0.0021 0.9901 
        009s  6 0.0012 0.0006 0.9982 
        010s  6 0.0195 0.0280 0.9525 
        011s  6 0.0020 0.0019 0.9961 
        012s  6 0.0023 0.0020 0.9957 
        013s  6 0.0006 0.0016 0.9977 
        014s  6 0.0005 0.0550 0.9446 
        015s  6 0.0088 0.0288 0.9624 
        016s  6 0.0013 0.0009 0.9978 
        018s  6 0.0076 0.2346 0.7578 
        019s  6 0.0041 0.0151 0.9807 
        020s  6 0.0008 0.0007 0.9986 
        021s  6 0.0050 0.0133 0.9817 
        022s  6 0.0057 0.0008 0.9935 
        023s  6 0.0011 0.0066 0.9922 
        024s  6 0.0017 0.0277 0.9706 
        025s  6 0.0728 0.0024 0.9248 
        026s  6 0.0006 0.0008 0.9985 
        027s  6 0.0007 0.0010 0.9983 
        028s  6 0.0133 0.0468 0.9399 
        029s  6 0.0017 0.0006 0.9977 
        030s  6 0.0216 0.0503 0.9281 
        031s  6 0.0007 0.0057 0.9936 
        032s  6 0.0012 0.0114 0.9874 
        033s  6 0.0016 0.0378 0.9606 
        034s  6 0.0188 0.0031 0.9781 
        035s  6 0.0024 0.1144 0.8832 
        036s  6 0.0015 0.0050 0.9936 
        037s  6 0.0021 0.0015 0.9964 
        038s  6 0.0009 0.0011 0.9980 
        039s  6 0.0010 0.0004 0.9986 
        040s  6 0.0006 0.0012 0.9982 
        041s  6 0.0110 0.0020 0.9870 
        042s  6 0.0618 0.0035 0.9347 
        043s  6 0.0090 0.0013 0.9897 
        044s  6 0.0012 0.0009 0.9979 
        045s  6 0.0036 0.0019 0.9945 
        001s  7 0.0016 0.0013 0.9971 
        002s  7 0.0027 0.0145 0.9828 
        003s  7 0.0017 0.0038 0.9945 
        004s  7 0.0011 0.0034 0.9955 
        005s  7 0.0035 0.0195 0.9770 
        006s  7 0.0117 0.0431 0.9452 
        007s  7 0.0032 0.0190 0.9778 
        008s  7 0.0022 0.0037 0.9941 
        009s  7 0.0135 0.0053 0.9812 
        010s  7 0.0026 0.0008 0.9966 
        011s  7 0.0014 0.0008 0.9978 
        012s  7 0.0008 0.0009 0.9983 
        013s  7 0.0064 0.0019 0.9917 
        014s  7 0.0005 0.0113 0.9882 
        015s  7 0.0023 0.0133 0.9844 
        016s  7 0.0124 0.0494 0.9382 
        017s  7 0.0010 0.0016 0.9975 
        018s  7 0.0010 0.0019 0.9970 
        019s  7 0.0179 0.0033 0.9788 
        020s  7 0.0006 0.0015 0.9979 
        021s  7 0.0015 0.0015 0.9970 
        022s  7 0.0014 0.0059 0.9927 
        023s  7 0.0274 0.0083 0.9643 
        024s  7 0.0011 0.0015 0.9974 
        025s  7 0.0013 0.0041 0.9945 
        026s  7 0.0017 0.0011 0.9973 
        027s  7 0.0007 0.0020 0.9973 
        028s  7 0.0008 0.0049 0.9944 
        029s  7 0.0039 0.0053 0.9908 
        030s  7 0.0065 0.0007 0.9928 
        031s  7 0.0162 0.0030 0.9808 
        032s  7 0.0006 0.0645 0.9349 
        033s  7 0.0034 0.0218 0.9748 
        034s  7 0.0006 0.0374 0.9620 
        035s  7 0.0018 0.0005 0.9977 
        036s  7 0.0119 0.0018 0.9864 
        037s  7 0.0052 0.0765 0.9183 
        038s  7 0.0024 0.0053 0.9923 
        039s  7 0.0005 0.0005 0.9990 
        040s  7 0.0010 0.0701 0.9290 
        041s  7 0.0030 0.0085 0.9885 
        042s  7 0.0005 0.0035 0.9960 
        043s  7 0.0045 0.0007 0.9948 
        044s  7 0.0333 0.0756 0.8911 
         003  8 0.0015 0.0059 0.9926 
         009  8 0.0017 0.0014 0.9969 
         010  8 0.0030 0.0005 0.9965 
         017  8 0.0051 0.0011 0.9938 
         002  9 0.0016 0.0007 0.9977 
         003  9 0.0006 0.0004 0.9990 
         004  9 0.0019 0.0004 0.9978 
         005  9 0.0054 0.0008 0.9938 
         006  9 0.0022 0.0012 0.9966 
         007  9 0.0017 0.0012 0.9971 
         009  9 0.0031 0.0009 0.9959 
         010  9 0.0025 0.0004 0.9971 
         013  9 0.0020 0.0015 0.9965 
         014  9 0.0030 0.0004 0.9965 
         016  9 0.0011 0.0003 0.9986 
         018  9 0.0023 0.0015 0.9963 
         019  9 0.0009 0.0013 0.9978 
         020  9 0.0005 0.0006 0.9989 
         021  9 0.0011 0.0005 0.9984 
         022  9 0.0009 0.0006 0.9985 
         024  9 0.0043 0.0008 0.9949 
         028  9 0.0021 0.0006 0.9972 
         029  9 0.0009 0.0006 0.9985 
         030  9 0.0016 0.0005 0.9979 
         031  9 0.0008 0.0013 0.9980 
         033  9 0.0016 0.0016 0.9968 
         001 10 0.0005 0.0007 0.9988 
         002 10 0.0011 0.0004 0.9984 
         003 10 0.0158 0.0008 0.9835 
         004 10 0.0036 0.0005 0.9959 
         005 10 0.0013 0.0006 0.9981 
         006 10 0.0010 0.0012 0.9978 
         007 10 0.0034 0.0009 0.9957 
         008 10 0.0053 0.0011 0.9936 
         009 10 0.0007 0.0014 0.9979 
         010 10 0.0013 0.0007 0.9980 
         011 10 0.0433 0.0009 0.9558 
         012 10 0.0047 0.0013 0.9941 
         013 10 0.0010 0.0010 0.9980 
         014 10 0.0015 0.0010 0.9975 
         016 10 0.0010 0.0012 0.9978 
         017 10 0.0014 0.0011 0.9975 
         018 10 0.0012 0.0034 0.9953 
         019 10 0.0018 0.0007 0.9975 
         020 10 0.0029 0.0020 0.9950 
         021 10 0.0005 0.0008 0.9987 
         022 10 0.0010 0.0007 0.9983 
         023 10 0.0013 0.0005 0.9981 
         024 10 0.0030 0.0003 0.9966 
         026 10 0.0010 0.0007 0.9983 
        001s 11 0.0333 0.0578 0.9089 
        002s 11 0.0023 0.0026 0.9951 
        003s 11 0.0008 0.0028 0.9964 
        004s 11 0.0022 0.0012 0.9967 
        005s 11 0.0009 0.0015 0.9976 
        006s 11 0.0035 0.0103 0.9862 
        007s 11 0.0014 0.0618 0.9368 
        008s 11 0.0005 0.0007 0.9987 
        009s 11 0.0007 0.0007 0.9986 
        010s 11 0.0013 0.0013 0.9974 
        011s 11 0.0177 0.1118 0.8705 
        012s 11 0.0007 0.0777 0.9217 
        013s 11 0.0015 0.0017 0.9968 
        014s 11 0.0015 0.0205 0.9781 
        015s 11 0.0065 0.0038 0.9897 
        016s 11 0.0676 0.0067 0.9256 
        017s 11 0.0041 0.0619 0.9340 
        018s 11 0.0013 0.0052 0.9935 
        019s 11 0.0251 0.0013 0.9736 
        020s 11 0.0020 0.0024 0.9956 
        021s 11 0.0018 0.0009 0.9974 
        022s 11 0.0007 0.0230 0.9763 
        023s 11 0.0349 0.0061 0.9590 
        025s 11 0.0016 0.0007 0.9978 
        026s 11 0.0613 0.0094 0.9294 
        027s 11 0.0008 0.0028 0.9965 
        028s 11 0.0017 0.0058 0.9925 
        029s 11 0.0006 0.0164 0.9830 
        030s 11 0.0025 0.0305 0.9669 
        031s 11 0.0005 0.0008 0.9987 
        032s 11 0.0041 0.0008 0.9951 
        033s 11 0.0015 0.0026 0.9959 
        034s 11 0.0007 0.0028 0.9965 
        035s 11 0.0006 0.0041 0.9953 
        036s 11 0.0007 0.0190 0.9803 
        037s 11 0.0024 0.0017 0.9960 
        038s 11 0.0010 0.0019 0.9971 
        039s 11 0.0016 0.0009 0.9975 
        040s 11 0.0013 0.0812 0.9175 
        041s 11 0.0050 0.0015 0.9935 
        042s 11 0.0131 0.0015 0.9854 
        043s 11 0.0345 0.0131 0.9524 
        044s 11 0.0055 0.0017 0.9927 
        045s 11 0.0114 0.0014 0.9872 
        046s 11 0.0357 0.0160 0.9483 
        047s 11 0.0016 0.0016 0.9967 
        048s 11 0.0394 0.0075 0.9531 
        049s 11 0.0023 0.0011 0.9966 
        050s 11 0.0018 0.0010 0.9972 
        051s 11 0.0547 0.0045 0.9408 
        052s 11 0.0033 0.0070 0.9897 
        053s 11 0.0013 0.0006 0.9981 
        054s 11 0.0010 0.0053 0.9937 
        055s 11 0.0007 0.0512 0.9481 
        001s 12 0.0014 0.0071 0.9916 
        002s 12 0.0015 0.0010 0.9976 
        003s 12 0.0005 0.0008 0.9987 
        004s 12 0.0183 0.0102 0.9715 
        005s 12 0.0010 0.0009 0.9981 
        006s 12 0.0024 0.0399 0.9577 
        007s 12 0.0024 0.0021 0.9955 
        008s 12 0.0009 0.0133 0.9858 
        009s 12 0.0090 0.0152 0.9758 
        010s 12 0.0007 0.0610 0.9383 
        011s 12 0.0013 0.0040 0.9948 
        012s 12 0.0048 0.0057 0.9894 
        013s 12 0.0437 0.0009 0.9553 
        014s 12 0.0439 0.0423 0.9138 
        015s 12 0.0015 0.0035 0.9950 
        016s 12 0.0066 0.0006 0.9928 
        017s 12 0.0019 0.0036 0.9945 
        018s 12 0.0022 0.0010 0.9969 
        019s 12 0.0008 0.0025 0.9968 
        020s 12 0.0015 0.0497 0.9488 
        021s 12 0.0031 0.0022 0.9947 
        022s 12 0.0073 0.0325 0.9602 
        023s 12 0.0018 0.0006 0.9976 
        024s 12 0.0007 0.0008 0.9984 
        025s 12 0.0015 0.0081 0.9904 
        026s 12 0.0021 0.0090 0.9888 
        027s 12 0.0007 0.0042 0.9951 
        028s 12 0.0046 0.0013 0.9942 
        029s 12 0.0016 0.0009 0.9976 
        030s 12 0.0008 0.0016 0.9976 
        031s 12 0.0034 0.0045 0.9921 
        032s 12 0.0015 0.0009 0.9976 
        033s 12 0.0007 0.0069 0.9924 
        034s 12 0.0005 0.0007 0.9988 
        035s 12 0.0006 0.0100 0.9894 
        036s 12 0.0012 0.0182 0.9806 
        037s 12 0.0013 0.0008 0.9979 
        001s 13 0.0041 0.0044 0.9914 
        002s 13 0.0012 0.0649 0.9339 
        003s 13 0.0019 0.0008 0.9973 
        004s 13 0.0057 0.0008 0.9935 
        005s 13 0.0033 0.0127 0.9840 
        006s 13 0.0008 0.0021 0.9971 
        007s 13 0.0015 0.0178 0.9808 
        008s 13 0.0011 0.0463 0.9526 
        009s 13 0.0016 0.1171 0.8813 
        010s 13 0.0015 0.0523 0.9461 
        011s 13 0.0032 0.0481 0.9487 
        012s 13 0.0315 0.0481 0.9204 
        013s 13 0.0112 0.0493 0.9396 
        014s 13 0.0051 0.0186 0.9764 
        015s 13 0.0122 0.0029 0.9849 
        016s 13 0.0015 0.0006 0.9980 
        017s 13 0.0007 0.0507 0.9487 
        018s 13 0.0011 0.0007 0.9982 
        019s 13 0.0016 0.0015 0.9969 
        020s 13 0.0006 0.0080 0.9915 
        021s 13 0.0021 0.0007 0.9972 
        022s 13 0.0013 0.0020 0.9967 
        023s 13 0.0005 0.0012 0.9982 
        024s 13 0.0448 0.0257 0.9295 
        025s 13 0.0033 0.0012 0.9955 
        026s 13 0.0143 0.1031 0.8825 
        027s 13 0.0028 0.0399 0.9573 
        028s 13 0.0048 0.0377 0.9574 
        029s 13 0.0018 0.0163 0.9819 
        030s 13 0.0487 0.0207 0.9307 
        031s 13 0.1029 0.0072 0.8899 
        032s 13 0.0006 0.0019 0.9976 
        033s 13 0.0011 0.0502 0.9487 
        034s 13 0.0020 0.0576 0.9404 
        035s 13 0.0053 0.0009 0.9938 
        036s 13 0.0006 0.0024 0.9970 
        037s 13 0.0023 0.0007 0.9970 
        038s 13 0.0012 0.0035 0.9952 
        039s 13 0.0864 0.0831 0.8305 
        040s 13 0.0017 0.0018 0.9964 
        041s 13 0.0026 0.0675 0.9299 
        042s 13 0.0013 0.0011 0.9976 
        001s 14 0.0012 0.0124 0.9865 
        002s 14 0.0028 0.0636 0.9336 
        003s 14 0.0011 0.0011 0.9977 
        004s 14 0.0057 0.0262 0.9681 
        005s 14 0.0009 0.0004 0.9988 
        006s 14 0.0007 0.0008 0.9986 
        007s 14 0.0019 0.0017 0.9964 
        008s 14 0.0047 0.0886 0.9067 
        009s 14 0.0016 0.0023 0.9962 
        010s 14 0.0024 0.0120 0.9857 
        011s 14 0.0010 0.0635 0.9355 
        012s 14 0.0021 0.0019 0.9960 
        013s 14 0.0072 0.0030 0.9897 
        014s 14 0.0014 0.0097 0.9888 
        015s 14 0.0042 0.0011 0.9947 
        016s 14 0.0157 0.0008 0.9836 
        017s 14 0.0010 0.0781 0.9209 
        018s 14 0.0022 0.0008 0.9970 
        019s 14 0.0011 0.0038 0.9951 
        020s 14 0.0018 0.0008 0.9974 
        021s 14 0.0009 0.0016 0.9975 
        022s 14 0.0021 0.0109 0.9870 
        023s 14 0.0048 0.0032 0.9919 
        024s 14 0.0019 0.0476 0.9506 
        025s 14 0.0005 0.0056 0.9939 
        026s 14 0.0015 0.0007 0.9978 
        027s 14 0.0053 0.0018 0.9929 
        028s 14 0.0011 0.0022 0.9967 
        029s 14 0.0019 0.0004 0.9977 
        030s 14 0.0007 0.0062 0.9931 
        031s 14 0.0022 0.0039 0.9939 
        032s 14 0.0031 0.0015 0.9954 
        033s 14 0.0010 0.0327 0.9663 
        034s 14 0.0008 0.0005 0.9987 
        035s 14 0.0013 0.1585 0.8402 
        036s 14 0.0104 0.1099 0.8797 
        037s 14 0.0046 0.0010 0.9944 
        038s 14 0.0006 0.0013 0.9981 
        039s 14 0.0074 0.0045 0.9881 
        040s 14 0.0018 0.0055 0.9927 
        041s 14 0.0011 0.0017 0.9972 
        042s 14 0.0038 0.0318 0.9644 
        001s 15 0.0019 0.0009 0.9972 
        002s 15 0.0262 0.0895 0.8843 
        003s 15 0.0129 0.0049 0.9822 
        004s 15 0.0004 0.0009 0.9987 
        005s 15 0.0087 0.0184 0.9729 
        006s 15 0.0017 0.0130 0.9853 
        007s 15 0.0005 0.0007 0.9988 
        008s 15 0.0009 0.0008 0.9983 
        009s 15 0.0456 0.0435 0.9108 
        010s 15 0.0021 0.0011 0.9967 
        011s 15 0.0014 0.0635 0.9351 
        012s 15 0.0032 0.0053 0.9915 
        013s 15 0.0018 0.0008 0.9973 
        014s 15 0.0097 0.0022 0.9881 
        015s 15 0.0163 0.0820 0.9017 
        016s 15 0.0006 0.0907 0.9087 
        017s 15 0.0040 0.0018 0.9942 
        018s 15 0.0008 0.0011 0.9982 
        019s 15 0.0073 0.0033 0.9893 
        020s 15 0.0010 0.0010 0.9981 
        021s 15 0.0058 0.0628 0.9314 
        022s 15 0.0008 0.0022 0.9969 
        023s 15 0.0015 0.0356 0.9629 
        024s 15 0.0013 0.0034 0.9952 
        025s 15 0.0384 0.0055 0.9561 
        026s 15 0.0325 0.0015 0.9661 
        027s 15 0.0011 0.0168 0.9821 
        028s 15 0.0023 0.0012 0.9965 
        029s 15 0.0019 0.0014 0.9968 
        030s 15 0.0011 0.0006 0.9983 
        031s 15 0.0117 0.0543 0.9340 
        032s 15 0.0027 0.0006 0.9968 
        033s 15 0.0007 0.0458 0.9535 
        035s 15 0.0014 0.0060 0.9926 
        036s 15 0.0068 0.0018 0.9914 
        037s 15 0.0013 0.0059 0.9928 
        038s 15 0.0006 0.0036 0.9958 
        039s 15 0.0006 0.0371 0.9623 
        040s 15 0.0011 0.0075 0.9914 
        041s 15 0.0055 0.0802 0.9143 
        042s 15 0.0013 0.0019 0.9968 
        043s 15 0.0027 0.0092 0.9881 
        044s 15 0.0014 0.0049 0.9936 
        045s 15 0.0816 0.0301 0.8883 
        046s 15 0.0018 0.0336 0.9647 
        047s 15 0.0008 0.0337 0.9656 
        048s 15 0.0198 0.0010 0.9791 
        049s 15 0.0009 0.0183 0.9808 
        050s 15 0.0064 0.1073 0.8863 
         001 16 0.0013 0.1879 0.8108 
         002 16 0.0010 0.0299 0.9692 
         003 16 0.0028 0.0150 0.9822 
         004 16 0.0018 0.0014 0.9968 
         005 16 0.0367 0.0608 0.9025 
         006 16 0.0188 0.0188 0.9624 
         007 16 0.0025 0.0031 0.9943 
         008 16 0.0010 0.1388 0.8602 
         009 16 0.0007 0.0014 0.9979 
         010 16 0.0018 0.0067 0.9915 
         011 16 0.0027 0.0083 0.9890 
         012 16 0.0016 0.0023 0.9961 
         013 16 0.0010 0.0011 0.9979 
         014 16 0.0005 0.0268 0.9727 
         015 16 0.3681 0.0008 0.6311 
         016 16 0.0179 0.0011 0.9810 
         017 16 0.0018 0.0260 0.9721 
         018 16 0.0431 0.0352 0.9217 
         019 16 0.0007 0.0709 0.9284 
         020 16 0.0010 0.0005 0.9985 
         021 16 0.0010 0.1287 0.8702 
         022 16 0.0044 0.0027 0.9929 
         023 16 0.0154 0.0083 0.9763 
         024 16 0.0355 0.0021 0.9624 
         025 16 0.0052 0.0753 0.9195 
         026 16 0.0045 0.1071 0.8884 
         027 16 0.0031 0.0035 0.9933 
         028 16 0.0005 0.1657 0.8338 
         029 16 0.0015 0.0421 0.9564 
         030 16 0.0006 0.0033 0.9961 
         031 16 0.0009 0.0020 0.9971 
         032 16 0.0158 0.0751 0.9091 
         033 16 0.0004 0.0011 0.9985 
         034 16 0.0015 0.0075 0.9910 
         035 16 0.0004 0.0005 0.9991 
         036 16 0.0033 0.0010 0.9957 
         037 16 0.0041 0.0589 0.9370 
         038 16 0.0108 0.0025 0.9867 
         039 16 0.0011 0.0009 0.9980 
         040 16 0.0028 0.0024 0.9948 
         041 16 0.0018 0.0012 0.9970 
         042 16 0.0012 0.0018 0.9970 
         043 16 0.0015 0.0012 0.9973 
         044 16 0.0022 0.0051 0.9927 
         045 16 0.0004 0.0163 0.9833 
         047 16 0.0015 0.0453 0.9532 
         048 16 0.0008 0.0070 0.9923 
         049 16 0.0049 0.0015 0.9935 
         050 16 0.0005 0.0010 0.9985 
         051 16 0.0008 0.0027 0.9965 
         052 16 0.0008 0.0004 0.9988 
         053 16 0.0010 0.0007 0.9984 
         054 16 0.0010 0.0497 0.9493 
         055 16 0.0005 0.0850 0.9145 
         056 16 0.0113 0.0009 0.9877 
         057 16 0.0003 0.0593 0.9403 
         058 16 0.0188 0.1055 0.8757 
         059 16 0.0973 0.0967 0.8061 
         060 16 0.0139 0.0027 0.9834 
         061 16 0.0024 0.0027 0.9949 
         062 16 0.0007 0.0048 0.9946 
         063 16 0.0010 0.0026 0.9964 
         064 16 0.0028 0.0007 0.9965 
         065 16 0.0034 0.0044 0.9921 
         066 16 0.0009 0.0006 0.9984 
         067 16 0.0760 0.0036 0.9204 
         068 16 0.0358 0.0062 0.9580 
         069 16 0.0007 0.0011 0.9982 
         070 16 0.0011 0.0044 0.9945 
         071 16 0.0008 0.0997 0.8995 
         072 16 0.0020 0.0042 0.9938 
         073 16 0.0007 0.0033 0.9960 
         074 16 0.0004 0.0007 0.9989 
         075 16 0.0013 0.0436 0.9550 
         076 16 0.0006 0.0015 0.9979 
         077 16 0.0646 0.0363 0.8991 
         078 16 0.0042 0.0061 0.9897 
         079 16 0.0023 0.0903 0.9074 
         080 16 0.0023 0.0013 0.9964 
         081 16 0.0007 0.0657 0.9336 
         082 16 0.0007 0.0376 0.9618 
         083 16 0.0026 0.0010 0.9964 
         084 16 0.0020 0.0048 0.9933 
         085 16 0.0138 0.0013 0.9850 
         086 16 0.0014 0.1177 0.8809 
         087 16 0.0005 0.0221 0.9775 
         088 16 0.0036 0.0008 0.9956 
         089 16 0.0016 0.0065 0.9919 
         090 16 0.0009 0.0041 0.9950 
         091 16 0.0010 0.0022 0.9968 
         092 16 0.0017 0.0140 0.9843 
         093 16 0.0008 0.0016 0.9977 
         094 16 0.0496 0.0034 0.9470 
         095 16 0.0007 0.0005 0.9988 
         096 16 0.0051 0.0147 0.9802 
         097 16 0.0063 0.1162 0.8775 
         098 16 0.0067 0.0011 0.9922 
         099 16 0.0086 0.0006 0.9907 
         100 16 0.0031 0.0012 0.9958 
         101 16 0.0085 0.0097 0.9818 
         102 16 0.0024 0.0031 0.9945 
         103 16 0.0036 0.0034 0.9930 
         104 16 0.0069 0.0020 0.9910 
         105 16 0.0100 0.1044 0.8856 
         106 16 0.0035 0.0015 0.9951 
         107 16 0.0120 0.0033 0.9847 
         108 16 0.1788 0.1088 0.7124 
         109 16 0.0010 0.0348 0.9642 
         110 16 0.0021 0.0006 0.9974 
         111 16 0.0027 0.0233 0.9740 
         112 16 0.0027 0.0139 0.9834 
         113 16 0.0014 0.0636 0.9350 
         114 16 0.0027 0.0045 0.9928 
         115 16 0.0010 0.0008 0.9982 
         116 16 0.0018 0.0071 0.9912 
         117 16 0.0010 0.0237 0.9753 
         118 16 0.0200 0.0020 0.9780 
         119 16 0.0020 0.0033 0.9947 
         120 16 0.0007 0.0034 0.9959 
         121 16 0.0369 0.0036 0.9595 
         122 16 0.0007 0.0006 0.9987 
         123 16 0.0007 0.0047 0.9945 
         124 16 0.0022 0.0067 0.9911 
         126 16 0.0075 0.1377 0.8548 
         001 17 0.0008 0.0024 0.9967 
         002 17 0.0008 0.0019 0.9973 
         003 17 0.0008 0.0010 0.9982 
         005 17 0.0006 0.0008 0.9987 
         006 17 0.0006 0.0539 0.9454 
         007 17 0.0413 0.1332 0.8255 
         008 17 0.0011 0.1245 0.8743 
         009 17 0.0006 0.0005 0.9989 
         010 17 0.0016 0.0016 0.9969 
         011 17 0.3912 0.1136 0.4952 
         012 17 0.0028 0.0027 0.9945 
         013 17 0.0006 0.0004 0.9990 
         014 17 0.0006 0.0008 0.9987 
         015 17 0.0005 0.0046 0.9948 
         016 17 0.0008 0.0014 0.9978 
         017 17 0.0021 0.0034 0.9945 
         018 17 0.0006 0.0318 0.9676 
         019 17 0.0014 0.0005 0.9981 
         020 17 0.0010 0.0015 0.9975 
         021 17 0.0016 0.0007 0.9977 
         022 17 0.0024 0.0549 0.9427 
         023 17 0.0010 0.0025 0.9965 
         024 17 0.0058 0.0808 0.9134 
         025 17 0.0005 0.0010 0.9985 
         002 18 0.0026 0.0007 0.9967 
         003 18 0.0015 0.0005 0.9980 
         004 18 0.0019 0.0220 0.9761 
         005 18 0.0390 0.0036 0.9574 
         006 18 0.0012 0.0007 0.9982 
         007 18 0.0006 0.0055 0.9939 
         008 18 0.0034 0.0008 0.9958 
         009 18 0.0035 0.0219 0.9747 
         010 18 0.0119 0.0014 0.9867 
         011 18 0.0031 0.0014 0.9955 
         012 18 0.0050 0.0074 0.9876 
         015 18 0.0026 0.0018 0.9956 
         016 18 0.0006 0.0087 0.9907 
         018 18 0.0098 0.0006 0.9896 
         026 18 0.0011 0.0029 0.9960 
         027 18 0.0020 0.0006 0.9974 
         028 18 0.0005 0.0021 0.9974 
         029 18 0.0008 0.0017 0.9975 
         031 18 0.0867 0.0763 0.8369 
         032 18 0.0005 0.0008 0.9987 
         033 18 0.0014 0.0013 0.9973 
         035 18 0.0009 0.0014 0.9978 
         036 18 0.0134 0.0010 0.9857 
         037 18 0.0162 0.0097 0.9740 
         038 18 0.0066 0.0330 0.9605 
         039 18 0.0017 0.0006 0.9977 
         044 18 0.0009 0.1338 0.8653 
         046 18 0.0400 0.0013 0.9587 
         049 18 0.0006 0.0011 0.9983 
         053 18 0.0009 0.0023 0.9968 
         054 18 0.0017 0.0088 0.9895 
         056 18 0.0069 0.0082 0.9849 
         057 18 0.0058 0.0012 0.9930 
         058 18 0.0054 0.0013 0.9933 
        001s 19 0.0016 0.0601 0.9383 
        002s 19 0.0016 0.0030 0.9954 
        003s 19 0.0007 0.0047 0.9945 
        004s 19 0.0322 0.0023 0.9655 
        005s 19 0.0765 0.0538 0.8698 
        006s 19 0.0024 0.0030 0.9945 
        007s 19 0.0202 0.0235 0.9563 
        008s 19 0.0188 0.0443 0.9369 
        009s 19 0.0031 0.0022 0.9947 
        010s 19 0.0008 0.0107 0.9885 
        011s 19 0.0017 0.0015 0.9968 
        012s 19 0.0008 0.0051 0.9941 
        013s 19 0.0009 0.0187 0.9804 
        014s 19 0.0248 0.0775 0.8977 
        015s 19 0.0007 0.0029 0.9964 
        016s 19 0.0525 0.0027 0.9448 
        017s 19 0.0102 0.0290 0.9608 
        018s 19 0.0042 0.0028 0.9929 
        019s 19 0.0050 0.0878 0.9072 
        020s 19 0.0015 0.0796 0.9189 
        021s 19 0.0007 0.0070 0.9923 
        022s 19 0.0009 0.0151 0.9840 
        023s 19 0.0037 0.0026 0.9936 
        024s 19 0.0040 0.0006 0.9954 
        025s 19 0.0080 0.0886 0.9034 
        026s 19 0.0065 0.0125 0.9810 
        027s 19 0.0017 0.0036 0.9947 
        028s 19 0.0005 0.0091 0.9904 
        029s 19 0.0010 0.0007 0.9983 
        030s 19 0.0010 0.0041 0.9950 
        031s 19 0.0012 0.0041 0.9947 
        032s 19 0.0005 0.0016 0.9979 
        033s 19 0.0070 0.0008 0.9922 
        034s 19 0.0018 0.0017 0.9965 
        035s 19 0.0087 0.0127 0.9786 
        036s 19 0.0023 0.0011 0.9966 
        037s 19 0.0005 0.0006 0.9989 
        038s 19 0.0028 0.0036 0.9936 
        039s 19 0.0006 0.0010 0.9984 
        040s 19 0.0006 0.0103 0.9890 
        041s 19 0.0009 0.0007 0.9983 
        042s 19 0.0217 0.0035 0.9748 
        043s 19 0.0009 0.0426 0.9565 
        044s 19 0.0022 0.0006 0.9972 
        045s 19 0.0021 0.0006 0.9972 
        046s 19 0.0079 0.0035 0.9885 
        047s 19 0.0005 0.0048 0.9947 
        048s 19 0.0009 0.1000 0.8990 
        049s 19 0.0078 0.0291 0.9631 
        050s 19 0.0010 0.0008 0.9983 
        051s 19 0.0141 0.0647 0.9212 
        052s 19 0.0013 0.0016 0.9972 
      LIW2-4 20 0.0033 0.0022 0.9946 
     LIW2-12 21 0.0820 0.0012 0.9168 
     LIW2-20 22 0.0015 0.0020 0.9965 
     LIW2-28 23 0.0762 0.0269 0.8969 
      LIW1-5 24 0.0034 0.0016 0.9950 
     LIW1-13 25 0.0212 0.0733 0.9055 
     LIW1-21 26 0.0413 0.0029 0.9558 
     LIW1-29 27 0.0244 0.0263 0.9492 
      LIW2-5 28 0.0036 0.0011 0.9953 
     LIW2-34 29 0.0056 0.0006 0.9939 
     LIW2-21 30 0.0262 0.0850 0.8888 
     LIW2-29 31 0.0049 0.1811 0.8140 
      LIW1-6 32 0.0044 0.0009 0.9947 
     LIW1-14 33 0.0021 0.0567 0.9413 
     LIW1-22 34 0.0132 0.0008 0.9860 
     LIW1-30 35 0.0044 0.0012 0.9945 
      LIW2-6 36 0.0289 0.0125 0.9586 
     LIW2-14 37 0.0070 0.0017 0.9913 
     LIW2-22 38 0.0964 0.0264 0.8773 
     LIW2-30 39 0.0119 0.0011 0.9870 
      LIW1-7 40 0.0634 0.0140 0.9227 
     LIW1-15 41 0.0155 0.0006 0.9838 
     LIW1-23 42 0.0079 0.0065 0.9857 
     LIW1-31 43 0.0085 0.0038 0.9877 
      LIW2-7 44 0.0015 0.0808 0.9177 
     LIW2-15 45 0.0130 0.0014 0.9856 
     LIW2-23 46 0.0872 0.0019 0.9109 
      LIW1-8 47 0.0036 0.0010 0.9954 
     LIW1-16 48 0.0033 0.0011 0.9956 
      LIW2-8 49 0.0034 0.0009 0.9957 
     LIW2-16 50 0.0409 0.3157 0.6434 
     LIW2-24 51 0.0143 0.1891 0.7965 
     LIW2-32 52 0.0572 0.0160 0.9269 
     LIW1-47 53 0.0160 0.0118 0.9721 
      UMFS-1 54 0.0683 0.0362 0.8955 
     UMFS-19 55 0.1161 0.1123 0.7716 
     UMFS-31 56 0.0749 0.0007 0.9244 
      UMFS-2 57 0.0314 0.0009 0.9677 
     UMFS-10 58 0.0935 0.0042 0.9023 
     UMFS-20 59 0.0546 0.0497 0.8957 
     UMFS-32 60 0.0883 0.0689 0.8428 
      UMFS-3 61 0.1278 0.0737 0.7984 
     UMFS-11 62 0.0097 0.4084 0.5818 
     UMFS-21 63 0.1064 0.0591 0.8345 
     UMFS-33 64 0.0768 0.0169 0.9064 
      UMFS-4 65 0.1011 0.0108 0.8881 
     UMFS-22 66 0.0896 0.0184 0.8920 
     UMFS-34 67 0.1186 0.0507 0.8307 
      UMFS-5 68 0.0900 0.0064 0.9035 
     UMFS-13 69 0.1228 0.0560 0.8211 
     UMFS-23 70 0.0827 0.0242 0.8931 
     UMFS-35 71 0.1099 0.0207 0.8693 
      UMFS-6 72 0.1247 0.0140 0.8613 
     UMFS-14 73 0.0785 0.0101 0.9114 
     UMFS-24 74 0.0310 0.0356 0.9334 
     UMFS-36 75 0.0905 0.0708 0.8386 
      UMFS-7 76 0.1146 0.5623 0.3231 
     UMFS-15 77 0.0959 0.0713 0.8328 
     UMFS-25 78 0.0667 0.0823 0.8509 
     UMFS-37 79 0.0686 0.0808 0.8506 
      UMFS-8 80 0.0880 0.0309 0.8810 
     UMFS-16 81 0.0990 0.0702 0.8308 
     UMFS-26 82 0.1752 0.0422 0.7826 
     UMFS-38 83 0.0531 0.0088 0.9381 
      NEH1-2 84 0.9803 0.0177 0.0020 
     NEH1-11 85 0.9642 0.0344 0.0013 
     NEH1-20 86 0.8825 0.0010 0.1165 
     NEH1-29 87 0.9986 0.0003 0.0010 
      NEH2-2 88 0.9994 0.0002 0.0004 
     NEH2-10 89 0.9928 0.0007 0.0065 
     NEH2-18 90 0.9992 0.0006 0.0002 
     NEH2-26 91 0.9977 0.0009 0.0014 
      NEH1-3 92 0.8446 0.0012 0.1542 
     NEH1-12 93 0.9505 0.0491 0.0005 
     NEH1-21 94 0.9299 0.0019 0.0681 
     NEH1-30 95 0.9165 0.0104 0.0732 
      NEH2-3 96 0.9996 0.0002 0.0002 
     NEH2-11 97 0.9955 0.0038 0.0007 
     NEH2-19 98 0.9953 0.0013 0.0034 
     NEH2-27 99 0.9997 0.0001 0.0002 
      NEH1-4 100 0.9996 0.0003 0.0002 
     NEH1-13 101 0.7711 0.0017 0.2272 
     NEH1-22 102 0.8016 0.0008 0.1977 
     NEH1-31 103 0.9989 0.0005 0.0006 
      NEH2-4 104 0.9948 0.0013 0.0039 
     NEH2-12 105 0.9542 0.0449 0.0009 
     NEH2-20 106 0.8055 0.0004 0.1942 
     NEH2-28 107 0.9946 0.0037 0.0017 
      NEH1-5 108 0.8630 0.0041 0.1330 
     NEH1-14 109 0.7691 0.0692 0.1617 
     NEH1-23 110 0.7730 0.0003 0.2267 
     NEH1-32 111 0.9967 0.0022 0.0011 
      NEH2-5 112 0.9996 0.0002 0.0002 
     NEH2-13 113 0.9914 0.0066 0.0020 
     NEH2-22 114 0.9984 0.0005 0.0011 
     NEH2-29 115 0.9629 0.0007 0.0365 
      NEH1-6 116 0.9995 0.0003 0.0002 
     NEH1-15 117 0.9544 0.0441 0.0014 
     NEH1-24 118 0.9950 0.0040 0.0010 
     NEH1-33 119 0.8784 0.0007 0.1208 
      NEH2-6 120 0.9825 0.0006 0.0169 
     NEH2-14 121 0.9936 0.0020 0.0044 
     NEH2-21 122 0.9543 0.0003 0.0453 
     NEH2-30 123 0.9995 0.0002 0.0003 
      NEH1-7 124 0.8484 0.0790 0.0726 
     NEH1-16 125 0.9992 0.0004 0.0004 
     NEH1-25 126 0.8757 0.0009 0.1235 
     NEH1-34 127 0.9347 0.0103 0.0551 
      NEH2-7 128 0.9963 0.0012 0.0025 
     NEH2-15 129 0.9998 0.0001 0.0001 
     NEH2-23 130 0.9452 0.0361 0.0187 
     NEH2-31 131 0.9996 0.0002 0.0002 
      NEH1-8 132 0.8348 0.0583 0.1068 
     NEH1-17 133 0.9024 0.0954 0.0022 
     NEH1-26 134 0.8520 0.0010 0.1471 
     NEH1-35 135 0.8133 0.0040 0.1827 
      NEH2-8 136 0.9996 0.0001 0.0002 
     NEH2-16 137 0.9986 0.0006 0.0009 
     NEH2-24 138 0.9996 0.0002 0.0002 
     NEH2-32 139 0.9435 0.0560 0.0005 
      NEH1-1 140 0.9215 0.0767 0.0018 
     NEH1-10 141 0.9992 0.0004 0.0003 
     NEH1-19 142 0.8782 0.0016 0.1202 
     NEH1-28 143 0.9585 0.0402 0.0013 
      NEH2-1 144 0.9947 0.0020 0.0033 
      NEH2-9 145 0.9991 0.0003 0.0006 
     NEH2-17 146 0.9631 0.0308 0.0062 
     NEH2-25 147 0.9981 0.0014 0.0005 
      LIW1-1 148 0.1126 0.0947 0.7927 
      LIW1-9 149 0.0728 0.1549 0.7723 
     LIW1-17 150 0.0524 0.0009 0.9466 
     LIW1-25 151 0.0029 0.0008 0.9964 
      LIW2-9 152 0.0029 0.0651 0.9320 
     LIW2-17 153 0.0040 0.0021 0.9938 
     LIW2-25 154 0.0047 0.0015 0.9937 
      LIW1-2 155 0.0167 0.0013 0.9820 
     LIW1-10 156 0.0057 0.0057 0.9886 
     LIW1-18 157 0.0085 0.0037 0.9878 
     LIW1-26 158 0.0238 0.0014 0.9748 
      LIW2-2 159 0.0057 0.0006 0.9937 
     LIW2-10 160 0.0020 0.0020 0.9961 
     LIW2-18 161 0.0634 0.0384 0.8982 
     LIW2-26 162 0.0048 0.0012 0.9941 
      LIW1-3 163 0.0387 0.0052 0.9561 
     LIW1-11 164 0.0090 0.0104 0.9806 
     LIW1-19 165 0.0723 0.0375 0.8902 
     LIW1-27 166 0.0009 0.0066 0.9925 
      LIW2-3 167 0.0034 0.0153 0.9813 
     LIW2-11 168 0.0011 0.0007 0.9982 
     LIW2-19 169 0.0358 0.0016 0.9625 
     LIW2-27 170 0.0187 0.0007 0.9806 
      LIW1-4 171 0.0074 0.0013 0.9913 
     LIW1-12 172 0.0093 0.0228 0.9680 
     LIW1-20 173 0.0020 0.0033 0.9947 
     LIW1-28 174 0.0155 0.0041 0.9804 
        001s 175 0.0024 0.0034 0.9942 
        002s 175 0.0029 0.0671 0.9300 
        003s 175 0.0011 0.0008 0.9982 
        004s 175 0.0020 0.0359 0.9620 
        005s 175 0.0026 0.0024 0.9950 
        006s 175 0.0024 0.1555 0.8421 
        007s 175 0.0013 0.0008 0.9979 
        008s 175 0.0009 0.0030 0.9962 
        009s 175 0.0025 0.1132 0.8843 
        010s 175 0.0016 0.0014 0.9969 
        011s 175 0.0015 0.0042 0.9943 
        012s 175 0.0006 0.0008 0.9986 
        013s 175 0.0004 0.0050 0.9946 
        014s 175 0.0005 0.0795 0.9200 
        015s 175 0.0025 0.0023 0.9952 
        016s 175 0.0004 0.0164 0.9832 
        017s 175 0.0073 0.0108 0.9818 
        018s 175 0.0017 0.0059 0.9924 
        019s 175 0.0091 0.0017 0.9892 
        020s 175 0.0016 0.0020 0.9965 
        021s 175 0.0031 0.0014 0.9955 
        022s 175 0.0048 0.0134 0.9818 
        023s 175 0.0057 0.0059 0.9884 
        024s 175 0.0013 0.0330 0.9657 
        025s 175 0.0012 0.0503 0.9485 
        026s 175 0.0023 0.0046 0.9930 
        027s 175 0.0027 0.0026 0.9948 
        028s 175 0.0625 0.0013 0.9362 
        029s 175 0.0008 0.0011 0.9981 
        030s 175 0.0034 0.0950 0.9016 
        031s 175 0.0006 0.0024 0.9970 
        032s 175 0.0263 0.0019 0.9718 
        033s 175 0.0014 0.0207 0.9779 
        034s 175 0.0006 0.0055 0.9939 
        035s 175 0.0007 0.0096 0.9897 
        036s 175 0.0008 0.0012 0.9979 
        037s 175 0.0173 0.0014 0.9813 
        038s 175 0.0012 0.0134 0.9853 
        039s 175 0.0046 0.0022 0.9932 
        040s 175 0.0029 0.0014 0.9957 
        041s 175 0.0011 0.0037 0.9952 
        042s 175 0.0024 0.0022 0.9954 
        043s 175 0.0062 0.0051 0.9887 
        044s 175 0.0025 0.0013 0.9961 
        045s 175 0.0010 0.0666 0.9324 
        046s 175 0.0027 0.0024 0.9950 
        047s 175 0.0136 0.0008 0.9856 
        048s 175 0.0006 0.0082 0.9912 
        049s 175 0.0011 0.0256 0.9733 
        050s 175 0.0994 0.0287 0.8720 
        001s 176 0.0010 0.0833 0.9157 
        002s 176 0.0037 0.0180 0.9784 
        003s 176 0.0017 0.0019 0.9964 
        004s 176 0.0029 0.0026 0.9945 
        005s 176 0.0251 0.0007 0.9742 
        006s 176 0.0011 0.0013 0.9976 
        007s 176 0.0020 0.0727 0.9253 
        008s 176 0.0004 0.0008 0.9988 
        009s 176 0.0129 0.0009 0.9862 
        010s 176 0.0008 0.0012 0.9980 
        011s 176 0.0056 0.0008 0.9936 
        012s 176 0.0016 0.0630 0.9353 
        013s 176 0.0042 0.0189 0.9769 
        014s 176 0.0009 0.0041 0.9950 
        015s 176 0.0025 0.0012 0.9963 
        016s 176 0.0016 0.0009 0.9974 
        017s 176 0.0006 0.0005 0.9989 
        018s 176 0.0148 0.0009 0.9843 
        019s 176 0.0007 0.0544 0.9449 
        020s 176 0.0022 0.0022 0.9956 
        021s 176 0.0018 0.0048 0.9934 
        022s 176 0.0012 0.0023 0.9965 
        023s 176 0.0005 0.0012 0.9983 
        024s 176 0.0014 0.0467 0.9519 
        025s 176 0.0047 0.0093 0.9861 
        026s 176 0.0034 0.0085 0.9881 
        027s 176 0.0012 0.0007 0.9981 
        028s 176 0.0015 0.0019 0.9966 
        029s 176 0.0034 0.0015 0.9951 
        030s 176 0.0011 0.0533 0.9456 
        031s 176 0.0015 0.0083 0.9902 
        032s 176 0.0359 0.0172 0.9469 
        033s 176 0.0286 0.1179 0.8535 
        034s 176 0.0010 0.0016 0.9974 
        035s 176 0.0701 0.0062 0.9237 
        036s 176 0.0010 0.0014 0.9976 
        037s 176 0.0310 0.0586 0.9105 
        038s 176 0.0012 0.0011 0.9977 
        039s 176 0.0004 0.0008 0.9988 
        040s 176 0.0010 0.0007 0.9983 
        041s 176 0.0013 0.0014 0.9973 
        042s 176 0.0006 0.0008 0.9986 
        043s 176 0.0105 0.0212 0.9683 
        044s 176 0.0005 0.0038 0.9957 
        045s 176 0.0015 0.0157 0.9828 
        046s 176 0.0005 0.0020 0.9975 
        047s 176 0.0024 0.0009 0.9966 
        048s 176 0.0009 0.0081 0.9911 
        050s 176 0.0138 0.0017 0.9844 
        001s 177 0.0241 0.0437 0.9322 
        002s 177 0.0020 0.0007 0.9973 
        003s 177 0.0201 0.0447 0.9352 
        004s 177 0.0020 0.0016 0.9964 
        005s 177 0.0005 0.0022 0.9973 
        006s 177 0.0039 0.0029 0.9932 
        007s 177 0.0012 0.0055 0.9932 
        008s 177 0.0026 0.1466 0.8507 
        009s 177 0.0011 0.0006 0.9983 
        010s 177 0.0016 0.0244 0.9740 
        011s 177 0.0008 0.0017 0.9975 
        012s 177 0.0010 0.0034 0.9956 
        013s 177 0.0032 0.0013 0.9955 
        014s 177 0.0028 0.0336 0.9636 
        015s 177 0.0038 0.0037 0.9925 
        016s 177 0.0007 0.0005 0.9988 
        017s 177 0.0014 0.0362 0.9624 
        018s 177 0.0007 0.0113 0.9880 
        019s 177 0.0065 0.0012 0.9923 
        020s 177 0.0043 0.0035 0.9922 
        021s 177 0.0020 0.0007 0.9973 
        022s 177 0.0203 0.0058 0.9739 
        023s 177 0.0034 0.0175 0.9791 
        024s 177 0.0030 0.0010 0.9961 
        025s 177 0.0010 0.0038 0.9952 
        026s 177 0.0044 0.0011 0.9945 
        027s 177 0.0012 0.0007 0.9981 
        028s 177 0.0014 0.0006 0.9980 
        029s 177 0.0021 0.0891 0.9088 
        030s 177 0.0034 0.0084 0.9882 
        031s 177 0.0141 0.0014 0.9845 
        032s 177 0.0011 0.0273 0.9716 
        033s 177 0.0048 0.0007 0.9945 
        034s 177 0.0011 0.0020 0.9969 
        035s 177 0.0005 0.0005 0.9989 
        036s 177 0.0624 0.0102 0.9274 
        037s 177 0.0054 0.0319 0.9627 
        038s 177 0.0018 0.0115 0.9868 
        039s 177 0.0024 0.0019 0.9958 
        040s 177 0.0020 0.0310 0.9670 
        041s 177 0.0010 0.1059 0.8931 
        042s 177 0.0008 0.0333 0.9660 
        043s 177 0.0009 0.0005 0.9986 
        044s 177 0.0012 0.0012 0.9977 
        045s 177 0.0039 0.0145 0.9816 
        046s 177 0.0010 0.0011 0.9979 
        047s 177 0.0050 0.0025 0.9926 
        048s 177 0.0006 0.0094 0.9900 
        049s 177 0.0013 0.0576 0.9411 
        050s 177 0.0009 0.0007 0.9985 
        001s 178 0.0026 0.0296 0.9678 
        002s 178 0.0047 0.0052 0.9902 
        003s 178 0.0011 0.0055 0.9934 
        004s 178 0.0008 0.0039 0.9954 
        005s 178 0.0008 0.0023 0.9969 
        006s 178 0.0584 0.0573 0.8843 
        007s 178 0.0009 0.0013 0.9977 
        008s 178 0.0009 0.0858 0.9133 
        009s 178 0.0025 0.0050 0.9925 
        010s 178 0.0019 0.0008 0.9974 
        011s 178 0.0009 0.0019 0.9973 
        012s 178 0.0006 0.0029 0.9964 
        013s 178 0.0040 0.0005 0.9955 
        014s 178 0.0279 0.0276 0.9445 
        015s 178 0.0007 0.0059 0.9933 
        016s 178 0.0022 0.0167 0.9811 
        017s 178 0.0060 0.0298 0.9642 
        018s 178 0.0030 0.0019 0.9951 
        019s 178 0.0006 0.0026 0.9968 
        020s 178 0.0003 0.0009 0.9988 
        021s 178 0.0014 0.0354 0.9632 
        022s 178 0.0007 0.0022 0.9971 
        023s 178 0.0403 0.0990 0.8607 
        024s 178 0.0013 0.0008 0.9979 
        025s 178 0.0015 0.0297 0.9688 
        026s 178 0.0008 0.0007 0.9986 
        027s 178 0.0014 0.0392 0.9594 
        028s 178 0.0103 0.0394 0.9503 
        029s 178 0.0013 0.0042 0.9945 
        030s 178 0.0059 0.0112 0.9830 
        031s 178 0.0005 0.0005 0.9990 
        032s 178 0.0008 0.0010 0.9982 
        033s 178 0.0008 0.0485 0.9506 
        034s 178 0.0007 0.0006 0.9987 
        035s 178 0.0043 0.0016 0.9941 
        036s 178 0.0011 0.0006 0.9984 
        037s 178 0.0079 0.0006 0.9915 
        039s 178 0.0095 0.0193 0.9712 
        040s 178 0.0035 0.0700 0.9265 
        041s 178 0.0009 0.0009 0.9982 
        042s 178 0.0111 0.0370 0.9519 
        043s 178 0.0166 0.0370 0.9465 
        044s 178 0.0011 0.1172 0.8818 
        045s 178 0.0021 0.0017 0.9961 
        046s 178 0.0004 0.0019 0.9977 
        047s 178 0.0014 0.0211 0.9775 
        048s 178 0.0306 0.0154 0.9540 
        049s 178 0.0064 0.0064 0.9872 
        050s 178 0.0068 0.0947 0.8985 
          01 179 0.0284 0.0734 0.8982 
          02 179 0.0033 0.0016 0.9951 
          03 179 0.0028 0.1396 0.8576 
          04 179 0.0098 0.0030 0.9872 
          05 179 0.0015 0.0590 0.9395 
          06 179 0.0005 0.0016 0.9978 
          07 179 0.0078 0.0038 0.9884 
          08 179 0.0070 0.0009 0.9921 
          09 179 0.0012 0.0006 0.9982 
          10 179 0.0090 0.0088 0.9822 
          11 179 0.0011 0.0870 0.9118 
          12 179 0.0037 0.0011 0.9953 
          13 179 0.0008 0.0010 0.9983 
          14 179 0.0082 0.0840 0.9078 
          15 179 0.0012 0.0168 0.9820 
          16 179 0.0014 0.0145 0.9841 
          17 179 0.0256 0.0016 0.9728 
          18 179 0.0037 0.0010 0.9953 
          19 179 0.0015 0.0284 0.9701 
          20 179 0.0926 0.0419 0.8655 
          21 179 0.0011 0.0003 0.9986 
          22 179 0.0016 0.0134 0.9850 
          23 179 0.0010 0.0024 0.9966 
        001s 180 0.0387 0.0350 0.9263 
        002s 180 0.0035 0.0019 0.9946 
        003s 180 0.0021 0.0013 0.9967 
        004s 180 0.0008 0.0010 0.9981 
        005s 180 0.0308 0.0060 0.9632 
        006s 180 0.0012 0.0889 0.9100 
        007s 180 0.0009 0.0012 0.9979 
        008s 180 0.0010 0.0033 0.9956 
        009s 180 0.0022 0.0011 0.9968 
        010s 180 0.0013 0.0011 0.9976 
        011s 180 0.0007 0.0025 0.9969 
        012s 180 0.0012 0.0098 0.9890 
        013s 180 0.0083 0.0018 0.9899 
        014s 180 0.0023 0.0082 0.9894 
        015s 180 0.0033 0.0014 0.9954 
        016s 180 0.0237 0.0137 0.9625 
        017s 180 0.0015 0.0018 0.9966 
        018s 180 0.0014 0.0679 0.9307 
        019s 180 0.0021 0.0022 0.9957 
        020s 180 0.0126 0.0032 0.9842 
        021s 180 0.0036 0.0028 0.9936 
        022s 180 0.0015 0.0084 0.9901 
        023s 180 0.0062 0.0007 0.9931 
        024s 180 0.0090 0.0041 0.9868 
        025s 180 0.0007 0.0128 0.9866 
        026s 180 0.0010 0.0028 0.9962 
        027s 180 0.0014 0.0056 0.9929 
        028s 180 0.0019 0.0038 0.9943 
        029s 180 0.0640 0.0129 0.9231 
        030s 180 0.0008 0.0019 0.9973 
        031s 180 0.0032 0.0008 0.9960 
        032s 180 0.0011 0.0034 0.9954 
        033s 180 0.0003 0.0033 0.9964 
        034s 180 0.0009 0.0056 0.9935 
        035s 180 0.0254 0.0089 0.9657 
        036s 180 0.0012 0.0007 0.9981 
        037s 180 0.0028 0.0021 0.9951 
        038s 180 0.0005 0.0032 0.9963 
        039s 180 0.0018 0.0029 0.9953 
        041s 180 0.0006 0.0012 0.9982 
        042s 180 0.0091 0.0023 0.9886 
        043s 180 0.0033 0.0054 0.9913 
        044s 180 0.0007 0.0012 0.9981 
        045s 180 0.0059 0.0046 0.9894 
        046s 180 0.0025 0.0117 0.9858 
        047s 180 0.0024 0.0115 0.9861 
        048s 180 0.0012 0.0016 0.9972 
        049s 180 0.0005 0.0013 0.9982 
        050s 180 0.0006 0.0013 0.9981 
         001 181 0.0001 0.9996 0.0002 
         002 181 0.0001 0.9997 0.0001 
         003 181 0.0002 0.9996 0.0002 
         004 181 0.0004 0.9911 0.0085 
         005 181 0.0014 0.9964 0.0023 
         006 181 0.0001 0.9997 0.0002 
         007 181 0.0001 0.9997 0.0002 
         008 181 0.0002 0.9996 0.0003 
         009 181 0.0001 0.9998 0.0001 
         010 181 0.0025 0.9960 0.0015 
         011 181 0.0002 0.9997 0.0001 
         012 181 0.0014 0.9982 0.0004 
         013 181 0.0003 0.9990 0.0007 
         014 181 0.0002 0.9996 0.0003 
         015 181 0.0001 0.9997 0.0002 
         016 181 0.0003 0.9993 0.0003 
         017 181 0.0001 0.9997 0.0001 
         018 181 0.0003 0.9994 0.0004 
         019 181 0.0006 0.9977 0.0018 
         020 181 0.0002 0.9997 0.0002 
         021 181 0.0001 0.9997 0.0002 
         022 181 0.0001 0.9997 0.0001 
         023 181 0.0001 0.9997 0.0001 
         024 181 0.0008 0.9962 0.0030 
         025 181 0.0001 0.9997 0.0002 
         026 181 0.0002 0.9996 0.0002 
         027 181 0.0001 0.9998 0.0001 
         028 181 0.0001 0.9998 0.0001 
         029 181 0.0002 0.9996 0.0002 
         030 181 0.0002 0.9996 0.0002 
         001 182 0.0002 0.9997 0.0002 
         002 182 0.0002 0.9993 0.0004 
         003 182 0.0015 0.9909 0.0076 
         004 182 0.0004 0.9993 0.0003 
         005 182 0.0002 0.9983 0.0015 
         006 182 0.0040 0.8828 0.1133 
         007 182 0.0007 0.9965 0.0029 
         008 182 0.0002 0.9993 0.0006 
         009 182 0.0002 0.9995 0.0003 
         010 182 0.0013 0.9012 0.0975 
         011 182 0.0002 0.9994 0.0004 
         012 182 0.0020 0.9282 0.0699 
         013 182 0.0027 0.9950 0.0023 
         014 182 0.0070 0.8975 0.0954 
         015 182 0.0001 0.9997 0.0002 
         016 182 0.0001 0.9996 0.0003 
         017 182 0.0004 0.9431 0.0565 
         018 182 0.0001 0.9995 0.0004 
         019 182 0.0001 0.9997 0.0002 
         020 182 0.0001 0.9998 0.0001 
         021 182 0.0014 0.9338 0.0648 
         022 182 0.0002 0.9994 0.0003 
         023 182 0.0003 0.9994 0.0003 
         024 182 0.0001 0.9995 0.0004 
         025 182 0.0001 0.9996 0.0003 
         026 182 0.0001 0.9997 0.0002 
         027 182 0.0017 0.9975 0.0009 
         028 182 0.0003 0.9990 0.0006 
         029 182 0.0012 0.9977 0.0011 
         030 182 0.0001 0.9997 0.0002 
          10 183 0.0031 0.0006 0.9963 
          11 183 0.0736 0.0005 0.9259 
          12 183 0.0099 0.0008 0.9894 
          13 183 0.0008 0.0544 0.9447 
          14 183 0.0161 0.0004 0.9834 
          15 183 0.0478 0.0075 0.9447 
          16 183 0.0022 0.0699 0.9279 
          17 183 0.0032 0.0010 0.9958 
          18 183 0.0019 0.0006 0.9974 
          19 183 0.0017 0.0004 0.9979 
          20 183 0.0011 0.0223 0.9766 
          21 183 0.0170 0.0017 0.9813 
          22 183 0.0379 0.0059 0.9563 
          23 183 0.0007 0.0094 0.9898 
          24 183 0.0254 0.0005 0.9741 
          25 183 0.0157 0.0015 0.9828 
          26 183 0.0015 0.0063 0.9922 
          27 183 0.0176 0.0134 0.9690 
          28 183 0.0268 0.0024 0.9708 
          29 183 0.0282 0.6936 0.2782 
          30 183 0.0751 0.8148 0.1101 
          31 183 0.0080 0.0012 0.9908 
          32 183 0.0005 0.0004 0.9991 
          33 183 0.0023 0.0033 0.9943 
          34 183 0.0318 0.0005 0.9677 
          35 183 0.0152 0.0124 0.9724 
          36 183 0.0086 0.0007 0.9907 
          37 183 0.0370 0.7906 0.1724 
          54 183 0.0029 0.0631 0.9340 
          55 183 0.0798 0.0968 0.8233 
           6 183 0.0016 0.0078 0.9905 
           7 183 0.0079 0.1120 0.8801 
           8 183 0.0056 0.0411 0.9532 
           9 183 0.0202 0.0037 0.9762 
           4 184 0.0010 0.0036 0.9954 
           9 184 0.0007 0.0013 0.9980 
          12 184 0.0004 0.0154 0.9842 
          14 184 0.0102 0.0013 0.9885 
          15 184 0.0038 0.0006 0.9956 
          16 184 0.0022 0.0014 0.9965 
          17 184 0.0018 0.0044 0.9938 
          18 184 0.0028 0.0913 0.9059 
          22 184 0.0006 0.0009 0.9985 
          25 184 0.0014 0.0060 0.9926 
          26 184 0.0037 0.0016 0.9947 
          27 184 0.0004 0.0013 0.9983 
          28 184 0.0012 0.0008 0.9980 
          29 184 0.0009 0.0004 0.9987 
          31 184 0.0009 0.0038 0.9953 
          32 184 0.0033 0.0051 0.9916 
          33 184 0.0033 0.0012 0.9955 
          34 184 0.0010 0.0009 0.9982 
          36 184 0.0009 0.3776 0.6215 
          37 184 0.0008 0.0048 0.9944 
          39 184 0.0125 0.0188 0.9686 
          40 184 0.0043 0.0040 0.9918 
          41 184 0.0031 0.0062 0.9907 
          42 184 0.0008 0.0027 0.9965 
          43 184 0.0014 0.0011 0.9975 
          44 184 0.0071 0.0727 0.9202 
          45 184 0.0011 0.0005 0.9984 
          46 184 0.0006 0.0024 0.9970 
          47 184 0.0008 0.0004 0.9988 
          48 184 0.0029 0.0008 0.9962 
          52 184 0.0011 0.0876 0.9114 
          54 184 0.0003 0.0012 0.9985 
          57 184 0.0009 0.0017 0.9974 
          58 184 0.0016 0.0022 0.9961 
          59 184 0.0009 0.0735 0.9256 
          60 184 0.0147 0.0008 0.9844 
           3 185 0.0158 0.0249 0.9593 
           4 185 0.0032 0.0015 0.9953 
           5 185 0.0007 0.0020 0.9974 
           6 185 0.0009 0.0012 0.9978 
           7 185 0.0005 0.0886 0.9109 
           8 185 0.0016 0.0782 0.9202 
           9 185 0.0030 0.0025 0.9945 
          10 185 0.0056 0.0017 0.9927 
          11 185 0.0036 0.0662 0.9302 
          12 185 0.0026 0.1032 0.8942 
          13 185 0.0007 0.0009 0.9984 
          14 185 0.0010 0.0013 0.9977 
          15 185 0.2438 0.0030 0.7532 
          16 185 0.0023 0.0020 0.9957 
          17 185 0.0546 0.0022 0.9432 
          18 185 0.0010 0.0007 0.9984 
          19 185 0.0247 0.0004 0.9749 
          20 185 0.0008 0.1339 0.8653 
          21 185 0.0121 0.0051 0.9828 
          22 185 0.0559 0.0033 0.9409 
          23 185 0.0032 0.0254 0.9715 
          24 185 0.0007 0.0010 0.9983 
          25 185 0.0096 0.0726 0.9178 
          26 185 0.0025 0.0023 0.9952 
          27 185 0.0015 0.0007 0.9978 
          28 185 0.0004 0.0010 0.9986 
          29 185 0.0701 0.1272 0.8027 
          30 185 0.0016 0.0096 0.9889 
          31 185 0.0009 0.0117 0.9874 
          32 185 0.0005 0.0062 0.9933 
          33 185 0.0008 0.0185 0.9807 
          34 185 0.0026 0.0009 0.9965 
          35 185 0.0020 0.0021 0.9959 
          36 185 0.0013 0.0019 0.9968 
          37 185 0.0009 0.0301 0.9690 
          38 185 0.0004 0.1077 0.8919 
          39 185 0.0111 0.0519 0.9370 
          40 185 0.0020 0.0013 0.9967 
          41 185 0.0016 0.0008 0.9976 
          42 185 0.0008 0.0011 0.9981 
           5 186 0.0008 0.0011 0.9981 
           6 186 0.0007 0.0016 0.9977 
           7 186 0.0007 0.0037 0.9956 
           9 186 0.0031 0.0873 0.9096 
          10 186 0.0016 0.0544 0.9440 
          11 186 0.0010 0.0045 0.9945 
          12 186 0.0006 0.0021 0.9974 
          29 186 0.0152 0.0023 0.9825 
          30 186 0.0017 0.0005 0.9978 
          31 186 0.1651 0.0652 0.7698 
          32 186 0.0469 0.0509 0.9022 
          33 186 0.0051 0.0007 0.9942 
          34 186 0.0052 0.0249 0.9698 
          35 186 0.0013 0.0004 0.9983 
          36 186 0.0025 0.0019 0.9956 
          37 186 0.0012 0.0368 0.9620 
          38 186 0.0190 0.0198 0.9611 
          39 186 0.0006 0.0009 0.9985 
          40 186 0.0012 0.0008 0.9980 
          41 186 0.0008 0.0056 0.9936 
          42 186 0.0008 0.0011 0.9981 
          43 186 0.0011 0.0111 0.9878 
          44 186 0.0033 0.0005 0.9962 
          45 186 0.0007 0.0008 0.9985 
          46 186 0.0008 0.0009 0.9984 
          47 186 0.0020 0.0051 0.9929 
          48 186 0.0012 0.0011 0.9977 
          49 186 0.0004 0.0005 0.9991 
          50 186 0.0030 0.0190 0.9780 
          51 186 0.0006 0.0007 0.9987 
          52 186 0.0017 0.0015 0.9968 
          53 186 0.0026 0.0011 0.9963 
          54 186 0.0017 0.0007 0.9976 
          55 186 0.0014 0.0024 0.9962 
          56 186 0.0012 0.0021 0.9967 
          57 186 0.0780 0.0045 0.9174 
          58 186 0.0005 0.0011 0.9984 
          59 186 0.0009 0.0060 0.9931 
          60 186 0.0037 0.0005 0.9958 
           1 187 0.0074 0.0234 0.9691 
           2 187 0.0022 0.0046 0.9932 
           3 187 0.0185 0.0154 0.9661 
           4 187 0.0195 0.1176 0.8629 
           5 187 0.0010 0.0008 0.9983 
           6 187 0.0010 0.0046 0.9944 
           7 187 0.0026 0.1453 0.8520 
           8 187 0.0010 0.0020 0.9970 
           9 187 0.0016 0.0005 0.9980 
          10 187 0.0016 0.0386 0.9598 
          11 187 0.0004 0.0016 0.9981 
          12 187 0.0007 0.0014 0.9979 
          13 187 0.0022 0.0073 0.9905 
          14 187 0.0027 0.0016 0.9957 
          15 187 0.0009 0.0046 0.9945 
          16 187 0.0037 0.0153 0.9810 
          17 187 0.0117 0.0703 0.9179 
          18 187 0.0012 0.0019 0.9969 
          19 187 0.0006 0.0008 0.9986 
          20 187 0.0018 0.0011 0.9971 
          21 187 0.0068 0.0953 0.8979 
          22 187 0.0045 0.0016 0.9939 
          23 187 0.0010 0.0006 0.9984 
          24 187 0.0038 0.0973 0.8989 
          25 187 0.0038 0.0017 0.9945 
          26 187 0.0045 0.0005 0.9951 
          27 187 0.0009 0.0005 0.9986 
          28 187 0.0074 0.0048 0.9878 
          29 187 0.0018 0.0065 0.9916 
          30 187 0.0408 0.0020 0.9572 
          32 187 0.0004 0.0973 0.9024 
          33 187 0.0011 0.0294 0.9695 
          34 187 0.0010 0.0016 0.9975 
          35 187 0.0104 0.0107 0.9789 
          36 187 0.0020 0.0009 0.9971 
          37 187 0.0100 0.0046 0.9853 
          38 187 0.0742 0.1010 0.8247 
           1 188 0.0014 0.0068 0.9918 
           2 188 0.0010 0.0250 0.9740 
           3 188 0.0023 0.0450 0.9528 
           4 188 0.0009 0.0706 0.9285 
           5 188 0.0040 0.0024 0.9936 
           6 188 0.0013 0.0007 0.9980 
           7 188 0.0006 0.0006 0.9988 
           8 188 0.0006 0.0578 0.9415 
           9 188 0.0007 0.0015 0.9978 
          10 188 0.0020 0.0057 0.9923 
          11 188 0.0006 0.0006 0.9988 
          12 188 0.0530 0.0011 0.9459 
          13 188 0.0119 0.1078 0.8803 
          14 188 0.0070 0.0882 0.9048 
          15 188 0.0005 0.0009 0.9986 
          16 188 0.0013 0.0259 0.9729 
          17 188 0.0015 0.0025 0.9960 
          18 188 0.0522 0.0015 0.9463 
          19 188 0.0049 0.0017 0.9933 
          20 188 0.0142 0.1174 0.8684 
          21 188 0.0104 0.0043 0.9853 
          22 188 0.0126 0.0029 0.9846 
          23 188 0.0475 0.0053 0.9472 
          24 188 0.0388 0.0004 0.9608 
          25 188 0.0501 0.0012 0.9487 
          26 188 0.0017 0.0846 0.9137 
          27 188 0.0020 0.0563 0.9418 
          28 188 0.0005 0.0021 0.9974 
          29 188 0.0108 0.0435 0.9457 
          30 188 0.0013 0.1020 0.8966 
          31 188 0.0069 0.0045 0.9885 
          32 188 0.0008 0.0010 0.9982 
          33 188 0.0072 0.0010 0.9917 
          34 188 0.0082 0.0008 0.9910 
          35 188 0.0580 0.0088 0.9332 
          36 188 0.0017 0.1132 0.8851 
          37 188 0.0009 0.0014 0.9978 
          38 188 0.0014 0.0905 0.9081 
          39 188 0.0028 0.0335 0.9637 
          40 188 0.0009 0.0015 0.9976 
           7 189 0.0009 0.0044 0.9947 
           8 189 0.0014 0.0031 0.9956 
           9 189 0.0028 0.0045 0.9928 
          10 189 0.0005 0.0069 0.9926 
          11 189 0.0073 0.0018 0.9909 
          12 189 0.0012 0.0717 0.9271 
          13 189 0.0034 0.0007 0.9960 
          14 189 0.0094 0.0422 0.9484 
          16 189 0.0124 0.1441 0.8435 
          17 189 0.0019 0.0007 0.9973 
          18 189 0.0032 0.0472 0.9496 
          19 189 0.0087 0.0018 0.9896 
          20 189 0.0011 0.0680 0.9309 
          21 189 0.0014 0.0142 0.9845 
          23 189 0.0037 0.0008 0.9955 
          24 189 0.0013 0.0419 0.9568 
          25 189 0.0029 0.0064 0.9907 
          26 189 0.0020 0.0250 0.9730 
          27 189 0.0046 0.0017 0.9938 
          28 189 0.0006 0.0003 0.9991 
          29 189 0.0015 0.0031 0.9955 
          30 189 0.0180 0.0026 0.9795 
          31 189 0.0040 0.0006 0.9954 
          32 189 0.0006 0.0814 0.9179 
          33 189 0.0092 0.0012 0.9897 
          34 189 0.0006 0.0005 0.9990 
          35 189 0.0011 0.0008 0.9981 
          36 189 0.0013 0.0453 0.9533 
          37 189 0.0071 0.0007 0.9922 
          38 189 0.0065 0.0048 0.9887 
          39 189 0.0011 0.0119 0.9870 
          40 189 0.0026 0.1428 0.8546 
          41 189 0.0067 0.0180 0.9753 
          42 189 0.0177 0.1724 0.8099 
          43 189 0.0011 0.0017 0.9971 
           1 190 0.0014 0.1179 0.8807 
           3 190 0.0216 0.0009 0.9775 
           4 190 0.0009 0.0013 0.9978 
           5 190 0.0011 0.0163 0.9826 
           6 190 0.0012 0.0008 0.9979 
           7 190 0.0028 0.0015 0.9956 
           8 190 0.0407 0.0134 0.9460 
           9 190 0.1054 0.3537 0.5409 
          10 190 0.0008 0.0016 0.9976 
          11 190 0.0008 0.0380 0.9612 
          12 190 0.0020 0.0010 0.9971 
          13 190 0.0006 0.0017 0.9976 
          14 190 0.0008 0.0022 0.9970 
          15 190 0.0055 0.0061 0.9884 
          16 190 0.0010 0.0062 0.9928 
          17 190 0.0014 0.0047 0.9940 
          18 190 0.0069 0.0220 0.9711 
          19 190 0.0018 0.0013 0.9969 
          20 190 0.0116 0.0009 0.9876 
          22 190 0.0018 0.1283 0.8699 
          23 190 0.0014 0.0083 0.9903 
          24 190 0.0023 0.0532 0.9445 
          25 190 0.0006 0.0057 0.9937 
          26 190 0.0025 0.0005 0.9969 
          27 190 0.0015 0.0014 0.9971 
          28 190 0.0010 0.0052 0.9938 
          29 190 0.0004 0.0213 0.9783 
          31 190 0.0005 0.0612 0.9383 
           7 191 0.0009 0.0008 0.9983 
           8 191 0.0012 0.0035 0.9954 
           9 191 0.0009 0.0009 0.9981 
          10 191 0.0072 0.0013 0.9916 
          11 191 0.0008 0.0056 0.9936 
          12 191 0.0009 0.0243 0.9748 
          13 191 0.0018 0.0029 0.9953 
          14 191 0.0006 0.0106 0.9888 
          15 191 0.0038 0.0619 0.9343 
          16 191 0.0048 0.0016 0.9936 
          17 191 0.0480 0.0767 0.8753 
          18 191 0.0010 0.0014 0.9976 
          19 191 0.0085 0.0304 0.9611 
          20 191 0.0024 0.0221 0.9755 
          21 191 0.0419 0.0256 0.9325 
          22 191 0.0009 0.0024 0.9967 
          23 191 0.0014 0.0024 0.9962 
          24 191 0.0005 0.0020 0.9975 
          25 191 0.0010 0.0281 0.9710 
          26 191 0.0034 0.1048 0.8918 
          27 191 0.0012 0.0014 0.9974 
          28 191 0.0059 0.0017 0.9924 
          29 191 0.0245 0.0015 0.9740 
          30 191 0.0005 0.0008 0.9987 
          39 191 0.0010 0.0026 0.9965 
          40 191 0.0006 0.0017 0.9977 
          41 191 0.0061 0.0535 0.9404 
          42 191 0.0004 0.0005 0.9991 
          43 191 0.0018 0.0145 0.9837 
          44 191 0.0060 0.0160 0.9779 
          45 191 0.0049 0.0010 0.9941 
          46 191 0.0298 0.1184 0.8517 
          47 191 0.0030 0.0084 0.9886 
          48 191 0.0018 0.0008 0.9974 
          49 191 0.0158 0.0057 0.9785 
          50 191 0.0013 0.0023 0.9964 
           9 192 0.0004 0.0006 0.9991 
          10 192 0.0003 0.0041 0.9956 
          11 192 0.0122 0.0022 0.9856 
          12 192 0.0009 0.0024 0.9967 
          13 192 0.0011 0.0943 0.9046 
          14 192 0.0683 0.0098 0.9220 
          15 192 0.0022 0.0008 0.9970 
          16 192 0.0010 0.0042 0.9948 
          17 192 0.0018 0.0440 0.9541 
          18 192 0.0015 0.0032 0.9953 
          19 192 0.0006 0.0063 0.9931 
          20 192 0.0018 0.0078 0.9904 
          21 192 0.0009 0.0007 0.9985 
          22 192 0.0166 0.0236 0.9597 
          23 192 0.0100 0.0838 0.9062 
          24 192 0.0007 0.0028 0.9965 
          33 192 0.0030 0.0486 0.9485 
          35 192 0.0024 0.0013 0.9963 
          36 192 0.0007 0.0007 0.9986 
          37 192 0.0015 0.0010 0.9974 
          38 192 0.0011 0.0522 0.9467 
          39 192 0.0008 0.0028 0.9964 
          40 192 0.0006 0.0806 0.9188 
          41 192 0.0020 0.0695 0.9285 
          42 192 0.0083 0.0490 0.9427 
          43 192 0.0038 0.0011 0.9951 
          45 192 0.0017 0.0008 0.9975 
          46 192 0.0026 0.0031 0.9943 
          47 192 0.0010 0.0014 0.9976 
          48 192 0.0014 0.0010 0.9976 
          49 192 0.0010 0.0611 0.9378 
          50 192 0.0007 0.0010 0.9983 
