        001s  1 0.9346 0.0008 0.0003 0.0638 0.0005 
        002s  1 0.9016 0.0004 0.0024 0.0951 0.0005 
        003s  1 0.8631 0.0144 0.0007 0.1205 0.0014 
        004s  1 0.8728 0.0004 0.0304 0.0931 0.0033 
        005s  1 0.4934 0.0003 0.2368 0.2690 0.0005 
        006s  1 0.9974 0.0004 0.0011 0.0007 0.0004 
        007s  1 0.9787 0.0007 0.0007 0.0163 0.0035 
        008s  1 0.9137 0.0007 0.0008 0.0842 0.0007 
        009s  1 0.8752 0.0035 0.0123 0.1042 0.0048 
        010s  1 0.9885 0.0007 0.0012 0.0092 0.0004 
        011s  1 0.9845 0.0045 0.0020 0.0063 0.0027 
        012s  1 0.8186 0.0066 0.0224 0.1512 0.0012 
        013s  1 0.9530 0.0009 0.0275 0.0124 0.0062 
        014s  1 0.9386 0.0191 0.0041 0.0320 0.0062 
        015s  1 0.9948 0.0007 0.0004 0.0036 0.0004 
        016s  1 0.9700 0.0009 0.0008 0.0212 0.0071 
        018s  1 0.8257 0.0011 0.0174 0.1553 0.0005 
        019s  1 0.9397 0.0050 0.0006 0.0540 0.0007 
        020s  1 0.9794 0.0085 0.0003 0.0039 0.0080 
        021s  1 0.9789 0.0008 0.0077 0.0061 0.0065 
        022s  1 0.8849 0.0004 0.0003 0.1137 0.0007 
        023s  1 0.9594 0.0010 0.0003 0.0279 0.0114 
        024s  1 0.9936 0.0004 0.0009 0.0045 0.0006 
        025s  1 0.9807 0.0004 0.0030 0.0146 0.0013 
        026s  1 0.9816 0.0046 0.0007 0.0035 0.0096 
        027s  1 0.9798 0.0004 0.0112 0.0059 0.0027 
        028s  1 0.8930 0.0010 0.0589 0.0466 0.0005 
        029s  1 0.9846 0.0058 0.0004 0.0085 0.0006 
        030s  1 0.9867 0.0085 0.0028 0.0013 0.0007 
        031s  1 0.9830 0.0004 0.0003 0.0156 0.0007 
        032s  1 0.9936 0.0011 0.0005 0.0041 0.0007 
        033s  1 0.9847 0.0008 0.0016 0.0118 0.0011 
        034s  1 0.8820 0.0038 0.0010 0.0682 0.0450 
        035s  1 0.9938 0.0015 0.0014 0.0024 0.0009 
        036s  1 0.8222 0.0004 0.0081 0.1687 0.0006 
        037s  1 0.7938 0.0027 0.0234 0.1333 0.0468 
        038s  1 0.9938 0.0006 0.0007 0.0039 0.0010 
        039s  1 0.9711 0.0008 0.0214 0.0063 0.0004 
        040s  1 0.9809 0.0005 0.0027 0.0129 0.0030 
        041s  1 0.9910 0.0007 0.0007 0.0047 0.0029 
        042s  1 0.8038 0.0011 0.0045 0.1098 0.0808 
        043s  1 0.8755 0.0019 0.0022 0.1200 0.0005 
        044s  1 0.8622 0.0015 0.0217 0.1073 0.0072 
        045s  1 0.9897 0.0011 0.0020 0.0064 0.0008 
        046s  1 0.9915 0.0022 0.0005 0.0052 0.0006 
        047s  1 0.9899 0.0013 0.0003 0.0028 0.0057 
        048s  1 0.8461 0.0003 0.0009 0.1522 0.0005 
        049s  1 0.8841 0.0006 0.0009 0.1139 0.0004 
        050s  1 0.8607 0.0004 0.0134 0.1252 0.0004 
        051s  1 0.9630 0.0281 0.0004 0.0076 0.0008 
        052s  1 0.9595 0.0199 0.0105 0.0083 0.0017 
        053s  1 0.9950 0.0003 0.0005 0.0036 0.0005 
        054s  1 0.9920 0.0023 0.0027 0.0022 0.0009 
        055s  1 0.8099 0.0011 0.0116 0.1015 0.0759 
          01  2 0.8233 0.0312 0.0142 0.1300 0.0013 
          02  2 0.9784 0.0012 0.0038 0.0158 0.0008 
          03  2 0.9959 0.0005 0.0008 0.0017 0.0011 
          04  2 0.9530 0.0011 0.0195 0.0106 0.0159 
          05  2 0.7648 0.0003 0.0091 0.2256 0.0003 
          06  2 0.9641 0.0006 0.0063 0.0281 0.0009 
          07  2 0.9409 0.0009 0.0037 0.0537 0.0008 
          08  2 0.8096 0.0009 0.0033 0.1856 0.0007 
          09  2 0.9759 0.0074 0.0005 0.0159 0.0004 
          10  2 0.9941 0.0005 0.0005 0.0045 0.0004 
          11  2 0.9508 0.0096 0.0014 0.0355 0.0028 
          12  2 0.9955 0.0018 0.0007 0.0014 0.0006 
          13  2 0.9728 0.0009 0.0005 0.0252 0.0006 
          14  2 0.9283 0.0032 0.0039 0.0412 0.0235 
          15  2 0.9492 0.0012 0.0005 0.0478 0.0013 
          16  2 0.9326 0.0047 0.0578 0.0012 0.0037 
          17  2 0.9846 0.0009 0.0011 0.0122 0.0012 
          18  2 0.9748 0.0017 0.0060 0.0165 0.0010 
          19  2 0.9850 0.0017 0.0004 0.0090 0.0039 
          20  2 0.9249 0.0015 0.0140 0.0534 0.0063 
          21  2 0.9722 0.0198 0.0003 0.0070 0.0006 
          22  2 0.9829 0.0047 0.0039 0.0016 0.0070 
          23  2 0.9937 0.0009 0.0019 0.0015 0.0019 
          24  2 0.9967 0.0011 0.0006 0.0010 0.0007 
          25  2 0.9445 0.0014 0.0256 0.0273 0.0011 
          26  2 0.8769 0.0008 0.0004 0.1216 0.0002 
          27  2 0.9581 0.0010 0.0289 0.0084 0.0036 
          28  2 0.9594 0.0011 0.0002 0.0350 0.0043 
          29  2 0.9958 0.0008 0.0009 0.0023 0.0003 
          30  2 0.7573 0.0057 0.0149 0.1377 0.0844 
          01  3 0.3436 0.0004 0.2757 0.3703 0.0099 
          02  3 0.1334 0.0739 0.5081 0.2832 0.0014 
          03  3 0.3720 0.0003 0.3520 0.2750 0.0007 
          04  3 0.1714 0.0011 0.4106 0.4149 0.0021 
          05  3 0.0008 0.1156 0.4501 0.3110 0.1225 
          06  3 0.0818 0.0003 0.5556 0.3617 0.0007 
          07  3 0.3769 0.0013 0.2929 0.3285 0.0004 
          08  3 0.2970 0.0041 0.3687 0.3229 0.0072 
          09  3 0.3074 0.0002 0.3174 0.3729 0.0020 
          10  3 0.0310 0.2191 0.4487 0.1689 0.1322 
          11  3 0.2848 0.0003 0.3542 0.3606 0.0002 
          12  3 0.2689 0.0003 0.3625 0.3678 0.0005 
          13  3 0.0034 0.0189 0.5838 0.3935 0.0003 
          14  3 0.0039 0.0471 0.5063 0.2845 0.1581 
          15  3 0.3453 0.0002 0.3217 0.3316 0.0012 
          16  3 0.0852 0.0025 0.6512 0.2575 0.0036 
          17  3 0.4128 0.0007 0.2252 0.3606 0.0007 
          18  3 0.0041 0.1684 0.3680 0.1757 0.2838 
          19  3 0.1659 0.0004 0.5163 0.3146 0.0029 
          20  3 0.1845 0.0003 0.3679 0.3944 0.0529 
          21  3 0.2517 0.0008 0.4277 0.3134 0.0064 
          22  3 0.2842 0.0006 0.2867 0.4239 0.0047 
          23  3 0.2342 0.0003 0.4107 0.3538 0.0011 
          24  3 0.0456 0.1683 0.3433 0.4398 0.0030 
          25  3 0.0003 0.2517 0.3520 0.2635 0.1324 
          26  3 0.2258 0.0005 0.3938 0.3790 0.0009 
          27  3 0.0479 0.1334 0.4087 0.2314 0.1785 
          28  3 0.0876 0.0012 0.5243 0.3867 0.0003 
          29  3 0.1780 0.0029 0.4726 0.3347 0.0119 
          30  3 0.2657 0.0008 0.3034 0.4297 0.0003 
         001  4 0.0001 0.0001 0.0911 0.9039 0.0047 
         002  4 0.0005 0.0003 0.0896 0.9070 0.0026 
         003  4 0.0002 0.0006 0.0898 0.9068 0.0027 
         004  4 0.0001 0.0002 0.0996 0.8972 0.0029 
         005  4 0.0001 0.0015 0.0900 0.9030 0.0053 
         006  4 0.0003 0.0003 0.1594 0.8379 0.0021 
         007  4 0.0024 0.0002 0.1308 0.8627 0.0039 
         008  4 0.0006 0.0022 0.0848 0.9021 0.0103 
         009  4 0.0002 0.0010 0.0943 0.9000 0.0045 
         010  4 0.0001 0.0001 0.1128 0.8867 0.0003 
         011  4 0.0007 0.0006 0.1044 0.8570 0.0373 
         012  4 0.0002 0.0002 0.0877 0.9062 0.0058 
         013  4 0.0003 0.0001 0.1008 0.8985 0.0004 
         014  4 0.0002 0.0001 0.0905 0.9063 0.0029 
         015  4 0.0001 0.0001 0.1079 0.8915 0.0004 
         016  4 0.0002 0.0018 0.0999 0.8956 0.0026 
         017  4 0.0002 0.0002 0.0960 0.9036 0.0002 
         019  4 0.0041 0.0018 0.1737 0.8116 0.0088 
         020  4 0.0002 0.0006 0.0837 0.9130 0.0025 
         021  4 0.0009 0.0025 0.1010 0.8881 0.0075 
         001  5 0.0076 0.0030 0.0943 0.8600 0.0351 
         002  5 0.0287 0.0018 0.0830 0.8786 0.0080 
         003  5 0.1561 0.0004 0.1438 0.6856 0.0142 
         004  5 0.0497 0.0002 0.0830 0.8584 0.0087 
         005  5 0.0079 0.0003 0.0968 0.8872 0.0078 
         006  5 0.0080 0.0007 0.1891 0.8016 0.0007 
         007  5 0.0015 0.0008 0.1778 0.8160 0.0039 
         008  5 0.0058 0.0006 0.1081 0.8830 0.0025 
         009  5 0.0646 0.0003 0.0900 0.8373 0.0078 
         010  5 0.0085 0.0003 0.1549 0.8277 0.0086 
         011  5 0.0024 0.0003 0.0941 0.8888 0.0144 
         012  5 0.0515 0.0007 0.1592 0.7842 0.0043 
         013  5 0.1837 0.0011 0.1210 0.6916 0.0026 
         014  5 0.1722 0.0122 0.1566 0.6347 0.0244 
         015  5 0.0004 0.0004 0.1250 0.8710 0.0033 
         016  5 0.0075 0.0008 0.1477 0.8422 0.0018 
         017  5 0.0351 0.0036 0.1635 0.7974 0.0004 
         018  5 0.0489 0.0277 0.1168 0.7868 0.0197 
         019  5 0.0005 0.0061 0.0919 0.8952 0.0064 
         020  5 0.0002 0.0002 0.0910 0.9039 0.0048 
         021  5 0.1158 0.0003 0.0727 0.8010 0.0102 
         022  5 0.0313 0.0026 0.0875 0.8272 0.0513 
         023  5 0.0020 0.0007 0.1284 0.8624 0.0066 
         024  5 0.0517 0.0004 0.1397 0.8071 0.0011 
         025  5 0.0277 0.0011 0.1509 0.8188 0.0015 
         026  5 0.1357 0.0003 0.0906 0.7727 0.0007 
         027  5 0.0003 0.0001 0.0955 0.9027 0.0013 
         028  5 0.0117 0.0015 0.1345 0.8394 0.0128 
         029  5 0.0043 0.0005 0.0984 0.8963 0.0005 
         030  5 0.0010 0.0074 0.0901 0.8944 0.0071 
        001s  6 0.9351 0.0005 0.0279 0.0192 0.0172 
        002s  6 0.9300 0.0257 0.0038 0.0396 0.0009 
        003s  6 0.9415 0.0004 0.0006 0.0550 0.0024 
        004s  6 0.9941 0.0004 0.0004 0.0045 0.0005 
        006s  6 0.9049 0.0009 0.0251 0.0536 0.0154 
        007s  6 0.9960 0.0005 0.0018 0.0013 0.0004 
        008s  6 0.9860 0.0025 0.0009 0.0055 0.0051 
        009s  6 0.9960 0.0009 0.0004 0.0020 0.0007 
        010s  6 0.9517 0.0120 0.0105 0.0095 0.0163 
        011s  6 0.9955 0.0003 0.0018 0.0008 0.0015 
        012s  6 0.9905 0.0022 0.0028 0.0030 0.0014 
        013s  6 0.9967 0.0007 0.0006 0.0014 0.0005 
        014s  6 0.8580 0.0002 0.0029 0.1387 0.0003 
        015s  6 0.9781 0.0007 0.0092 0.0073 0.0047 
        016s  6 0.9694 0.0006 0.0008 0.0282 0.0010 
        018s  6 0.6993 0.0005 0.0304 0.2685 0.0013 
        019s  6 0.9716 0.0007 0.0033 0.0218 0.0027 
        020s  6 0.9901 0.0007 0.0007 0.0081 0.0005 
        021s  6 0.9757 0.0015 0.0129 0.0056 0.0043 
        022s  6 0.9877 0.0005 0.0003 0.0084 0.0032 
        023s  6 0.9069 0.0002 0.0009 0.0915 0.0005 
        024s  6 0.9420 0.0021 0.0054 0.0498 0.0008 
        025s  6 0.9239 0.0006 0.0008 0.0052 0.0695 
        026s  6 0.9940 0.0017 0.0005 0.0034 0.0004 
        027s  6 0.9921 0.0012 0.0005 0.0057 0.0005 
        028s  6 0.9181 0.0466 0.0127 0.0145 0.0081 
        029s  6 0.9962 0.0016 0.0003 0.0009 0.0011 
        030s  6 0.9093 0.0018 0.0063 0.0719 0.0107 
        031s  6 0.9110 0.0005 0.0029 0.0851 0.0005 
        032s  6 0.9829 0.0005 0.0030 0.0128 0.0008 
        033s  6 0.9138 0.0004 0.0041 0.0810 0.0007 
        034s  6 0.9821 0.0004 0.0019 0.0023 0.0133 
        035s  6 0.7465 0.0010 0.0093 0.2420 0.0013 
        036s  6 0.9936 0.0003 0.0037 0.0014 0.0010 
        037s  6 0.9928 0.0020 0.0007 0.0031 0.0014 
        038s  6 0.9753 0.0009 0.0015 0.0216 0.0007 
        039s  6 0.9965 0.0009 0.0004 0.0014 0.0008 
        040s  6 0.9821 0.0004 0.0026 0.0145 0.0004 
        041s  6 0.8392 0.0041 0.0004 0.1535 0.0029 
        042s  6 0.9232 0.0045 0.0015 0.0176 0.0532 
        043s  6 0.9907 0.0003 0.0007 0.0012 0.0070 
        044s  6 0.9601 0.0019 0.0004 0.0368 0.0007 
        045s  6 0.9832 0.0007 0.0007 0.0133 0.0021 
        001s  7 0.8883 0.0004 0.0004 0.1098 0.0011 
        002s  7 0.9070 0.0010 0.0010 0.0896 0.0014 
        003s  7 0.8766 0.0011 0.0014 0.1199 0.0010 
        004s  7 0.9864 0.0010 0.0035 0.0084 0.0007 
        005s  7 0.9757 0.0006 0.0040 0.0176 0.0021 
        006s  7 0.9356 0.0005 0.0056 0.0524 0.0059 
        007s  7 0.9679 0.0187 0.0068 0.0054 0.0012 
        008s  7 0.8607 0.0023 0.0005 0.1355 0.0010 
        009s  7 0.9735 0.0006 0.0021 0.0129 0.0109 
        010s  7 0.8764 0.0008 0.0002 0.1213 0.0012 
        011s  7 0.9920 0.0008 0.0006 0.0057 0.0009 
        012s  7 0.9976 0.0004 0.0005 0.0009 0.0006 
        013s  7 0.9837 0.0007 0.0078 0.0029 0.0048 
        014s  7 0.8859 0.0005 0.0012 0.1122 0.0003 
        015s  7 0.9829 0.0012 0.0027 0.0121 0.0011 
        016s  7 0.7745 0.0003 0.0008 0.2221 0.0023 
        017s  7 0.9888 0.0004 0.0010 0.0093 0.0005 
        018s  7 0.9922 0.0038 0.0009 0.0025 0.0006 
        019s  7 0.9771 0.0030 0.0012 0.0070 0.0117 
        020s  7 0.9884 0.0003 0.0012 0.0098 0.0003 
        021s  7 0.9934 0.0012 0.0006 0.0036 0.0012 
        022s  7 0.9928 0.0003 0.0034 0.0025 0.0010 
        023s  7 0.9655 0.0011 0.0028 0.0111 0.0195 
        024s  7 0.9940 0.0017 0.0007 0.0031 0.0005 
        025s  7 0.9918 0.0013 0.0048 0.0011 0.0010 
        026s  7 0.8775 0.0011 0.0003 0.1201 0.0010 
        027s  7 0.9242 0.0011 0.0008 0.0734 0.0005 
        028s  7 0.9931 0.0002 0.0010 0.0053 0.0004 
        029s  7 0.9805 0.0007 0.0008 0.0155 0.0025 
        030s  7 0.9668 0.0045 0.0005 0.0247 0.0036 
        031s  7 0.9777 0.0006 0.0014 0.0076 0.0127 
        032s  7 0.8966 0.0057 0.0056 0.0918 0.0004 
        033s  7 0.9547 0.0036 0.0026 0.0367 0.0024 
        034s  7 0.9555 0.0011 0.0396 0.0032 0.0006 
        035s  7 0.9974 0.0006 0.0003 0.0007 0.0010 
        036s  7 0.9715 0.0007 0.0032 0.0176 0.0070 
        037s  7 0.9240 0.0005 0.0147 0.0547 0.0061 
        038s  7 0.9882 0.0008 0.0013 0.0086 0.0011 
        039s  7 0.9758 0.0004 0.0002 0.0235 0.0002 
        040s  7 0.8381 0.0004 0.0273 0.1333 0.0009 
        041s  7 0.9105 0.0017 0.0013 0.0848 0.0017 
        042s  7 0.8763 0.0003 0.0007 0.1225 0.0003 
        043s  7 0.9786 0.0006 0.0003 0.0175 0.0030 
        044s  7 0.9011 0.0014 0.0241 0.0415 0.0320 
         003  8 0.9800 0.0127 0.0017 0.0048 0.0008 
         009  8 0.9951 0.0005 0.0006 0.0026 0.0012 
         010  8 0.9936 0.0004 0.0002 0.0043 0.0015 
         017  8 0.9928 0.0015 0.0006 0.0012 0.0040 
         002  9 0.9953 0.0006 0.0006 0.0023 0.0012 
         003  9 0.9983 0.0003 0.0002 0.0008 0.0004 
         004  9 0.9899 0.0004 0.0002 0.0086 0.0009 
         005  9 0.9906 0.0011 0.0012 0.0014 0.0056 
         006  9 0.9961 0.0006 0.0006 0.0011 0.0016 
         007  9 0.9904 0.0011 0.0004 0.0071 0.0010 
         009  9 0.9880 0.0013 0.0003 0.0082 0.0023 
         010  9 0.9957 0.0016 0.0003 0.0007 0.0018 
         013  9 0.9871 0.0004 0.0009 0.0102 0.0014 
         014  9 0.9860 0.0057 0.0002 0.0060 0.0021 
         016  9 0.9970 0.0010 0.0002 0.0010 0.0007 
         018  9 0.9915 0.0056 0.0007 0.0008 0.0013 
         019  9 0.9921 0.0048 0.0007 0.0019 0.0006 
         020  9 0.9985 0.0004 0.0002 0.0006 0.0003 
         021  9 0.9980 0.0003 0.0002 0.0008 0.0007 
         022  9 0.9953 0.0012 0.0004 0.0026 0.0005 
         024  9 0.9917 0.0023 0.0004 0.0016 0.0039 
         028  9 0.9933 0.0006 0.0007 0.0040 0.0015 
         029  9 0.9964 0.0012 0.0003 0.0016 0.0005 
         030  9 0.9971 0.0010 0.0003 0.0006 0.0010 
         031  9 0.9927 0.0007 0.0003 0.0058 0.0004 
         033  9 0.9834 0.0006 0.0005 0.0144 0.0011 
         001 10 0.9930 0.0008 0.0005 0.0054 0.0003 
         002 10 0.9944 0.0013 0.0002 0.0035 0.0006 
         003 10 0.9832 0.0004 0.0008 0.0009 0.0146 
         004 10 0.9756 0.0005 0.0003 0.0211 0.0024 
         005 10 0.9946 0.0013 0.0004 0.0026 0.0010 
         006 10 0.9962 0.0005 0.0006 0.0020 0.0007 
         007 10 0.9920 0.0003 0.0004 0.0052 0.0020 
         008 10 0.9940 0.0008 0.0005 0.0008 0.0038 
         009 10 0.9922 0.0044 0.0011 0.0020 0.0003 
         010 10 0.9811 0.0025 0.0005 0.0152 0.0006 
         011 10 0.9594 0.0003 0.0010 0.0073 0.0320 
         012 10 0.9945 0.0005 0.0009 0.0015 0.0026 
         013 10 0.9960 0.0006 0.0016 0.0010 0.0007 
         014 10 0.9648 0.0009 0.0006 0.0329 0.0008 
         016 10 0.9961 0.0015 0.0009 0.0008 0.0008 
         017 10 0.9963 0.0011 0.0008 0.0011 0.0007 
         018 10 0.9897 0.0024 0.0008 0.0066 0.0005 
         019 10 0.9925 0.0053 0.0004 0.0007 0.0011 
         020 10 0.9838 0.0066 0.0009 0.0071 0.0016 
         021 10 0.9868 0.0026 0.0003 0.0101 0.0003 
         022 10 0.9934 0.0003 0.0004 0.0052 0.0008 
         023 10 0.9952 0.0004 0.0006 0.0030 0.0009 
         024 10 0.9949 0.0015 0.0002 0.0015 0.0020 
         026 10 0.9981 0.0005 0.0004 0.0004 0.0006 
        001s 11 0.8410 0.0005 0.0034 0.1449 0.0102 
        002s 11 0.9827 0.0044 0.0056 0.0057 0.0016 
        003s 11 0.9858 0.0013 0.0006 0.0119 0.0004 
        004s 11 0.9924 0.0003 0.0013 0.0046 0.0015 
        005s 11 0.9724 0.0048 0.0007 0.0217 0.0005 
        006s 11 0.9789 0.0022 0.0111 0.0057 0.0020 
        007s 11 0.9408 0.0017 0.0424 0.0142 0.0009 
        008s 11 0.9980 0.0006 0.0003 0.0008 0.0003 
        009s 11 0.9854 0.0133 0.0004 0.0005 0.0004 
        010s 11 0.9633 0.0005 0.0005 0.0350 0.0008 
        011s 11 0.7708 0.0002 0.0135 0.2032 0.0123 
        012s 11 0.8894 0.0006 0.0075 0.1020 0.0005 
        013s 11 0.9629 0.0002 0.0009 0.0351 0.0009 
        014s 11 0.8792 0.0011 0.0050 0.1136 0.0010 
        015s 11 0.9804 0.0012 0.0019 0.0124 0.0041 
        016s 11 0.8413 0.0068 0.0013 0.0919 0.0587 
        017s 11 0.9089 0.0007 0.0076 0.0800 0.0027 
        018s 11 0.8748 0.0014 0.0010 0.1221 0.0008 
        019s 11 0.9703 0.0003 0.0009 0.0062 0.0224 
        020s 11 0.9008 0.0016 0.0010 0.0955 0.0012 
        021s 11 0.9972 0.0004 0.0005 0.0008 0.0012 
        022s 11 0.9629 0.0006 0.0310 0.0051 0.0004 
        023s 11 0.8346 0.0003 0.0004 0.1475 0.0172 
        025s 11 0.9969 0.0002 0.0004 0.0014 0.0010 
        026s 11 0.9221 0.0009 0.0010 0.0240 0.0520 
        027s 11 0.9942 0.0004 0.0017 0.0031 0.0005 
        028s 11 0.9905 0.0004 0.0015 0.0069 0.0008 
        029s 11 0.9500 0.0008 0.0027 0.0461 0.0004 
        030s 11 0.9514 0.0015 0.0042 0.0421 0.0007 
        031s 11 0.9967 0.0009 0.0008 0.0013 0.0003 
        032s 11 0.9747 0.0006 0.0004 0.0219 0.0024 
        033s 11 0.9622 0.0012 0.0006 0.0353 0.0008 
        034s 11 0.8898 0.0003 0.0016 0.1079 0.0004 
        035s 11 0.9114 0.0011 0.0014 0.0858 0.0004 
        036s 11 0.9818 0.0010 0.0035 0.0133 0.0004 
        037s 11 0.8821 0.0010 0.0004 0.1148 0.0018 
        038s 11 0.9580 0.0007 0.0006 0.0401 0.0006 
        039s 11 0.9900 0.0005 0.0002 0.0084 0.0009 
        040s 11 0.9138 0.0007 0.0123 0.0724 0.0008 
        041s 11 0.9727 0.0179 0.0012 0.0053 0.0029 
        042s 11 0.9351 0.0008 0.0008 0.0554 0.0079 
        043s 11 0.9423 0.0006 0.0016 0.0360 0.0196 
        044s 11 0.9787 0.0008 0.0045 0.0122 0.0038 
        045s 11 0.9859 0.0003 0.0025 0.0024 0.0089 
        046s 11 0.8521 0.0008 0.0029 0.1168 0.0274 
        047s 11 0.9964 0.0005 0.0010 0.0009 0.0012 
        048s 11 0.9525 0.0025 0.0038 0.0068 0.0345 
        049s 11 0.9934 0.0010 0.0004 0.0039 0.0013 
        050s 11 0.9961 0.0004 0.0010 0.0014 0.0011 
        051s 11 0.9146 0.0003 0.0199 0.0155 0.0496 
        052s 11 0.8928 0.0010 0.0025 0.1016 0.0022 
        053s 11 0.9891 0.0012 0.0004 0.0085 0.0008 
        054s 11 0.9883 0.0004 0.0051 0.0055 0.0007 
        055s 11 0.8212 0.0003 0.0043 0.1739 0.0003 
        001s 12 0.9863 0.0010 0.0039 0.0079 0.0010 
        002s 12 0.9940 0.0030 0.0003 0.0018 0.0008 
        003s 12 0.9964 0.0008 0.0007 0.0017 0.0004 
        004s 12 0.9360 0.0019 0.0019 0.0521 0.0080 
        005s 12 0.9193 0.0008 0.0004 0.0788 0.0006 
        006s 12 0.9633 0.0006 0.0093 0.0253 0.0015 
        007s 12 0.9917 0.0031 0.0010 0.0025 0.0016 
        008s 12 0.9825 0.0005 0.0029 0.0135 0.0005 
        009s 12 0.9518 0.0205 0.0027 0.0207 0.0043 
        010s 12 0.9447 0.0008 0.0371 0.0171 0.0003 
        011s 12 0.9942 0.0012 0.0022 0.0017 0.0007 
        012s 12 0.9874 0.0004 0.0062 0.0014 0.0046 
        013s 12 0.9631 0.0008 0.0004 0.0012 0.0346 
        014s 12 0.8300 0.0038 0.0388 0.0809 0.0464 
        015s 12 0.9924 0.0022 0.0007 0.0039 0.0008 
        016s 12 0.9949 0.0005 0.0006 0.0006 0.0033 
        017s 12 0.9798 0.0003 0.0008 0.0178 0.0012 
        018s 12 0.9877 0.0023 0.0004 0.0078 0.0018 
        019s 12 0.9875 0.0023 0.0006 0.0091 0.0005 
        020s 12 0.9142 0.0003 0.0070 0.0778 0.0007 
        021s 12 0.9926 0.0004 0.0006 0.0041 0.0023 
        022s 12 0.9211 0.0037 0.0050 0.0650 0.0052 
        023s 12 0.9893 0.0009 0.0004 0.0084 0.0010 
        024s 12 0.9384 0.0003 0.0005 0.0603 0.0005 
        025s 12 0.9844 0.0058 0.0043 0.0043 0.0012 
        026s 12 0.9310 0.0124 0.0019 0.0538 0.0009 
        027s 12 0.9899 0.0005 0.0012 0.0078 0.0005 
        028s 12 0.8656 0.0115 0.0003 0.1198 0.0027 
        029s 12 0.9458 0.0004 0.0005 0.0523 0.0010 
        030s 12 0.9960 0.0005 0.0010 0.0019 0.0006 
        031s 12 0.9924 0.0010 0.0011 0.0035 0.0021 
        032s 12 0.8912 0.0068 0.0004 0.1010 0.0007 
        033s 12 0.9872 0.0005 0.0072 0.0047 0.0004 
        034s 12 0.8814 0.0006 0.0004 0.1173 0.0003 
        035s 12 0.9615 0.0005 0.0012 0.0365 0.0004 
        036s 12 0.9785 0.0028 0.0088 0.0091 0.0007 
        037s 12 0.9967 0.0010 0.0004 0.0013 0.0007 
        001s 13 0.9811 0.0011 0.0012 0.0141 0.0026 
        002s 13 0.8012 0.0003 0.0055 0.1923 0.0007 
        003s 13 0.9948 0.0009 0.0004 0.0026 0.0013 
        004s 13 0.9854 0.0087 0.0004 0.0028 0.0026 
        005s 13 0.9872 0.0025 0.0050 0.0032 0.0020 
        006s 13 0.9955 0.0008 0.0012 0.0021 0.0004 
        007s 13 0.9668 0.0003 0.0301 0.0017 0.0010 
        008s 13 0.9441 0.0014 0.0051 0.0489 0.0005 
        009s 13 0.8618 0.0087 0.0146 0.1140 0.0010 
        010s 13 0.9324 0.0015 0.0054 0.0597 0.0010 
        011s 13 0.9172 0.0063 0.0269 0.0469 0.0027 
        012s 13 0.9247 0.0044 0.0089 0.0430 0.0191 
        013s 13 0.8671 0.0011 0.0159 0.1103 0.0056 
        014s 13 0.9641 0.0013 0.0309 0.0010 0.0027 
        015s 13 0.9563 0.0091 0.0008 0.0248 0.0090 
        016s 13 0.9968 0.0007 0.0004 0.0013 0.0009 
        017s 13 0.9539 0.0043 0.0193 0.0220 0.0005 
        018s 13 0.9935 0.0005 0.0003 0.0050 0.0006 
        019s 13 0.9766 0.0003 0.0013 0.0208 0.0009 
        020s 13 0.8769 0.0020 0.0035 0.1173 0.0003 
        021s 13 0.9904 0.0005 0.0004 0.0076 0.0012 
        022s 13 0.9951 0.0003 0.0007 0.0031 0.0008 
        023s 13 0.9856 0.0004 0.0004 0.0131 0.0004 
        024s 13 0.9383 0.0005 0.0069 0.0176 0.0366 
        025s 13 0.9954 0.0007 0.0006 0.0011 0.0022 
        026s 13 0.8874 0.0003 0.0165 0.0886 0.0072 
        027s 13 0.9404 0.0042 0.0067 0.0477 0.0010 
        028s 13 0.9221 0.0084 0.0118 0.0554 0.0022 
        029s 13 0.8721 0.0004 0.0024 0.1239 0.0011 
        030s 13 0.7989 0.0005 0.0018 0.1777 0.0211 
        031s 13 0.8868 0.0012 0.0025 0.0066 0.1029 
        032s 13 0.9922 0.0006 0.0019 0.0049 0.0004 
        033s 13 0.9629 0.0005 0.0332 0.0026 0.0008 
        034s 13 0.8294 0.0026 0.0073 0.1593 0.0013 
        035s 13 0.9633 0.0013 0.0008 0.0299 0.0048 
        036s 13 0.9587 0.0006 0.0005 0.0398 0.0004 
        037s 13 0.9936 0.0007 0.0005 0.0037 0.0015 
        038s 13 0.9414 0.0013 0.0019 0.0546 0.0009 
        039s 13 0.8058 0.0007 0.0103 0.1071 0.0761 
        040s 13 0.9958 0.0004 0.0010 0.0019 0.0010 
        041s 13 0.9350 0.0003 0.0132 0.0507 0.0008 
        042s 13 0.8851 0.0009 0.0009 0.1121 0.0010 
        001s 14 0.8821 0.0016 0.0012 0.1144 0.0007 
        002s 14 0.9268 0.0037 0.0094 0.0583 0.0018 
        003s 14 0.8788 0.0006 0.0004 0.1195 0.0007 
        004s 14 0.9779 0.0010 0.0065 0.0112 0.0035 
        005s 14 0.9523 0.0006 0.0002 0.0464 0.0005 
        006s 14 0.9935 0.0004 0.0005 0.0053 0.0004 
        007s 14 0.9938 0.0004 0.0009 0.0034 0.0014 
        008s 14 0.7785 0.0146 0.0077 0.1968 0.0024 
        009s 14 0.9769 0.0072 0.0010 0.0140 0.0009 
        010s 14 0.8503 0.0192 0.0010 0.1281 0.0014 
        011s 14 0.9125 0.0007 0.0363 0.0500 0.0006 
        012s 14 0.8854 0.0018 0.0015 0.1100 0.0013 
        013s 14 0.9745 0.0006 0.0029 0.0170 0.0050 
        014s 14 0.9516 0.0061 0.0020 0.0396 0.0007 
        015s 14 0.9735 0.0088 0.0005 0.0140 0.0031 
        016s 14 0.9864 0.0006 0.0004 0.0013 0.0113 
        017s 14 0.9302 0.0006 0.0210 0.0479 0.0004 
        018s 14 0.9952 0.0011 0.0003 0.0022 0.0013 
        019s 14 0.9914 0.0004 0.0017 0.0058 0.0006 
        020s 14 0.8875 0.0081 0.0002 0.1031 0.0011 
        021s 14 0.9816 0.0093 0.0004 0.0083 0.0005 
        022s 14 0.9878 0.0018 0.0024 0.0067 0.0013 
        023s 14 0.9797 0.0025 0.0010 0.0135 0.0034 
        024s 14 0.8746 0.0018 0.0061 0.1162 0.0013 
        025s 14 0.8962 0.0003 0.0008 0.1023 0.0003 
        026s 14 0.9958 0.0016 0.0003 0.0014 0.0009 
        027s 14 0.9869 0.0006 0.0006 0.0088 0.0031 
        028s 14 0.9854 0.0031 0.0018 0.0090 0.0007 
        029s 14 0.9943 0.0006 0.0003 0.0037 0.0011 
        030s 14 0.9701 0.0005 0.0110 0.0181 0.0003 
        031s 14 0.9475 0.0006 0.0134 0.0368 0.0017 
        032s 14 0.9439 0.0003 0.0009 0.0531 0.0018 
        033s 14 0.9101 0.0009 0.0474 0.0408 0.0008 
        034s 14 0.9974 0.0007 0.0003 0.0010 0.0006 
        035s 14 0.8398 0.0003 0.0935 0.0657 0.0008 
        036s 14 0.7788 0.0017 0.0456 0.1677 0.0062 
        037s 14 0.9818 0.0008 0.0004 0.0135 0.0034 
        038s 14 0.9923 0.0010 0.0008 0.0055 0.0004 
        039s 14 0.9812 0.0030 0.0020 0.0083 0.0055 
        040s 14 0.9843 0.0003 0.0006 0.0137 0.0011 
        041s 14 0.9603 0.0007 0.0009 0.0375 0.0006 
        042s 14 0.9200 0.0008 0.0046 0.0725 0.0021 
        001s 15 0.9206 0.0007 0.0004 0.0771 0.0012 
        002s 15 0.8525 0.0041 0.0119 0.1218 0.0097 
        003s 15 0.9795 0.0009 0.0012 0.0110 0.0074 
        004s 15 0.9919 0.0067 0.0005 0.0008 0.0002 
        005s 15 0.9754 0.0010 0.0038 0.0138 0.0060 
        006s 15 0.9804 0.0006 0.0030 0.0151 0.0009 
        007s 15 0.9891 0.0010 0.0005 0.0089 0.0005 
        008s 15 0.9910 0.0007 0.0006 0.0072 0.0005 
        009s 15 0.9300 0.0005 0.0076 0.0258 0.0362 
        010s 15 0.8971 0.0003 0.0004 0.1009 0.0013 
        011s 15 0.9338 0.0003 0.0639 0.0007 0.0013 
        012s 15 0.9929 0.0011 0.0021 0.0027 0.0013 
        013s 15 0.8807 0.0041 0.0003 0.1141 0.0008 
        014s 15 0.9855 0.0044 0.0008 0.0036 0.0057 
        015s 15 0.9086 0.0010 0.0135 0.0689 0.0081 
        016s 15 0.7976 0.0309 0.0649 0.1061 0.0005 
        017s 15 0.9707 0.0144 0.0008 0.0122 0.0020 
        018s 15 0.9278 0.0017 0.0002 0.0699 0.0005 
        019s 15 0.9187 0.0006 0.0004 0.0748 0.0055 
        020s 15 0.9334 0.0004 0.0006 0.0650 0.0005 
        021s 15 0.9042 0.0015 0.0073 0.0826 0.0044 
        022s 15 0.9908 0.0005 0.0020 0.0063 0.0004 
        023s 15 0.9645 0.0006 0.0052 0.0290 0.0006 
        024s 15 0.9954 0.0005 0.0020 0.0012 0.0009 
        025s 15 0.9566 0.0014 0.0017 0.0118 0.0285 
        026s 15 0.9617 0.0036 0.0009 0.0088 0.0249 
        027s 15 0.9613 0.0128 0.0095 0.0154 0.0010 
        028s 15 0.9888 0.0023 0.0012 0.0067 0.0011 
        029s 15 0.9946 0.0015 0.0009 0.0020 0.0011 
        030s 15 0.9950 0.0016 0.0004 0.0024 0.0006 
        031s 15 0.9023 0.0015 0.0072 0.0822 0.0068 
        032s 15 0.9963 0.0009 0.0003 0.0007 0.0018 
        033s 15 0.8239 0.0010 0.0028 0.1719 0.0004 
        035s 15 0.9925 0.0017 0.0028 0.0022 0.0009 
        036s 15 0.9357 0.0003 0.0011 0.0593 0.0036 
        037s 15 0.9847 0.0006 0.0072 0.0065 0.0010 
        038s 15 0.9945 0.0008 0.0012 0.0032 0.0003 
        039s 15 0.8604 0.0004 0.0012 0.1375 0.0004 
        040s 15 0.9875 0.0022 0.0021 0.0076 0.0006 
        041s 15 0.9031 0.0007 0.0146 0.0796 0.0021 
        042s 15 0.9911 0.0025 0.0006 0.0051 0.0007 
        043s 15 0.9227 0.0004 0.0019 0.0735 0.0015 
        044s 15 0.9900 0.0009 0.0010 0.0072 0.0010 
        045s 15 0.8757 0.0026 0.0377 0.0052 0.0789 
        046s 15 0.9659 0.0006 0.0085 0.0240 0.0010 
        047s 15 0.9637 0.0004 0.0057 0.0297 0.0006 
        048s 15 0.9371 0.0009 0.0008 0.0456 0.0156 
        049s 15 0.9708 0.0003 0.0026 0.0257 0.0006 
        050s 15 0.8474 0.0145 0.0128 0.1224 0.0027 
         001 16 0.7265 0.0070 0.0346 0.2313 0.0006 
         002 16 0.9475 0.0003 0.0040 0.0477 0.0006 
         003 16 0.9835 0.0033 0.0073 0.0045 0.0014 
         004 16 0.9964 0.0005 0.0007 0.0012 0.0012 
         005 16 0.9087 0.0021 0.0106 0.0524 0.0262 
         006 16 0.9713 0.0009 0.0022 0.0111 0.0145 
         007 16 0.9880 0.0008 0.0011 0.0086 0.0014 
         008 16 0.8035 0.0011 0.0182 0.1768 0.0004 
         009 16 0.9148 0.0013 0.0003 0.0832 0.0004 
         010 16 0.9416 0.0005 0.0015 0.0554 0.0010 
         011 16 0.8785 0.0005 0.0012 0.1180 0.0018 
         012 16 0.9876 0.0009 0.0020 0.0082 0.0012 
         013 16 0.9973 0.0005 0.0008 0.0009 0.0006 
         014 16 0.9632 0.0010 0.0026 0.0328 0.0003 
         015 16 0.6244 0.0018 0.0021 0.0015 0.3702 
         016 16 0.9790 0.0044 0.0004 0.0024 0.0138 
         017 16 0.8932 0.0008 0.0073 0.0976 0.0011 
         018 16 0.9228 0.0095 0.0069 0.0357 0.0250 
         019 16 0.8261 0.0006 0.0101 0.1628 0.0004 
         020 16 0.9969 0.0009 0.0008 0.0008 0.0006 
         021 16 0.8663 0.0030 0.0424 0.0874 0.0009 
         022 16 0.9660 0.0009 0.0004 0.0308 0.0018 
         023 16 0.8464 0.0004 0.0009 0.1472 0.0051 
         024 16 0.8944 0.0013 0.0004 0.0789 0.0251 
         025 16 0.8327 0.0008 0.0176 0.1459 0.0030 
         026 16 0.8895 0.0003 0.0139 0.0936 0.0027 
         027 16 0.9746 0.0091 0.0006 0.0141 0.0016 
         028 16 0.8042 0.0186 0.0358 0.1411 0.0003 
         029 16 0.9596 0.0015 0.0366 0.0017 0.0006 
         030 16 0.9243 0.0003 0.0041 0.0709 0.0004 
         031 16 0.9833 0.0136 0.0010 0.0014 0.0007 
         032 16 0.8973 0.0008 0.0092 0.0883 0.0044 
         033 16 0.9929 0.0003 0.0007 0.0059 0.0002 
         034 16 0.9147 0.0003 0.0022 0.0815 0.0014 
         035 16 0.9950 0.0005 0.0006 0.0037 0.0002 
         036 16 0.9749 0.0016 0.0003 0.0213 0.0019 
         037 16 0.9194 0.0008 0.0169 0.0597 0.0033 
         038 16 0.9628 0.0013 0.0010 0.0284 0.0064 
         039 16 0.9431 0.0010 0.0005 0.0549 0.0006 
         040 16 0.9925 0.0004 0.0013 0.0043 0.0014 
         041 16 0.9961 0.0004 0.0006 0.0016 0.0013 
         042 16 0.9643 0.0019 0.0008 0.0323 0.0007 
         043 16 0.9876 0.0009 0.0005 0.0103 0.0007 
         044 16 0.9022 0.0015 0.0010 0.0942 0.0011 
         045 16 0.9854 0.0025 0.0082 0.0037 0.0002 
         047 16 0.9457 0.0065 0.0373 0.0099 0.0007 
         048 16 0.9899 0.0006 0.0032 0.0056 0.0007 
         049 16 0.9635 0.0006 0.0021 0.0299 0.0040 
         050 16 0.9971 0.0004 0.0006 0.0017 0.0003 
         051 16 0.9884 0.0014 0.0016 0.0081 0.0005 
         052 16 0.9827 0.0004 0.0003 0.0160 0.0006 
         053 16 0.9899 0.0009 0.0008 0.0078 0.0005 
         054 16 0.8761 0.0010 0.0053 0.1170 0.0006 
         055 16 0.9236 0.0005 0.0577 0.0180 0.0003 
         056 16 0.9897 0.0006 0.0004 0.0020 0.0073 
         057 16 0.7998 0.0005 0.0030 0.1964 0.0003 
         058 16 0.8548 0.0001 0.0170 0.1164 0.0116 
         059 16 0.7654 0.0030 0.0222 0.1242 0.0852 
         060 16 0.9661 0.0013 0.0010 0.0238 0.0077 
         061 16 0.9203 0.0007 0.0009 0.0763 0.0017 
         062 16 0.9872 0.0013 0.0065 0.0046 0.0004 
         063 16 0.9895 0.0005 0.0007 0.0085 0.0008 
         064 16 0.9951 0.0005 0.0004 0.0018 0.0022 
         065 16 0.9456 0.0016 0.0021 0.0486 0.0021 
         066 16 0.9966 0.0011 0.0004 0.0014 0.0006 
         067 16 0.9042 0.0011 0.0031 0.0146 0.0770 
         068 16 0.9602 0.0006 0.0019 0.0055 0.0317 
         069 16 0.9927 0.0042 0.0005 0.0022 0.0005 
         070 16 0.9717 0.0022 0.0008 0.0247 0.0006 
         071 16 0.9131 0.0005 0.0204 0.0655 0.0005 
         072 16 0.9888 0.0007 0.0009 0.0085 0.0011 
         073 16 0.9608 0.0008 0.0027 0.0354 0.0004 
         074 16 0.9969 0.0005 0.0006 0.0018 0.0003 
         075 16 0.9632 0.0006 0.0104 0.0251 0.0008 
         076 16 0.9958 0.0009 0.0007 0.0022 0.0004 
         077 16 0.8933 0.0264 0.0087 0.0143 0.0573 
         078 16 0.8463 0.0006 0.0007 0.1501 0.0022 
         079 16 0.9028 0.0020 0.0137 0.0799 0.0015 
         080 16 0.9061 0.0004 0.0004 0.0917 0.0015 
         081 16 0.8408 0.0017 0.0395 0.1176 0.0004 
         082 16 0.9563 0.0004 0.0119 0.0310 0.0004 
         083 16 0.9957 0.0006 0.0007 0.0010 0.0021 
         084 16 0.9730 0.0028 0.0025 0.0204 0.0013 
         085 16 0.9842 0.0019 0.0005 0.0039 0.0095 
         086 16 0.8787 0.0012 0.0213 0.0979 0.0009 
         087 16 0.8776 0.0014 0.0027 0.1179 0.0003 
         088 16 0.8951 0.0005 0.0003 0.1011 0.0031 
         089 16 0.9869 0.0010 0.0081 0.0031 0.0009 
         090 16 0.9897 0.0016 0.0012 0.0069 0.0006 
         091 16 0.9831 0.0007 0.0014 0.0141 0.0007 
         092 16 0.8470 0.0004 0.0014 0.1503 0.0008 
         093 16 0.9862 0.0019 0.0006 0.0108 0.0005 
         094 16 0.9475 0.0077 0.0012 0.0042 0.0394 
         095 16 0.9714 0.0012 0.0003 0.0268 0.0004 
         096 16 0.9679 0.0004 0.0245 0.0041 0.0032 
         097 16 0.8885 0.0019 0.0901 0.0123 0.0072 
         098 16 0.9864 0.0061 0.0006 0.0025 0.0043 
         099 16 0.9910 0.0009 0.0004 0.0018 0.0058 
         100 16 0.9907 0.0007 0.0004 0.0061 0.0021 
         101 16 0.8412 0.0007 0.0007 0.1538 0.0036 
         102 16 0.8818 0.0005 0.0016 0.1142 0.0018 
         103 16 0.9869 0.0035 0.0023 0.0049 0.0024 
         104 16 0.9899 0.0004 0.0006 0.0051 0.0039 
         105 16 0.8790 0.0043 0.0305 0.0809 0.0053 
         106 16 0.9382 0.0004 0.0004 0.0587 0.0022 
         107 16 0.8928 0.0445 0.0007 0.0569 0.0051 
         108 16 0.6436 0.0677 0.0136 0.1105 0.1646 
         109 16 0.9466 0.0005 0.0083 0.0441 0.0005 
         110 16 0.9915 0.0003 0.0006 0.0063 0.0013 
         111 16 0.8924 0.0007 0.0021 0.1036 0.0011 
         112 16 0.9499 0.0011 0.0022 0.0452 0.0016 
         113 16 0.9382 0.0006 0.0134 0.0465 0.0012 
         114 16 0.9672 0.0063 0.0012 0.0239 0.0013 
         115 16 0.9972 0.0004 0.0010 0.0007 0.0007 
         116 16 0.8671 0.0005 0.0013 0.1302 0.0009 
         117 16 0.9787 0.0052 0.0067 0.0088 0.0006 
         118 16 0.9819 0.0007 0.0006 0.0041 0.0126 
         119 16 0.9446 0.0020 0.0010 0.0514 0.0010 
         120 16 0.9717 0.0009 0.0150 0.0119 0.0005 
         121 16 0.9408 0.0003 0.0054 0.0178 0.0356 
         122 16 0.9801 0.0003 0.0005 0.0186 0.0004 
         123 16 0.9414 0.0036 0.0013 0.0532 0.0005 
         124 16 0.9799 0.0004 0.0012 0.0170 0.0015 
         126 16 0.8253 0.0030 0.0159 0.1540 0.0018 
         001 17 0.9813 0.0114 0.0023 0.0043 0.0007 
         002 17 0.9628 0.0006 0.0006 0.0354 0.0006 
         003 17 0.9970 0.0011 0.0007 0.0007 0.0005 
         005 17 0.9696 0.0229 0.0008 0.0065 0.0003 
         006 17 0.9457 0.0014 0.0515 0.0008 0.0006 
         007 17 0.7464 0.0024 0.0246 0.2041 0.0226 
         008 17 0.8798 0.0007 0.0247 0.0945 0.0004 
         009 17 0.9971 0.0007 0.0003 0.0015 0.0004 
         010 17 0.9781 0.0006 0.0012 0.0190 0.0011 
         011 17 0.4797 0.0016 0.0151 0.1240 0.3796 
         012 17 0.9918 0.0007 0.0005 0.0051 0.0019 
         013 17 0.9979 0.0009 0.0003 0.0006 0.0003 
         014 17 0.8892 0.0014 0.0003 0.1089 0.0003 
         015 17 0.9043 0.0009 0.0033 0.0908 0.0006 
         016 17 0.9973 0.0006 0.0008 0.0009 0.0005 
         017 17 0.9945 0.0009 0.0018 0.0018 0.0010 
         018 17 0.9321 0.0218 0.0031 0.0426 0.0004 
         019 17 0.9395 0.0006 0.0002 0.0590 0.0007 
         020 17 0.9967 0.0003 0.0009 0.0014 0.0008 
         021 17 0.9973 0.0005 0.0008 0.0005 0.0009 
         022 17 0.9378 0.0134 0.0132 0.0343 0.0013 
         023 17 0.9697 0.0021 0.0004 0.0271 0.0006 
         024 17 0.9328 0.0010 0.0444 0.0174 0.0043 
         025 17 0.9857 0.0004 0.0004 0.0132 0.0003 
         002 18 0.9882 0.0051 0.0009 0.0037 0.0020 
         003 18 0.9975 0.0003 0.0003 0.0007 0.0011 
         004 18 0.9405 0.0026 0.0031 0.0530 0.0007 
         005 18 0.9037 0.0008 0.0006 0.0634 0.0314 
         006 18 0.9911 0.0004 0.0003 0.0076 0.0007 
         007 18 0.9861 0.0022 0.0043 0.0071 0.0003 
         008 18 0.9259 0.0004 0.0010 0.0712 0.0015 
         009 18 0.9812 0.0011 0.0065 0.0086 0.0026 
         010 18 0.9761 0.0029 0.0020 0.0097 0.0092 
         011 18 0.9878 0.0020 0.0006 0.0075 0.0021 
         012 18 0.8577 0.0005 0.0008 0.1386 0.0025 
         015 18 0.9685 0.0003 0.0005 0.0285 0.0022 
         016 18 0.9302 0.0004 0.0039 0.0652 0.0003 
         018 18 0.9791 0.0061 0.0005 0.0097 0.0046 
         026 18 0.9087 0.0019 0.0111 0.0779 0.0005 
         027 18 0.9930 0.0026 0.0004 0.0027 0.0013 
         028 18 0.8603 0.0278 0.0007 0.1109 0.0003 
         029 18 0.9939 0.0006 0.0006 0.0042 0.0006 
         031 18 0.7181 0.0405 0.0093 0.1544 0.0776 
         032 18 0.9904 0.0016 0.0005 0.0072 0.0003 
         033 18 0.9935 0.0014 0.0004 0.0041 0.0006 
         035 18 0.8777 0.0005 0.0004 0.1210 0.0004 
         036 18 0.9888 0.0011 0.0006 0.0013 0.0081 
         037 18 0.9496 0.0151 0.0124 0.0124 0.0105 
         038 18 0.9098 0.0515 0.0239 0.0114 0.0034 
         039 18 0.9901 0.0004 0.0003 0.0077 0.0015 
         044 18 0.8503 0.0008 0.0220 0.1265 0.0004 
         046 18 0.9577 0.0089 0.0007 0.0046 0.0280 
         049 18 0.9214 0.0011 0.0004 0.0767 0.0004 
         053 18 0.8947 0.0014 0.0008 0.1026 0.0005 
         054 18 0.9867 0.0008 0.0095 0.0019 0.0011 
         056 18 0.9306 0.0020 0.0007 0.0650 0.0017 
         057 18 0.8980 0.0006 0.0033 0.0951 0.0030 
         058 18 0.9859 0.0057 0.0006 0.0049 0.0030 
        001s 19 0.9295 0.0009 0.0076 0.0614 0.0006 
        002s 19 0.9093 0.0008 0.0009 0.0882 0.0007 
        003s 19 0.9676 0.0006 0.0010 0.0305 0.0004 
        004s 19 0.9553 0.0061 0.0011 0.0127 0.0248 
        005s 19 0.8807 0.0044 0.0295 0.0132 0.0722 
        006s 19 0.9933 0.0018 0.0013 0.0019 0.0017 
        007s 19 0.8989 0.0006 0.0135 0.0679 0.0191 
        008s 19 0.9470 0.0011 0.0064 0.0336 0.0118 
        009s 19 0.8795 0.0005 0.0007 0.1178 0.0015 
        010s 19 0.9790 0.0133 0.0045 0.0027 0.0005 
        011s 19 0.9805 0.0046 0.0044 0.0094 0.0010 
        012s 19 0.9693 0.0017 0.0018 0.0267 0.0005 
        013s 19 0.8984 0.0007 0.0079 0.0925 0.0004 
        014s 19 0.8089 0.0004 0.0107 0.1633 0.0167 
        015s 19 0.9929 0.0007 0.0026 0.0035 0.0004 
        016s 19 0.8942 0.0222 0.0014 0.0382 0.0440 
        017s 19 0.8963 0.0022 0.0015 0.0936 0.0064 
        018s 19 0.9928 0.0011 0.0008 0.0022 0.0031 
        019s 19 0.9090 0.0006 0.0140 0.0738 0.0026 
        020s 19 0.9113 0.0009 0.0114 0.0756 0.0008 
        021s 19 0.9222 0.0021 0.0013 0.0740 0.0004 
        022s 19 0.9788 0.0009 0.0022 0.0177 0.0004 
        023s 19 0.9909 0.0024 0.0032 0.0016 0.0020 
        024s 19 0.9943 0.0025 0.0003 0.0008 0.0020 
        025s 19 0.8345 0.0021 0.0095 0.1495 0.0044 
        026s 19 0.9839 0.0034 0.0048 0.0044 0.0035 
        027s 19 0.9388 0.0005 0.0007 0.0592 0.0008 
        028s 19 0.9912 0.0006 0.0021 0.0058 0.0004 
        029s 19 0.9723 0.0015 0.0013 0.0243 0.0006 
        030s 19 0.8773 0.0035 0.0013 0.1173 0.0007 
        031s 19 0.9875 0.0004 0.0017 0.0098 0.0005 
        032s 19 0.8826 0.0005 0.0013 0.1152 0.0004 
        033s 19 0.9906 0.0010 0.0009 0.0023 0.0052 
        034s 19 0.9573 0.0005 0.0009 0.0404 0.0010 
        035s 19 0.9755 0.0031 0.0036 0.0128 0.0051 
        036s 19 0.9511 0.0003 0.0009 0.0458 0.0019 
        037s 19 0.9293 0.0008 0.0004 0.0692 0.0003 
        038s 19 0.9851 0.0019 0.0017 0.0097 0.0016 
        039s 19 0.9611 0.0006 0.0005 0.0375 0.0004 
        040s 19 0.9639 0.0004 0.0283 0.0072 0.0003 
        041s 19 0.9816 0.0003 0.0006 0.0169 0.0006 
        042s 19 0.9744 0.0118 0.0010 0.0030 0.0097 
        043s 19 0.9406 0.0017 0.0088 0.0481 0.0008 
        044s 19 0.9761 0.0008 0.0005 0.0212 0.0014 
        045s 19 0.9937 0.0008 0.0003 0.0038 0.0014 
        046s 19 0.9878 0.0016 0.0014 0.0023 0.0069 
        047s 19 0.9704 0.0006 0.0070 0.0217 0.0003 
        048s 19 0.8982 0.0014 0.0199 0.0799 0.0006 
        049s 19 0.9768 0.0004 0.0094 0.0075 0.0060 
        050s 19 0.9933 0.0005 0.0003 0.0052 0.0007 
        051s 19 0.8901 0.0006 0.0437 0.0580 0.0076 
        052s 19 0.9761 0.0012 0.0007 0.0213 0.0008 
      LIW2-4 20 0.9894 0.0024 0.0018 0.0037 0.0027 
     LIW2-12 21 0.8797 0.0080 0.0004 0.0348 0.0770 
     LIW2-20 22 0.9841 0.0052 0.0006 0.0089 0.0011 
     LIW2-28 23 0.8783 0.0020 0.0084 0.0455 0.0658 
      LIW1-5 24 0.9884 0.0020 0.0008 0.0062 0.0027 
     LIW1-13 25 0.9121 0.0004 0.0210 0.0550 0.0114 
     LIW1-21 26 0.9294 0.0087 0.0005 0.0291 0.0323 
     LIW1-29 27 0.9559 0.0027 0.0056 0.0206 0.0151 
      LIW2-5 28 0.9878 0.0069 0.0009 0.0014 0.0031 
     LIW2-34 29 0.9772 0.0091 0.0009 0.0093 0.0034 
     LIW2-21 30 0.8234 0.0023 0.0099 0.1545 0.0101 
     LIW2-29 31 0.8028 0.0047 0.0275 0.1632 0.0017 
      LIW1-6 32 0.9878 0.0013 0.0004 0.0065 0.0039 
     LIW1-14 33 0.7971 0.0376 0.0064 0.1580 0.0009 
     LIW1-22 34 0.9664 0.0260 0.0005 0.0012 0.0059 
     LIW1-30 35 0.9917 0.0012 0.0006 0.0033 0.0032 
      LIW2-6 36 0.9464 0.0028 0.0115 0.0125 0.0268 
     LIW2-14 37 0.9731 0.0005 0.0005 0.0215 0.0045 
     LIW2-22 38 0.8498 0.0007 0.0043 0.0641 0.0811 
     LIW2-30 39 0.9170 0.0429 0.0005 0.0330 0.0067 
      LIW1-7 40 0.8973 0.0124 0.0026 0.0333 0.0544 
     LIW1-15 41 0.9648 0.0042 0.0004 0.0181 0.0125 
     LIW1-23 42 0.9610 0.0020 0.0018 0.0301 0.0051 
     LIW1-31 43 0.8692 0.0029 0.0010 0.1203 0.0066 
      LIW2-7 44 0.9050 0.0069 0.0121 0.0750 0.0010 
     LIW2-15 45 0.9298 0.0548 0.0004 0.0123 0.0026 
     LIW2-23 46 0.8955 0.0011 0.0052 0.0078 0.0904 
      LIW1-8 47 0.9943 0.0008 0.0009 0.0015 0.0026 
     LIW1-16 48 0.9949 0.0009 0.0011 0.0011 0.0020 
      LIW2-8 49 0.9933 0.0028 0.0005 0.0005 0.0028 
     LIW2-16 50 0.5704 0.0045 0.0587 0.3565 0.0099 
     LIW2-24 51 0.7842 0.0029 0.0388 0.1677 0.0064 
     LIW2-32 52 0.9184 0.0094 0.0052 0.0134 0.0536 
     LIW1-47 53 0.9151 0.0020 0.0031 0.0658 0.0139 
      UMFS-1 54 0.0004 0.9989 0.0003 0.0002 0.0001 
     UMFS-19 55 0.0001 0.9993 0.0002 0.0003 0.0001 
     UMFS-31 56 0.1671 0.8099 0.0004 0.0214 0.0012 
      UMFS-2 57 0.0590 0.9374 0.0002 0.0033 0.0002 
     UMFS-10 58 0.1041 0.8930 0.0006 0.0019 0.0003 
     UMFS-20 59 0.1509 0.8436 0.0009 0.0043 0.0003 
     UMFS-32 60 0.0006 0.9984 0.0004 0.0004 0.0002 
      UMFS-3 61 0.0001 0.9997 0.0001 0.0001 0.0001 
     UMFS-11 62 0.4927 0.0003 0.1843 0.3196 0.0030 
     UMFS-21 63 0.0118 0.9372 0.0016 0.0408 0.0086 
     UMFS-33 64 0.0000 0.9998 0.0000 0.0001 0.0000 
      UMFS-4 65 0.0000 0.9998 0.0000 0.0000 0.0000 
     UMFS-22 66 0.0409 0.9508 0.0034 0.0036 0.0013 
     UMFS-34 67 0.3198 0.5869 0.0041 0.0090 0.0802 
      UMFS-5 68 0.0718 0.9174 0.0040 0.0058 0.0011 
     UMFS-13 69 0.0007 0.9960 0.0008 0.0005 0.0020 
     UMFS-23 70 0.2043 0.7691 0.0014 0.0245 0.0006 
     UMFS-35 71 0.0001 0.9996 0.0001 0.0001 0.0001 
      UMFS-6 72 0.0001 0.9997 0.0001 0.0001 0.0001 
     UMFS-14 73 0.0000 0.9998 0.0000 0.0000 0.0000 
     UMFS-24 74 0.2288 0.7512 0.0016 0.0178 0.0006 
     UMFS-36 75 0.0000 0.9998 0.0000 0.0000 0.0000 
      UMFS-7 76 0.2690 0.0007 0.3105 0.3248 0.0950 
     UMFS-15 77 0.0001 0.9998 0.0001 0.0001 0.0001 
     UMFS-25 78 0.1744 0.7930 0.0062 0.0261 0.0003 
     UMFS-37 79 0.0001 0.9998 0.0001 0.0001 0.0000 
      UMFS-8 80 0.0106 0.9845 0.0006 0.0031 0.0012 
     UMFS-16 81 0.0001 0.9996 0.0001 0.0001 0.0001 
     UMFS-26 82 0.3521 0.4829 0.0052 0.0226 0.1371 
     UMFS-38 83 0.0001 0.9996 0.0001 0.0001 0.0001 
      NEH1-2 84 0.0019 0.0009 0.0056 0.0181 0.9735 
     NEH1-11 85 0.0009 0.0004 0.0061 0.0382 0.9544 
     NEH1-20 86 0.1153 0.0023 0.0008 0.0026 0.8790 
     NEH1-29 87 0.0010 0.0003 0.0002 0.0005 0.9981 
      NEH2-2 88 0.0003 0.0002 0.0001 0.0003 0.9991 
     NEH2-10 89 0.0055 0.0002 0.0003 0.0010 0.9930 
     NEH2-18 90 0.0002 0.0003 0.0003 0.0018 0.9975 
     NEH2-26 91 0.0011 0.0003 0.0005 0.0019 0.9962 
      NEH1-3 92 0.1520 0.0003 0.0007 0.0019 0.8450 
     NEH1-12 93 0.0003 0.0004 0.0492 0.0014 0.9487 
     NEH1-21 94 0.0347 0.0002 0.0224 0.0016 0.9410 
     NEH1-30 95 0.0129 0.0002 0.0015 0.0648 0.9205 
      NEH2-3 96 0.0001 0.0001 0.0001 0.0001 0.9995 
     NEH2-11 97 0.0004 0.0033 0.0011 0.0212 0.9740 
     NEH2-19 98 0.0033 0.0024 0.0009 0.0019 0.9914 
     NEH2-27 99 0.0001 0.0001 0.0001 0.0001 0.9997 
      NEH1-4 100 0.0001 0.0002 0.0001 0.0012 0.9984 
     NEH1-13 101 0.2155 0.0007 0.0017 0.0142 0.7679 
     NEH1-22 102 0.1956 0.0006 0.0005 0.0032 0.8000 
     NEH1-31 103 0.0006 0.0001 0.0002 0.0011 0.9979 
      NEH2-4 104 0.0025 0.0023 0.0006 0.0020 0.9926 
     NEH2-12 105 0.0005 0.0079 0.0059 0.0494 0.9363 
     NEH2-20 106 0.1717 0.0010 0.0003 0.0228 0.8042 
     NEH2-28 107 0.0011 0.0005 0.0075 0.0008 0.9900 
      NEH1-5 108 0.1120 0.0004 0.0004 0.0313 0.8559 
     NEH1-14 109 0.1721 0.0007 0.0160 0.0461 0.7651 
     NEH1-23 110 0.2176 0.0051 0.0002 0.0077 0.7693 
     NEH1-32 111 0.0009 0.0002 0.0016 0.0013 0.9960 
      NEH2-5 112 0.0002 0.0001 0.0001 0.0002 0.9994 
     NEH2-13 113 0.0013 0.0003 0.0030 0.0155 0.9799 
     NEH2-22 114 0.0005 0.0008 0.0004 0.0004 0.9979 
     NEH2-29 115 0.0329 0.0005 0.0007 0.0051 0.9607 
      NEH1-6 116 0.0001 0.0002 0.0002 0.0001 0.9993 
     NEH1-15 117 0.0014 0.0002 0.0387 0.0025 0.9572 
     NEH1-24 118 0.0007 0.0014 0.0126 0.0006 0.9848 
     NEH1-33 119 0.1249 0.0006 0.0004 0.0020 0.8722 
      NEH2-6 120 0.0087 0.0083 0.0004 0.0011 0.9814 
     NEH2-14 121 0.0038 0.0007 0.0021 0.0016 0.9919 
     NEH2-21 122 0.0427 0.0013 0.0002 0.0013 0.9545 
     NEH2-30 123 0.0002 0.0002 0.0001 0.0003 0.9992 
      NEH1-7 124 0.0674 0.0008 0.0124 0.0805 0.8388 
     NEH1-16 125 0.0003 0.0002 0.0002 0.0002 0.9991 
     NEH1-25 126 0.1074 0.0037 0.0008 0.0138 0.8743 
     NEH1-34 127 0.0456 0.0011 0.0016 0.0217 0.9301 
      NEH2-7 128 0.0019 0.0030 0.0008 0.0012 0.9931 
     NEH2-15 129 0.0001 0.0001 0.0001 0.0001 0.9997 
     NEH2-23 130 0.0039 0.0020 0.0093 0.0441 0.9407 
     NEH2-31 131 0.0001 0.0002 0.0002 0.0001 0.9994 
      NEH1-8 132 0.0980 0.0003 0.0092 0.0634 0.8291 
     NEH1-17 133 0.0014 0.0005 0.0136 0.0972 0.8872 
     NEH1-26 134 0.1448 0.0024 0.0031 0.0004 0.8493 
     NEH1-35 135 0.1840 0.0006 0.0017 0.0037 0.8100 
      NEH2-8 136 0.0001 0.0001 0.0001 0.0001 0.9996 
     NEH2-16 137 0.0006 0.0007 0.0012 0.0003 0.9971 
     NEH2-24 138 0.0001 0.0004 0.0001 0.0001 0.9992 
     NEH2-32 139 0.0003 0.0009 0.0087 0.0603 0.9298 
      NEH1-1 140 0.0007 0.0009 0.0097 0.1020 0.8868 
     NEH1-10 141 0.0002 0.0001 0.0004 0.0002 0.9992 
     NEH1-19 142 0.1138 0.0004 0.0025 0.0056 0.8778 
     NEH1-28 143 0.0007 0.0003 0.0104 0.0337 0.9549 
      NEH2-1 144 0.0025 0.0003 0.0006 0.0128 0.9838 
      NEH2-9 145 0.0006 0.0002 0.0002 0.0002 0.9988 
     NEH2-17 146 0.0023 0.0008 0.0346 0.0014 0.9610 
     NEH2-25 147 0.0002 0.0001 0.0004 0.0202 0.9790 
      LIW1-1 148 0.7971 0.0051 0.0167 0.0760 0.1051 
      LIW1-9 149 0.7597 0.0008 0.0814 0.0887 0.0694 
     LIW1-17 150 0.8418 0.0016 0.0003 0.1088 0.0475 
     LIW1-25 151 0.9822 0.0091 0.0007 0.0058 0.0022 
      LIW2-9 152 0.9279 0.0021 0.0137 0.0549 0.0014 
     LIW2-17 153 0.9920 0.0017 0.0015 0.0014 0.0034 
     LIW2-25 154 0.8740 0.0028 0.0003 0.1199 0.0029 
      LIW1-2 155 0.9823 0.0021 0.0003 0.0030 0.0124 
     LIW1-10 156 0.9739 0.0067 0.0015 0.0145 0.0035 
     LIW1-18 157 0.8655 0.0027 0.0007 0.1253 0.0058 
     LIW1-26 158 0.9736 0.0010 0.0032 0.0013 0.0208 
      LIW2-2 159 0.9850 0.0043 0.0004 0.0062 0.0042 
     LIW2-10 160 0.9521 0.0009 0.0007 0.0452 0.0011 
     LIW2-18 161 0.9011 0.0098 0.0183 0.0066 0.0642 
     LIW2-26 162 0.9408 0.0505 0.0010 0.0059 0.0018 
      LIW1-3 163 0.8339 0.0373 0.0006 0.1141 0.0142 
     LIW1-11 164 0.9556 0.0064 0.0026 0.0289 0.0064 
     LIW1-19 165 0.8492 0.0026 0.0062 0.0768 0.0651 
     LIW1-27 166 0.8496 0.0014 0.0008 0.1478 0.0004 
      LIW2-3 167 0.9771 0.0065 0.0082 0.0052 0.0030 
     LIW2-11 168 0.9970 0.0012 0.0003 0.0007 0.0008 
     LIW2-19 169 0.9648 0.0007 0.0012 0.0064 0.0269 
     LIW2-27 170 0.9646 0.0094 0.0005 0.0096 0.0159 
      LIW1-4 171 0.9713 0.0021 0.0011 0.0198 0.0057 
     LIW1-12 172 0.9253 0.0345 0.0048 0.0332 0.0022 
     LIW1-20 173 0.8811 0.0012 0.0020 0.1144 0.0014 
     LIW1-28 174 0.9730 0.0037 0.0010 0.0109 0.0114 
        001s 175 0.9682 0.0004 0.0112 0.0185 0.0018 
        002s 175 0.9136 0.0007 0.0091 0.0748 0.0018 
        003s 175 0.8823 0.0009 0.0008 0.1155 0.0005 
        004s 175 0.9592 0.0041 0.0090 0.0267 0.0010 
        005s 175 0.9812 0.0043 0.0009 0.0121 0.0016 
        006s 175 0.7253 0.0051 0.0170 0.2516 0.0009 
        007s 175 0.9928 0.0005 0.0004 0.0056 0.0007 
        008s 175 0.9931 0.0027 0.0015 0.0022 0.0005 
        009s 175 0.8679 0.0026 0.0139 0.1147 0.0009 
        010s 175 0.8835 0.0003 0.0008 0.1145 0.0009 
        011s 175 0.9660 0.0008 0.0012 0.0311 0.0009 
        012s 175 0.9906 0.0006 0.0038 0.0046 0.0004 
        013s 175 0.9836 0.0005 0.0011 0.0147 0.0002 
        014s 175 0.9102 0.0004 0.0106 0.0785 0.0002 
        015s 175 0.9909 0.0004 0.0012 0.0056 0.0019 
        016s 175 0.9609 0.0004 0.0021 0.0362 0.0004 
        017s 175 0.8834 0.0010 0.0066 0.1032 0.0058 
        018s 175 0.9782 0.0072 0.0016 0.0118 0.0012 
        019s 175 0.9681 0.0243 0.0011 0.0011 0.0053 
        020s 175 0.9191 0.0007 0.0014 0.0775 0.0013 
        021s 175 0.9948 0.0006 0.0015 0.0010 0.0021 
        022s 175 0.9507 0.0005 0.0434 0.0029 0.0025 
        023s 175 0.9797 0.0062 0.0056 0.0042 0.0042 
        024s 175 0.9602 0.0011 0.0076 0.0304 0.0008 
        025s 175 0.9600 0.0038 0.0219 0.0135 0.0009 
        026s 175 0.9897 0.0005 0.0009 0.0080 0.0009 
        027s 175 0.9763 0.0009 0.0019 0.0194 0.0015 
        028s 175 0.9349 0.0004 0.0006 0.0057 0.0585 
        029s 175 0.9947 0.0015 0.0006 0.0026 0.0006 
        030s 175 0.8782 0.0005 0.0122 0.1083 0.0007 
        031s 175 0.9797 0.0097 0.0017 0.0084 0.0005 
        032s 175 0.8629 0.0024 0.0007 0.1152 0.0188 
        033s 175 0.9787 0.0029 0.0047 0.0129 0.0008 
        034s 175 0.8741 0.0003 0.0010 0.1242 0.0004 
        035s 175 0.8696 0.0009 0.0011 0.1279 0.0004 
        036s 175 0.9873 0.0030 0.0008 0.0085 0.0005 
        037s 175 0.9618 0.0002 0.0085 0.0152 0.0144 
        038s 175 0.9760 0.0002 0.0026 0.0206 0.0005 
        039s 175 0.9711 0.0009 0.0008 0.0245 0.0028 
        040s 175 0.9958 0.0006 0.0006 0.0012 0.0019 
        041s 175 0.8767 0.0007 0.0009 0.1211 0.0006 
        042s 175 0.9739 0.0213 0.0026 0.0012 0.0010 
        043s 175 0.9892 0.0008 0.0016 0.0044 0.0040 
        044s 175 0.9154 0.0005 0.0005 0.0823 0.0013 
        045s 175 0.9089 0.0007 0.0096 0.0801 0.0006 
        046s 175 0.9573 0.0010 0.0012 0.0387 0.0018 
        047s 175 0.9739 0.0041 0.0006 0.0124 0.0090 
        048s 175 0.9907 0.0011 0.0027 0.0052 0.0003 
        049s 175 0.9375 0.0019 0.0024 0.0575 0.0007 
        050s 175 0.8410 0.0024 0.0071 0.0654 0.0842 
        001s 176 0.8175 0.0015 0.0262 0.1542 0.0006 
        002s 176 0.9805 0.0004 0.0096 0.0071 0.0025 
        003s 176 0.9919 0.0008 0.0005 0.0057 0.0011 
        004s 176 0.9888 0.0020 0.0006 0.0070 0.0015 
        005s 176 0.9758 0.0005 0.0003 0.0028 0.0206 
        006s 176 0.9879 0.0030 0.0034 0.0051 0.0004 
        007s 176 0.9149 0.0017 0.0096 0.0732 0.0007 
        008s 176 0.9876 0.0014 0.0007 0.0100 0.0003 
        009s 176 0.9667 0.0007 0.0004 0.0245 0.0077 
        010s 176 0.9280 0.0011 0.0006 0.0698 0.0005 
        011s 176 0.9903 0.0005 0.0022 0.0032 0.0038 
        012s 176 0.8836 0.0006 0.0083 0.1065 0.0009 
        013s 176 0.9183 0.0010 0.0046 0.0733 0.0029 
        014s 176 0.9911 0.0012 0.0061 0.0010 0.0006 
        015s 176 0.9786 0.0067 0.0004 0.0128 0.0016 
        016s 176 0.9783 0.0051 0.0003 0.0155 0.0007 
        017s 176 0.9980 0.0006 0.0003 0.0007 0.0004 
        018s 176 0.9761 0.0017 0.0006 0.0107 0.0109 
        019s 176 0.9481 0.0013 0.0212 0.0288 0.0007 
        020s 176 0.9778 0.0010 0.0005 0.0194 0.0013 
        021s 176 0.9924 0.0005 0.0031 0.0029 0.0011 
        022s 176 0.9850 0.0013 0.0120 0.0009 0.0007 
        023s 176 0.9111 0.0775 0.0028 0.0083 0.0003 
        024s 176 0.8534 0.0013 0.0269 0.1173 0.0011 
        025s 176 0.9858 0.0017 0.0038 0.0060 0.0028 
        026s 176 0.9851 0.0009 0.0104 0.0012 0.0024 
        027s 176 0.9971 0.0006 0.0002 0.0013 0.0008 
        028s 176 0.9919 0.0011 0.0016 0.0046 0.0009 
        029s 176 0.9910 0.0007 0.0053 0.0008 0.0022 
        030s 176 0.8248 0.0005 0.0032 0.1711 0.0004 
        031s 176 0.9880 0.0003 0.0023 0.0084 0.0010 
        032s 176 0.8714 0.0005 0.0005 0.1152 0.0125 
        033s 176 0.7827 0.0048 0.0418 0.1514 0.0193 
        034s 176 0.9878 0.0002 0.0005 0.0109 0.0005 
        035s 176 0.9165 0.0004 0.0022 0.0179 0.0630 
        036s 176 0.9906 0.0003 0.0019 0.0066 0.0006 
        037s 176 0.9221 0.0017 0.0120 0.0522 0.0119 
        038s 176 0.9929 0.0013 0.0007 0.0042 0.0009 
        039s 176 0.9629 0.0004 0.0005 0.0359 0.0003 
        040s 176 0.9958 0.0002 0.0003 0.0029 0.0007 
        041s 176 0.9839 0.0052 0.0007 0.0094 0.0007 
        042s 176 0.9948 0.0011 0.0008 0.0029 0.0005 
        043s 176 0.9639 0.0016 0.0244 0.0020 0.0080 
        044s 176 0.8786 0.0003 0.0015 0.1193 0.0003 
        045s 176 0.9892 0.0009 0.0031 0.0059 0.0009 
        046s 176 0.9966 0.0006 0.0008 0.0016 0.0004 
        047s 176 0.9775 0.0045 0.0015 0.0151 0.0014 
        048s 176 0.8730 0.0086 0.0022 0.1158 0.0005 
        050s 176 0.9850 0.0004 0.0006 0.0043 0.0097 
        001s 177 0.8567 0.0088 0.0064 0.1182 0.0101 
        002s 177 0.9328 0.0005 0.0004 0.0649 0.0015 
        003s 177 0.8765 0.0427 0.0074 0.0653 0.0081 
        004s 177 0.9952 0.0003 0.0020 0.0013 0.0012 
        005s 177 0.9559 0.0005 0.0004 0.0428 0.0003 
        006s 177 0.9458 0.0026 0.0004 0.0497 0.0015 
        007s 177 0.9246 0.0004 0.0008 0.0736 0.0006 
        008s 177 0.7462 0.0083 0.0554 0.1891 0.0011 
        009s 177 0.9939 0.0005 0.0009 0.0041 0.0007 
        010s 177 0.9662 0.0011 0.0031 0.0285 0.0011 
        011s 177 0.9769 0.0002 0.0010 0.0214 0.0005 
        012s 177 0.9948 0.0005 0.0008 0.0033 0.0005 
        013s 177 0.9716 0.0061 0.0009 0.0194 0.0020 
        014s 177 0.9381 0.0008 0.0054 0.0540 0.0018 
        015s 177 0.9898 0.0008 0.0037 0.0039 0.0017 
        016s 177 0.8775 0.0007 0.0002 0.1212 0.0004 
        017s 177 0.9602 0.0007 0.0363 0.0018 0.0010 
        018s 177 0.8634 0.0023 0.0011 0.1329 0.0004 
        019s 177 0.9811 0.0005 0.0005 0.0133 0.0046 
        020s 177 0.9917 0.0010 0.0011 0.0030 0.0032 
        021s 177 0.8909 0.0005 0.0006 0.1069 0.0011 
        022s 177 0.9422 0.0006 0.0031 0.0400 0.0141 
        023s 177 0.9471 0.0021 0.0479 0.0007 0.0022 
        024s 177 0.9964 0.0003 0.0005 0.0012 0.0016 
        025s 177 0.9926 0.0005 0.0035 0.0027 0.0006 
        026s 177 0.9933 0.0005 0.0004 0.0035 0.0023 
        027s 177 0.9889 0.0008 0.0004 0.0094 0.0006 
        028s 177 0.9821 0.0017 0.0004 0.0148 0.0009 
        029s 177 0.9012 0.0003 0.0537 0.0439 0.0009 
        030s 177 0.9806 0.0017 0.0018 0.0136 0.0023 
        031s 177 0.9413 0.0014 0.0019 0.0441 0.0113 
        032s 177 0.9092 0.0004 0.0057 0.0840 0.0006 
        033s 177 0.9916 0.0005 0.0003 0.0043 0.0033 
        034s 177 0.9883 0.0003 0.0007 0.0097 0.0009 
        035s 177 0.9947 0.0008 0.0004 0.0038 0.0004 
        036s 177 0.9264 0.0006 0.0109 0.0020 0.0601 
        037s 177 0.9715 0.0007 0.0120 0.0126 0.0032 
        038s 177 0.9314 0.0015 0.0026 0.0637 0.0008 
        039s 177 0.9138 0.0044 0.0008 0.0797 0.0012 
        040s 177 0.9582 0.0003 0.0379 0.0024 0.0012 
        041s 177 0.7888 0.0004 0.0307 0.1798 0.0003 
        042s 177 0.8296 0.0009 0.0021 0.1668 0.0005 
        043s 177 0.9534 0.0005 0.0003 0.0450 0.0007 
        044s 177 0.9890 0.0004 0.0005 0.0093 0.0008 
        045s 177 0.9680 0.0091 0.0044 0.0173 0.0012 
        046s 177 0.9908 0.0006 0.0023 0.0055 0.0008 
        047s 177 0.9832 0.0013 0.0019 0.0104 0.0033 
        048s 177 0.9653 0.0004 0.0144 0.0195 0.0004 
        049s 177 0.8591 0.0003 0.0234 0.1162 0.0011 
        050s 177 0.9783 0.0049 0.0007 0.0155 0.0005 
        001s 178 0.8211 0.0011 0.0018 0.1746 0.0014 
        002s 178 0.9785 0.0006 0.0019 0.0152 0.0039 
        003s 178 0.9911 0.0011 0.0013 0.0059 0.0007 
        004s 178 0.9799 0.0122 0.0010 0.0065 0.0004 
        005s 178 0.9956 0.0015 0.0015 0.0010 0.0004 
        006s 178 0.8865 0.0161 0.0144 0.0293 0.0536 
        007s 178 0.9896 0.0004 0.0028 0.0065 0.0006 
        008s 178 0.7777 0.0020 0.0067 0.2131 0.0004 
        009s 178 0.9859 0.0012 0.0099 0.0012 0.0017 
        010s 178 0.9970 0.0005 0.0004 0.0011 0.0010 
        011s 178 0.8883 0.0010 0.0009 0.1090 0.0008 
        012s 178 0.9744 0.0004 0.0013 0.0233 0.0006 
        013s 178 0.8949 0.0051 0.0003 0.0960 0.0037 
        014s 178 0.9310 0.0004 0.0035 0.0464 0.0187 
        015s 178 0.9919 0.0006 0.0019 0.0052 0.0004 
        016s 178 0.8708 0.0030 0.0032 0.1216 0.0014 
        017s 178 0.9394 0.0013 0.0041 0.0536 0.0015 
        018s 178 0.9487 0.0011 0.0007 0.0476 0.0019 
        019s 178 0.9750 0.0004 0.0009 0.0233 0.0005 
        020s 178 0.9901 0.0016 0.0003 0.0077 0.0002 
        021s 178 0.9761 0.0009 0.0136 0.0085 0.0009 
        022s 178 0.9966 0.0004 0.0009 0.0017 0.0003 
        023s 178 0.8549 0.0006 0.0184 0.0943 0.0318 
        024s 178 0.9918 0.0006 0.0004 0.0064 0.0008 
        025s 178 0.8214 0.0004 0.0017 0.1758 0.0008 
        026s 178 0.9957 0.0019 0.0009 0.0010 0.0005 
        027s 178 0.8905 0.0014 0.0059 0.1014 0.0009 
        028s 178 0.9348 0.0070 0.0407 0.0122 0.0053 
        029s 178 0.8810 0.0005 0.0213 0.0963 0.0009 
        030s 178 0.9697 0.0004 0.0091 0.0153 0.0054 
        031s 178 0.9740 0.0194 0.0004 0.0059 0.0003 
        032s 178 0.9929 0.0023 0.0010 0.0033 0.0005 
        033s 178 0.9668 0.0021 0.0092 0.0213 0.0007 
        034s 178 0.9232 0.0009 0.0003 0.0750 0.0005 
        035s 178 0.9941 0.0013 0.0004 0.0017 0.0025 
        036s 178 0.9968 0.0006 0.0006 0.0014 0.0006 
        037s 178 0.9930 0.0004 0.0003 0.0015 0.0048 
        039s 178 0.9726 0.0015 0.0168 0.0017 0.0073 
        040s 178 0.8746 0.0016 0.0079 0.1137 0.0022 
        041s 178 0.9946 0.0005 0.0022 0.0020 0.0006 
        042s 178 0.8988 0.0205 0.0054 0.0704 0.0049 
        043s 178 0.9154 0.0462 0.0190 0.0065 0.0129 
        044s 178 0.8273 0.0002 0.0929 0.0781 0.0015 
        045s 178 0.9918 0.0007 0.0014 0.0047 0.0013 
        046s 178 0.9928 0.0007 0.0008 0.0052 0.0004 
        047s 178 0.9811 0.0012 0.0146 0.0023 0.0008 
        048s 178 0.8508 0.0008 0.0024 0.1296 0.0165 
        049s 178 0.9881 0.0005 0.0030 0.0041 0.0043 
        050s 178 0.9023 0.0037 0.0250 0.0659 0.0031 
          01 179 0.9107 0.0008 0.0266 0.0427 0.0192 
          02 179 0.9687 0.0017 0.0011 0.0263 0.0022 
          03 179 0.8399 0.0003 0.0221 0.1363 0.0015 
          04 179 0.9775 0.0004 0.0018 0.0148 0.0055 
          05 179 0.8218 0.0014 0.0048 0.1712 0.0008 
          06 179 0.9852 0.0101 0.0004 0.0040 0.0003 
          07 179 0.9669 0.0002 0.0017 0.0254 0.0058 
          08 179 0.9861 0.0019 0.0007 0.0059 0.0054 
          09 179 0.9922 0.0006 0.0003 0.0062 0.0007 
          10 179 0.8581 0.0003 0.0012 0.1369 0.0034 
          11 179 0.8011 0.0003 0.0082 0.1899 0.0005 
          12 179 0.8764 0.0017 0.0003 0.1190 0.0025 
          13 179 0.9944 0.0019 0.0013 0.0017 0.0007 
          14 179 0.8803 0.0007 0.0090 0.1058 0.0042 
          15 179 0.8642 0.0007 0.0132 0.1210 0.0009 
          16 179 0.9689 0.0025 0.0027 0.0250 0.0009 
          17 179 0.9788 0.0009 0.0006 0.0018 0.0179 
          18 179 0.9899 0.0014 0.0007 0.0053 0.0028 
          19 179 0.8675 0.0016 0.0057 0.1243 0.0008 
          20 179 0.8662 0.0043 0.0076 0.0315 0.0904 
          21 179 0.9970 0.0003 0.0003 0.0016 0.0007 
          22 179 0.8492 0.0170 0.0020 0.1311 0.0008 
          23 179 0.9842 0.0007 0.0008 0.0139 0.0004 
        001s 180 0.9265 0.0005 0.0041 0.0383 0.0306 
        002s 180 0.9155 0.0004 0.0011 0.0808 0.0022 
        003s 180 0.9070 0.0023 0.0004 0.0892 0.0011 
        004s 180 0.8903 0.0004 0.0010 0.1079 0.0004 
        005s 180 0.9632 0.0003 0.0037 0.0073 0.0255 
        006s 180 0.8850 0.0009 0.0119 0.1015 0.0006 
        007s 180 0.9935 0.0008 0.0008 0.0044 0.0005 
        008s 180 0.9944 0.0005 0.0014 0.0032 0.0005 
        009s 180 0.9425 0.0008 0.0003 0.0553 0.0012 
        010s 180 0.9854 0.0095 0.0005 0.0040 0.0007 
        011s 180 0.9318 0.0006 0.0008 0.0663 0.0005 
        012s 180 0.9857 0.0009 0.0021 0.0106 0.0006 
        013s 180 0.9828 0.0020 0.0011 0.0087 0.0053 
        014s 180 0.9138 0.0004 0.0015 0.0831 0.0012 
        015s 180 0.9116 0.0004 0.0006 0.0856 0.0017 
        016s 180 0.9138 0.0027 0.0019 0.0706 0.0110 
        017s 180 0.9679 0.0007 0.0011 0.0292 0.0011 
        018s 180 0.8126 0.0006 0.0061 0.1802 0.0005 
        019s 180 0.9905 0.0008 0.0013 0.0064 0.0011 
        020s 180 0.9853 0.0021 0.0017 0.0033 0.0076 
        021s 180 0.9755 0.0010 0.0011 0.0199 0.0025 
        022s 180 0.8731 0.0003 0.0013 0.1246 0.0007 
        023s 180 0.8761 0.0003 0.0002 0.1200 0.0033 
        024s 180 0.9734 0.0006 0.0007 0.0199 0.0053 
        025s 180 0.8866 0.0008 0.0034 0.1088 0.0005 
        026s 180 0.9899 0.0032 0.0040 0.0023 0.0006 
        027s 180 0.9909 0.0008 0.0009 0.0065 0.0008 
        028s 180 0.9919 0.0011 0.0021 0.0039 0.0010 
        029s 180 0.9184 0.0113 0.0030 0.0034 0.0639 
        030s 180 0.9863 0.0063 0.0029 0.0042 0.0004 
        031s 180 0.9332 0.0005 0.0003 0.0640 0.0019 
        032s 180 0.9609 0.0170 0.0015 0.0200 0.0007 
        033s 180 0.9769 0.0033 0.0006 0.0189 0.0002 
        034s 180 0.9917 0.0011 0.0034 0.0031 0.0006 
        035s 180 0.9469 0.0013 0.0024 0.0335 0.0159 
        036s 180 0.9829 0.0054 0.0003 0.0104 0.0011 
        037s 180 0.9863 0.0046 0.0008 0.0069 0.0013 
        038s 180 0.9939 0.0011 0.0015 0.0030 0.0004 
        039s 180 0.9941 0.0012 0.0018 0.0019 0.0010 
        041s 180 0.9922 0.0003 0.0011 0.0060 0.0004 
        042s 180 0.9846 0.0011 0.0015 0.0069 0.0058 
        043s 180 0.9818 0.0090 0.0023 0.0050 0.0018 
        044s 180 0.9965 0.0010 0.0005 0.0015 0.0004 
        045s 180 0.9476 0.0019 0.0226 0.0244 0.0034 
        046s 180 0.9813 0.0019 0.0042 0.0110 0.0016 
        047s 180 0.9105 0.0011 0.0011 0.0859 0.0015 
        048s 180 0.8864 0.0004 0.0009 0.1114 0.0009 
        049s 180 0.9970 0.0007 0.0012 0.0006 0.0005 
        050s 180 0.9906 0.0024 0.0020 0.0046 0.0004 
         001 181 0.0002 0.0005 0.8291 0.1701 0.0001 
         002 181 0.0001 0.0001 0.9997 0.0001 0.0001 
         003 181 0.0001 0.0001 0.9997 0.0001 0.0001 
         004 181 0.0078 0.0044 0.7966 0.1909 0.0002 
         005 181 0.0086 0.0003 0.8792 0.1091 0.0029 
         006 181 0.0001 0.0001 0.9997 0.0001 0.0001 
         007 181 0.0001 0.0001 0.9997 0.0001 0.0001 
         008 181 0.0001 0.0002 0.9993 0.0002 0.0001 
         009 181 0.0000 0.0000 0.9999 0.0000 0.0000 
         010 181 0.0001 0.0509 0.8402 0.1086 0.0002 
         011 181 0.0001 0.0001 0.9997 0.0001 0.0001 
         012 181 0.0004 0.0002 0.8778 0.1169 0.0047 
         013 181 0.0041 0.0006 0.9080 0.0870 0.0003 
         014 181 0.0004 0.0001 0.8808 0.1186 0.0002 
         015 181 0.0001 0.0001 0.9998 0.0000 0.0000 
         016 181 0.0004 0.0001 0.8824 0.1168 0.0004 
         017 181 0.0001 0.0001 0.9997 0.0001 0.0001 
         018 181 0.0003 0.0004 0.8338 0.1653 0.0002 
         019 181 0.0055 0.0002 0.8691 0.1246 0.0005 
         020 181 0.0000 0.0001 0.9998 0.0001 0.0001 
         021 181 0.0001 0.0001 0.9997 0.0001 0.0001 
         022 181 0.0001 0.0001 0.9998 0.0001 0.0000 
         023 181 0.0001 0.0001 0.9996 0.0002 0.0001 
         024 181 0.0192 0.0019 0.9770 0.0008 0.0010 
         025 181 0.0002 0.0002 0.9732 0.0263 0.0001 
         026 181 0.0001 0.0001 0.9997 0.0001 0.0001 
         027 181 0.0000 0.0000 0.9998 0.0000 0.0000 
         028 181 0.0000 0.0000 0.9998 0.0001 0.0000 
         029 181 0.0001 0.0001 0.9995 0.0001 0.0001 
         030 181 0.0001 0.0001 0.9996 0.0001 0.0001 
         001 182 0.0002 0.0001 0.6372 0.3625 0.0001 
         002 182 0.0004 0.0003 0.5924 0.4068 0.0002 
         003 182 0.0004 0.0615 0.5333 0.4047 0.0002 
         004 182 0.0002 0.0002 0.5436 0.4556 0.0004 
         005 182 0.0012 0.0032 0.5895 0.4059 0.0002 
         006 182 0.0940 0.0006 0.4730 0.4310 0.0014 
         007 182 0.0010 0.0232 0.5383 0.4372 0.0003 
         008 182 0.0007 0.0006 0.5999 0.3987 0.0001 
         009 182 0.0003 0.0005 0.6073 0.3917 0.0002 
         010 182 0.0757 0.0003 0.4965 0.4268 0.0007 
         011 182 0.0003 0.0003 0.5149 0.4844 0.0001 
         012 182 0.0608 0.0008 0.5478 0.3897 0.0010 
         013 182 0.0038 0.0004 0.4485 0.5466 0.0007 
         014 182 0.0883 0.0003 0.4681 0.4396 0.0038 
         015 182 0.0001 0.0001 0.6392 0.3605 0.0001 
         016 182 0.0002 0.0007 0.5791 0.4198 0.0001 
         017 182 0.0558 0.0007 0.5797 0.3635 0.0003 
         018 182 0.0003 0.0003 0.6317 0.3677 0.0001 
         019 182 0.0002 0.0001 0.6174 0.3821 0.0001 
         020 182 0.0001 0.0001 0.6662 0.3335 0.0001 
         021 182 0.0017 0.0727 0.5230 0.4019 0.0007 
         022 182 0.0003 0.0003 0.6371 0.3622 0.0002 
         023 182 0.0003 0.0001 0.5206 0.4788 0.0001 
         024 182 0.0006 0.0002 0.4938 0.5053 0.0001 
         025 182 0.0002 0.0007 0.6176 0.3814 0.0001 
         026 182 0.0002 0.0001 0.5741 0.4255 0.0001 
         027 182 0.0018 0.0002 0.5780 0.4187 0.0014 
         028 182 0.0004 0.0003 0.5448 0.4543 0.0002 
         029 182 0.0008 0.0080 0.5373 0.4534 0.0005 
         030 182 0.0001 0.0002 0.6208 0.3789 0.0001 
          10 183 0.9938 0.0012 0.0005 0.0013 0.0032 
          11 183 0.9237 0.0003 0.0001 0.0068 0.0691 
          12 183 0.9893 0.0018 0.0004 0.0025 0.0060 
          13 183 0.9660 0.0008 0.0134 0.0196 0.0003 
          14 183 0.9610 0.0226 0.0003 0.0018 0.0144 
          15 183 0.9412 0.0005 0.0016 0.0137 0.0430 
          16 183 0.9400 0.0038 0.0441 0.0108 0.0013 
          17 183 0.9946 0.0007 0.0014 0.0009 0.0025 
          18 183 0.9717 0.0007 0.0003 0.0258 0.0015 
          19 183 0.9874 0.0003 0.0003 0.0106 0.0014 
          20 183 0.9693 0.0007 0.0035 0.0259 0.0006 
          21 183 0.9761 0.0001 0.0008 0.0101 0.0129 
          22 183 0.8647 0.0015 0.0017 0.1039 0.0282 
          23 183 0.9723 0.0075 0.0181 0.0016 0.0005 
          24 183 0.8713 0.0006 0.0003 0.1096 0.0182 
          25 183 0.9816 0.0009 0.0007 0.0029 0.0139 
          26 183 0.8780 0.0007 0.0015 0.1188 0.0010 
          27 183 0.9376 0.0002 0.0022 0.0489 0.0111 
          28 183 0.9690 0.0005 0.0006 0.0067 0.0231 
          29 183 0.2911 0.0004 0.4340 0.2551 0.0194 
          30 183 0.1103 0.0004 0.4459 0.3806 0.0627 
          31 183 0.9908 0.0003 0.0013 0.0018 0.0059 
          32 183 0.9972 0.0012 0.0003 0.0010 0.0003 
          33 183 0.8651 0.0014 0.0005 0.1317 0.0014 
          34 183 0.9696 0.0021 0.0002 0.0010 0.0270 
          35 183 0.8825 0.0005 0.0032 0.1004 0.0133 
          36 183 0.9907 0.0011 0.0005 0.0033 0.0044 
          37 183 0.1534 0.0011 0.4351 0.3843 0.0261 
          54 183 0.9438 0.0004 0.0138 0.0403 0.0018 
          55 183 0.8229 0.0026 0.0131 0.0919 0.0694 
           6 183 0.8734 0.0014 0.0012 0.1230 0.0010 
           7 183 0.8414 0.0004 0.0288 0.1262 0.0032 
           8 183 0.8924 0.0018 0.0093 0.0936 0.0029 
           9 183 0.9761 0.0016 0.0036 0.0011 0.0175 
           4 184 0.9916 0.0005 0.0019 0.0056 0.0005 
           9 184 0.9942 0.0026 0.0005 0.0023 0.0005 
          12 184 0.9703 0.0003 0.0270 0.0022 0.0002 
          14 184 0.9912 0.0010 0.0006 0.0014 0.0058 
          15 184 0.9939 0.0006 0.0004 0.0022 0.0028 
          16 184 0.9539 0.0029 0.0039 0.0381 0.0012 
          17 184 0.9907 0.0021 0.0044 0.0017 0.0011 
          18 184 0.7897 0.0008 0.0088 0.1993 0.0014 
          22 184 0.9911 0.0010 0.0005 0.0071 0.0003 
          25 184 0.9837 0.0007 0.0011 0.0136 0.0009 
          26 184 0.9555 0.0222 0.0015 0.0186 0.0022 
          27 184 0.9579 0.0004 0.0024 0.0390 0.0003 
          28 184 0.9972 0.0004 0.0005 0.0010 0.0008 
          29 184 0.9981 0.0002 0.0003 0.0008 0.0006 
          31 184 0.9745 0.0007 0.0017 0.0226 0.0005 
          32 184 0.9898 0.0008 0.0036 0.0034 0.0023 
          33 184 0.9919 0.0013 0.0004 0.0049 0.0015 
          34 184 0.9969 0.0006 0.0004 0.0016 0.0005 
          36 184 0.5107 0.0002 0.1037 0.3850 0.0003 
          37 184 0.8707 0.0018 0.0008 0.1262 0.0004 
          39 184 0.9631 0.0006 0.0088 0.0133 0.0141 
          40 184 0.9753 0.0009 0.0020 0.0187 0.0032 
          41 184 0.9296 0.0009 0.0008 0.0671 0.0016 
          42 184 0.9935 0.0030 0.0011 0.0021 0.0003 
          43 184 0.9945 0.0005 0.0007 0.0036 0.0007 
          44 184 0.9135 0.0004 0.0090 0.0737 0.0035 
          45 184 0.9966 0.0019 0.0003 0.0005 0.0006 
          46 184 0.8894 0.0008 0.0084 0.1010 0.0004 
          47 184 0.9794 0.0003 0.0002 0.0195 0.0006 
          48 184 0.9765 0.0004 0.0006 0.0207 0.0018 
          52 184 0.9152 0.0009 0.0128 0.0707 0.0004 
          54 184 0.9959 0.0020 0.0004 0.0015 0.0002 
          57 184 0.9968 0.0007 0.0011 0.0009 0.0005 
          58 184 0.9752 0.0006 0.0007 0.0226 0.0009 
          59 184 0.9464 0.0003 0.0449 0.0079 0.0006 
          60 184 0.9865 0.0020 0.0003 0.0017 0.0094 
           3 185 0.9586 0.0008 0.0056 0.0241 0.0109 
           4 185 0.9916 0.0010 0.0014 0.0040 0.0020 
           5 185 0.9851 0.0059 0.0023 0.0063 0.0004 
           6 185 0.9975 0.0006 0.0005 0.0009 0.0005 
           7 185 0.8280 0.0023 0.0097 0.1596 0.0003 
           8 185 0.9286 0.0005 0.0282 0.0421 0.0007 
           9 185 0.9889 0.0006 0.0011 0.0077 0.0017 
          10 185 0.9930 0.0013 0.0006 0.0014 0.0037 
          11 185 0.9533 0.0010 0.0244 0.0195 0.0017 
          12 185 0.8928 0.0007 0.0168 0.0882 0.0015 
          13 185 0.9932 0.0009 0.0006 0.0049 0.0004 
          14 185 0.9957 0.0009 0.0019 0.0010 0.0006 
          15 185 0.6981 0.0478 0.0004 0.0189 0.2348 
          16 185 0.9931 0.0006 0.0007 0.0042 0.0015 
          17 185 0.9440 0.0014 0.0014 0.0012 0.0520 
          18 185 0.9108 0.0035 0.0002 0.0848 0.0006 
          19 185 0.9633 0.0007 0.0002 0.0190 0.0169 
          20 185 0.8675 0.0006 0.0534 0.0781 0.0005 
          21 185 0.9857 0.0011 0.0016 0.0033 0.0082 
          22 185 0.9237 0.0006 0.0011 0.0237 0.0510 
          23 185 0.9050 0.0002 0.0023 0.0913 0.0012 
          24 185 0.9906 0.0004 0.0031 0.0053 0.0006 
          25 185 0.9151 0.0002 0.0101 0.0679 0.0067 
          26 185 0.9524 0.0010 0.0023 0.0429 0.0014 
          27 185 0.9958 0.0019 0.0005 0.0007 0.0012 
          28 185 0.9927 0.0004 0.0004 0.0064 0.0002 
          29 185 0.7130 0.0154 0.0158 0.1989 0.0569 
          30 185 0.8824 0.0005 0.0056 0.1105 0.0011 
          31 185 0.9557 0.0002 0.0020 0.0417 0.0004 
          32 185 0.9932 0.0012 0.0039 0.0014 0.0004 
          33 185 0.9882 0.0005 0.0055 0.0053 0.0004 
          34 185 0.9959 0.0003 0.0011 0.0007 0.0020 
          35 185 0.9532 0.0443 0.0008 0.0012 0.0006 
          36 185 0.9949 0.0016 0.0010 0.0016 0.0009 
          37 185 0.9785 0.0003 0.0122 0.0085 0.0005 
          38 185 0.9042 0.0004 0.0442 0.0510 0.0002 
          39 185 0.8926 0.0003 0.0054 0.0977 0.0041 
          40 185 0.9937 0.0011 0.0010 0.0028 0.0013 
          41 185 0.9796 0.0013 0.0004 0.0177 0.0010 
          42 185 0.9958 0.0006 0.0007 0.0025 0.0005 
           5 186 0.9901 0.0074 0.0003 0.0017 0.0005 
           6 186 0.9287 0.0021 0.0005 0.0682 0.0005 
           7 186 0.9902 0.0005 0.0080 0.0010 0.0003 
           9 186 0.7879 0.0004 0.0087 0.2013 0.0017 
          10 186 0.9057 0.0015 0.0213 0.0704 0.0011 
          11 186 0.8914 0.0006 0.0021 0.1052 0.0007 
          12 186 0.9923 0.0008 0.0009 0.0057 0.0003 
          29 186 0.9836 0.0005 0.0017 0.0012 0.0129 
          30 186 0.9234 0.0019 0.0002 0.0736 0.0009 
          31 186 0.7393 0.0131 0.0187 0.0686 0.1604 
          32 186 0.7936 0.0005 0.0031 0.1803 0.0225 
          33 186 0.9928 0.0007 0.0003 0.0023 0.0040 
          34 186 0.9582 0.0154 0.0153 0.0069 0.0042 
          35 186 0.9970 0.0006 0.0005 0.0010 0.0009 
          36 186 0.9215 0.0003 0.0004 0.0768 0.0010 
          37 186 0.9771 0.0004 0.0145 0.0073 0.0007 
          38 186 0.9622 0.0007 0.0103 0.0100 0.0167 
          39 186 0.9956 0.0019 0.0006 0.0015 0.0005 
          40 186 0.9968 0.0004 0.0004 0.0015 0.0009 
          41 186 0.9896 0.0015 0.0068 0.0016 0.0005 
          42 186 0.9970 0.0004 0.0004 0.0017 0.0005 
          43 186 0.9694 0.0029 0.0028 0.0242 0.0007 
          44 186 0.9941 0.0030 0.0004 0.0009 0.0016 
          45 186 0.9585 0.0005 0.0004 0.0402 0.0004 
          46 186 0.9853 0.0103 0.0005 0.0033 0.0005 
          47 186 0.9906 0.0004 0.0010 0.0067 0.0013 
          48 186 0.9952 0.0010 0.0006 0.0023 0.0009 
          49 186 0.9486 0.0007 0.0005 0.0500 0.0002 
          50 186 0.9555 0.0004 0.0038 0.0387 0.0016 
          51 186 0.9863 0.0011 0.0005 0.0117 0.0004 
          52 186 0.9749 0.0029 0.0008 0.0205 0.0008 
          53 186 0.9516 0.0004 0.0007 0.0449 0.0024 
          54 186 0.9885 0.0036 0.0004 0.0067 0.0009 
          55 186 0.9844 0.0049 0.0006 0.0092 0.0009 
          56 186 0.8776 0.0003 0.0021 0.1193 0.0007 
          57 186 0.8998 0.0078 0.0011 0.0189 0.0723 
          58 186 0.9964 0.0013 0.0007 0.0013 0.0003 
          59 186 0.9932 0.0002 0.0050 0.0010 0.0006 
          60 186 0.9951 0.0013 0.0004 0.0008 0.0024 
           1 187 0.9656 0.0011 0.0040 0.0250 0.0042 
           2 187 0.9374 0.0007 0.0014 0.0594 0.0011 
           3 187 0.8521 0.0012 0.0022 0.1320 0.0126 
           4 187 0.8436 0.0005 0.0190 0.1311 0.0058 
           5 187 0.9910 0.0033 0.0003 0.0046 0.0008 
           6 187 0.9875 0.0052 0.0017 0.0051 0.0005 
           7 187 0.8464 0.0097 0.0211 0.1211 0.0017 
           8 187 0.9933 0.0030 0.0014 0.0018 0.0005 
           9 187 0.8809 0.0004 0.0003 0.1177 0.0007 
          10 187 0.9752 0.0010 0.0197 0.0032 0.0008 
          11 187 0.9935 0.0004 0.0046 0.0013 0.0002 
          12 187 0.9443 0.0002 0.0007 0.0544 0.0005 
          13 187 0.9737 0.0009 0.0013 0.0225 0.0016 
          14 187 0.9754 0.0014 0.0010 0.0207 0.0015 
          15 187 0.9463 0.0061 0.0038 0.0432 0.0006 
          16 187 0.8634 0.0018 0.0019 0.1309 0.0020 
          17 187 0.9041 0.0003 0.0098 0.0798 0.0060 
          18 187 0.9913 0.0005 0.0010 0.0064 0.0008 
          19 187 0.9962 0.0014 0.0006 0.0014 0.0003 
          20 187 0.9893 0.0078 0.0005 0.0012 0.0012 
          21 187 0.8992 0.0037 0.0356 0.0581 0.0034 
          22 187 0.9447 0.0006 0.0015 0.0499 0.0033 
          23 187 0.9973 0.0003 0.0003 0.0016 0.0005 
          24 187 0.8052 0.0005 0.0365 0.1560 0.0017 
          25 187 0.9921 0.0039 0.0009 0.0010 0.0021 
          26 187 0.9937 0.0011 0.0003 0.0018 0.0031 
          27 187 0.9243 0.0006 0.0003 0.0740 0.0008 
          28 187 0.9675 0.0015 0.0231 0.0020 0.0060 
          29 187 0.9849 0.0006 0.0034 0.0104 0.0008 
          30 187 0.9522 0.0004 0.0017 0.0011 0.0446 
          32 187 0.9126 0.0005 0.0604 0.0263 0.0002 
          33 187 0.9669 0.0004 0.0065 0.0257 0.0005 
          34 187 0.9938 0.0021 0.0004 0.0034 0.0004 
          35 187 0.9705 0.0021 0.0018 0.0206 0.0051 
          36 187 0.9962 0.0012 0.0006 0.0008 0.0012 
          37 187 0.9836 0.0006 0.0019 0.0046 0.0093 
          38 187 0.8022 0.0301 0.0164 0.0943 0.0570 
           1 188 0.9874 0.0008 0.0030 0.0082 0.0007 
           2 188 0.9841 0.0016 0.0084 0.0052 0.0007 
           3 188 0.8492 0.0038 0.0055 0.1402 0.0013 
           4 188 0.9341 0.0117 0.0186 0.0351 0.0005 
           5 188 0.9888 0.0011 0.0019 0.0057 0.0024 
           6 188 0.8798 0.0004 0.0002 0.1186 0.0010 
           7 188 0.9974 0.0011 0.0003 0.0008 0.0004 
           8 188 0.9596 0.0008 0.0291 0.0102 0.0003 
           9 188 0.9782 0.0198 0.0006 0.0010 0.0004 
          10 188 0.9716 0.0005 0.0010 0.0259 0.0010 
          11 188 0.9969 0.0016 0.0004 0.0007 0.0003 
          12 188 0.9514 0.0012 0.0008 0.0009 0.0456 
          13 188 0.8879 0.0005 0.0225 0.0818 0.0074 
          14 188 0.9157 0.0003 0.0156 0.0628 0.0056 
          15 188 0.9962 0.0017 0.0004 0.0012 0.0004 
          16 188 0.9314 0.0005 0.0033 0.0641 0.0008 
          17 188 0.8788 0.0005 0.0010 0.1186 0.0011 
          18 188 0.9197 0.0004 0.0003 0.0320 0.0476 
          19 188 0.9927 0.0009 0.0005 0.0032 0.0028 
          20 188 0.8606 0.0008 0.0164 0.1159 0.0063 
          21 188 0.9615 0.0025 0.0009 0.0296 0.0055 
          22 188 0.9779 0.0073 0.0039 0.0008 0.0100 
          23 188 0.9480 0.0002 0.0015 0.0010 0.0493 
          24 188 0.9681 0.0005 0.0002 0.0003 0.0309 
          25 188 0.9112 0.0036 0.0006 0.0379 0.0467 
          26 188 0.8472 0.0008 0.0106 0.1405 0.0010 
          27 188 0.9436 0.0004 0.0529 0.0017 0.0014 
          28 188 0.9331 0.0006 0.0015 0.0645 0.0003 
          29 188 0.7936 0.0013 0.0013 0.2014 0.0024 
          30 188 0.9105 0.0004 0.0191 0.0693 0.0007 
          31 188 0.9888 0.0009 0.0015 0.0042 0.0046 
          32 188 0.9908 0.0006 0.0005 0.0077 0.0005 
          33 188 0.9850 0.0002 0.0004 0.0098 0.0046 
          34 188 0.9866 0.0007 0.0014 0.0048 0.0065 
          35 188 0.9254 0.0040 0.0037 0.0165 0.0504 
          36 188 0.7802 0.0027 0.0615 0.1539 0.0017 
          37 188 0.9955 0.0014 0.0006 0.0020 0.0005 
          38 188 0.9206 0.0013 0.0594 0.0181 0.0006 
          39 188 0.9340 0.0044 0.0039 0.0565 0.0013 
          40 188 0.9917 0.0005 0.0022 0.0051 0.0005 
           7 189 0.9939 0.0005 0.0028 0.0022 0.0006 
           8 189 0.9892 0.0004 0.0068 0.0029 0.0008 
           9 189 0.9823 0.0005 0.0028 0.0123 0.0021 
          10 189 0.9127 0.0005 0.0068 0.0797 0.0003 
          11 189 0.9727 0.0198 0.0020 0.0016 0.0039 
          12 189 0.9407 0.0021 0.0207 0.0359 0.0006 
          13 189 0.9964 0.0008 0.0004 0.0006 0.0018 
          14 189 0.8550 0.0002 0.0086 0.1311 0.0052 
          16 189 0.8312 0.0062 0.0171 0.1424 0.0031 
          17 189 0.9951 0.0010 0.0004 0.0021 0.0014 
          18 189 0.9541 0.0007 0.0115 0.0325 0.0012 
          19 189 0.9883 0.0026 0.0021 0.0006 0.0064 
          20 189 0.8367 0.0002 0.0130 0.1495 0.0006 
          21 189 0.9901 0.0007 0.0046 0.0036 0.0011 
          23 189 0.9875 0.0011 0.0007 0.0083 0.0025 
          24 189 0.9537 0.0015 0.0419 0.0022 0.0007 
          25 189 0.9908 0.0005 0.0022 0.0044 0.0021 
          26 189 0.9827 0.0022 0.0077 0.0059 0.0014 
          27 189 0.9847 0.0036 0.0008 0.0068 0.0041 
          28 189 0.9380 0.0021 0.0002 0.0593 0.0004 
          29 189 0.9622 0.0008 0.0110 0.0248 0.0011 
          30 189 0.9752 0.0021 0.0032 0.0095 0.0101 
          31 189 0.9958 0.0003 0.0006 0.0007 0.0026 
          32 189 0.9346 0.0012 0.0391 0.0248 0.0003 
          33 189 0.9870 0.0020 0.0009 0.0033 0.0068 
          34 189 0.9883 0.0035 0.0002 0.0077 0.0003 
          35 189 0.9979 0.0004 0.0004 0.0004 0.0008 
          36 189 0.9703 0.0004 0.0142 0.0140 0.0010 
          37 189 0.9925 0.0014 0.0005 0.0008 0.0049 
          38 189 0.9709 0.0038 0.0009 0.0219 0.0025 
          39 189 0.9757 0.0006 0.0199 0.0028 0.0011 
          40 189 0.8314 0.0013 0.0178 0.1475 0.0020 
          41 189 0.9813 0.0003 0.0061 0.0082 0.0042 
          42 189 0.6968 0.0223 0.0218 0.2548 0.0043 
          43 189 0.8746 0.0009 0.0005 0.1234 0.0006 
           1 190 0.8553 0.0032 0.0155 0.1250 0.0011 
           3 190 0.9744 0.0009 0.0002 0.0107 0.0138 
           4 190 0.9777 0.0015 0.0005 0.0197 0.0007 
           5 190 0.9655 0.0005 0.0023 0.0311 0.0006 
           6 190 0.9893 0.0011 0.0006 0.0084 0.0007 
           7 190 0.9950 0.0002 0.0009 0.0022 0.0017 
           8 190 0.9542 0.0016 0.0069 0.0040 0.0334 
           9 190 0.4636 0.0096 0.1399 0.2997 0.0872 
          10 190 0.9958 0.0008 0.0006 0.0024 0.0004 
          11 190 0.9599 0.0152 0.0124 0.0121 0.0004 
          12 190 0.9673 0.0015 0.0008 0.0293 0.0010 
          13 190 0.8803 0.0010 0.0008 0.1176 0.0003 
          14 190 0.9930 0.0040 0.0011 0.0014 0.0006 
          15 190 0.8521 0.0276 0.0011 0.1160 0.0031 
          16 190 0.9937 0.0003 0.0032 0.0021 0.0006 
          17 190 0.9775 0.0045 0.0041 0.0129 0.0010 
          18 190 0.8669 0.0004 0.0028 0.1263 0.0036 
          19 190 0.9953 0.0007 0.0005 0.0024 0.0011 
          20 190 0.9873 0.0008 0.0005 0.0033 0.0082 
          22 190 0.8413 0.0006 0.0484 0.1088 0.0009 
          23 190 0.9890 0.0008 0.0079 0.0016 0.0008 
          24 190 0.9144 0.0007 0.0070 0.0765 0.0015 
          25 190 0.9923 0.0006 0.0028 0.0040 0.0003 
          26 190 0.9956 0.0022 0.0004 0.0004 0.0013 
          27 190 0.8616 0.0160 0.0004 0.1210 0.0010 
          28 190 0.9799 0.0055 0.0018 0.0121 0.0007 
          29 190 0.8693 0.0003 0.0036 0.1265 0.0003 
          31 190 0.8491 0.0006 0.0281 0.1219 0.0003 
           7 191 0.9951 0.0003 0.0003 0.0039 0.0004 
           8 191 0.9942 0.0005 0.0026 0.0023 0.0005 
           9 191 0.9976 0.0004 0.0007 0.0009 0.0005 
          10 191 0.9930 0.0004 0.0005 0.0016 0.0045 
          11 191 0.9887 0.0005 0.0051 0.0052 0.0006 
          12 191 0.8822 0.0725 0.0030 0.0420 0.0003 
          13 191 0.8888 0.0008 0.0010 0.1084 0.0009 
          14 191 0.9895 0.0011 0.0044 0.0047 0.0003 
          15 191 0.9187 0.0012 0.0077 0.0703 0.0021 
          16 191 0.9916 0.0006 0.0012 0.0037 0.0030 
          17 191 0.8859 0.0009 0.0271 0.0360 0.0501 
          18 191 0.9728 0.0007 0.0032 0.0225 0.0008 
          19 191 0.9793 0.0016 0.0106 0.0037 0.0048 
          20 191 0.9822 0.0002 0.0057 0.0103 0.0016 
          21 191 0.9227 0.0033 0.0025 0.0410 0.0306 
          22 191 0.9891 0.0004 0.0019 0.0080 0.0005 
          23 191 0.9885 0.0007 0.0005 0.0094 0.0009 
          24 191 0.9909 0.0004 0.0009 0.0074 0.0004 
          25 191 0.9546 0.0009 0.0052 0.0386 0.0007 
          26 191 0.8867 0.0008 0.0234 0.0880 0.0012 
          27 191 0.9378 0.0006 0.0006 0.0603 0.0006 
          28 191 0.8850 0.0007 0.0026 0.1073 0.0045 
          29 191 0.9646 0.0004 0.0009 0.0199 0.0141 
          30 191 0.9953 0.0007 0.0003 0.0035 0.0003 
          39 191 0.9795 0.0162 0.0030 0.0008 0.0005 
          40 191 0.9965 0.0005 0.0011 0.0014 0.0004 
          41 191 0.9244 0.0005 0.0074 0.0651 0.0026 
          42 191 0.9968 0.0007 0.0003 0.0020 0.0003 
          43 191 0.9438 0.0008 0.0015 0.0531 0.0008 
          44 191 0.9828 0.0002 0.0067 0.0046 0.0057 
          45 191 0.9861 0.0047 0.0011 0.0055 0.0027 
          46 191 0.8579 0.0004 0.0161 0.1107 0.0149 
          47 191 0.9914 0.0012 0.0023 0.0033 0.0019 
          48 191 0.9936 0.0036 0.0009 0.0010 0.0009 
          49 191 0.9771 0.0037 0.0070 0.0010 0.0111 
          50 191 0.9881 0.0007 0.0014 0.0089 0.0009 
           9 192 0.9983 0.0003 0.0003 0.0009 0.0002 
          10 192 0.9933 0.0014 0.0019 0.0032 0.0002 
          11 192 0.9053 0.0008 0.0002 0.0869 0.0067 
          12 192 0.9387 0.0007 0.0010 0.0590 0.0007 
          13 192 0.9041 0.0008 0.0464 0.0477 0.0009 
          14 192 0.9229 0.0004 0.0021 0.0068 0.0679 
          15 192 0.9949 0.0014 0.0010 0.0010 0.0017 
          16 192 0.9913 0.0003 0.0068 0.0010 0.0006 
          17 192 0.9642 0.0111 0.0164 0.0073 0.0010 
          18 192 0.8919 0.0004 0.0006 0.1062 0.0008 
          19 192 0.9903 0.0024 0.0049 0.0019 0.0005 
          20 192 0.9178 0.0202 0.0004 0.0606 0.0010 
          21 192 0.9894 0.0089 0.0005 0.0008 0.0005 
          22 192 0.9695 0.0015 0.0133 0.0031 0.0125 
          23 192 0.7847 0.0006 0.0088 0.2003 0.0056 
          24 192 0.9913 0.0033 0.0028 0.0022 0.0004 
          33 192 0.8088 0.0142 0.0036 0.1727 0.0006 
          35 192 0.9870 0.0083 0.0009 0.0023 0.0015 
          36 192 0.9913 0.0008 0.0004 0.0070 0.0005 
          37 192 0.9442 0.0007 0.0006 0.0536 0.0009 
          38 192 0.8874 0.0004 0.0089 0.1026 0.0007 
          39 192 0.9946 0.0005 0.0014 0.0031 0.0005 
          40 192 0.9187 0.0003 0.0132 0.0674 0.0003 
          41 192 0.9406 0.0003 0.0143 0.0438 0.0011 
          42 192 0.8868 0.0005 0.0074 0.1014 0.0040 
          43 192 0.9918 0.0030 0.0011 0.0013 0.0027 
          45 192 0.9947 0.0027 0.0004 0.0011 0.0010 
          46 192 0.9627 0.0218 0.0027 0.0117 0.0012 
          47 192 0.9775 0.0003 0.0008 0.0206 0.0007 
          48 192 0.9967 0.0004 0.0009 0.0013 0.0008 
          49 192 0.9414 0.0039 0.0472 0.0066 0.0009 
          50 192 0.9913 0.0007 0.0005 0.0071 0.0005 
