        001s  1 0.9978 0.0004 0.0002 0.0006 0.0003 0.0007 
        002s  1 0.9951 0.0007 0.0008 0.0007 0.0023 0.0004 
        003s  1 0.9810 0.0015 0.0008 0.0055 0.0007 0.0106 
        004s  1 0.9598 0.0037 0.0011 0.0072 0.0279 0.0003 
        005s  1 0.5593 0.0006 0.1377 0.1744 0.1277 0.0003 
        006s  1 0.9973 0.0005 0.0004 0.0003 0.0011 0.0004 
        007s  1 0.9927 0.0040 0.0010 0.0014 0.0003 0.0007 
        008s  1 0.9929 0.0006 0.0005 0.0037 0.0016 0.0008 
        009s  1 0.9329 0.0063 0.0218 0.0355 0.0015 0.0020 
        010s  1 0.9900 0.0004 0.0007 0.0071 0.0013 0.0005 
        011s  1 0.9897 0.0026 0.0009 0.0013 0.0016 0.0040 
        012s  1 0.8706 0.0009 0.0042 0.1136 0.0060 0.0047 
        013s  1 0.9694 0.0067 0.0147 0.0010 0.0074 0.0009 
        014s  1 0.9360 0.0064 0.0007 0.0374 0.0014 0.0182 
        015s  1 0.9981 0.0004 0.0003 0.0004 0.0004 0.0004 
        016s  1 0.9882 0.0071 0.0003 0.0030 0.0005 0.0009 
        018s  1 0.8524 0.0006 0.0042 0.1397 0.0018 0.0012 
        019s  1 0.9794 0.0010 0.0008 0.0140 0.0005 0.0044 
        020s  1 0.9836 0.0076 0.0003 0.0005 0.0003 0.0078 
        021s  1 0.9860 0.0047 0.0005 0.0002 0.0081 0.0005 
        022s  1 0.9982 0.0006 0.0002 0.0003 0.0004 0.0003 
        023s  1 0.9881 0.0101 0.0003 0.0002 0.0003 0.0009 
        024s  1 0.9952 0.0007 0.0003 0.0009 0.0026 0.0004 
        025s  1 0.9889 0.0009 0.0009 0.0074 0.0016 0.0003 
        026s  1 0.9813 0.0114 0.0017 0.0005 0.0005 0.0045 
        027s  1 0.9810 0.0024 0.0006 0.0016 0.0141 0.0004 
        028s  1 0.8877 0.0011 0.0014 0.0536 0.0543 0.0019 
        029s  1 0.9925 0.0006 0.0003 0.0009 0.0005 0.0052 
        030s  1 0.9853 0.0005 0.0005 0.0009 0.0063 0.0064 
        031s  1 0.9978 0.0010 0.0003 0.0003 0.0003 0.0003 
        032s  1 0.9966 0.0006 0.0003 0.0008 0.0005 0.0011 
        033s  1 0.9798 0.0008 0.0161 0.0020 0.0004 0.0010 
        034s  1 0.9414 0.0522 0.0003 0.0012 0.0020 0.0029 
        035s  1 0.9934 0.0009 0.0005 0.0020 0.0015 0.0018 
        036s  1 0.8977 0.0005 0.0006 0.1002 0.0007 0.0003 
        037s  1 0.8345 0.0482 0.0060 0.1072 0.0028 0.0013 
        038s  1 0.9960 0.0008 0.0012 0.0010 0.0004 0.0006 
        039s  1 0.9610 0.0003 0.0371 0.0002 0.0007 0.0007 
        040s  1 0.9914 0.0026 0.0006 0.0010 0.0037 0.0007 
        041s  1 0.9925 0.0034 0.0012 0.0019 0.0003 0.0007 
        042s  1 0.8401 0.0807 0.0002 0.0777 0.0005 0.0008 
        043s  1 0.9684 0.0005 0.0277 0.0022 0.0004 0.0008 
        044s  1 0.8909 0.0092 0.0275 0.0589 0.0117 0.0018 
        045s  1 0.9872 0.0011 0.0003 0.0092 0.0013 0.0010 
        046s  1 0.9957 0.0005 0.0004 0.0013 0.0004 0.0017 
        047s  1 0.9935 0.0041 0.0003 0.0007 0.0002 0.0011 
        048s  1 0.9527 0.0008 0.0063 0.0398 0.0002 0.0002 
        049s  1 0.9961 0.0004 0.0003 0.0009 0.0018 0.0005 
        050s  1 0.9005 0.0004 0.0023 0.0950 0.0015 0.0002 
        051s  1 0.9698 0.0006 0.0002 0.0003 0.0005 0.0285 
        052s  1 0.9676 0.0015 0.0025 0.0071 0.0037 0.0176 
        053s  1 0.9947 0.0005 0.0033 0.0010 0.0002 0.0003 
        054s  1 0.9931 0.0010 0.0013 0.0002 0.0016 0.0028 
        055s  1 0.8310 0.0760 0.0239 0.0664 0.0003 0.0023 
          01  2 0.8422 0.0016 0.0012 0.1193 0.0009 0.0348 
          02  2 0.9667 0.0006 0.0256 0.0055 0.0006 0.0011 
          03  2 0.9954 0.0011 0.0009 0.0015 0.0007 0.0004 
          04  2 0.9645 0.0122 0.0019 0.0011 0.0191 0.0012 
          05  2 0.8777 0.0002 0.0025 0.1190 0.0003 0.0002 
          06  2 0.9729 0.0011 0.0070 0.0176 0.0010 0.0004 
          07  2 0.9877 0.0006 0.0049 0.0045 0.0015 0.0008 
          08  2 0.9122 0.0005 0.0003 0.0864 0.0003 0.0004 
          09  2 0.9893 0.0003 0.0003 0.0004 0.0004 0.0093 
          10  2 0.9968 0.0005 0.0005 0.0011 0.0006 0.0005 
          11  2 0.9738 0.0018 0.0006 0.0144 0.0009 0.0085 
          12  2 0.9961 0.0003 0.0011 0.0005 0.0006 0.0014 
          13  2 0.9967 0.0004 0.0015 0.0003 0.0003 0.0007 
          14  2 0.9663 0.0237 0.0008 0.0003 0.0059 0.0029 
          15  2 0.9960 0.0015 0.0006 0.0004 0.0004 0.0011 
          16  2 0.9346 0.0044 0.0009 0.0014 0.0561 0.0026 
          17  2 0.9935 0.0010 0.0032 0.0013 0.0004 0.0006 
          18  2 0.9775 0.0007 0.0113 0.0062 0.0027 0.0017 
          19  2 0.9917 0.0047 0.0005 0.0012 0.0002 0.0017 
          20  2 0.9227 0.0089 0.0005 0.0575 0.0089 0.0014 
          21  2 0.9818 0.0006 0.0005 0.0009 0.0003 0.0159 
          22  2 0.9823 0.0063 0.0009 0.0014 0.0034 0.0057 
          23  2 0.9938 0.0015 0.0019 0.0007 0.0014 0.0008 
          24  2 0.9974 0.0006 0.0005 0.0004 0.0003 0.0009 
          25  2 0.9643 0.0011 0.0020 0.0045 0.0268 0.0013 
          26  2 0.9975 0.0003 0.0006 0.0007 0.0004 0.0005 
          27  2 0.9757 0.0033 0.0015 0.0010 0.0174 0.0012 
          28  2 0.9936 0.0040 0.0005 0.0009 0.0002 0.0009 
          29  2 0.9970 0.0002 0.0004 0.0008 0.0009 0.0007 
          30  2 0.7553 0.0856 0.0035 0.1470 0.0005 0.0081 
          01  3 0.3168 0.0199 0.4726 0.1895 0.0009 0.0003 
          02  3 0.1260 0.0017 0.3025 0.2002 0.2965 0.0732 
          03  3 0.3685 0.0006 0.0960 0.2732 0.2613 0.0004 
          04  3 0.1750 0.0008 0.2992 0.3179 0.2065 0.0005 
          05  3 0.0006 0.1228 0.2547 0.2353 0.2726 0.1140 
          06  3 0.0766 0.0007 0.3388 0.2509 0.3326 0.0003 
          07  3 0.3736 0.0002 0.0607 0.3476 0.2170 0.0009 
          08  3 0.2926 0.0043 0.1952 0.2768 0.2268 0.0042 
          09  3 0.2996 0.0022 0.0758 0.3929 0.2293 0.0002 
          10  3 0.0159 0.1402 0.2528 0.0824 0.2857 0.2230 
          11  3 0.2836 0.0003 0.1113 0.3627 0.2420 0.0002 
          12  3 0.2663 0.0002 0.1201 0.3641 0.2491 0.0002 
          13  3 0.0043 0.0002 0.3726 0.2763 0.3346 0.0120 
          14  3 0.0034 0.1576 0.2793 0.1947 0.3184 0.0466 
          15  3 0.3372 0.0023 0.1804 0.2967 0.1831 0.0002 
          16  3 0.0828 0.0035 0.5101 0.0684 0.3346 0.0006 
          17  3 0.3952 0.0005 0.1354 0.3586 0.1097 0.0006 
          18  3 0.0122 0.2836 0.2003 0.1075 0.2297 0.1667 
          19  3 0.1652 0.0021 0.3909 0.1678 0.2737 0.0003 
          20  3 0.1722 0.0564 0.3209 0.2925 0.1577 0.0003 
          21  3 0.2372 0.0049 0.4094 0.1727 0.1750 0.0009 
          22  3 0.2777 0.0014 0.1415 0.4199 0.1591 0.0004 
          23  3 0.2247 0.0007 0.3291 0.2528 0.1923 0.0003 
          24  3 0.0499 0.0020 0.2573 0.3685 0.1549 0.1675 
          25  3 0.0003 0.1349 0.3224 0.1537 0.1384 0.2502 
          26  3 0.2189 0.0008 0.1571 0.3689 0.2538 0.0005 
          27  3 0.0683 0.1783 0.3107 0.1055 0.2029 0.1343 
          28  3 0.0880 0.0002 0.4284 0.2313 0.2514 0.0008 
          29  3 0.1666 0.0092 0.3606 0.2387 0.2226 0.0023 
          30  3 0.2983 0.0002 0.3028 0.2989 0.0989 0.0009 
         001  4 0.0001 0.0001 0.0001 0.9997 0.0001 0.0000 
         002  4 0.0001 0.0001 0.0005 0.9989 0.0002 0.0001 
         003  4 0.0001 0.0001 0.0001 0.9997 0.0001 0.0001 
         004  4 0.0001 0.0001 0.0001 0.9996 0.0001 0.0001 
         005  4 0.0001 0.0001 0.0001 0.9995 0.0002 0.0001 
         006  4 0.0005 0.0002 0.0261 0.9107 0.0624 0.0002 
         007  4 0.0003 0.0002 0.0001 0.9376 0.0616 0.0001 
         008  4 0.0003 0.0021 0.0004 0.9957 0.0003 0.0011 
         009  4 0.0001 0.0001 0.0001 0.9995 0.0002 0.0001 
         010  4 0.0001 0.0000 0.0001 0.9892 0.0105 0.0000 
         011  4 0.0006 0.0052 0.0006 0.9565 0.0368 0.0004 
         012  4 0.0001 0.0001 0.0001 0.9997 0.0001 0.0000 
         013  4 0.0001 0.0000 0.0001 0.9997 0.0001 0.0000 
         014  4 0.0001 0.0001 0.0001 0.9995 0.0001 0.0001 
         015  4 0.0001 0.0000 0.0004 0.9994 0.0001 0.0000 
         016  4 0.0001 0.0001 0.0001 0.9997 0.0001 0.0001 
         017  4 0.0001 0.0001 0.0002 0.9994 0.0001 0.0001 
         019  4 0.0002 0.0003 0.0026 0.9089 0.0879 0.0002 
         020  4 0.0001 0.0001 0.0001 0.9995 0.0001 0.0001 
         021  4 0.0001 0.0001 0.0001 0.9761 0.0233 0.0002 
         001  5 0.0007 0.0298 0.0056 0.9622 0.0004 0.0013 
         002  5 0.0095 0.0017 0.0359 0.9515 0.0003 0.0012 
         003  5 0.1604 0.0014 0.0899 0.7139 0.0343 0.0001 
         004  5 0.0559 0.0009 0.0014 0.9412 0.0004 0.0002 
         005  5 0.0001 0.0002 0.0531 0.9462 0.0003 0.0001 
         006  5 0.0004 0.0001 0.1427 0.8248 0.0315 0.0004 
         007  5 0.0002 0.0002 0.0746 0.8774 0.0475 0.0002 
         008  5 0.0001 0.0001 0.0739 0.9254 0.0004 0.0001 
         009  5 0.0513 0.0010 0.0166 0.9273 0.0037 0.0001 
         010  5 0.0011 0.0010 0.0983 0.8754 0.0241 0.0003 
         011  5 0.0004 0.0009 0.0579 0.9405 0.0002 0.0001 
         012  5 0.0378 0.0025 0.0260 0.8557 0.0772 0.0009 
         013  5 0.1904 0.0004 0.0906 0.7146 0.0036 0.0004 
         014  5 0.1688 0.0073 0.0555 0.6886 0.0691 0.0107 
         015  5 0.0001 0.0001 0.0352 0.9485 0.0158 0.0002 
         016  5 0.0010 0.0002 0.0392 0.9131 0.0462 0.0003 
         017  5 0.0096 0.0003 0.0806 0.8464 0.0597 0.0035 
         018  5 0.0361 0.0197 0.0767 0.8411 0.0038 0.0227 
         019  5 0.0003 0.0009 0.0006 0.9945 0.0002 0.0034 
         020  5 0.0001 0.0001 0.0002 0.9994 0.0001 0.0001 
         021  5 0.1371 0.0010 0.0027 0.8586 0.0003 0.0003 
         022  5 0.0216 0.0257 0.0011 0.9356 0.0139 0.0021 
         023  5 0.0009 0.0009 0.0709 0.9256 0.0012 0.0004 
         024  5 0.0167 0.0006 0.0029 0.9055 0.0739 0.0004 
         025  5 0.0104 0.0003 0.0377 0.8838 0.0669 0.0009 
         026  5 0.1361 0.0002 0.0154 0.8354 0.0126 0.0003 
         027  5 0.0001 0.0001 0.0001 0.9993 0.0003 0.0001 
         028  5 0.0158 0.0051 0.0041 0.9217 0.0521 0.0011 
         029  5 0.0002 0.0002 0.0264 0.9724 0.0006 0.0002 
         030  5 0.0007 0.0006 0.0264 0.9701 0.0003 0.0019 
        001s  6 0.9590 0.0159 0.0095 0.0005 0.0144 0.0007 
        002s  6 0.9482 0.0006 0.0047 0.0277 0.0004 0.0185 
        003s  6 0.9840 0.0020 0.0065 0.0067 0.0003 0.0005 
        004s  6 0.9980 0.0006 0.0004 0.0004 0.0003 0.0004 
        006s  6 0.9105 0.0090 0.0009 0.0623 0.0151 0.0022 
        007s  6 0.9957 0.0004 0.0006 0.0003 0.0024 0.0006 
        008s  6 0.9884 0.0046 0.0007 0.0030 0.0004 0.0030 
        009s  6 0.9974 0.0009 0.0004 0.0003 0.0003 0.0008 
        010s  6 0.9480 0.0131 0.0007 0.0212 0.0044 0.0126 
        011s  6 0.9886 0.0016 0.0086 0.0003 0.0007 0.0002 
        012s  6 0.9935 0.0013 0.0011 0.0005 0.0017 0.0020 
        013s  6 0.9971 0.0003 0.0004 0.0007 0.0008 0.0006 
        014s  6 0.9254 0.0004 0.0094 0.0644 0.0003 0.0002 
        015s  6 0.9723 0.0046 0.0008 0.0099 0.0117 0.0007 
        016s  6 0.9971 0.0010 0.0005 0.0004 0.0006 0.0005 
        018s  6 0.7079 0.0022 0.0660 0.2233 0.0003 0.0004 
        019s  6 0.9797 0.0020 0.0103 0.0063 0.0009 0.0007 
        020s  6 0.9971 0.0004 0.0007 0.0003 0.0005 0.0009 
        021s  6 0.9812 0.0036 0.0087 0.0007 0.0048 0.0010 
        022s  6 0.9955 0.0027 0.0005 0.0007 0.0002 0.0004 
        023s  6 0.9665 0.0006 0.0006 0.0313 0.0006 0.0004 
        024s  6 0.9481 0.0005 0.0005 0.0484 0.0010 0.0014 
        025s  6 0.9242 0.0716 0.0019 0.0012 0.0006 0.0004 
        026s  6 0.9966 0.0005 0.0005 0.0005 0.0005 0.0014 
        027s  6 0.9965 0.0004 0.0004 0.0008 0.0004 0.0015 
        028s  6 0.9255 0.0101 0.0055 0.0075 0.0056 0.0457 
        029s  6 0.9965 0.0010 0.0003 0.0003 0.0003 0.0015 
        030s  6 0.9204 0.0074 0.0018 0.0680 0.0005 0.0020 
        031s  6 0.9926 0.0004 0.0005 0.0020 0.0043 0.0003 
        032s  6 0.9573 0.0004 0.0404 0.0011 0.0005 0.0003 
        033s  6 0.9151 0.0007 0.0008 0.0829 0.0001 0.0005 
        034s  6 0.9790 0.0133 0.0004 0.0015 0.0054 0.0004 
        035s  6 0.8449 0.0012 0.0005 0.1521 0.0006 0.0007 
        036s  6 0.9868 0.0011 0.0092 0.0005 0.0021 0.0003 
        037s  6 0.9942 0.0013 0.0012 0.0007 0.0005 0.0021 
        038s  6 0.9961 0.0006 0.0004 0.0003 0.0018 0.0008 
        039s  6 0.9980 0.0007 0.0003 0.0002 0.0003 0.0005 
        040s  6 0.9970 0.0003 0.0008 0.0002 0.0012 0.0004 
        041s  6 0.9214 0.0027 0.0001 0.0723 0.0001 0.0033 
        042s  6 0.9304 0.0573 0.0010 0.0064 0.0011 0.0039 
        043s  6 0.9908 0.0066 0.0002 0.0008 0.0012 0.0003 
        044s  6 0.9958 0.0007 0.0004 0.0008 0.0004 0.0019 
        045s  6 0.9925 0.0023 0.0006 0.0035 0.0005 0.0006 
        001s  7 0.9964 0.0011 0.0003 0.0015 0.0003 0.0004 
        002s  7 0.9775 0.0018 0.0030 0.0161 0.0007 0.0009 
        003s  7 0.9939 0.0009 0.0009 0.0019 0.0012 0.0012 
        004s  7 0.9941 0.0004 0.0010 0.0007 0.0028 0.0009 
        005s  7 0.9814 0.0024 0.0014 0.0123 0.0020 0.0005 
        006s  7 0.9331 0.0043 0.0003 0.0610 0.0009 0.0003 
        007s  7 0.9684 0.0017 0.0017 0.0049 0.0059 0.0174 
        008s  7 0.9748 0.0011 0.0005 0.0204 0.0004 0.0028 
        009s  7 0.9835 0.0110 0.0014 0.0023 0.0011 0.0006 
        010s  7 0.9957 0.0018 0.0006 0.0011 0.0001 0.0007 
        011s  7 0.9971 0.0008 0.0005 0.0003 0.0005 0.0008 
        012s  7 0.9978 0.0007 0.0002 0.0004 0.0006 0.0003 
        013s  7 0.9875 0.0045 0.0006 0.0003 0.0067 0.0004 
        014s  7 0.9508 0.0001 0.0005 0.0477 0.0004 0.0005 
        015s  7 0.9756 0.0009 0.0005 0.0200 0.0018 0.0012 
        016s  7 0.8792 0.0021 0.0002 0.1181 0.0002 0.0003 
        017s  7 0.9958 0.0007 0.0003 0.0016 0.0013 0.0003 
        018s  7 0.9930 0.0004 0.0005 0.0018 0.0005 0.0037 
        019s  7 0.9784 0.0139 0.0029 0.0010 0.0006 0.0031 
        020s  7 0.9973 0.0004 0.0007 0.0004 0.0010 0.0003 
        021s  7 0.9953 0.0009 0.0013 0.0012 0.0004 0.0008 
        022s  7 0.9919 0.0008 0.0007 0.0026 0.0037 0.0003 
        023s  7 0.9730 0.0174 0.0022 0.0046 0.0015 0.0012 
        024s  7 0.9957 0.0005 0.0003 0.0020 0.0004 0.0011 
        025s  7 0.9916 0.0011 0.0032 0.0005 0.0027 0.0010 
        026s  7 0.9955 0.0007 0.0004 0.0025 0.0002 0.0007 
        027s  7 0.9956 0.0004 0.0011 0.0009 0.0007 0.0012 
        028s  7 0.9941 0.0004 0.0010 0.0036 0.0007 0.0001 
        029s  7 0.9877 0.0018 0.0015 0.0079 0.0005 0.0006 
        030s  7 0.9894 0.0042 0.0003 0.0002 0.0006 0.0053 
        031s  7 0.9855 0.0099 0.0010 0.0021 0.0011 0.0004 
        032s  7 0.8976 0.0003 0.0012 0.0967 0.0003 0.0039 
        033s  7 0.9577 0.0021 0.0038 0.0336 0.0004 0.0025 
        034s  7 0.9660 0.0006 0.0042 0.0012 0.0270 0.0009 
        035s  7 0.9974 0.0011 0.0003 0.0004 0.0003 0.0006 
        036s  7 0.9855 0.0094 0.0005 0.0004 0.0037 0.0006 
        037s  7 0.9265 0.0041 0.0538 0.0141 0.0007 0.0007 
        038s  7 0.9780 0.0012 0.0171 0.0026 0.0003 0.0008 
        039s  7 0.9980 0.0003 0.0008 0.0004 0.0002 0.0003 
        040s  7 0.9476 0.0005 0.0009 0.0178 0.0329 0.0004 
        041s  7 0.9763 0.0016 0.0080 0.0119 0.0002 0.0020 
        042s  7 0.9906 0.0003 0.0007 0.0076 0.0007 0.0002 
        043s  7 0.9958 0.0024 0.0003 0.0008 0.0002 0.0004 
        044s  7 0.9131 0.0235 0.0143 0.0415 0.0059 0.0017 
         003  8 0.9770 0.0007 0.0011 0.0063 0.0007 0.0141 
         009  8 0.9960 0.0009 0.0006 0.0016 0.0005 0.0004 
         010  8 0.9972 0.0016 0.0004 0.0004 0.0002 0.0003 
         017  8 0.9937 0.0032 0.0008 0.0006 0.0004 0.0013 
         002  9 0.9970 0.0009 0.0003 0.0003 0.0008 0.0005 
         003  9 0.9984 0.0005 0.0002 0.0002 0.0005 0.0003 
         004  9 0.9977 0.0012 0.0002 0.0003 0.0002 0.0004 
         005  9 0.9928 0.0047 0.0004 0.0003 0.0008 0.0011 
         006  9 0.9960 0.0012 0.0004 0.0009 0.0008 0.0007 
         007  9 0.9922 0.0010 0.0002 0.0053 0.0004 0.0009 
         009  9 0.9956 0.0014 0.0008 0.0009 0.0002 0.0011 
         010  9 0.9958 0.0013 0.0002 0.0002 0.0004 0.0022 
         013  9 0.9956 0.0015 0.0003 0.0011 0.0012 0.0003 
         014  9 0.9923 0.0021 0.0002 0.0004 0.0002 0.0048 
         016  9 0.9980 0.0006 0.0001 0.0002 0.0002 0.0009 
         018  9 0.9894 0.0011 0.0010 0.0007 0.0006 0.0071 
         019  9 0.9934 0.0004 0.0005 0.0007 0.0004 0.0045 
         020  9 0.9982 0.0003 0.0005 0.0004 0.0003 0.0004 
         021  9 0.9984 0.0006 0.0004 0.0002 0.0001 0.0002 
         022  9 0.9975 0.0004 0.0003 0.0002 0.0004 0.0012 
         024  9 0.9926 0.0032 0.0013 0.0004 0.0004 0.0021 
         028  9 0.9968 0.0010 0.0003 0.0007 0.0007 0.0005 
         029  9 0.9978 0.0004 0.0003 0.0002 0.0003 0.0010 
         030  9 0.9974 0.0009 0.0004 0.0002 0.0003 0.0008 
         031  9 0.9968 0.0005 0.0008 0.0009 0.0002 0.0008 
         033  9 0.9916 0.0010 0.0007 0.0059 0.0002 0.0005 
         001 10 0.9977 0.0002 0.0003 0.0003 0.0005 0.0009 
         002 10 0.9974 0.0005 0.0005 0.0002 0.0002 0.0012 
         003 10 0.9825 0.0158 0.0006 0.0002 0.0005 0.0005 
         004 10 0.9964 0.0021 0.0005 0.0003 0.0002 0.0005 
         005 10 0.9965 0.0009 0.0004 0.0004 0.0003 0.0016 
         006 10 0.9968 0.0007 0.0007 0.0010 0.0003 0.0006 
         007 10 0.9967 0.0017 0.0005 0.0005 0.0002 0.0003 
         008 10 0.9944 0.0031 0.0010 0.0004 0.0005 0.0006 
         009 10 0.9927 0.0005 0.0007 0.0005 0.0010 0.0045 
         010 10 0.9957 0.0009 0.0004 0.0005 0.0003 0.0023 
         011 10 0.9571 0.0406 0.0005 0.0005 0.0010 0.0003 
         012 10 0.9940 0.0028 0.0018 0.0003 0.0005 0.0005 
         013 10 0.9968 0.0006 0.0006 0.0002 0.0012 0.0006 
         014 10 0.9974 0.0008 0.0006 0.0003 0.0005 0.0006 
         016 10 0.9944 0.0007 0.0029 0.0005 0.0004 0.0012 
         017 10 0.9967 0.0008 0.0005 0.0005 0.0006 0.0009 
         018 10 0.9911 0.0004 0.0026 0.0033 0.0004 0.0023 
         019 10 0.9927 0.0010 0.0012 0.0003 0.0002 0.0046 
         020 10 0.9896 0.0018 0.0019 0.0006 0.0006 0.0055 
         021 10 0.9959 0.0003 0.0004 0.0007 0.0002 0.0023 
         022 10 0.9980 0.0006 0.0004 0.0003 0.0006 0.0002 
         023 10 0.9979 0.0009 0.0004 0.0002 0.0003 0.0003 
         024 10 0.9962 0.0022 0.0003 0.0002 0.0001 0.0010 
         026 10 0.9977 0.0005 0.0007 0.0003 0.0002 0.0007 
        001s 11 0.8930 0.0060 0.0003 0.0998 0.0004 0.0005 
        002s 11 0.9878 0.0012 0.0007 0.0006 0.0063 0.0035 
        003s 11 0.9916 0.0004 0.0006 0.0061 0.0004 0.0010 
        004s 11 0.9963 0.0014 0.0004 0.0003 0.0013 0.0002 
        005s 11 0.9926 0.0004 0.0005 0.0018 0.0004 0.0042 
        006s 11 0.9739 0.0020 0.0198 0.0004 0.0019 0.0019 
        007s 11 0.9490 0.0007 0.0029 0.0061 0.0396 0.0016 
        008s 11 0.9980 0.0003 0.0005 0.0003 0.0003 0.0005 
        009s 11 0.9854 0.0004 0.0003 0.0003 0.0003 0.0133 
        010s 11 0.9960 0.0009 0.0019 0.0006 0.0002 0.0004 
        011s 11 0.8716 0.0093 0.0006 0.1132 0.0050 0.0003 
        012s 11 0.8962 0.0003 0.0020 0.1010 0.0002 0.0003 
        013s 11 0.9969 0.0011 0.0003 0.0011 0.0004 0.0002 
        014s 11 0.9843 0.0008 0.0018 0.0043 0.0081 0.0007 
        015s 11 0.9902 0.0041 0.0011 0.0010 0.0020 0.0016 
        016s 11 0.8861 0.0541 0.0003 0.0510 0.0005 0.0079 
        017s 11 0.9024 0.0016 0.0003 0.0944 0.0007 0.0006 
        018s 11 0.9923 0.0007 0.0013 0.0036 0.0008 0.0012 
        019s 11 0.9787 0.0192 0.0008 0.0004 0.0006 0.0002 
        020s 11 0.9925 0.0017 0.0004 0.0021 0.0014 0.0019 
        021s 11 0.9968 0.0015 0.0007 0.0004 0.0004 0.0004 
        022s 11 0.9679 0.0004 0.0006 0.0012 0.0293 0.0007 
        023s 11 0.9383 0.0134 0.0007 0.0470 0.0003 0.0004 
        025s 11 0.9979 0.0008 0.0005 0.0002 0.0004 0.0002 
        026s 11 0.9131 0.0518 0.0005 0.0339 0.0006 0.0002 
        027s 11 0.9954 0.0005 0.0007 0.0006 0.0024 0.0004 
        028s 11 0.9940 0.0006 0.0013 0.0030 0.0008 0.0003 
        029s 11 0.9614 0.0004 0.0023 0.0346 0.0003 0.0010 
        030s 11 0.9448 0.0009 0.0008 0.0512 0.0016 0.0008 
        031s 11 0.9968 0.0003 0.0003 0.0004 0.0015 0.0007 
        032s 11 0.9948 0.0031 0.0003 0.0008 0.0003 0.0007 
        033s 11 0.9932 0.0008 0.0010 0.0030 0.0005 0.0015 
        034s 11 0.9959 0.0004 0.0004 0.0015 0.0016 0.0003 
        035s 11 0.9938 0.0003 0.0005 0.0022 0.0015 0.0018 
        036s 11 0.9809 0.0003 0.0024 0.0139 0.0011 0.0013 
        037s 11 0.9934 0.0014 0.0030 0.0011 0.0002 0.0007 
        038s 11 0.9933 0.0007 0.0040 0.0011 0.0002 0.0006 
        039s 11 0.9967 0.0009 0.0005 0.0014 0.0002 0.0004 
        040s 11 0.9265 0.0005 0.0194 0.0514 0.0017 0.0004 
        041s 11 0.9741 0.0032 0.0005 0.0009 0.0009 0.0203 
        042s 11 0.9891 0.0080 0.0005 0.0008 0.0010 0.0006 
        043s 11 0.9473 0.0214 0.0267 0.0039 0.0003 0.0003 
        044s 11 0.9853 0.0049 0.0004 0.0003 0.0079 0.0012 
        045s 11 0.9858 0.0111 0.0014 0.0003 0.0010 0.0004 
        046s 11 0.9296 0.0239 0.0004 0.0434 0.0023 0.0005 
        047s 11 0.9964 0.0012 0.0003 0.0006 0.0012 0.0004 
        048s 11 0.9612 0.0302 0.0035 0.0015 0.0017 0.0018 
        049s 11 0.9953 0.0011 0.0003 0.0020 0.0003 0.0009 
        050s 11 0.9945 0.0009 0.0002 0.0005 0.0036 0.0003 
        051s 11 0.9274 0.0489 0.0004 0.0006 0.0222 0.0003 
        052s 11 0.9908 0.0019 0.0012 0.0016 0.0033 0.0011 
        053s 11 0.9971 0.0006 0.0004 0.0004 0.0004 0.0010 
        054s 11 0.9925 0.0007 0.0026 0.0006 0.0033 0.0003 
        055s 11 0.9308 0.0003 0.0519 0.0163 0.0004 0.0003 
        001s 12 0.9912 0.0008 0.0049 0.0015 0.0009 0.0008 
        002s 12 0.9952 0.0007 0.0003 0.0012 0.0004 0.0022 
        003s 12 0.9976 0.0004 0.0004 0.0004 0.0004 0.0007 
        004s 12 0.9214 0.0046 0.0001 0.0717 0.0005 0.0017 
        005s 12 0.9974 0.0008 0.0005 0.0003 0.0005 0.0006 
        006s 12 0.9692 0.0017 0.0043 0.0210 0.0031 0.0007 
        007s 12 0.9924 0.0017 0.0004 0.0008 0.0016 0.0031 
        008s 12 0.9467 0.0004 0.0512 0.0009 0.0003 0.0005 
        009s 12 0.9606 0.0048 0.0019 0.0109 0.0013 0.0205 
        010s 12 0.9604 0.0004 0.0018 0.0037 0.0328 0.0009 
        011s 12 0.9940 0.0007 0.0009 0.0010 0.0025 0.0010 
        012s 12 0.9875 0.0036 0.0008 0.0011 0.0065 0.0005 
        013s 12 0.9628 0.0351 0.0003 0.0007 0.0005 0.0006 
        014s 12 0.9174 0.0364 0.0011 0.0013 0.0410 0.0027 
        015s 12 0.9928 0.0005 0.0008 0.0040 0.0005 0.0015 
        016s 12 0.9937 0.0045 0.0003 0.0005 0.0006 0.0003 
        017s 12 0.9937 0.0009 0.0003 0.0036 0.0011 0.0004 
        018s 12 0.9935 0.0015 0.0017 0.0009 0.0002 0.0021 
        019s 12 0.9931 0.0005 0.0004 0.0035 0.0004 0.0021 
        020s 12 0.9233 0.0007 0.0026 0.0729 0.0003 0.0002 
        021s 12 0.9929 0.0020 0.0008 0.0035 0.0004 0.0004 
        022s 12 0.9582 0.0045 0.0139 0.0197 0.0005 0.0032 
        023s 12 0.9972 0.0010 0.0006 0.0003 0.0002 0.0006 
        024s 12 0.9977 0.0006 0.0005 0.0007 0.0002 0.0002 
        025s 12 0.9738 0.0014 0.0177 0.0013 0.0010 0.0048 
        026s 12 0.9515 0.0011 0.0006 0.0306 0.0006 0.0156 
        027s 12 0.9903 0.0003 0.0074 0.0014 0.0003 0.0003 
        028s 12 0.9846 0.0026 0.0004 0.0019 0.0005 0.0099 
        029s 12 0.9967 0.0014 0.0002 0.0006 0.0007 0.0003 
        030s 12 0.9961 0.0005 0.0003 0.0010 0.0017 0.0003 
        031s 12 0.9926 0.0018 0.0015 0.0026 0.0007 0.0008 
        032s 12 0.9927 0.0007 0.0002 0.0007 0.0004 0.0054 
        033s 12 0.9908 0.0004 0.0053 0.0013 0.0018 0.0004 
        034s 12 0.9982 0.0003 0.0006 0.0002 0.0003 0.0004 
        035s 12 0.9893 0.0003 0.0024 0.0068 0.0007 0.0005 
        036s 12 0.9779 0.0005 0.0144 0.0011 0.0034 0.0027 
        037s 12 0.9965 0.0007 0.0003 0.0010 0.0004 0.0011 
        001s 13 0.9855 0.0022 0.0005 0.0105 0.0006 0.0007 
        002s 13 0.9156 0.0004 0.0058 0.0777 0.0002 0.0003 
        003s 13 0.9954 0.0008 0.0021 0.0007 0.0002 0.0007 
        004s 13 0.9875 0.0025 0.0002 0.0010 0.0005 0.0083 
        005s 13 0.9857 0.0018 0.0058 0.0018 0.0021 0.0028 
        006s 13 0.9957 0.0004 0.0018 0.0005 0.0009 0.0008 
        007s 13 0.9679 0.0009 0.0040 0.0004 0.0265 0.0003 
        008s 13 0.9447 0.0006 0.0018 0.0502 0.0017 0.0009 
        009s 13 0.8590 0.0008 0.0020 0.1241 0.0010 0.0131 
        010s 13 0.9312 0.0005 0.0054 0.0618 0.0005 0.0007 
        011s 13 0.9650 0.0028 0.0054 0.0054 0.0164 0.0050 
        012s 13 0.9280 0.0191 0.0029 0.0460 0.0016 0.0024 
        013s 13 0.9489 0.0049 0.0003 0.0195 0.0254 0.0009 
        014s 13 0.9736 0.0027 0.0072 0.0007 0.0149 0.0010 
        015s 13 0.9714 0.0074 0.0004 0.0090 0.0006 0.0113 
        016s 13 0.9971 0.0011 0.0007 0.0003 0.0003 0.0005 
        017s 13 0.9321 0.0005 0.0608 0.0016 0.0005 0.0045 
        018s 13 0.9976 0.0008 0.0006 0.0003 0.0002 0.0005 
        019s 13 0.9956 0.0009 0.0021 0.0004 0.0006 0.0004 
        020s 13 0.9926 0.0003 0.0023 0.0010 0.0025 0.0013 
        021s 13 0.9972 0.0010 0.0002 0.0007 0.0003 0.0005 
        022s 13 0.9961 0.0007 0.0013 0.0009 0.0004 0.0005 
        023s 13 0.9966 0.0002 0.0016 0.0008 0.0003 0.0005 
        024s 13 0.9267 0.0344 0.0007 0.0366 0.0008 0.0008 
        025s 13 0.9954 0.0018 0.0007 0.0008 0.0003 0.0009 
        026s 13 0.8808 0.0102 0.0415 0.0664 0.0008 0.0004 
        027s 13 0.9437 0.0015 0.0011 0.0471 0.0025 0.0041 
        028s 13 0.9566 0.0032 0.0288 0.0022 0.0016 0.0076 
        029s 13 0.9695 0.0012 0.0007 0.0273 0.0008 0.0005 
        030s 13 0.9015 0.0217 0.0005 0.0756 0.0004 0.0003 
        031s 13 0.8906 0.1023 0.0004 0.0031 0.0028 0.0008 
        032s 13 0.9904 0.0003 0.0004 0.0004 0.0082 0.0004 
        033s 13 0.9601 0.0010 0.0303 0.0020 0.0061 0.0005 
        034s 13 0.9206 0.0009 0.0003 0.0638 0.0129 0.0015 
        035s 13 0.9945 0.0025 0.0005 0.0004 0.0005 0.0015 
        036s 13 0.9956 0.0004 0.0010 0.0023 0.0003 0.0005 
        037s 13 0.9969 0.0013 0.0004 0.0003 0.0005 0.0007 
        038s 13 0.9936 0.0008 0.0033 0.0007 0.0007 0.0009 
        039s 13 0.8243 0.0760 0.0008 0.0974 0.0010 0.0005 
        040s 13 0.9965 0.0009 0.0003 0.0010 0.0009 0.0004 
        041s 13 0.9356 0.0015 0.0029 0.0552 0.0045 0.0003 
        042s 13 0.9970 0.0006 0.0002 0.0004 0.0010 0.0007 
        001s 14 0.9627 0.0007 0.0007 0.0339 0.0008 0.0012 
        002s 14 0.9294 0.0009 0.0013 0.0644 0.0007 0.0034 
        003s 14 0.9968 0.0007 0.0011 0.0006 0.0003 0.0005 
        004s 14 0.9711 0.0033 0.0004 0.0113 0.0133 0.0006 
        005s 14 0.9984 0.0005 0.0003 0.0003 0.0002 0.0003 
        006s 14 0.9980 0.0003 0.0005 0.0004 0.0005 0.0003 
        007s 14 0.9960 0.0014 0.0010 0.0004 0.0008 0.0004 
        008s 14 0.8644 0.0014 0.0002 0.1150 0.0086 0.0104 
        009s 14 0.9903 0.0008 0.0024 0.0015 0.0004 0.0047 
        010s 14 0.9219 0.0010 0.0002 0.0672 0.0003 0.0094 
        011s 14 0.9432 0.0007 0.0520 0.0008 0.0031 0.0003 
        012s 14 0.9934 0.0012 0.0017 0.0005 0.0016 0.0016 
        013s 14 0.9901 0.0038 0.0006 0.0009 0.0040 0.0007 
        014s 14 0.9436 0.0005 0.0006 0.0463 0.0003 0.0088 
        015s 14 0.9893 0.0028 0.0007 0.0005 0.0004 0.0063 
        016s 14 0.9905 0.0074 0.0005 0.0010 0.0001 0.0004 
        017s 14 0.9261 0.0003 0.0012 0.0646 0.0073 0.0006 
        018s 14 0.9968 0.0008 0.0007 0.0005 0.0003 0.0009 
        019s 14 0.9953 0.0005 0.0013 0.0012 0.0013 0.0004 
        020s 14 0.9911 0.0010 0.0004 0.0007 0.0002 0.0066 
        021s 14 0.9832 0.0006 0.0009 0.0036 0.0002 0.0114 
        022s 14 0.9885 0.0012 0.0012 0.0042 0.0028 0.0021 
        023s 14 0.9842 0.0027 0.0003 0.0091 0.0014 0.0023 
        024s 14 0.9380 0.0005 0.0066 0.0521 0.0009 0.0019 
        025s 14 0.9257 0.0002 0.0002 0.0733 0.0003 0.0003 
        026s 14 0.9961 0.0010 0.0004 0.0004 0.0002 0.0018 
        027s 14 0.9927 0.0028 0.0005 0.0032 0.0004 0.0004 
        028s 14 0.9949 0.0006 0.0009 0.0005 0.0014 0.0017 
        029s 14 0.9979 0.0009 0.0002 0.0003 0.0003 0.0004 
        030s 14 0.9922 0.0003 0.0023 0.0010 0.0037 0.0005 
        031s 14 0.9736 0.0011 0.0004 0.0005 0.0238 0.0005 
        032s 14 0.9948 0.0023 0.0003 0.0008 0.0014 0.0003 
        033s 14 0.9492 0.0005 0.0011 0.0006 0.0480 0.0007 
        034s 14 0.9980 0.0006 0.0003 0.0002 0.0002 0.0007 
        035s 14 0.8488 0.0003 0.0124 0.0764 0.0617 0.0003 
        036s 14 0.8883 0.0056 0.0011 0.0731 0.0300 0.0018 
        037s 14 0.9951 0.0022 0.0004 0.0010 0.0004 0.0010 
        038s 14 0.9975 0.0003 0.0008 0.0004 0.0006 0.0005 
        039s 14 0.9873 0.0052 0.0007 0.0019 0.0018 0.0030 
        040s 14 0.9817 0.0007 0.0005 0.0160 0.0008 0.0002 
        041s 14 0.9963 0.0008 0.0003 0.0011 0.0011 0.0004 
        042s 14 0.9284 0.0008 0.0012 0.0683 0.0003 0.0009 
        001s 15 0.9961 0.0010 0.0003 0.0014 0.0005 0.0008 
        002s 15 0.8811 0.0097 0.0005 0.1018 0.0027 0.0042 
        003s 15 0.9814 0.0061 0.0065 0.0046 0.0006 0.0008 
        004s 15 0.9895 0.0002 0.0003 0.0007 0.0004 0.0090 
        005s 15 0.9740 0.0058 0.0108 0.0076 0.0009 0.0009 
        006s 15 0.9769 0.0009 0.0006 0.0189 0.0022 0.0005 
        007s 15 0.9977 0.0004 0.0003 0.0004 0.0003 0.0010 
        008s 15 0.9976 0.0005 0.0002 0.0005 0.0006 0.0006 
        009s 15 0.9297 0.0363 0.0195 0.0128 0.0012 0.0006 
        010s 15 0.9972 0.0010 0.0007 0.0005 0.0003 0.0004 
        011s 15 0.9427 0.0007 0.0201 0.0008 0.0354 0.0003 
        012s 15 0.9849 0.0018 0.0104 0.0011 0.0007 0.0012 
        013s 15 0.9935 0.0011 0.0002 0.0015 0.0005 0.0033 
        014s 15 0.9880 0.0051 0.0013 0.0010 0.0008 0.0037 
        015s 15 0.9110 0.0043 0.0012 0.0786 0.0040 0.0008 
        016s 15 0.9003 0.0003 0.0012 0.0026 0.0618 0.0338 
        017s 15 0.9827 0.0022 0.0009 0.0010 0.0005 0.0127 
        018s 15 0.9953 0.0006 0.0005 0.0018 0.0002 0.0016 
        019s 15 0.9881 0.0047 0.0015 0.0047 0.0003 0.0006 
        020s 15 0.9976 0.0007 0.0007 0.0004 0.0002 0.0003 
        021s 15 0.9267 0.0037 0.0039 0.0641 0.0010 0.0005 
        022s 15 0.9952 0.0005 0.0024 0.0004 0.0010 0.0005 
        023s 15 0.9704 0.0005 0.0014 0.0245 0.0028 0.0003 
        024s 15 0.9942 0.0006 0.0005 0.0013 0.0030 0.0004 
        025s 15 0.9669 0.0264 0.0016 0.0029 0.0009 0.0013 
        026s 15 0.9714 0.0235 0.0003 0.0014 0.0009 0.0025 
        027s 15 0.9717 0.0005 0.0010 0.0023 0.0122 0.0123 
        028s 15 0.9932 0.0015 0.0034 0.0003 0.0004 0.0012 
        029s 15 0.9962 0.0010 0.0003 0.0005 0.0009 0.0012 
        030s 15 0.9972 0.0005 0.0001 0.0004 0.0006 0.0011 
        031s 15 0.9328 0.0040 0.0033 0.0579 0.0008 0.0012 
        032s 15 0.9968 0.0017 0.0003 0.0005 0.0002 0.0005 
        033s 15 0.9306 0.0002 0.0005 0.0670 0.0007 0.0011 
        035s 15 0.9911 0.0005 0.0041 0.0012 0.0016 0.0015 
        036s 15 0.9925 0.0037 0.0003 0.0011 0.0022 0.0002 
        037s 15 0.9914 0.0009 0.0006 0.0010 0.0057 0.0004 
        038s 15 0.9922 0.0003 0.0003 0.0038 0.0025 0.0008 
        039s 15 0.9284 0.0002 0.0029 0.0681 0.0001 0.0002 
        040s 15 0.9913 0.0005 0.0013 0.0017 0.0031 0.0023 
        041s 15 0.9206 0.0034 0.0024 0.0696 0.0033 0.0007 
        042s 15 0.9914 0.0008 0.0008 0.0044 0.0003 0.0024 
        043s 15 0.9848 0.0018 0.0008 0.0111 0.0014 0.0002 
        044s 15 0.9931 0.0008 0.0013 0.0032 0.0005 0.0010 
        045s 15 0.8922 0.0807 0.0034 0.0023 0.0201 0.0014 
        046s 15 0.9743 0.0008 0.0021 0.0189 0.0035 0.0004 
        047s 15 0.9756 0.0005 0.0136 0.0092 0.0008 0.0004 
        048s 15 0.9814 0.0159 0.0005 0.0003 0.0007 0.0013 
        049s 15 0.9853 0.0006 0.0082 0.0048 0.0008 0.0004 
        050s 15 0.8506 0.0021 0.0007 0.1363 0.0006 0.0096 
         001 16 0.8003 0.0005 0.0716 0.1239 0.0015 0.0022 
         002 16 0.9569 0.0003 0.0332 0.0090 0.0003 0.0002 
         003 16 0.9874 0.0015 0.0042 0.0024 0.0023 0.0022 
         004 16 0.9956 0.0014 0.0009 0.0007 0.0006 0.0007 
         005 16 0.9068 0.0304 0.0010 0.0533 0.0056 0.0030 
         006 16 0.9568 0.0098 0.0302 0.0023 0.0004 0.0005 
         007 16 0.9906 0.0012 0.0006 0.0062 0.0007 0.0007 
         008 16 0.8285 0.0004 0.0002 0.1567 0.0133 0.0009 
         009 16 0.9928 0.0004 0.0002 0.0050 0.0005 0.0011 
         010 16 0.9659 0.0008 0.0016 0.0312 0.0003 0.0003 
         011 16 0.9896 0.0017 0.0015 0.0057 0.0010 0.0005 
         012 16 0.9949 0.0010 0.0015 0.0004 0.0014 0.0008 
         013 16 0.9973 0.0005 0.0004 0.0003 0.0009 0.0005 
         014 16 0.9695 0.0003 0.0040 0.0245 0.0005 0.0012 
         015 16 0.6252 0.3698 0.0007 0.0002 0.0022 0.0019 
         016 16 0.9782 0.0144 0.0005 0.0015 0.0002 0.0052 
         017 16 0.9833 0.0010 0.0019 0.0049 0.0082 0.0007 
         018 16 0.9185 0.0314 0.0009 0.0401 0.0018 0.0072 
         019 16 0.9287 0.0005 0.0012 0.0648 0.0036 0.0012 
         020 16 0.9966 0.0006 0.0016 0.0002 0.0003 0.0007 
         021 16 0.8669 0.0007 0.0740 0.0542 0.0018 0.0025 
         022 16 0.9582 0.0020 0.0003 0.0386 0.0002 0.0007 
         023 16 0.9610 0.0065 0.0009 0.0308 0.0004 0.0004 
         024 16 0.9668 0.0254 0.0006 0.0055 0.0004 0.0013 
         025 16 0.9354 0.0014 0.0018 0.0408 0.0198 0.0009 
         026 16 0.8796 0.0015 0.0405 0.0778 0.0003 0.0003 
         027 16 0.9752 0.0014 0.0003 0.0150 0.0004 0.0078 
         028 16 0.8067 0.0002 0.0016 0.1462 0.0263 0.0190 
         029 16 0.9746 0.0007 0.0065 0.0018 0.0149 0.0016 
         030 16 0.9929 0.0004 0.0003 0.0008 0.0052 0.0003 
         031 16 0.9816 0.0004 0.0027 0.0008 0.0005 0.0140 
         032 16 0.9043 0.0055 0.0011 0.0875 0.0007 0.0010 
         033 16 0.9979 0.0002 0.0008 0.0003 0.0006 0.0003 
         034 16 0.9922 0.0008 0.0006 0.0030 0.0032 0.0002 
         035 16 0.9984 0.0002 0.0004 0.0002 0.0005 0.0004 
         036 16 0.9959 0.0014 0.0004 0.0005 0.0003 0.0015 
         037 16 0.9560 0.0033 0.0007 0.0274 0.0120 0.0006 
         038 16 0.9884 0.0070 0.0004 0.0022 0.0010 0.0010 
         039 16 0.9958 0.0006 0.0004 0.0019 0.0003 0.0010 
         040 16 0.9942 0.0018 0.0019 0.0006 0.0010 0.0005 
         041 16 0.9967 0.0014 0.0003 0.0007 0.0006 0.0003 
         042 16 0.9956 0.0005 0.0004 0.0011 0.0009 0.0016 
         043 16 0.9964 0.0009 0.0003 0.0011 0.0005 0.0009 
         044 16 0.9896 0.0010 0.0005 0.0062 0.0014 0.0014 
         045 16 0.9644 0.0002 0.0317 0.0009 0.0008 0.0020 
         047 16 0.9556 0.0006 0.0015 0.0020 0.0344 0.0059 
         048 16 0.9886 0.0006 0.0006 0.0017 0.0078 0.0007 
         049 16 0.9937 0.0034 0.0005 0.0006 0.0014 0.0006 
         050 16 0.9974 0.0002 0.0012 0.0003 0.0005 0.0004 
         051 16 0.9952 0.0004 0.0016 0.0005 0.0008 0.0015 
         052 16 0.9982 0.0006 0.0002 0.0002 0.0005 0.0003 
         053 16 0.9969 0.0006 0.0003 0.0003 0.0010 0.0009 
         054 16 0.9418 0.0007 0.0077 0.0481 0.0006 0.0011 
         055 16 0.9400 0.0006 0.0142 0.0014 0.0434 0.0004 
         056 16 0.9900 0.0077 0.0004 0.0009 0.0003 0.0007 
         057 16 0.9094 0.0002 0.0004 0.0891 0.0006 0.0003 
         058 16 0.8767 0.0166 0.0575 0.0481 0.0010 0.0002 
         059 16 0.8125 0.0894 0.0244 0.0698 0.0013 0.0027 
         060 16 0.9861 0.0097 0.0015 0.0013 0.0004 0.0009 
         061 16 0.9951 0.0014 0.0008 0.0012 0.0009 0.0007 
         062 16 0.9926 0.0004 0.0020 0.0006 0.0036 0.0009 
         063 16 0.9943 0.0011 0.0018 0.0020 0.0004 0.0005 
         064 16 0.9962 0.0018 0.0003 0.0007 0.0006 0.0004 
         065 16 0.9862 0.0017 0.0098 0.0007 0.0007 0.0009 
         066 16 0.9973 0.0007 0.0005 0.0003 0.0003 0.0009 
         067 16 0.9168 0.0772 0.0006 0.0007 0.0037 0.0010 
         068 16 0.9618 0.0315 0.0014 0.0038 0.0008 0.0006 
         069 16 0.9923 0.0004 0.0007 0.0006 0.0005 0.0055 
         070 16 0.9910 0.0006 0.0020 0.0040 0.0004 0.0020 
         071 16 0.9139 0.0003 0.0026 0.0696 0.0128 0.0007 
         072 16 0.9914 0.0011 0.0017 0.0044 0.0005 0.0008 
         073 16 0.9946 0.0003 0.0006 0.0010 0.0028 0.0007 
         074 16 0.9966 0.0002 0.0022 0.0002 0.0003 0.0004 
         075 16 0.9716 0.0009 0.0120 0.0126 0.0022 0.0007 
         076 16 0.9967 0.0004 0.0004 0.0011 0.0008 0.0006 
         077 16 0.8885 0.0594 0.0024 0.0092 0.0051 0.0353 
         078 16 0.9453 0.0010 0.0003 0.0524 0.0002 0.0008 
         079 16 0.9112 0.0006 0.0043 0.0808 0.0019 0.0013 
         080 16 0.9945 0.0010 0.0004 0.0034 0.0002 0.0004 
         081 16 0.9606 0.0007 0.0173 0.0063 0.0138 0.0013 
         082 16 0.9624 0.0003 0.0007 0.0178 0.0184 0.0004 
         083 16 0.9963 0.0014 0.0005 0.0005 0.0008 0.0006 
         084 16 0.9921 0.0009 0.0008 0.0020 0.0018 0.0024 
         085 16 0.9861 0.0101 0.0006 0.0011 0.0005 0.0017 
         086 16 0.8879 0.0005 0.0096 0.0995 0.0018 0.0006 
         087 16 0.9793 0.0003 0.0091 0.0091 0.0008 0.0014 
         088 16 0.9963 0.0018 0.0005 0.0007 0.0002 0.0004 
         089 16 0.9917 0.0008 0.0022 0.0010 0.0035 0.0007 
         090 16 0.9915 0.0004 0.0014 0.0043 0.0007 0.0017 
         091 16 0.9906 0.0006 0.0072 0.0004 0.0005 0.0006 
         092 16 0.9588 0.0009 0.0007 0.0382 0.0007 0.0006 
         093 16 0.9956 0.0004 0.0004 0.0011 0.0005 0.0020 
         094 16 0.9468 0.0408 0.0006 0.0076 0.0004 0.0037 
         095 16 0.9972 0.0004 0.0004 0.0006 0.0002 0.0011 
         096 16 0.9590 0.0029 0.0004 0.0008 0.0365 0.0003 
         097 16 0.9003 0.0074 0.0010 0.0071 0.0822 0.0020 
         098 16 0.9845 0.0044 0.0003 0.0013 0.0007 0.0088 
         099 16 0.9913 0.0068 0.0003 0.0003 0.0004 0.0009 
         100 16 0.9957 0.0018 0.0008 0.0007 0.0003 0.0007 
         101 16 0.9541 0.0017 0.0006 0.0425 0.0007 0.0004 
         102 16 0.9939 0.0014 0.0007 0.0016 0.0019 0.0006 
         103 16 0.9853 0.0025 0.0074 0.0007 0.0010 0.0030 
         104 16 0.9846 0.0039 0.0003 0.0100 0.0008 0.0004 
         105 16 0.8974 0.0033 0.0023 0.0775 0.0169 0.0026 
         106 16 0.9941 0.0020 0.0021 0.0011 0.0003 0.0003 
         107 16 0.9214 0.0036 0.0003 0.0279 0.0003 0.0466 
         108 16 0.6411 0.1634 0.0321 0.0969 0.0004 0.0662 
         109 16 0.9812 0.0004 0.0119 0.0042 0.0020 0.0004 
         110 16 0.9973 0.0009 0.0002 0.0004 0.0009 0.0003 
         111 16 0.9375 0.0012 0.0006 0.0598 0.0003 0.0006 
         112 16 0.9467 0.0014 0.0005 0.0502 0.0006 0.0006 
         113 16 0.9363 0.0007 0.0016 0.0576 0.0025 0.0012 
         114 16 0.9689 0.0011 0.0004 0.0258 0.0004 0.0034 
         115 16 0.9974 0.0005 0.0003 0.0004 0.0010 0.0004 
         116 16 0.9746 0.0008 0.0003 0.0234 0.0005 0.0005 
         117 16 0.9640 0.0007 0.0294 0.0022 0.0004 0.0033 
         118 16 0.9802 0.0092 0.0003 0.0089 0.0003 0.0010 
         119 16 0.9910 0.0008 0.0049 0.0013 0.0004 0.0016 
         120 16 0.9870 0.0004 0.0018 0.0003 0.0094 0.0010 
         121 16 0.9588 0.0339 0.0017 0.0004 0.0049 0.0002 
         122 16 0.9981 0.0004 0.0004 0.0003 0.0005 0.0003 
         123 16 0.9918 0.0004 0.0008 0.0036 0.0006 0.0027 
         124 16 0.9883 0.0011 0.0036 0.0062 0.0004 0.0003 
         126 16 0.8311 0.0010 0.0006 0.1637 0.0005 0.0032 
         001 17 0.9840 0.0005 0.0005 0.0006 0.0029 0.0114 
         002 17 0.9957 0.0005 0.0021 0.0010 0.0003 0.0004 
         003 17 0.9973 0.0004 0.0007 0.0004 0.0004 0.0008 
         005 17 0.9723 0.0004 0.0003 0.0004 0.0007 0.0259 
         006 17 0.9414 0.0003 0.0311 0.0005 0.0253 0.0014 
         007 17 0.8505 0.0167 0.0056 0.1136 0.0118 0.0018 
         008 17 0.8729 0.0006 0.0008 0.1122 0.0130 0.0005 
         009 17 0.9982 0.0005 0.0003 0.0002 0.0003 0.0005 
         010 17 0.9966 0.0012 0.0007 0.0006 0.0004 0.0005 
         011 17 0.4712 0.3773 0.0004 0.1484 0.0014 0.0013 
         012 17 0.9908 0.0011 0.0005 0.0065 0.0006 0.0006 
         013 17 0.9984 0.0003 0.0003 0.0003 0.0002 0.0005 
         014 17 0.9974 0.0004 0.0006 0.0004 0.0004 0.0010 
         015 17 0.9866 0.0002 0.0004 0.0017 0.0104 0.0006 
         016 17 0.9973 0.0004 0.0004 0.0008 0.0006 0.0004 
         017 17 0.9939 0.0010 0.0011 0.0015 0.0016 0.0009 
         018 17 0.9489 0.0003 0.0011 0.0299 0.0014 0.0184 
         019 17 0.9976 0.0006 0.0002 0.0007 0.0002 0.0006 
         020 17 0.9961 0.0008 0.0003 0.0011 0.0013 0.0004 
         021 17 0.9970 0.0009 0.0003 0.0003 0.0012 0.0004 
         022 17 0.9351 0.0012 0.0004 0.0454 0.0078 0.0100 
         023 17 0.9911 0.0005 0.0013 0.0042 0.0003 0.0026 
         024 17 0.9415 0.0052 0.0071 0.0151 0.0296 0.0014 
         025 17 0.9979 0.0003 0.0007 0.0004 0.0004 0.0003 
         002 18 0.9914 0.0015 0.0015 0.0002 0.0004 0.0049 
         003 18 0.9980 0.0007 0.0005 0.0002 0.0002 0.0003 
         004 18 0.9564 0.0006 0.0015 0.0375 0.0005 0.0035 
         005 18 0.9614 0.0319 0.0012 0.0043 0.0005 0.0007 
         006 18 0.9978 0.0007 0.0002 0.0007 0.0003 0.0004 
         007 18 0.9911 0.0004 0.0022 0.0009 0.0031 0.0023 
         008 18 0.9960 0.0022 0.0004 0.0002 0.0008 0.0003 
         009 18 0.9822 0.0027 0.0027 0.0076 0.0040 0.0008 
         010 18 0.9856 0.0082 0.0006 0.0003 0.0021 0.0033 
         011 18 0.9942 0.0021 0.0012 0.0005 0.0003 0.0017 
         012 18 0.9522 0.0029 0.0004 0.0435 0.0004 0.0006 
         015 18 0.9937 0.0018 0.0029 0.0009 0.0004 0.0003 
         016 18 0.9932 0.0003 0.0011 0.0016 0.0033 0.0005 
         018 18 0.9882 0.0051 0.0006 0.0003 0.0003 0.0055 
         026 18 0.9664 0.0004 0.0003 0.0004 0.0315 0.0010 
         027 18 0.9952 0.0013 0.0002 0.0003 0.0005 0.0025 
         028 18 0.9694 0.0003 0.0008 0.0010 0.0007 0.0278 
         029 18 0.9955 0.0006 0.0022 0.0008 0.0003 0.0006 
         031 18 0.8172 0.0764 0.0007 0.0656 0.0048 0.0353 
         032 18 0.9969 0.0003 0.0005 0.0003 0.0004 0.0015 
         033 18 0.9964 0.0006 0.0003 0.0013 0.0004 0.0010 
         035 18 0.9957 0.0006 0.0004 0.0023 0.0004 0.0004 
         036 18 0.9889 0.0087 0.0006 0.0006 0.0004 0.0008 
         037 18 0.9526 0.0086 0.0007 0.0008 0.0253 0.0121 
         038 18 0.9253 0.0025 0.0054 0.0008 0.0147 0.0513 
         039 18 0.9977 0.0011 0.0002 0.0003 0.0004 0.0003 
         044 18 0.8720 0.0005 0.0190 0.1052 0.0020 0.0012 
         046 18 0.9556 0.0344 0.0003 0.0044 0.0003 0.0049 
         049 18 0.9974 0.0003 0.0003 0.0007 0.0006 0.0007 
         053 18 0.9951 0.0005 0.0006 0.0022 0.0004 0.0011 
         054 18 0.9814 0.0007 0.0011 0.0014 0.0146 0.0009 
         056 18 0.9270 0.0008 0.0004 0.0693 0.0002 0.0024 
         057 18 0.9836 0.0030 0.0002 0.0005 0.0123 0.0004 
         058 18 0.9890 0.0033 0.0006 0.0017 0.0004 0.0050 
        001s 19 0.9423 0.0007 0.0066 0.0492 0.0008 0.0005 
        002s 19 0.9871 0.0011 0.0003 0.0096 0.0008 0.0011 
        003s 19 0.9815 0.0004 0.0020 0.0155 0.0002 0.0003 
        004s 19 0.9625 0.0303 0.0008 0.0009 0.0012 0.0044 
        005s 19 0.8784 0.0741 0.0397 0.0005 0.0036 0.0037 
        006s 19 0.9930 0.0012 0.0003 0.0014 0.0026 0.0014 
        007s 19 0.9330 0.0229 0.0413 0.0007 0.0017 0.0004 
        008s 19 0.9474 0.0107 0.0030 0.0360 0.0015 0.0014 
        009s 19 0.9927 0.0016 0.0042 0.0008 0.0004 0.0004 
        010s 19 0.9792 0.0005 0.0042 0.0010 0.0024 0.0127 
        011s 19 0.9910 0.0010 0.0010 0.0003 0.0029 0.0038 
        012s 19 0.9928 0.0005 0.0003 0.0022 0.0027 0.0016 
        013s 19 0.9877 0.0005 0.0041 0.0026 0.0044 0.0006 
        014s 19 0.9148 0.0130 0.0006 0.0584 0.0124 0.0007 
        015s 19 0.9954 0.0004 0.0023 0.0004 0.0008 0.0006 
        016s 19 0.9322 0.0479 0.0024 0.0007 0.0006 0.0161 
        017s 19 0.9351 0.0056 0.0013 0.0556 0.0004 0.0019 
        018s 19 0.9937 0.0024 0.0013 0.0011 0.0006 0.0009 
        019s 19 0.9005 0.0037 0.0006 0.0889 0.0057 0.0007 
        020s 19 0.9283 0.0009 0.0093 0.0593 0.0015 0.0007 
        021s 19 0.9907 0.0003 0.0017 0.0048 0.0013 0.0011 
        022s 19 0.9794 0.0004 0.0011 0.0175 0.0008 0.0009 
        023s 19 0.9870 0.0018 0.0003 0.0006 0.0082 0.0021 
        024s 19 0.9951 0.0023 0.0002 0.0004 0.0004 0.0015 
        025s 19 0.8635 0.0026 0.0003 0.1325 0.0003 0.0007 
        026s 19 0.9563 0.0041 0.0348 0.0015 0.0004 0.0030 
        027s 19 0.9883 0.0010 0.0003 0.0083 0.0013 0.0008 
        028s 19 0.9874 0.0004 0.0083 0.0028 0.0006 0.0005 
        029s 19 0.9963 0.0005 0.0002 0.0002 0.0016 0.0013 
        030s 19 0.9918 0.0009 0.0014 0.0015 0.0013 0.0031 
        031s 19 0.9946 0.0007 0.0013 0.0013 0.0017 0.0004 
        032s 19 0.9968 0.0003 0.0005 0.0006 0.0014 0.0004 
        033s 19 0.9915 0.0050 0.0020 0.0002 0.0005 0.0008 
        034s 19 0.9962 0.0012 0.0008 0.0005 0.0009 0.0004 
        035s 19 0.9755 0.0040 0.0015 0.0141 0.0017 0.0031 
        036s 19 0.9964 0.0012 0.0005 0.0005 0.0011 0.0003 
        037s 19 0.9978 0.0003 0.0003 0.0004 0.0004 0.0007 
        038s 19 0.9926 0.0012 0.0019 0.0014 0.0013 0.0017 
        039s 19 0.9975 0.0004 0.0006 0.0007 0.0004 0.0004 
        040s 19 0.9720 0.0004 0.0022 0.0005 0.0245 0.0004 
        041s 19 0.9977 0.0008 0.0004 0.0002 0.0005 0.0003 
        042s 19 0.9721 0.0122 0.0008 0.0031 0.0007 0.0111 
        043s 19 0.9456 0.0005 0.0490 0.0023 0.0003 0.0022 
        044s 19 0.9970 0.0012 0.0003 0.0003 0.0005 0.0006 
        045s 19 0.9971 0.0011 0.0003 0.0006 0.0002 0.0007 
        046s 19 0.9878 0.0067 0.0007 0.0017 0.0016 0.0015 
        047s 19 0.9894 0.0003 0.0067 0.0005 0.0026 0.0006 
        048s 19 0.8977 0.0007 0.0688 0.0307 0.0004 0.0018 
        049s 19 0.9759 0.0079 0.0094 0.0024 0.0038 0.0006 
        050s 19 0.9948 0.0006 0.0003 0.0038 0.0002 0.0004 
        051s 19 0.9422 0.0134 0.0079 0.0041 0.0315 0.0008 
        052s 19 0.9961 0.0005 0.0004 0.0009 0.0007 0.0014 
      LIW2-4 20 0.9914 0.0023 0.0029 0.0004 0.0010 0.0020 
     LIW2-12 21 0.9129 0.0787 0.0006 0.0006 0.0001 0.0070 
     LIW2-20 22 0.9903 0.0011 0.0032 0.0010 0.0004 0.0042 
     LIW2-28 23 0.8843 0.0602 0.0006 0.0519 0.0018 0.0012 
      LIW1-5 24 0.9934 0.0028 0.0005 0.0009 0.0007 0.0017 
     LIW1-13 25 0.9197 0.0122 0.0031 0.0622 0.0024 0.0006 
     LIW1-21 26 0.9322 0.0338 0.0004 0.0258 0.0004 0.0074 
     LIW1-29 27 0.9529 0.0149 0.0005 0.0264 0.0027 0.0026 
      LIW2-5 28 0.9893 0.0016 0.0005 0.0006 0.0010 0.0070 
     LIW2-34 29 0.9849 0.0035 0.0002 0.0002 0.0011 0.0101 
     LIW2-21 30 0.8831 0.0095 0.0013 0.1036 0.0005 0.0021 
     LIW2-29 31 0.8039 0.0010 0.0035 0.1850 0.0028 0.0038 
      LIW1-6 32 0.9944 0.0031 0.0007 0.0008 0.0003 0.0007 
     LIW1-14 33 0.8983 0.0007 0.0013 0.0577 0.0013 0.0407 
     LIW1-22 34 0.9615 0.0086 0.0002 0.0010 0.0007 0.0280 
     LIW1-30 35 0.9938 0.0026 0.0008 0.0012 0.0003 0.0013 
      LIW2-6 36 0.9492 0.0288 0.0008 0.0023 0.0167 0.0022 
     LIW2-14 37 0.9917 0.0048 0.0005 0.0022 0.0005 0.0003 
     LIW2-22 38 0.8415 0.0783 0.0007 0.0783 0.0005 0.0007 
     LIW2-30 39 0.9535 0.0056 0.0003 0.0008 0.0004 0.0395 
      LIW1-7 40 0.9056 0.0575 0.0006 0.0270 0.0022 0.0072 
     LIW1-15 41 0.9841 0.0101 0.0002 0.0004 0.0005 0.0048 
     LIW1-23 42 0.9867 0.0037 0.0016 0.0041 0.0009 0.0030 
     LIW1-31 43 0.9862 0.0046 0.0005 0.0048 0.0009 0.0031 
      LIW2-7 44 0.8959 0.0011 0.0003 0.0924 0.0028 0.0076 
     LIW2-15 45 0.9426 0.0026 0.0005 0.0005 0.0003 0.0534 
     LIW2-23 46 0.9051 0.0889 0.0028 0.0004 0.0023 0.0006 
      LIW1-8 47 0.9949 0.0023 0.0005 0.0003 0.0011 0.0008 
     LIW1-16 48 0.9946 0.0021 0.0004 0.0004 0.0012 0.0012 
      LIW2-8 49 0.9937 0.0023 0.0003 0.0004 0.0004 0.0028 
     LIW2-16 50 0.6428 0.0111 0.0488 0.2891 0.0035 0.0047 
     LIW2-24 51 0.7966 0.0078 0.0025 0.1762 0.0136 0.0033 
     LIW2-32 52 0.9294 0.0523 0.0090 0.0016 0.0011 0.0065 
     LIW1-47 53 0.9614 0.0132 0.0204 0.0017 0.0007 0.0024 
      UMFS-1 54 0.0003 0.0001 0.0002 0.0002 0.0003 0.9989 
     UMFS-19 55 0.0001 0.0001 0.0001 0.0002 0.0002 0.9991 
     UMFS-31 56 0.1903 0.0007 0.0001 0.0002 0.0004 0.8083 
      UMFS-2 57 0.0644 0.0002 0.0002 0.0001 0.0002 0.9348 
     UMFS-10 58 0.1066 0.0004 0.0002 0.0002 0.0003 0.8923 
     UMFS-20 59 0.1536 0.0004 0.0009 0.0020 0.0006 0.8425 
     UMFS-32 60 0.0004 0.0002 0.0002 0.0003 0.0003 0.9985 
      UMFS-3 61 0.0001 0.0001 0.0001 0.0001 0.0001 0.9997 
     UMFS-11 62 0.5601 0.0018 0.0863 0.2405 0.1111 0.0003 
     UMFS-21 63 0.0370 0.0023 0.0012 0.0226 0.0009 0.9360 
     UMFS-33 64 0.0000 0.0000 0.0000 0.0000 0.0000 0.9998 
      UMFS-4 65 0.0000 0.0000 0.0000 0.0000 0.0000 0.9998 
     UMFS-22 66 0.0462 0.0014 0.0007 0.0006 0.0015 0.9495 
     UMFS-34 67 0.3290 0.0788 0.0045 0.0011 0.0008 0.5858 
      UMFS-5 68 0.0765 0.0017 0.0027 0.0003 0.0011 0.9178 
     UMFS-13 69 0.0008 0.0014 0.0002 0.0006 0.0011 0.9959 
     UMFS-23 70 0.2297 0.0006 0.0004 0.0005 0.0008 0.7679 
     UMFS-35 71 0.0001 0.0001 0.0001 0.0001 0.0001 0.9995 
      UMFS-6 72 0.0001 0.0000 0.0000 0.0001 0.0001 0.9997 
     UMFS-14 73 0.0000 0.0000 0.0000 0.0000 0.0000 0.9998 
     UMFS-24 74 0.2449 0.0003 0.0007 0.0033 0.0012 0.7496 
     UMFS-36 75 0.0000 0.0000 0.0000 0.0000 0.0000 0.9998 
      UMFS-7 76 0.3094 0.0910 0.0661 0.2927 0.2405 0.0003 
     UMFS-15 77 0.0001 0.0000 0.0001 0.0001 0.0001 0.9997 
     UMFS-25 78 0.2022 0.0002 0.0010 0.0012 0.0039 0.7914 
     UMFS-37 79 0.0000 0.0000 0.0001 0.0000 0.0001 0.9998 
      UMFS-8 80 0.0123 0.0009 0.0003 0.0018 0.0010 0.9838 
     UMFS-16 81 0.0001 0.0001 0.0001 0.0001 0.0001 0.9995 
     UMFS-26 82 0.3728 0.1350 0.0068 0.0027 0.0007 0.4819 
     UMFS-38 83 0.0001 0.0001 0.0001 0.0001 0.0001 0.9995 
      NEH1-2 84 0.0016 0.9767 0.0026 0.0165 0.0016 0.0010 
     NEH1-11 85 0.0018 0.9574 0.0005 0.0380 0.0019 0.0005 
     NEH1-20 86 0.1167 0.8788 0.0006 0.0004 0.0008 0.0028 
     NEH1-29 87 0.0008 0.9983 0.0002 0.0003 0.0001 0.0002 
      NEH2-2 88 0.0003 0.9989 0.0001 0.0003 0.0002 0.0002 
     NEH2-10 89 0.0051 0.9938 0.0004 0.0004 0.0001 0.0001 
     NEH2-18 90 0.0002 0.9978 0.0003 0.0015 0.0001 0.0002 
     NEH2-26 91 0.0008 0.9958 0.0002 0.0024 0.0005 0.0003 
      NEH1-3 92 0.1522 0.8453 0.0015 0.0003 0.0004 0.0003 
     NEH1-12 93 0.0002 0.9549 0.0015 0.0016 0.0413 0.0004 
     NEH1-21 94 0.0420 0.9351 0.0003 0.0002 0.0222 0.0002 
     NEH1-30 95 0.0291 0.9202 0.0031 0.0469 0.0003 0.0004 
      NEH2-3 96 0.0001 0.9994 0.0001 0.0001 0.0002 0.0001 
     NEH2-11 97 0.0003 0.9814 0.0014 0.0137 0.0002 0.0029 
     NEH2-19 98 0.0027 0.9932 0.0004 0.0008 0.0006 0.0023 
     NEH2-27 99 0.0001 0.9996 0.0001 0.0001 0.0001 0.0001 
      NEH1-4 100 0.0001 0.9986 0.0002 0.0008 0.0001 0.0002 
     NEH1-13 101 0.2268 0.7696 0.0007 0.0014 0.0008 0.0005 
     NEH1-22 102 0.1982 0.8005 0.0003 0.0002 0.0003 0.0004 
     NEH1-31 103 0.0004 0.9981 0.0004 0.0009 0.0001 0.0001 
      NEH2-4 104 0.0025 0.9932 0.0019 0.0010 0.0002 0.0012 
     NEH2-12 105 0.0005 0.9444 0.0098 0.0371 0.0003 0.0078 
     NEH2-20 106 0.1950 0.8038 0.0002 0.0002 0.0002 0.0007 
     NEH2-28 107 0.0008 0.9895 0.0004 0.0007 0.0082 0.0004 
      NEH1-5 108 0.1198 0.8565 0.0002 0.0228 0.0004 0.0003 
     NEH1-14 109 0.1776 0.7668 0.0046 0.0484 0.0020 0.0005 
     NEH1-23 110 0.2264 0.7701 0.0002 0.0005 0.0002 0.0027 
     NEH1-32 111 0.0008 0.9940 0.0002 0.0010 0.0038 0.0002 
      NEH2-5 112 0.0001 0.9993 0.0001 0.0002 0.0001 0.0002 
     NEH2-13 113 0.0011 0.9846 0.0050 0.0085 0.0004 0.0003 
     NEH2-22 114 0.0004 0.9980 0.0002 0.0004 0.0004 0.0006 
     NEH2-29 115 0.0396 0.9589 0.0001 0.0006 0.0004 0.0005 
      NEH1-6 116 0.0001 0.9993 0.0001 0.0001 0.0002 0.0001 
     NEH1-15 117 0.0010 0.9601 0.0008 0.0042 0.0336 0.0003 
     NEH1-24 118 0.0006 0.9904 0.0044 0.0003 0.0027 0.0015 
     NEH1-33 119 0.1246 0.8729 0.0001 0.0011 0.0007 0.0005 
      NEH2-6 120 0.0112 0.9811 0.0009 0.0002 0.0002 0.0064 
     NEH2-14 121 0.0027 0.9924 0.0002 0.0013 0.0027 0.0007 
     NEH2-21 122 0.0470 0.9511 0.0002 0.0003 0.0002 0.0012 
     NEH2-30 123 0.0002 0.9993 0.0001 0.0002 0.0001 0.0002 
      NEH1-7 124 0.0809 0.8378 0.0007 0.0790 0.0010 0.0005 
     NEH1-16 125 0.0002 0.9992 0.0002 0.0002 0.0002 0.0001 
     NEH1-25 126 0.1201 0.8747 0.0032 0.0004 0.0002 0.0014 
     NEH1-34 127 0.0384 0.9307 0.0002 0.0284 0.0013 0.0010 
      NEH2-7 128 0.0012 0.9950 0.0008 0.0004 0.0006 0.0020 
     NEH2-15 129 0.0001 0.9996 0.0001 0.0001 0.0001 0.0001 
     NEH2-23 130 0.0065 0.9340 0.0003 0.0532 0.0046 0.0013 
     NEH2-31 131 0.0001 0.9993 0.0001 0.0001 0.0001 0.0002 
      NEH1-8 132 0.1094 0.8297 0.0037 0.0562 0.0008 0.0002 
     NEH1-17 133 0.0010 0.8914 0.0018 0.1043 0.0012 0.0004 
     NEH1-26 134 0.1467 0.8502 0.0006 0.0002 0.0010 0.0012 
     NEH1-35 135 0.1833 0.8137 0.0010 0.0007 0.0009 0.0004 
      NEH2-8 136 0.0001 0.9995 0.0001 0.0001 0.0001 0.0001 
     NEH2-16 137 0.0006 0.9978 0.0003 0.0002 0.0005 0.0006 
     NEH2-24 138 0.0001 0.9992 0.0001 0.0001 0.0001 0.0004 
     NEH2-32 139 0.0002 0.9279 0.0003 0.0702 0.0010 0.0005 
      NEH1-1 140 0.0003 0.8847 0.0008 0.1131 0.0001 0.0009 
     NEH1-10 141 0.0002 0.9990 0.0002 0.0002 0.0003 0.0001 
     NEH1-19 142 0.1193 0.8768 0.0003 0.0010 0.0022 0.0004 
     NEH1-28 143 0.0007 0.9631 0.0252 0.0096 0.0011 0.0003 
      NEH2-1 144 0.0020 0.9876 0.0006 0.0092 0.0002 0.0004 
      NEH2-9 145 0.0004 0.9988 0.0002 0.0002 0.0002 0.0002 
     NEH2-17 146 0.0027 0.9639 0.0009 0.0016 0.0302 0.0008 
     NEH2-25 147 0.0003 0.9821 0.0004 0.0169 0.0001 0.0002 
      LIW1-1 148 0.7989 0.1042 0.0026 0.0851 0.0029 0.0064 
      LIW1-9 149 0.7831 0.0706 0.0377 0.0556 0.0522 0.0009 
     LIW1-17 150 0.9502 0.0470 0.0008 0.0005 0.0002 0.0013 
     LIW1-25 151 0.9860 0.0019 0.0002 0.0002 0.0020 0.0097 
      LIW2-9 152 0.9283 0.0012 0.0004 0.0611 0.0071 0.0018 
     LIW2-17 153 0.9913 0.0032 0.0004 0.0011 0.0028 0.0013 
     LIW2-25 154 0.9913 0.0026 0.0006 0.0022 0.0003 0.0030 
      LIW1-2 155 0.9794 0.0104 0.0003 0.0078 0.0003 0.0019 
     LIW1-10 156 0.9830 0.0034 0.0009 0.0074 0.0009 0.0044 
     LIW1-18 157 0.9764 0.0065 0.0009 0.0126 0.0005 0.0031 
     LIW1-26 158 0.9706 0.0204 0.0002 0.0004 0.0074 0.0011 
      LIW2-2 159 0.9913 0.0030 0.0003 0.0003 0.0006 0.0046 
     LIW2-10 160 0.9934 0.0012 0.0030 0.0010 0.0003 0.0011 
     LIW2-18 161 0.9066 0.0647 0.0010 0.0126 0.0098 0.0053 
     LIW2-26 162 0.9451 0.0020 0.0035 0.0003 0.0004 0.0487 
      LIW1-3 163 0.9249 0.0128 0.0008 0.0226 0.0003 0.0387 
     LIW1-11 164 0.9738 0.0048 0.0035 0.0095 0.0006 0.0077 
     LIW1-19 165 0.8844 0.0657 0.0032 0.0407 0.0007 0.0053 
     LIW1-27 166 0.9602 0.0003 0.0006 0.0375 0.0003 0.0010 
      LIW2-3 167 0.9810 0.0026 0.0021 0.0015 0.0055 0.0072 
     LIW2-11 168 0.9971 0.0008 0.0005 0.0003 0.0003 0.0010 
     LIW2-19 169 0.9641 0.0301 0.0003 0.0032 0.0013 0.0009 
     LIW2-27 170 0.9756 0.0124 0.0007 0.0002 0.0002 0.0109 
      LIW1-4 171 0.9913 0.0050 0.0013 0.0003 0.0005 0.0016 
     LIW1-12 172 0.9352 0.0018 0.0009 0.0230 0.0012 0.0379 
     LIW1-20 173 0.9940 0.0012 0.0004 0.0015 0.0022 0.0008 
     LIW1-28 174 0.9804 0.0111 0.0031 0.0025 0.0004 0.0026 
        001s 175 0.9905 0.0015 0.0032 0.0004 0.0039 0.0004 
        002s 175 0.9218 0.0007 0.0062 0.0703 0.0003 0.0007 
        003s 175 0.9970 0.0007 0.0004 0.0002 0.0009 0.0009 
        004s 175 0.9665 0.0008 0.0187 0.0082 0.0020 0.0037 
        005s 175 0.9925 0.0011 0.0010 0.0020 0.0004 0.0029 
        006s 175 0.8221 0.0005 0.0024 0.1699 0.0005 0.0045 
        007s 175 0.9972 0.0008 0.0006 0.0005 0.0003 0.0006 
        008s 175 0.9911 0.0005 0.0004 0.0021 0.0024 0.0034 
        009s 175 0.8763 0.0008 0.0003 0.1177 0.0027 0.0022 
        010s 175 0.9973 0.0006 0.0006 0.0006 0.0007 0.0002 
        011s 175 0.9946 0.0008 0.0012 0.0024 0.0007 0.0005 
        012s 175 0.9960 0.0003 0.0004 0.0002 0.0026 0.0005 
        013s 175 0.9943 0.0002 0.0016 0.0029 0.0005 0.0005 
        014s 175 0.9130 0.0002 0.0065 0.0795 0.0004 0.0004 
        015s 175 0.9883 0.0019 0.0084 0.0003 0.0005 0.0005 
        016s 175 0.9735 0.0002 0.0064 0.0192 0.0003 0.0004 
        017s 175 0.9850 0.0051 0.0025 0.0010 0.0052 0.0013 
        018s 175 0.9849 0.0013 0.0009 0.0029 0.0014 0.0086 
        019s 175 0.9663 0.0046 0.0005 0.0006 0.0004 0.0276 
        020s 175 0.9959 0.0010 0.0009 0.0007 0.0011 0.0004 
        021s 175 0.9923 0.0022 0.0003 0.0005 0.0040 0.0008 
        022s 175 0.9460 0.0038 0.0006 0.0003 0.0490 0.0003 
        023s 175 0.9796 0.0038 0.0004 0.0018 0.0104 0.0040 
        024s 175 0.9539 0.0007 0.0005 0.0396 0.0043 0.0009 
        025s 175 0.9578 0.0005 0.0259 0.0069 0.0057 0.0032 
        026s 175 0.9915 0.0010 0.0006 0.0058 0.0006 0.0005 
        027s 175 0.9943 0.0016 0.0006 0.0010 0.0018 0.0008 
        028s 175 0.9379 0.0602 0.0004 0.0004 0.0007 0.0004 
        029s 175 0.9960 0.0005 0.0006 0.0004 0.0008 0.0016 
        030s 175 0.8688 0.0010 0.0002 0.1222 0.0072 0.0007 
        031s 175 0.9885 0.0003 0.0006 0.0017 0.0007 0.0082 
        032s 175 0.9731 0.0185 0.0003 0.0037 0.0012 0.0032 
        033s 175 0.9804 0.0008 0.0041 0.0110 0.0013 0.0024 
        034s 175 0.9916 0.0003 0.0024 0.0050 0.0005 0.0003 
        035s 175 0.9896 0.0005 0.0013 0.0072 0.0008 0.0005 
        036s 175 0.9946 0.0004 0.0005 0.0004 0.0008 0.0033 
        037s 175 0.9700 0.0098 0.0003 0.0004 0.0192 0.0003 
        038s 175 0.9831 0.0005 0.0129 0.0030 0.0004 0.0002 
        039s 175 0.9937 0.0022 0.0005 0.0018 0.0009 0.0010 
        040s 175 0.9960 0.0018 0.0008 0.0005 0.0005 0.0004 
        041s 175 0.9944 0.0007 0.0008 0.0025 0.0010 0.0006 
        042s 175 0.9815 0.0010 0.0006 0.0012 0.0018 0.0139 
        043s 175 0.9888 0.0040 0.0007 0.0044 0.0013 0.0009 
        044s 175 0.9960 0.0012 0.0006 0.0012 0.0004 0.0007 
        045s 175 0.9172 0.0004 0.0008 0.0799 0.0008 0.0008 
        046s 175 0.9934 0.0020 0.0016 0.0008 0.0010 0.0012 
        047s 175 0.9874 0.0081 0.0003 0.0007 0.0007 0.0028 
        048s 175 0.9889 0.0005 0.0071 0.0009 0.0015 0.0011 
        049s 175 0.9379 0.0006 0.0006 0.0580 0.0010 0.0018 
        050s 175 0.8392 0.0836 0.0005 0.0743 0.0003 0.0020 
        001s 176 0.9351 0.0007 0.0169 0.0405 0.0056 0.0011 
        002s 176 0.9824 0.0028 0.0086 0.0010 0.0049 0.0003 
        003s 176 0.9952 0.0009 0.0007 0.0021 0.0004 0.0007 
        004s 176 0.9835 0.0013 0.0117 0.0011 0.0003 0.0021 
        005s 176 0.9771 0.0212 0.0003 0.0007 0.0002 0.0004 
        006s 176 0.9911 0.0008 0.0003 0.0003 0.0058 0.0018 
        007s 176 0.9134 0.0008 0.0239 0.0603 0.0002 0.0014 
        008s 176 0.9971 0.0003 0.0005 0.0003 0.0005 0.0013 
        009s 176 0.9906 0.0067 0.0011 0.0005 0.0002 0.0009 
        010s 176 0.9963 0.0003 0.0010 0.0014 0.0003 0.0007 
        011s 176 0.9926 0.0039 0.0004 0.0003 0.0025 0.0003 
        012s 176 0.9260 0.0006 0.0014 0.0705 0.0007 0.0008 
        013s 176 0.9856 0.0026 0.0057 0.0033 0.0018 0.0010 
        014s 176 0.9918 0.0005 0.0049 0.0006 0.0013 0.0009 
        015s 176 0.9885 0.0012 0.0002 0.0021 0.0005 0.0075 
        016s 176 0.9924 0.0009 0.0004 0.0009 0.0003 0.0051 
        017s 176 0.9982 0.0003 0.0003 0.0002 0.0003 0.0008 
        018s 176 0.9888 0.0085 0.0005 0.0005 0.0002 0.0014 
        019s 176 0.9576 0.0004 0.0358 0.0025 0.0026 0.0011 
        020s 176 0.9934 0.0011 0.0004 0.0037 0.0005 0.0009 
        021s 176 0.9888 0.0012 0.0009 0.0012 0.0073 0.0006 
        022s 176 0.9814 0.0007 0.0004 0.0004 0.0154 0.0018 
        023s 176 0.9179 0.0002 0.0005 0.0003 0.0019 0.0791 
        024s 176 0.9468 0.0011 0.0469 0.0006 0.0032 0.0014 
        025s 176 0.9872 0.0028 0.0008 0.0030 0.0045 0.0017 
        026s 176 0.9844 0.0016 0.0092 0.0008 0.0034 0.0006 
        027s 176 0.9973 0.0010 0.0002 0.0006 0.0003 0.0006 
        028s 176 0.9932 0.0008 0.0035 0.0005 0.0009 0.0011 
        029s 176 0.9909 0.0022 0.0041 0.0003 0.0020 0.0005 
        030s 176 0.9371 0.0004 0.0068 0.0550 0.0005 0.0003 
        031s 176 0.9911 0.0010 0.0008 0.0042 0.0025 0.0004 
        032s 176 0.9235 0.0152 0.0005 0.0597 0.0004 0.0006 
        033s 176 0.8686 0.0166 0.0059 0.0797 0.0264 0.0027 
        034s 176 0.9974 0.0007 0.0005 0.0009 0.0004 0.0001 
        035s 176 0.9234 0.0649 0.0014 0.0093 0.0005 0.0006 
        036s 176 0.9964 0.0004 0.0017 0.0003 0.0010 0.0002 
        037s 176 0.9226 0.0169 0.0175 0.0377 0.0024 0.0028 
        038s 176 0.9965 0.0007 0.0005 0.0006 0.0007 0.0010 
        039s 176 0.9977 0.0003 0.0002 0.0008 0.0006 0.0004 
        040s 176 0.9982 0.0007 0.0003 0.0004 0.0002 0.0003 
        041s 176 0.9936 0.0006 0.0010 0.0008 0.0005 0.0035 
        042s 176 0.9974 0.0004 0.0005 0.0004 0.0005 0.0008 
        043s 176 0.9616 0.0085 0.0021 0.0009 0.0251 0.0017 
        044s 176 0.9957 0.0002 0.0018 0.0011 0.0009 0.0003 
        045s 176 0.9889 0.0009 0.0023 0.0043 0.0027 0.0009 
        046s 176 0.9962 0.0003 0.0005 0.0018 0.0007 0.0005 
        047s 176 0.9893 0.0014 0.0040 0.0002 0.0007 0.0044 
        048s 176 0.9824 0.0004 0.0008 0.0048 0.0037 0.0080 
        050s 176 0.9884 0.0082 0.0008 0.0019 0.0004 0.0003 
        001s 177 0.9324 0.0090 0.0005 0.0486 0.0017 0.0077 
        002s 177 0.9972 0.0011 0.0006 0.0003 0.0002 0.0005 
        003s 177 0.9169 0.0075 0.0008 0.0247 0.0066 0.0435 
        004s 177 0.9948 0.0020 0.0013 0.0003 0.0014 0.0002 
        005s 177 0.9938 0.0003 0.0035 0.0018 0.0002 0.0005 
        006s 177 0.9724 0.0017 0.0007 0.0224 0.0002 0.0026 
        007s 177 0.9652 0.0006 0.0324 0.0014 0.0002 0.0002 
        008s 177 0.8416 0.0008 0.0012 0.1115 0.0412 0.0038 
        009s 177 0.9977 0.0007 0.0004 0.0003 0.0006 0.0003 
        010s 177 0.9557 0.0007 0.0008 0.0399 0.0020 0.0009 
        011s 177 0.9967 0.0008 0.0004 0.0006 0.0013 0.0002 
        012s 177 0.9926 0.0006 0.0039 0.0020 0.0004 0.0004 
        013s 177 0.9907 0.0021 0.0003 0.0010 0.0009 0.0049 
        014s 177 0.9514 0.0014 0.0065 0.0390 0.0004 0.0014 
        015s 177 0.9896 0.0024 0.0005 0.0010 0.0058 0.0008 
        016s 177 0.9981 0.0004 0.0002 0.0005 0.0002 0.0006 
        017s 177 0.9604 0.0009 0.0243 0.0009 0.0125 0.0009 
        018s 177 0.9791 0.0004 0.0014 0.0160 0.0010 0.0022 
        019s 177 0.9925 0.0045 0.0002 0.0009 0.0015 0.0005 
        020s 177 0.9925 0.0033 0.0015 0.0011 0.0009 0.0007 
        021s 177 0.9962 0.0017 0.0003 0.0003 0.0010 0.0004 
        022s 177 0.9722 0.0144 0.0004 0.0037 0.0089 0.0004 
        023s 177 0.9530 0.0017 0.0019 0.0002 0.0413 0.0020 
        024s 177 0.9957 0.0017 0.0015 0.0004 0.0002 0.0005 
        025s 177 0.9942 0.0006 0.0028 0.0007 0.0013 0.0004 
        026s 177 0.9957 0.0021 0.0009 0.0007 0.0002 0.0005 
        027s 177 0.9969 0.0009 0.0004 0.0004 0.0004 0.0010 
        028s 177 0.9967 0.0007 0.0006 0.0003 0.0003 0.0013 
        029s 177 0.9307 0.0018 0.0050 0.0308 0.0314 0.0003 
        030s 177 0.9806 0.0019 0.0075 0.0073 0.0008 0.0018 
        031s 177 0.9814 0.0131 0.0037 0.0004 0.0005 0.0009 
        032s 177 0.9670 0.0005 0.0013 0.0292 0.0015 0.0005 
        033s 177 0.9949 0.0030 0.0003 0.0010 0.0003 0.0005 
        034s 177 0.9961 0.0005 0.0016 0.0009 0.0004 0.0004 
        035s 177 0.9983 0.0003 0.0004 0.0002 0.0003 0.0006 
        036s 177 0.8868 0.0627 0.0492 0.0002 0.0005 0.0006 
        037s 177 0.9795 0.0025 0.0035 0.0094 0.0045 0.0006 
        038s 177 0.9656 0.0009 0.0003 0.0293 0.0016 0.0023 
        039s 177 0.9928 0.0008 0.0007 0.0013 0.0005 0.0039 
        040s 177 0.9636 0.0009 0.0007 0.0019 0.0325 0.0003 
        041s 177 0.9023 0.0005 0.0117 0.0819 0.0034 0.0003 
        042s 177 0.9283 0.0003 0.0004 0.0696 0.0006 0.0008 
        043s 177 0.9983 0.0004 0.0003 0.0003 0.0002 0.0005 
        044s 177 0.9967 0.0006 0.0002 0.0010 0.0011 0.0004 
        045s 177 0.9657 0.0016 0.0006 0.0226 0.0011 0.0083 
        046s 177 0.9963 0.0006 0.0008 0.0002 0.0017 0.0004 
        047s 177 0.9929 0.0026 0.0010 0.0008 0.0015 0.0013 
        048s 177 0.9845 0.0003 0.0092 0.0006 0.0052 0.0002 
        049s 177 0.9707 0.0010 0.0021 0.0099 0.0159 0.0003 
        050s 177 0.9940 0.0005 0.0003 0.0003 0.0010 0.0038 
        001s 178 0.9182 0.0010 0.0003 0.0779 0.0004 0.0021 
        002s 178 0.9912 0.0029 0.0006 0.0029 0.0020 0.0004 
        003s 178 0.9921 0.0005 0.0011 0.0042 0.0011 0.0012 
        004s 178 0.9838 0.0003 0.0030 0.0016 0.0005 0.0108 
        005s 178 0.9923 0.0003 0.0048 0.0005 0.0006 0.0015 
        006s 178 0.8949 0.0570 0.0103 0.0186 0.0036 0.0156 
        007s 178 0.9926 0.0005 0.0004 0.0003 0.0058 0.0004 
        008s 178 0.8709 0.0005 0.0001 0.1268 0.0006 0.0011 
        009s 178 0.9823 0.0012 0.0005 0.0005 0.0143 0.0012 
        010s 178 0.9972 0.0010 0.0002 0.0009 0.0005 0.0003 
        011s 178 0.9969 0.0004 0.0007 0.0007 0.0005 0.0007 
        012s 178 0.9951 0.0005 0.0006 0.0022 0.0011 0.0004 
        013s 178 0.9915 0.0027 0.0003 0.0004 0.0002 0.0049 
        014s 178 0.9321 0.0098 0.0006 0.0562 0.0009 0.0003 
        015s 178 0.9940 0.0005 0.0014 0.0026 0.0011 0.0005 
        016s 178 0.9878 0.0010 0.0036 0.0033 0.0021 0.0022 
        017s 178 0.9399 0.0012 0.0003 0.0567 0.0010 0.0010 
        018s 178 0.9937 0.0018 0.0022 0.0008 0.0005 0.0010 
        019s 178 0.9949 0.0003 0.0022 0.0018 0.0003 0.0004 
        020s 178 0.9975 0.0002 0.0004 0.0007 0.0003 0.0010 
        021s 178 0.9805 0.0009 0.0088 0.0040 0.0050 0.0008 
        022s 178 0.9964 0.0003 0.0004 0.0014 0.0009 0.0005 
        023s 178 0.8754 0.0272 0.0013 0.0898 0.0057 0.0005 
        024s 178 0.9971 0.0010 0.0003 0.0007 0.0004 0.0005 
        025s 178 0.9290 0.0006 0.0007 0.0690 0.0005 0.0003 
        026s 178 0.9957 0.0007 0.0003 0.0003 0.0012 0.0018 
        027s 178 0.9594 0.0009 0.0269 0.0101 0.0010 0.0017 
        028s 178 0.9355 0.0080 0.0006 0.0014 0.0479 0.0066 
        029s 178 0.9565 0.0004 0.0004 0.0005 0.0421 0.0002 
        030s 178 0.9839 0.0045 0.0063 0.0010 0.0039 0.0005 
        031s 178 0.9813 0.0002 0.0002 0.0004 0.0005 0.0174 
        032s 178 0.9966 0.0005 0.0004 0.0002 0.0008 0.0014 
        033s 178 0.9677 0.0005 0.0080 0.0201 0.0016 0.0021 
        034s 178 0.9970 0.0005 0.0011 0.0004 0.0002 0.0008 
        035s 178 0.9946 0.0022 0.0007 0.0010 0.0004 0.0012 
        036s 178 0.9979 0.0005 0.0003 0.0002 0.0006 0.0005 
        037s 178 0.9933 0.0052 0.0004 0.0005 0.0003 0.0003 
        039s 178 0.9700 0.0055 0.0017 0.0017 0.0199 0.0012 
        040s 178 0.9086 0.0023 0.0194 0.0679 0.0003 0.0015 
        041s 178 0.9963 0.0005 0.0007 0.0002 0.0017 0.0007 
        042s 178 0.9402 0.0040 0.0092 0.0258 0.0009 0.0200 
        043s 178 0.9227 0.0061 0.0086 0.0013 0.0137 0.0476 
        044s 178 0.9120 0.0012 0.0038 0.0037 0.0790 0.0002 
        045s 178 0.9946 0.0014 0.0024 0.0004 0.0007 0.0005 
        046s 178 0.9961 0.0003 0.0014 0.0009 0.0005 0.0009 
        047s 178 0.9477 0.0005 0.0489 0.0004 0.0012 0.0014 
        048s 178 0.9559 0.0164 0.0018 0.0239 0.0010 0.0011 
        049s 178 0.9898 0.0042 0.0010 0.0020 0.0027 0.0004 
        050s 178 0.9013 0.0023 0.0106 0.0724 0.0025 0.0109 
          01 179 0.9155 0.0183 0.0037 0.0555 0.0067 0.0003 
          02 179 0.9948 0.0018 0.0009 0.0005 0.0008 0.0012 
          03 179 0.8657 0.0008 0.0129 0.1175 0.0027 0.0003 
          04 179 0.9905 0.0038 0.0005 0.0015 0.0032 0.0004 
          05 179 0.9314 0.0008 0.0009 0.0639 0.0015 0.0016 
          06 179 0.9874 0.0004 0.0017 0.0028 0.0002 0.0075 
          07 179 0.9910 0.0049 0.0016 0.0012 0.0011 0.0002 
          08 179 0.9920 0.0048 0.0006 0.0003 0.0005 0.0018 
          09 179 0.9970 0.0010 0.0002 0.0008 0.0002 0.0007 
          10 179 0.9532 0.0033 0.0004 0.0422 0.0006 0.0003 
          11 179 0.9091 0.0004 0.0165 0.0730 0.0007 0.0003 
          12 179 0.9941 0.0021 0.0010 0.0013 0.0002 0.0014 
          13 179 0.9957 0.0004 0.0014 0.0002 0.0006 0.0017 
          14 179 0.8820 0.0034 0.0011 0.1126 0.0003 0.0007 
          15 179 0.9865 0.0009 0.0052 0.0014 0.0053 0.0007 
          16 179 0.9642 0.0006 0.0007 0.0322 0.0007 0.0017 
          17 179 0.9738 0.0217 0.0028 0.0005 0.0005 0.0007 
          18 179 0.9940 0.0027 0.0008 0.0007 0.0006 0.0012 
          19 179 0.9748 0.0007 0.0012 0.0201 0.0019 0.0014 
          20 179 0.8539 0.0887 0.0009 0.0491 0.0022 0.0052 
          21 179 0.9984 0.0006 0.0002 0.0002 0.0003 0.0004 
          22 179 0.9474 0.0010 0.0075 0.0258 0.0005 0.0178 
          23 179 0.9928 0.0006 0.0002 0.0039 0.0020 0.0005 
        001s 180 0.9291 0.0284 0.0026 0.0385 0.0007 0.0006 
        002s 180 0.9929 0.0024 0.0003 0.0021 0.0021 0.0004 
        003s 180 0.9937 0.0015 0.0014 0.0007 0.0003 0.0024 
        004s 180 0.9969 0.0007 0.0004 0.0004 0.0014 0.0003 
        005s 180 0.9624 0.0292 0.0014 0.0055 0.0013 0.0002 
        006s 180 0.8968 0.0003 0.0041 0.0973 0.0006 0.0009 
        007s 180 0.9954 0.0005 0.0026 0.0004 0.0005 0.0006 
        008s 180 0.9909 0.0005 0.0064 0.0012 0.0006 0.0005 
        009s 180 0.9898 0.0013 0.0002 0.0078 0.0003 0.0006 
        010s 180 0.9888 0.0009 0.0005 0.0012 0.0003 0.0082 
        011s 180 0.9862 0.0006 0.0120 0.0004 0.0004 0.0003 
        012s 180 0.9744 0.0007 0.0215 0.0020 0.0003 0.0010 
        013s 180 0.9914 0.0037 0.0012 0.0006 0.0007 0.0023 
        014s 180 0.9712 0.0009 0.0010 0.0260 0.0005 0.0004 
        015s 180 0.9955 0.0016 0.0008 0.0012 0.0004 0.0005 
        016s 180 0.9354 0.0116 0.0003 0.0490 0.0008 0.0029 
        017s 180 0.9961 0.0007 0.0009 0.0009 0.0007 0.0007 
        018s 180 0.9027 0.0004 0.0003 0.0956 0.0004 0.0006 
        019s 180 0.9956 0.0012 0.0003 0.0007 0.0015 0.0006 
        020s 180 0.9859 0.0080 0.0022 0.0007 0.0013 0.0019 
        021s 180 0.9927 0.0016 0.0035 0.0011 0.0005 0.0006 
        022s 180 0.9812 0.0008 0.0005 0.0161 0.0011 0.0003 
        023s 180 0.9910 0.0034 0.0002 0.0049 0.0002 0.0003 
        024s 180 0.9804 0.0038 0.0013 0.0137 0.0002 0.0006 
        025s 180 0.9844 0.0005 0.0004 0.0083 0.0056 0.0008 
        026s 180 0.9887 0.0004 0.0004 0.0011 0.0063 0.0032 
        027s 180 0.9892 0.0008 0.0011 0.0079 0.0005 0.0005 
        028s 180 0.9930 0.0008 0.0034 0.0012 0.0007 0.0010 
        029s 180 0.9154 0.0656 0.0018 0.0048 0.0043 0.0082 
        030s 180 0.9890 0.0003 0.0020 0.0002 0.0021 0.0063 
        031s 180 0.9964 0.0016 0.0003 0.0011 0.0003 0.0003 
        032s 180 0.9761 0.0005 0.0002 0.0033 0.0045 0.0153 
        033s 180 0.9865 0.0002 0.0004 0.0094 0.0005 0.0030 
        034s 180 0.9905 0.0004 0.0011 0.0011 0.0058 0.0011 
        035s 180 0.9462 0.0093 0.0004 0.0420 0.0006 0.0015 
        036s 180 0.9939 0.0007 0.0003 0.0007 0.0004 0.0039 
        037s 180 0.9911 0.0011 0.0003 0.0033 0.0009 0.0033 
        038s 180 0.9960 0.0003 0.0013 0.0008 0.0011 0.0006 
        039s 180 0.9946 0.0013 0.0007 0.0009 0.0019 0.0005 
        041s 180 0.9975 0.0003 0.0005 0.0005 0.0008 0.0004 
        042s 180 0.9908 0.0053 0.0006 0.0009 0.0016 0.0007 
        043s 180 0.9852 0.0017 0.0015 0.0019 0.0015 0.0082 
        044s 180 0.9973 0.0003 0.0005 0.0008 0.0003 0.0008 
        045s 180 0.9821 0.0030 0.0060 0.0003 0.0072 0.0013 
        046s 180 0.9885 0.0013 0.0049 0.0025 0.0015 0.0015 
        047s 180 0.9325 0.0013 0.0001 0.0633 0.0016 0.0012 
        048s 180 0.9967 0.0007 0.0005 0.0007 0.0009 0.0004 
        049s 180 0.9971 0.0003 0.0008 0.0003 0.0007 0.0008 
        050s 180 0.9947 0.0003 0.0006 0.0003 0.0021 0.0020 
         001 181 0.0002 0.0002 0.0866 0.1707 0.7419 0.0005 
         002 181 0.0000 0.0000 0.0000 0.0001 0.9998 0.0000 
         003 181 0.0000 0.0000 0.0000 0.0000 0.9998 0.0000 
         004 181 0.0069 0.0002 0.0525 0.2062 0.7303 0.0040 
         005 181 0.0127 0.0029 0.1912 0.0507 0.7422 0.0003 
         006 181 0.0000 0.0000 0.0001 0.0001 0.9998 0.0000 
         007 181 0.0000 0.0000 0.0000 0.0000 0.9998 0.0000 
         008 181 0.0001 0.0001 0.0348 0.0002 0.9647 0.0001 
         009 181 0.0000 0.0000 0.0000 0.0000 0.9999 0.0000 
         010 181 0.0001 0.0001 0.0325 0.1158 0.7956 0.0558 
         011 181 0.0000 0.0001 0.0001 0.0001 0.9996 0.0001 
         012 181 0.0001 0.0011 0.1102 0.0977 0.7907 0.0002 
         013 181 0.0016 0.0002 0.1447 0.0536 0.7990 0.0007 
         014 181 0.0004 0.0002 0.1581 0.0861 0.7550 0.0002 
         015 181 0.0000 0.0000 0.0001 0.0001 0.9997 0.0001 
         016 181 0.0006 0.0007 0.0266 0.1375 0.8344 0.0002 
         017 181 0.0000 0.0000 0.0001 0.0000 0.9998 0.0000 
         018 181 0.0002 0.0001 0.1382 0.1452 0.7155 0.0008 
         019 181 0.0272 0.0008 0.0073 0.1371 0.8274 0.0001 
         020 181 0.0000 0.0000 0.0001 0.0000 0.9998 0.0000 
         021 181 0.0000 0.0000 0.0001 0.0001 0.9998 0.0000 
         022 181 0.0000 0.0000 0.0000 0.0000 0.9998 0.0000 
         023 181 0.0001 0.0001 0.0005 0.0001 0.9992 0.0001 
         024 181 0.0078 0.0008 0.0755 0.0002 0.9144 0.0013 
         025 181 0.0002 0.0001 0.1066 0.0003 0.8927 0.0001 
         026 181 0.0000 0.0000 0.0000 0.0001 0.9998 0.0000 
         027 181 0.0000 0.0000 0.0000 0.0000 0.9998 0.0000 
         028 181 0.0000 0.0000 0.0000 0.0000 0.9999 0.0000 
         029 181 0.0001 0.0001 0.0319 0.0001 0.9676 0.0001 
         030 181 0.0001 0.0001 0.0003 0.0002 0.9992 0.0001 
         001 182 0.0001 0.0000 0.9434 0.0001 0.0564 0.0001 
         002 182 0.0000 0.0000 0.9998 0.0000 0.0001 0.0000 
         003 182 0.0002 0.0002 0.8759 0.0317 0.0401 0.0519 
         004 182 0.0001 0.0001 0.6558 0.2031 0.1408 0.0001 
         005 182 0.0002 0.0001 0.8984 0.0289 0.0721 0.0003 
         006 182 0.0557 0.0036 0.5292 0.2441 0.1672 0.0002 
         007 182 0.0008 0.0002 0.8748 0.0894 0.0321 0.0027 
         008 182 0.0000 0.0000 0.9998 0.0000 0.0000 0.0000 
         009 182 0.0000 0.0000 0.9998 0.0001 0.0001 0.0000 
         010 182 0.0392 0.0006 0.4922 0.2596 0.2081 0.0004 
         011 182 0.0001 0.0001 0.8250 0.1248 0.0500 0.0001 
         012 182 0.0127 0.0016 0.6131 0.1750 0.1970 0.0005 
         013 182 0.0003 0.0006 0.7705 0.2232 0.0053 0.0001 
         014 182 0.0341 0.0043 0.5789 0.2353 0.1470 0.0005 
         015 182 0.0000 0.0000 0.9998 0.0000 0.0001 0.0000 
         016 182 0.0000 0.0000 0.9998 0.0000 0.0000 0.0000 
         017 182 0.0127 0.0003 0.5010 0.2060 0.2796 0.0004 
         018 182 0.0000 0.0000 0.9998 0.0000 0.0001 0.0000 
         019 182 0.0000 0.0000 0.9998 0.0000 0.0000 0.0000 
         020 182 0.0000 0.0000 0.9994 0.0000 0.0005 0.0000 
         021 182 0.0005 0.0004 0.8437 0.0573 0.0404 0.0576 
         022 182 0.0000 0.0000 0.9998 0.0000 0.0001 0.0000 
         023 182 0.0001 0.0001 0.6151 0.2489 0.1356 0.0001 
         024 182 0.0001 0.0000 0.7168 0.2183 0.0647 0.0001 
         025 182 0.0001 0.0001 0.9182 0.0004 0.0811 0.0001 
         026 182 0.0000 0.0000 0.9996 0.0001 0.0001 0.0001 
         027 182 0.0003 0.0002 0.5443 0.2187 0.2363 0.0002 
         028 182 0.0001 0.0001 0.8032 0.1339 0.0625 0.0001 
         029 182 0.0002 0.0002 0.7875 0.1427 0.0690 0.0004 
         030 182 0.0000 0.0000 0.9998 0.0000 0.0001 0.0000 
          10 183 0.9958 0.0020 0.0002 0.0003 0.0006 0.0010 
          11 183 0.9234 0.0717 0.0003 0.0043 0.0001 0.0002 
          12 183 0.9917 0.0060 0.0004 0.0002 0.0004 0.0012 
          13 183 0.9657 0.0006 0.0024 0.0234 0.0073 0.0006 
          14 183 0.9674 0.0112 0.0003 0.0002 0.0003 0.0207 
          15 183 0.9504 0.0396 0.0058 0.0027 0.0007 0.0007 
          16 183 0.9424 0.0019 0.0017 0.0118 0.0389 0.0033 
          17 183 0.9934 0.0025 0.0024 0.0003 0.0009 0.0005 
          18 183 0.9971 0.0011 0.0003 0.0003 0.0003 0.0008 
          19 183 0.9981 0.0010 0.0003 0.0002 0.0002 0.0003 
          20 183 0.9440 0.0004 0.0003 0.0533 0.0013 0.0006 
          21 183 0.9834 0.0135 0.0005 0.0020 0.0004 0.0001 
          22 183 0.9603 0.0308 0.0016 0.0043 0.0010 0.0020 
          23 183 0.9813 0.0004 0.0033 0.0008 0.0077 0.0065 
          24 183 0.9778 0.0206 0.0002 0.0005 0.0003 0.0006 
          25 183 0.9884 0.0077 0.0011 0.0015 0.0005 0.0008 
          26 183 0.9909 0.0006 0.0054 0.0019 0.0007 0.0005 
          27 183 0.9581 0.0131 0.0144 0.0139 0.0003 0.0002 
          28 183 0.9702 0.0218 0.0025 0.0047 0.0003 0.0006 
          29 183 0.2762 0.0275 0.3782 0.1419 0.1758 0.0004 
          30 183 0.0987 0.0632 0.3133 0.2935 0.2310 0.0003 
          31 183 0.9933 0.0047 0.0006 0.0004 0.0007 0.0003 
          32 183 0.9980 0.0002 0.0004 0.0002 0.0002 0.0009 
          33 183 0.9878 0.0014 0.0023 0.0065 0.0002 0.0018 
          34 183 0.9723 0.0246 0.0002 0.0006 0.0002 0.0020 
          35 183 0.9467 0.0118 0.0388 0.0016 0.0005 0.0006 
          36 183 0.9933 0.0045 0.0004 0.0004 0.0003 0.0010 
          37 183 0.1669 0.0280 0.3233 0.2679 0.2134 0.0005 
          54 183 0.9414 0.0008 0.0541 0.0028 0.0007 0.0002 
          55 183 0.8287 0.0603 0.0044 0.1029 0.0008 0.0029 
           6 183 0.9564 0.0008 0.0003 0.0407 0.0011 0.0007 
           7 183 0.8911 0.0043 0.0361 0.0658 0.0024 0.0003 
           8 183 0.9438 0.0035 0.0480 0.0023 0.0004 0.0020 
           9 183 0.9769 0.0130 0.0069 0.0005 0.0014 0.0013 
           4 184 0.9955 0.0006 0.0006 0.0012 0.0017 0.0005 
           9 184 0.9947 0.0004 0.0002 0.0013 0.0006 0.0028 
          12 184 0.9703 0.0002 0.0012 0.0009 0.0269 0.0005 
          14 184 0.9908 0.0063 0.0005 0.0008 0.0006 0.0010 
          15 184 0.9960 0.0021 0.0004 0.0005 0.0003 0.0006 
          16 184 0.9852 0.0010 0.0003 0.0005 0.0079 0.0052 
          17 184 0.9799 0.0010 0.0160 0.0004 0.0009 0.0018 
          18 184 0.8988 0.0011 0.0008 0.0981 0.0008 0.0004 
          22 184 0.9971 0.0004 0.0011 0.0003 0.0003 0.0009 
          25 184 0.9883 0.0007 0.0018 0.0078 0.0005 0.0010 
          26 184 0.9746 0.0022 0.0031 0.0004 0.0006 0.0191 
          27 184 0.9963 0.0003 0.0017 0.0002 0.0012 0.0002 
          28 184 0.9977 0.0009 0.0003 0.0003 0.0004 0.0004 
          29 184 0.9984 0.0007 0.0003 0.0002 0.0002 0.0003 
          31 184 0.9957 0.0004 0.0014 0.0007 0.0012 0.0005 
          32 184 0.9922 0.0020 0.0032 0.0007 0.0012 0.0008 
          33 184 0.9944 0.0021 0.0004 0.0012 0.0005 0.0014 
          34 184 0.9978 0.0005 0.0003 0.0004 0.0005 0.0006 
          36 184 0.5813 0.0003 0.0424 0.3248 0.0509 0.0002 
          37 184 0.9656 0.0005 0.0312 0.0016 0.0003 0.0009 
          39 184 0.9738 0.0107 0.0035 0.0013 0.0101 0.0005 
          40 184 0.9877 0.0024 0.0003 0.0018 0.0069 0.0009 
          41 184 0.9806 0.0014 0.0066 0.0104 0.0003 0.0007 
          42 184 0.9929 0.0003 0.0016 0.0008 0.0008 0.0037 
          43 184 0.9943 0.0007 0.0038 0.0003 0.0004 0.0006 
          44 184 0.9155 0.0057 0.0051 0.0727 0.0006 0.0003 
          45 184 0.9972 0.0007 0.0003 0.0002 0.0002 0.0014 
          46 184 0.9858 0.0002 0.0004 0.0005 0.0125 0.0006 
          47 184 0.9986 0.0005 0.0002 0.0002 0.0003 0.0002 
          48 184 0.9957 0.0025 0.0003 0.0004 0.0008 0.0004 
          52 184 0.9158 0.0003 0.0011 0.0801 0.0020 0.0007 
          54 184 0.9959 0.0002 0.0004 0.0014 0.0003 0.0017 
          57 184 0.9968 0.0006 0.0004 0.0005 0.0012 0.0006 
          58 184 0.9966 0.0010 0.0008 0.0008 0.0005 0.0004 
          59 184 0.9508 0.0008 0.0017 0.0065 0.0401 0.0001 
          60 184 0.9870 0.0086 0.0003 0.0014 0.0003 0.0023 
           3 185 0.9606 0.0091 0.0006 0.0247 0.0041 0.0009 
           4 185 0.9942 0.0022 0.0016 0.0004 0.0006 0.0010 
           5 185 0.9908 0.0004 0.0013 0.0005 0.0011 0.0059 
           6 185 0.9971 0.0006 0.0005 0.0008 0.0004 0.0006 
           7 185 0.8964 0.0003 0.0004 0.1005 0.0007 0.0016 
           8 185 0.9462 0.0017 0.0430 0.0062 0.0025 0.0005 
           9 185 0.9944 0.0018 0.0004 0.0018 0.0011 0.0005 
          10 185 0.9924 0.0037 0.0005 0.0014 0.0006 0.0014 
          11 185 0.9430 0.0016 0.0007 0.0317 0.0222 0.0008 
          12 185 0.8870 0.0013 0.0306 0.0793 0.0010 0.0007 
          13 185 0.9977 0.0004 0.0004 0.0004 0.0006 0.0005 
          14 185 0.9956 0.0007 0.0005 0.0003 0.0022 0.0006 
          15 185 0.7081 0.2365 0.0014 0.0084 0.0002 0.0454 
          16 185 0.9951 0.0012 0.0003 0.0023 0.0007 0.0005 
          17 185 0.9188 0.0425 0.0366 0.0004 0.0003 0.0014 
          18 185 0.9945 0.0006 0.0004 0.0011 0.0002 0.0032 
          19 185 0.9762 0.0221 0.0004 0.0006 0.0002 0.0005 
          20 185 0.8789 0.0009 0.0214 0.0818 0.0166 0.0003 
          21 185 0.9855 0.0078 0.0020 0.0021 0.0013 0.0013 
          22 185 0.9431 0.0504 0.0013 0.0040 0.0007 0.0004 
          23 185 0.9193 0.0018 0.0007 0.0778 0.0002 0.0002 
          24 185 0.9932 0.0004 0.0004 0.0001 0.0056 0.0003 
          25 185 0.9303 0.0054 0.0177 0.0451 0.0012 0.0002 
          26 185 0.9938 0.0012 0.0004 0.0010 0.0027 0.0009 
          27 185 0.9967 0.0008 0.0004 0.0007 0.0003 0.0011 
          28 185 0.9973 0.0002 0.0005 0.0013 0.0004 0.0003 
          29 185 0.8120 0.0526 0.0097 0.1142 0.0020 0.0094 
          30 185 0.9843 0.0009 0.0123 0.0007 0.0015 0.0003 
          31 185 0.9857 0.0004 0.0016 0.0114 0.0007 0.0002 
          32 185 0.9883 0.0004 0.0086 0.0007 0.0010 0.0009 
          33 185 0.9775 0.0004 0.0192 0.0018 0.0007 0.0004 
          34 185 0.9954 0.0020 0.0009 0.0003 0.0010 0.0004 
          35 185 0.9505 0.0006 0.0022 0.0007 0.0009 0.0450 
          36 185 0.9955 0.0007 0.0004 0.0011 0.0011 0.0012 
          37 185 0.9830 0.0005 0.0030 0.0068 0.0065 0.0003 
          38 185 0.9109 0.0002 0.0058 0.0533 0.0294 0.0004 
          39 185 0.9039 0.0013 0.0010 0.0931 0.0003 0.0003 
          40 185 0.9952 0.0010 0.0003 0.0004 0.0018 0.0013 
          41 185 0.9958 0.0007 0.0002 0.0015 0.0004 0.0014 
          42 185 0.9970 0.0005 0.0004 0.0006 0.0011 0.0004 
           5 186 0.9907 0.0004 0.0007 0.0007 0.0003 0.0073 
           6 186 0.9945 0.0004 0.0006 0.0016 0.0004 0.0025 
           7 186 0.9825 0.0003 0.0131 0.0003 0.0033 0.0005 
           9 186 0.8939 0.0011 0.0004 0.1034 0.0007 0.0005 
          10 186 0.9639 0.0008 0.0155 0.0132 0.0053 0.0013 
          11 186 0.9916 0.0006 0.0005 0.0018 0.0051 0.0004 
          12 186 0.9962 0.0003 0.0016 0.0007 0.0005 0.0007 
          29 186 0.9842 0.0125 0.0006 0.0010 0.0011 0.0005 
          30 186 0.9957 0.0010 0.0005 0.0003 0.0003 0.0023 
          31 186 0.7726 0.1601 0.0044 0.0444 0.0048 0.0137 
          32 186 0.8885 0.0265 0.0002 0.0835 0.0007 0.0005 
          33 186 0.9966 0.0019 0.0002 0.0006 0.0002 0.0005 
          34 186 0.9602 0.0049 0.0068 0.0029 0.0058 0.0193 
          35 186 0.9976 0.0009 0.0002 0.0001 0.0007 0.0006 
          36 186 0.9950 0.0008 0.0007 0.0028 0.0004 0.0003 
          37 186 0.9484 0.0006 0.0487 0.0012 0.0007 0.0003 
          38 186 0.9651 0.0148 0.0017 0.0105 0.0073 0.0006 
          39 186 0.9962 0.0003 0.0007 0.0005 0.0004 0.0019 
          40 186 0.9973 0.0010 0.0007 0.0004 0.0003 0.0003 
          41 186 0.9887 0.0007 0.0066 0.0004 0.0024 0.0011 
          42 186 0.9975 0.0004 0.0006 0.0007 0.0003 0.0004 
          43 186 0.9717 0.0005 0.0226 0.0019 0.0006 0.0028 
          44 186 0.9946 0.0018 0.0003 0.0003 0.0003 0.0027 
          45 186 0.9978 0.0004 0.0003 0.0007 0.0003 0.0005 
          46 186 0.9896 0.0005 0.0005 0.0003 0.0004 0.0086 
          47 186 0.9641 0.0012 0.0335 0.0008 0.0002 0.0002 
          48 186 0.9959 0.0006 0.0009 0.0013 0.0002 0.0010 
          49 186 0.9986 0.0002 0.0002 0.0003 0.0003 0.0005 
          50 186 0.9810 0.0015 0.0114 0.0046 0.0010 0.0005 
          51 186 0.9978 0.0003 0.0003 0.0003 0.0004 0.0009 
          52 186 0.9940 0.0011 0.0011 0.0005 0.0008 0.0025 
          53 186 0.9953 0.0018 0.0015 0.0002 0.0005 0.0006 
          54 186 0.9945 0.0009 0.0009 0.0005 0.0003 0.0031 
          55 186 0.9879 0.0007 0.0005 0.0061 0.0006 0.0042 
          56 186 0.9958 0.0006 0.0007 0.0007 0.0020 0.0002 
          57 186 0.8995 0.0757 0.0051 0.0091 0.0003 0.0103 
          58 186 0.9948 0.0003 0.0034 0.0003 0.0004 0.0007 
          59 186 0.9904 0.0005 0.0056 0.0006 0.0027 0.0002 
          60 186 0.9955 0.0022 0.0002 0.0002 0.0004 0.0015 
           1 187 0.9406 0.0036 0.0528 0.0016 0.0003 0.0011 
           2 187 0.9926 0.0008 0.0026 0.0027 0.0006 0.0007 
           3 187 0.9564 0.0132 0.0007 0.0262 0.0025 0.0010 
           4 187 0.8713 0.0066 0.0376 0.0831 0.0008 0.0006 
           5 187 0.9949 0.0006 0.0003 0.0012 0.0003 0.0027 
           6 187 0.9874 0.0006 0.0058 0.0008 0.0010 0.0044 
           7 187 0.8515 0.0006 0.0014 0.1377 0.0051 0.0037 
           8 187 0.9934 0.0005 0.0004 0.0019 0.0008 0.0030 
           9 187 0.9981 0.0009 0.0002 0.0003 0.0002 0.0004 
          10 187 0.9809 0.0011 0.0042 0.0032 0.0097 0.0009 
          11 187 0.9958 0.0002 0.0014 0.0003 0.0021 0.0003 
          12 187 0.9975 0.0005 0.0008 0.0005 0.0004 0.0003 
          13 187 0.9756 0.0011 0.0003 0.0220 0.0006 0.0004 
          14 187 0.9950 0.0017 0.0004 0.0010 0.0006 0.0014 
          15 187 0.9872 0.0006 0.0006 0.0010 0.0036 0.0069 
          16 187 0.9780 0.0021 0.0011 0.0140 0.0031 0.0017 
          17 187 0.8965 0.0069 0.0376 0.0584 0.0001 0.0005 
          18 187 0.9953 0.0007 0.0010 0.0021 0.0004 0.0004 
          19 187 0.9971 0.0004 0.0003 0.0004 0.0006 0.0013 
          20 187 0.9900 0.0007 0.0003 0.0012 0.0006 0.0073 
          21 187 0.9088 0.0033 0.0209 0.0583 0.0048 0.0039 
          22 187 0.9928 0.0028 0.0003 0.0012 0.0024 0.0004 
          23 187 0.9985 0.0004 0.0002 0.0003 0.0003 0.0004 
          24 187 0.9206 0.0014 0.0103 0.0585 0.0082 0.0010 
          25 187 0.9928 0.0020 0.0004 0.0007 0.0012 0.0030 
          26 187 0.9949 0.0029 0.0007 0.0002 0.0003 0.0011 
          27 187 0.9982 0.0005 0.0002 0.0004 0.0003 0.0003 
          28 187 0.9742 0.0045 0.0163 0.0002 0.0037 0.0010 
          29 187 0.9882 0.0013 0.0004 0.0028 0.0068 0.0005 
          30 187 0.9578 0.0383 0.0013 0.0004 0.0016 0.0007 
          32 187 0.9335 0.0002 0.0048 0.0040 0.0570 0.0005 
          33 187 0.9738 0.0005 0.0008 0.0161 0.0085 0.0003 
          34 187 0.9931 0.0007 0.0003 0.0032 0.0005 0.0023 
          35 187 0.9788 0.0053 0.0017 0.0112 0.0009 0.0021 
          36 187 0.9961 0.0011 0.0004 0.0005 0.0006 0.0013 
          37 187 0.9856 0.0089 0.0006 0.0025 0.0017 0.0007 
          38 187 0.8144 0.0563 0.0087 0.0884 0.0010 0.0312 
           1 188 0.9928 0.0007 0.0018 0.0017 0.0024 0.0006 
           2 188 0.9620 0.0006 0.0332 0.0010 0.0011 0.0021 
           3 188 0.9573 0.0011 0.0027 0.0323 0.0036 0.0029 
           4 188 0.9528 0.0004 0.0142 0.0217 0.0033 0.0076 
           5 188 0.9933 0.0023 0.0018 0.0005 0.0008 0.0012 
           6 188 0.9979 0.0007 0.0002 0.0005 0.0004 0.0003 
           7 188 0.9971 0.0003 0.0009 0.0004 0.0002 0.0010 
           8 188 0.9667 0.0003 0.0142 0.0035 0.0150 0.0004 
           9 188 0.9730 0.0003 0.0079 0.0006 0.0003 0.0180 
          10 188 0.9801 0.0009 0.0069 0.0113 0.0002 0.0004 
          11 188 0.9975 0.0004 0.0003 0.0002 0.0004 0.0012 
          12 188 0.9475 0.0491 0.0003 0.0005 0.0017 0.0009 
          13 188 0.8953 0.0064 0.0593 0.0375 0.0010 0.0005 
          14 188 0.9143 0.0046 0.0434 0.0367 0.0008 0.0002 
          15 188 0.9961 0.0003 0.0010 0.0004 0.0002 0.0019 
          16 188 0.9453 0.0009 0.0020 0.0510 0.0003 0.0005 
          17 188 0.9944 0.0009 0.0033 0.0006 0.0004 0.0004 
          18 188 0.9503 0.0465 0.0006 0.0019 0.0003 0.0004 
          19 188 0.9930 0.0028 0.0017 0.0014 0.0003 0.0008 
          20 188 0.8645 0.0032 0.0007 0.1287 0.0019 0.0011 
          21 188 0.9598 0.0061 0.0003 0.0302 0.0007 0.0028 
          22 188 0.9697 0.0106 0.0132 0.0004 0.0006 0.0054 
          23 188 0.9437 0.0506 0.0015 0.0021 0.0017 0.0003 
          24 188 0.9693 0.0297 0.0003 0.0001 0.0002 0.0005 
          25 188 0.9477 0.0487 0.0008 0.0007 0.0003 0.0017 
          26 188 0.9155 0.0006 0.0095 0.0722 0.0015 0.0007 
          27 188 0.9524 0.0011 0.0018 0.0019 0.0426 0.0003 
          28 188 0.9969 0.0002 0.0006 0.0006 0.0013 0.0004 
          29 188 0.8958 0.0020 0.0002 0.1008 0.0002 0.0011 
          30 188 0.9001 0.0007 0.0515 0.0462 0.0010 0.0005 
          31 188 0.9870 0.0039 0.0058 0.0018 0.0004 0.0011 
          32 188 0.9972 0.0004 0.0002 0.0012 0.0004 0.0006 
          33 188 0.9904 0.0033 0.0004 0.0054 0.0002 0.0003 
          34 188 0.9907 0.0069 0.0003 0.0003 0.0012 0.0005 
          35 188 0.9222 0.0385 0.0003 0.0288 0.0052 0.0051 
          36 188 0.8896 0.0014 0.0037 0.0572 0.0462 0.0019 
          37 188 0.9961 0.0004 0.0009 0.0005 0.0004 0.0016 
          38 188 0.9305 0.0010 0.0096 0.0103 0.0476 0.0009 
          39 188 0.9523 0.0010 0.0138 0.0285 0.0003 0.0041 
          40 188 0.9959 0.0006 0.0006 0.0004 0.0021 0.0005 
           7 189 0.9948 0.0004 0.0008 0.0012 0.0024 0.0004 
           8 189 0.9882 0.0007 0.0007 0.0005 0.0096 0.0003 
           9 189 0.9899 0.0019 0.0057 0.0009 0.0010 0.0006 
          10 189 0.9927 0.0003 0.0032 0.0010 0.0026 0.0003 
          11 189 0.9754 0.0032 0.0021 0.0003 0.0007 0.0182 
          12 189 0.9481 0.0004 0.0036 0.0402 0.0066 0.0010 
          13 189 0.9958 0.0020 0.0004 0.0004 0.0004 0.0010 
          14 189 0.9704 0.0046 0.0051 0.0160 0.0037 0.0002 
          16 189 0.8301 0.0026 0.0009 0.1619 0.0009 0.0036 
          17 189 0.9966 0.0010 0.0003 0.0007 0.0003 0.0011 
          18 189 0.9506 0.0023 0.0007 0.0386 0.0072 0.0006 
          19 189 0.9891 0.0059 0.0013 0.0004 0.0016 0.0018 
          20 189 0.9492 0.0005 0.0022 0.0413 0.0065 0.0004 
          21 189 0.9703 0.0006 0.0264 0.0016 0.0005 0.0005 
          23 189 0.9950 0.0024 0.0005 0.0003 0.0004 0.0013 
          24 189 0.9473 0.0005 0.0012 0.0011 0.0484 0.0015 
          25 189 0.9896 0.0013 0.0011 0.0056 0.0015 0.0009 
          26 189 0.9843 0.0017 0.0021 0.0055 0.0045 0.0019 
          27 189 0.9918 0.0021 0.0008 0.0010 0.0007 0.0036 
          28 189 0.9976 0.0005 0.0001 0.0001 0.0003 0.0014 
          29 189 0.9859 0.0010 0.0008 0.0004 0.0111 0.0009 
          30 189 0.9728 0.0139 0.0102 0.0004 0.0013 0.0014 
          31 189 0.9961 0.0020 0.0003 0.0003 0.0009 0.0003 
          32 189 0.9509 0.0004 0.0272 0.0102 0.0101 0.0013 
          33 189 0.9899 0.0059 0.0007 0.0005 0.0007 0.0022 
          34 189 0.9948 0.0003 0.0002 0.0008 0.0002 0.0037 
          35 189 0.9977 0.0004 0.0007 0.0003 0.0005 0.0003 
          36 189 0.9554 0.0009 0.0006 0.0169 0.0258 0.0004 
          37 189 0.9934 0.0044 0.0003 0.0003 0.0004 0.0013 
          38 189 0.9453 0.0017 0.0002 0.0478 0.0007 0.0042 
          39 189 0.9803 0.0006 0.0053 0.0005 0.0127 0.0006 
          40 189 0.8458 0.0010 0.0022 0.1481 0.0021 0.0008 
          41 189 0.9829 0.0041 0.0068 0.0019 0.0039 0.0003 
          42 189 0.7898 0.0027 0.0038 0.1760 0.0026 0.0251 
          43 189 0.9873 0.0006 0.0003 0.0099 0.0006 0.0012 
           1 190 0.8469 0.0010 0.0745 0.0752 0.0002 0.0022 
           3 190 0.9820 0.0134 0.0007 0.0026 0.0002 0.0011 
           4 190 0.9964 0.0006 0.0008 0.0006 0.0004 0.0011 
           5 190 0.9755 0.0008 0.0134 0.0095 0.0005 0.0003 
           6 190 0.9966 0.0007 0.0010 0.0002 0.0005 0.0009 
           7 190 0.9959 0.0015 0.0009 0.0004 0.0011 0.0002 
           8 190 0.9203 0.0393 0.0381 0.0008 0.0005 0.0010 
           9 190 0.5218 0.0888 0.1306 0.1953 0.0482 0.0153 
          10 190 0.9963 0.0006 0.0004 0.0014 0.0007 0.0005 
          11 190 0.9332 0.0004 0.0525 0.0006 0.0008 0.0126 
          12 190 0.9964 0.0008 0.0005 0.0003 0.0007 0.0013 
          13 190 0.9962 0.0004 0.0003 0.0012 0.0009 0.0010 
          14 190 0.9929 0.0005 0.0019 0.0006 0.0007 0.0035 
          15 190 0.9522 0.0022 0.0007 0.0163 0.0006 0.0281 
          16 190 0.9846 0.0005 0.0132 0.0004 0.0010 0.0003 
          17 190 0.9847 0.0007 0.0084 0.0006 0.0018 0.0037 
          18 190 0.9508 0.0017 0.0008 0.0457 0.0007 0.0003 
          19 190 0.9960 0.0010 0.0013 0.0005 0.0004 0.0007 
          20 190 0.9893 0.0084 0.0011 0.0004 0.0003 0.0006 
          22 190 0.8753 0.0011 0.0023 0.0854 0.0356 0.0003 
          23 190 0.9880 0.0010 0.0031 0.0009 0.0063 0.0007 
          24 190 0.9106 0.0005 0.0003 0.0875 0.0007 0.0004 
          25 190 0.9907 0.0003 0.0055 0.0014 0.0015 0.0006 
          26 190 0.9960 0.0015 0.0003 0.0002 0.0003 0.0018 
          27 190 0.9783 0.0007 0.0004 0.0035 0.0003 0.0169 
          28 190 0.9827 0.0007 0.0088 0.0012 0.0008 0.0057 
          29 190 0.9805 0.0002 0.0007 0.0066 0.0117 0.0004 
          31 190 0.9606 0.0002 0.0039 0.0129 0.0215 0.0009 
           7 191 0.9979 0.0006 0.0004 0.0006 0.0004 0.0002 
           8 191 0.9939 0.0005 0.0028 0.0005 0.0019 0.0004 
           9 191 0.9978 0.0004 0.0002 0.0004 0.0008 0.0004 
          10 191 0.9926 0.0054 0.0009 0.0005 0.0003 0.0003 
          11 191 0.9899 0.0005 0.0070 0.0006 0.0015 0.0005 
          12 191 0.8982 0.0009 0.0058 0.0215 0.0003 0.0733 
          13 191 0.9935 0.0008 0.0004 0.0038 0.0011 0.0004 
          14 191 0.9855 0.0004 0.0004 0.0050 0.0069 0.0017 
          15 191 0.9245 0.0020 0.0012 0.0704 0.0007 0.0013 
          16 191 0.9945 0.0028 0.0006 0.0007 0.0009 0.0005 
          17 191 0.8963 0.0541 0.0252 0.0169 0.0066 0.0010 
          18 191 0.9917 0.0005 0.0003 0.0004 0.0065 0.0005 
          19 191 0.9738 0.0052 0.0013 0.0044 0.0138 0.0015 
          20 191 0.9782 0.0014 0.0161 0.0025 0.0014 0.0003 
          21 191 0.9311 0.0235 0.0010 0.0391 0.0013 0.0041 
          22 191 0.9960 0.0004 0.0009 0.0007 0.0014 0.0005 
          23 191 0.9905 0.0009 0.0008 0.0069 0.0002 0.0006 
          24 191 0.9957 0.0004 0.0021 0.0012 0.0004 0.0003 
          25 191 0.9636 0.0008 0.0006 0.0319 0.0023 0.0008 
          26 191 0.8770 0.0017 0.0004 0.1074 0.0128 0.0007 
          27 191 0.9963 0.0007 0.0006 0.0006 0.0008 0.0010 
          28 191 0.9907 0.0036 0.0006 0.0003 0.0044 0.0004 
          29 191 0.9770 0.0205 0.0011 0.0005 0.0004 0.0005 
          30 191 0.9953 0.0003 0.0033 0.0005 0.0001 0.0005 
          39 191 0.9761 0.0007 0.0046 0.0004 0.0020 0.0162 
          40 191 0.9968 0.0004 0.0008 0.0007 0.0008 0.0006 
          41 191 0.9363 0.0034 0.0542 0.0053 0.0003 0.0004 
          42 191 0.9983 0.0003 0.0002 0.0004 0.0004 0.0004 
          43 191 0.9410 0.0009 0.0007 0.0565 0.0003 0.0007 
          44 191 0.9859 0.0059 0.0035 0.0026 0.0020 0.0002 
          45 191 0.9904 0.0029 0.0004 0.0004 0.0011 0.0047 
          46 191 0.8316 0.0185 0.0627 0.0865 0.0002 0.0005 
          47 191 0.9902 0.0013 0.0012 0.0044 0.0020 0.0009 
          48 191 0.9932 0.0012 0.0004 0.0005 0.0012 0.0035 
          49 191 0.9679 0.0095 0.0003 0.0019 0.0160 0.0044 
          50 191 0.9958 0.0008 0.0012 0.0009 0.0007 0.0006 
           9 192 0.9985 0.0002 0.0004 0.0003 0.0003 0.0003 
          10 192 0.9895 0.0002 0.0003 0.0014 0.0072 0.0014 
          11 192 0.9536 0.0054 0.0005 0.0397 0.0002 0.0006 
          12 192 0.9955 0.0006 0.0006 0.0017 0.0009 0.0006 
          13 192 0.9231 0.0007 0.0137 0.0460 0.0152 0.0012 
          14 192 0.9082 0.0687 0.0212 0.0014 0.0002 0.0003 
          15 192 0.9951 0.0012 0.0004 0.0002 0.0011 0.0019 
          16 192 0.9854 0.0006 0.0120 0.0004 0.0012 0.0004 
          17 192 0.9515 0.0007 0.0377 0.0025 0.0008 0.0068 
          18 192 0.9901 0.0010 0.0003 0.0074 0.0008 0.0004 
          19 192 0.9801 0.0003 0.0160 0.0006 0.0010 0.0020 
          20 192 0.9582 0.0011 0.0030 0.0128 0.0003 0.0246 
          21 192 0.9897 0.0005 0.0005 0.0002 0.0003 0.0087 
          22 192 0.9667 0.0094 0.0169 0.0016 0.0036 0.0018 
          23 192 0.8975 0.0014 0.0015 0.0982 0.0005 0.0009 
          24 192 0.9930 0.0005 0.0010 0.0006 0.0022 0.0027 
          33 192 0.9079 0.0006 0.0002 0.0791 0.0004 0.0116 
          35 192 0.9892 0.0017 0.0004 0.0006 0.0010 0.0071 
          36 192 0.9973 0.0003 0.0005 0.0004 0.0004 0.0011 
          37 192 0.9967 0.0006 0.0011 0.0003 0.0005 0.0008 
          38 192 0.9506 0.0007 0.0006 0.0362 0.0116 0.0003 
          39 192 0.9945 0.0006 0.0032 0.0007 0.0004 0.0006 
          40 192 0.9282 0.0003 0.0041 0.0646 0.0028 0.0001 
          41 192 0.9495 0.0017 0.0291 0.0179 0.0016 0.0002 
          42 192 0.9506 0.0025 0.0047 0.0405 0.0013 0.0003 
          43 192 0.9938 0.0023 0.0005 0.0004 0.0008 0.0023 
          45 192 0.9958 0.0009 0.0003 0.0004 0.0004 0.0022 
          46 192 0.9708 0.0016 0.0007 0.0006 0.0031 0.0232 
          47 192 0.9967 0.0007 0.0003 0.0010 0.0009 0.0003 
          48 192 0.9974 0.0007 0.0004 0.0004 0.0009 0.0003 
          49 192 0.9419 0.0009 0.0006 0.0042 0.0500 0.0024 
          50 192 0.9976 0.0005 0.0004 0.0004 0.0004 0.0007 
