        001s  1 0.0004 0.0010 0.9981 0.0004 
        002s  1 0.0014 0.0004 0.9975 0.0006 
        003s  1 0.0019 0.0120 0.9844 0.0016 
        004s  1 0.0389 0.0003 0.9558 0.0049 
        005s  1 0.4250 0.0004 0.5738 0.0007 
        006s  1 0.0005 0.0005 0.9987 0.0003 
        007s  1 0.0010 0.0008 0.9951 0.0031 
        008s  1 0.0030 0.0009 0.9953 0.0008 
        009s  1 0.0662 0.0019 0.9261 0.0058 
        010s  1 0.0036 0.0007 0.9954 0.0003 
        011s  1 0.0019 0.0046 0.9912 0.0023 
        012s  1 0.1278 0.0068 0.8646 0.0007 
        013s  1 0.0186 0.0010 0.9730 0.0074 
        014s  1 0.0165 0.0209 0.9562 0.0065 
        015s  1 0.0005 0.0007 0.9982 0.0005 
        016s  1 0.0010 0.0011 0.9901 0.0078 
        018s  1 0.1338 0.0012 0.8637 0.0013 
        019s  1 0.0030 0.0049 0.9908 0.0012 
        020s  1 0.0004 0.0086 0.9847 0.0064 
        021s  1 0.0008 0.0008 0.9934 0.0050 
        022s  1 0.0002 0.0004 0.9988 0.0007 
        023s  1 0.0004 0.0008 0.9901 0.0087 
        024s  1 0.0011 0.0005 0.9977 0.0007 
        025s  1 0.0057 0.0004 0.9928 0.0011 
        026s  1 0.0008 0.0049 0.9848 0.0095 
        027s  1 0.0070 0.0004 0.9904 0.0022 
        028s  1 0.1070 0.0013 0.8911 0.0007 
        029s  1 0.0006 0.0050 0.9936 0.0008 
        030s  1 0.0029 0.0086 0.9879 0.0005 
        031s  1 0.0003 0.0004 0.9982 0.0011 
        032s  1 0.0007 0.0009 0.9978 0.0006 
        033s  1 0.0036 0.0010 0.9945 0.0009 
        034s  1 0.0014 0.0026 0.9441 0.0519 
        035s  1 0.0021 0.0018 0.9954 0.0008 
        036s  1 0.0716 0.0003 0.9273 0.0009 
        037s  1 0.1152 0.0008 0.8252 0.0588 
        038s  1 0.0009 0.0006 0.9978 0.0007 
        039s  1 0.0029 0.0008 0.9959 0.0003 
        040s  1 0.0016 0.0005 0.9952 0.0027 
        041s  1 0.0010 0.0008 0.9955 0.0028 
        042s  1 0.0332 0.0012 0.8717 0.0939 
        043s  1 0.0120 0.0012 0.9864 0.0004 
        044s  1 0.1083 0.0021 0.8842 0.0053 
        045s  1 0.0036 0.0011 0.9947 0.0006 
        046s  1 0.0006 0.0019 0.9968 0.0006 
        047s  1 0.0004 0.0010 0.9939 0.0047 
        048s  1 0.0043 0.0005 0.9943 0.0009 
        049s  1 0.0011 0.0006 0.9978 0.0005 
        050s  1 0.0975 0.0003 0.9014 0.0008 
        051s  1 0.0003 0.0291 0.9696 0.0009 
        052s  1 0.0186 0.0149 0.9651 0.0013 
        053s  1 0.0009 0.0003 0.9983 0.0005 
        054s  1 0.0005 0.0027 0.9960 0.0008 
        055s  1 0.0763 0.0022 0.8389 0.0826 
          01  2 0.1092 0.0357 0.8526 0.0025 
          02  2 0.0147 0.0018 0.9827 0.0008 
          03  2 0.0012 0.0005 0.9973 0.0010 
          04  2 0.0188 0.0010 0.9689 0.0114 
          05  2 0.0906 0.0002 0.9087 0.0005 
          06  2 0.0280 0.0005 0.9710 0.0005 
          07  2 0.0133 0.0009 0.9852 0.0005 
          08  2 0.0423 0.0008 0.9561 0.0007 
          09  2 0.0003 0.0085 0.9909 0.0003 
          10  2 0.0010 0.0006 0.9980 0.0004 
          11  2 0.0039 0.0092 0.9833 0.0036 
          12  2 0.0008 0.0015 0.9971 0.0005 
          13  2 0.0004 0.0007 0.9984 0.0005 
          14  2 0.0007 0.0030 0.9790 0.0172 
          15  2 0.0005 0.0012 0.9971 0.0012 
          16  2 0.0328 0.0056 0.9574 0.0042 
          17  2 0.0017 0.0012 0.9961 0.0011 
          18  2 0.0243 0.0016 0.9733 0.0008 
          19  2 0.0005 0.0018 0.9935 0.0041 
          20  2 0.0698 0.0015 0.9230 0.0057 
          21  2 0.0010 0.0163 0.9823 0.0005 
          22  2 0.0049 0.0052 0.9844 0.0055 
          23  2 0.0020 0.0007 0.9953 0.0020 
          24  2 0.0005 0.0010 0.9978 0.0007 
          25  2 0.0287 0.0016 0.9687 0.0010 
          26  2 0.0006 0.0006 0.9986 0.0002 
          27  2 0.0084 0.0009 0.9876 0.0031 
          28  2 0.0005 0.0009 0.9951 0.0035 
          29  2 0.0008 0.0007 0.9981 0.0003 
          30  2 0.1206 0.0069 0.7732 0.0993 
          01  3 0.6259 0.0003 0.3647 0.0091 
          02  3 0.7884 0.0722 0.1355 0.0039 
          03  3 0.6126 0.0007 0.3855 0.0012 
          04  3 0.7902 0.0008 0.2069 0.0021 
          05  3 0.7533 0.1156 0.0008 0.1303 
          06  3 0.9084 0.0002 0.0905 0.0009 
          07  3 0.5973 0.0013 0.4010 0.0004 
          08  3 0.6749 0.0043 0.3096 0.0112 
          09  3 0.6604 0.0002 0.3286 0.0107 
          10  3 0.6285 0.2190 0.0167 0.1358 
          11  3 0.6957 0.0003 0.3037 0.0002 
          12  3 0.7057 0.0003 0.2932 0.0008 
          13  3 0.9676 0.0254 0.0066 0.0004 
          14  3 0.7872 0.0420 0.0049 0.1658 
          15  3 0.6342 0.0002 0.3629 0.0028 
          16  3 0.9166 0.0038 0.0780 0.0016 
          17  3 0.5609 0.0014 0.4368 0.0009 
          18  3 0.5420 0.1652 0.0047 0.2880 
          19  3 0.8235 0.0005 0.1709 0.0051 
          20  3 0.7399 0.0002 0.1872 0.0727 
          21  3 0.7347 0.0010 0.2533 0.0110 
          22  3 0.6755 0.0003 0.3170 0.0072 
          23  3 0.7475 0.0003 0.2510 0.0012 
          24  3 0.7419 0.1715 0.0815 0.0051 
          25  3 0.6096 0.2507 0.0004 0.1393 
          26  3 0.7522 0.0005 0.2464 0.0009 
          27  3 0.6317 0.1333 0.0493 0.1856 
          28  3 0.8996 0.0034 0.0967 0.0003 
          29  3 0.7974 0.0039 0.1781 0.0206 
          30  3 0.6701 0.0010 0.3286 0.0003 
         001  4 0.8913 0.0007 0.0012 0.1068 
         002  4 0.8563 0.0016 0.0771 0.0650 
         003  4 0.8766 0.0182 0.0169 0.0883 
         004  4 0.9330 0.0010 0.0006 0.0654 
         005  4 0.8570 0.0377 0.0010 0.1042 
         006  4 0.8819 0.0008 0.0839 0.0334 
         007  4 0.8171 0.0002 0.1017 0.0810 
         008  4 0.8207 0.0018 0.0521 0.1254 
         009  4 0.8948 0.0144 0.0011 0.0897 
         010  4 0.9990 0.0002 0.0004 0.0005 
         011  4 0.8356 0.0019 0.0100 0.1526 
         012  4 0.8599 0.0025 0.0253 0.1123 
         013  4 0.9559 0.0002 0.0232 0.0207 
         014  4 0.8703 0.0003 0.0444 0.0850 
         015  4 0.9968 0.0005 0.0009 0.0018 
         016  4 0.9291 0.0166 0.0007 0.0537 
         017  4 0.9007 0.0009 0.0963 0.0022 
         019  4 0.8903 0.0122 0.0019 0.0956 
         020  4 0.8392 0.0212 0.0492 0.0904 
         021  4 0.8771 0.0161 0.0100 0.0968 
         001  5 0.8525 0.0204 0.0114 0.1157 
         002  5 0.7757 0.0016 0.1275 0.0952 
         003  5 0.6905 0.0002 0.2183 0.0909 
         004  5 0.7642 0.0003 0.1397 0.0957 
         005  5 0.8600 0.0009 0.0386 0.1005 
         006  5 0.8895 0.0020 0.1044 0.0041 
         007  5 0.9123 0.0045 0.0051 0.0780 
         008  5 0.9242 0.0061 0.0152 0.0545 
         009  5 0.7637 0.0004 0.1592 0.0767 
         010  5 0.8473 0.0004 0.0575 0.0948 
         011  5 0.8433 0.0003 0.0141 0.1423 
         012  5 0.8199 0.0009 0.1039 0.0753 
         013  5 0.6750 0.0003 0.2975 0.0272 
         014  5 0.6559 0.0115 0.2306 0.1019 
         015  5 0.9310 0.0029 0.0025 0.0636 
         016  5 0.8688 0.0019 0.1036 0.0258 
         017  5 0.8081 0.0033 0.1835 0.0051 
         018  5 0.7573 0.0320 0.1230 0.0877 
         019  5 0.8523 0.0362 0.0258 0.0857 
         020  5 0.8696 0.0006 0.0208 0.1090 
         021  5 0.6691 0.0003 0.2334 0.0972 
         022  5 0.7509 0.0019 0.1202 0.1269 
         023  5 0.9154 0.0113 0.0040 0.0693 
         024  5 0.7663 0.0002 0.2031 0.0303 
         025  5 0.8086 0.0004 0.1637 0.0273 
         026  5 0.7078 0.0006 0.2729 0.0188 
         027  5 0.9058 0.0024 0.0263 0.0655 
         028  5 0.8117 0.0009 0.0988 0.0887 
         029  5 0.8735 0.0005 0.1202 0.0058 
         030  5 0.8253 0.0478 0.0309 0.0960 
        001s  6 0.0114 0.0008 0.9731 0.0148 
        002s  6 0.0088 0.0269 0.9631 0.0011 
        003s  6 0.0029 0.0003 0.9945 0.0022 
        004s  6 0.0003 0.0005 0.9986 0.0006 
        006s  6 0.0849 0.0014 0.9039 0.0098 
        007s  6 0.0009 0.0010 0.9977 0.0004 
        008s  6 0.0012 0.0024 0.9912 0.0051 
        009s  6 0.0004 0.0011 0.9978 0.0007 
        010s  6 0.0181 0.0153 0.9537 0.0129 
        011s  6 0.0011 0.0003 0.9977 0.0009 
        012s  6 0.0012 0.0022 0.9956 0.0010 
        013s  6 0.0009 0.0005 0.9981 0.0004 
        014s  6 0.0449 0.0003 0.9542 0.0006 
        015s  6 0.0175 0.0007 0.9764 0.0053 
        016s  6 0.0006 0.0005 0.9982 0.0007 
        018s  6 0.2340 0.0009 0.7613 0.0038 
        019s  6 0.0096 0.0008 0.9868 0.0028 
        020s  6 0.0003 0.0010 0.9982 0.0005 
        021s  6 0.0084 0.0015 0.9866 0.0035 
        022s  6 0.0005 0.0006 0.9951 0.0038 
        023s  6 0.0046 0.0003 0.9943 0.0008 
        024s  6 0.0199 0.0014 0.9776 0.0010 
        025s  6 0.0009 0.0007 0.9281 0.0703 
        026s  6 0.0005 0.0020 0.9970 0.0005 
        027s  6 0.0006 0.0012 0.9978 0.0004 
        028s  6 0.0375 0.0430 0.9130 0.0064 
        029s  6 0.0004 0.0016 0.9970 0.0010 
        030s  6 0.0484 0.0015 0.9357 0.0145 
        031s  6 0.0027 0.0004 0.9965 0.0004 
        032s  6 0.0065 0.0004 0.9923 0.0008 
        033s  6 0.0235 0.0004 0.9752 0.0009 
        034s  6 0.0018 0.0005 0.9854 0.0122 
        035s  6 0.1141 0.0007 0.8834 0.0018 
        036s  6 0.0028 0.0002 0.9960 0.0011 
        037s  6 0.0012 0.0019 0.9953 0.0015 
        038s  6 0.0007 0.0010 0.9977 0.0006 
        039s  6 0.0003 0.0005 0.9985 0.0007 
        040s  6 0.0006 0.0005 0.9986 0.0004 
        041s  6 0.0010 0.0045 0.9878 0.0066 
        042s  6 0.0020 0.0026 0.9372 0.0582 
        043s  6 0.0007 0.0003 0.9932 0.0059 
        044s  6 0.0007 0.0025 0.9962 0.0007 
        045s  6 0.0011 0.0007 0.9962 0.0020 
        001s  7 0.0007 0.0003 0.9980 0.0011 
        002s  7 0.0068 0.0008 0.9901 0.0022 
        003s  7 0.0022 0.0010 0.9959 0.0009 
        004s  7 0.0023 0.0011 0.9961 0.0005 
        005s  7 0.0117 0.0005 0.9860 0.0018 
        006s  7 0.0319 0.0004 0.9612 0.0064 
        007s  7 0.0118 0.0181 0.9688 0.0013 
        008s  7 0.0022 0.0027 0.9939 0.0012 
        009s  7 0.0038 0.0007 0.9878 0.0077 
        010s  7 0.0005 0.0009 0.9972 0.0014 
        011s  7 0.0007 0.0009 0.9975 0.0009 
        012s  7 0.0005 0.0004 0.9985 0.0006 
        013s  7 0.0008 0.0006 0.9942 0.0043 
        014s  7 0.0075 0.0005 0.9917 0.0003 
        015s  7 0.0077 0.0016 0.9894 0.0014 
        016s  7 0.0438 0.0003 0.9467 0.0091 
        017s  7 0.0012 0.0003 0.9980 0.0006 
        018s  7 0.0011 0.0031 0.9954 0.0005 
        019s  7 0.0022 0.0038 0.9828 0.0113 
        020s  7 0.0009 0.0003 0.9985 0.0003 
        021s  7 0.0009 0.0014 0.9969 0.0009 
        022s  7 0.0032 0.0003 0.9957 0.0009 
        023s  7 0.0055 0.0013 0.9717 0.0216 
        024s  7 0.0009 0.0017 0.9968 0.0007 
        025s  7 0.0025 0.0010 0.9954 0.0010 
        026s  7 0.0006 0.0010 0.9975 0.0010 
        027s  7 0.0012 0.0017 0.9966 0.0005 
        028s  7 0.0018 0.0002 0.9975 0.0004 
        029s  7 0.0031 0.0007 0.9940 0.0022 
        030s  7 0.0006 0.0049 0.9914 0.0031 
        031s  7 0.0015 0.0004 0.9851 0.0130 
        032s  7 0.0649 0.0031 0.9316 0.0004 
        033s  7 0.0129 0.0043 0.9805 0.0023 
        034s  7 0.0258 0.0017 0.9719 0.0006 
        035s  7 0.0003 0.0005 0.9982 0.0009 
        036s  7 0.0009 0.0008 0.9907 0.0077 
        037s  7 0.0757 0.0008 0.9202 0.0032 
        038s  7 0.0031 0.0009 0.9949 0.0011 
        039s  7 0.0003 0.0003 0.9991 0.0003 
        040s  7 0.0635 0.0005 0.9356 0.0004 
        041s  7 0.0053 0.0020 0.9912 0.0015 
        042s  7 0.0022 0.0003 0.9973 0.0003 
        043s  7 0.0004 0.0005 0.9963 0.0029 
        044s  7 0.0720 0.0014 0.8970 0.0296 
         003  8 0.0024 0.0112 0.9854 0.0010 
         009  8 0.0010 0.0005 0.9974 0.0011 
         010  8 0.0003 0.0004 0.9973 0.0020 
         017  8 0.0006 0.0012 0.9948 0.0033 
         002  9 0.0006 0.0007 0.9976 0.0011 
         003  9 0.0002 0.0004 0.9990 0.0004 
         004  9 0.0003 0.0004 0.9983 0.0010 
         005  9 0.0006 0.0010 0.9942 0.0041 
         006  9 0.0010 0.0006 0.9966 0.0018 
         007  9 0.0007 0.0011 0.9972 0.0010 
         009  9 0.0005 0.0010 0.9968 0.0017 
         010  9 0.0002 0.0015 0.9970 0.0013 
         013  9 0.0010 0.0004 0.9970 0.0016 
         014  9 0.0002 0.0046 0.9934 0.0017 
         016  9 0.0002 0.0012 0.9980 0.0006 
         018  9 0.0010 0.0055 0.9923 0.0012 
         019  9 0.0007 0.0052 0.9936 0.0005 
         020  9 0.0003 0.0004 0.9990 0.0003 
         021  9 0.0003 0.0003 0.9988 0.0007 
         022  9 0.0003 0.0011 0.9981 0.0005 
         024  9 0.0004 0.0022 0.9942 0.0032 
         028  9 0.0004 0.0006 0.9975 0.0014 
         029  9 0.0003 0.0010 0.9982 0.0006 
         030  9 0.0004 0.0008 0.9979 0.0009 
         031  9 0.0007 0.0010 0.9978 0.0004 
         033  9 0.0012 0.0005 0.9974 0.0009 
         001 10 0.0004 0.0010 0.9983 0.0003 
         002 10 0.0002 0.0015 0.9977 0.0006 
         003 10 0.0004 0.0005 0.9884 0.0107 
         004 10 0.0003 0.0006 0.9967 0.0024 
         005 10 0.0004 0.0016 0.9970 0.0009 
         006 10 0.0007 0.0005 0.9979 0.0009 
         007 10 0.0003 0.0004 0.9974 0.0018 
         008 10 0.0007 0.0008 0.9947 0.0038 
         009 10 0.0007 0.0051 0.9937 0.0004 
         010 10 0.0004 0.0026 0.9962 0.0008 
         011 10 0.0006 0.0003 0.9646 0.0344 
         012 10 0.0009 0.0004 0.9954 0.0032 
         013 10 0.0004 0.0008 0.9982 0.0005 
         014 10 0.0006 0.0007 0.9978 0.0009 
         016 10 0.0007 0.0012 0.9974 0.0007 
         017 10 0.0007 0.0011 0.9974 0.0008 
         018 10 0.0019 0.0025 0.9949 0.0006 
         019 10 0.0004 0.0050 0.9936 0.0010 
         020 10 0.0010 0.0061 0.9911 0.0017 
         021 10 0.0005 0.0026 0.9964 0.0005 
         022 10 0.0004 0.0003 0.9985 0.0008 
         023 10 0.0005 0.0005 0.9982 0.0008 
         024 10 0.0002 0.0013 0.9966 0.0020 
         026 10 0.0004 0.0006 0.9985 0.0005 
        001s 11 0.0485 0.0007 0.9222 0.0286 
        002s 11 0.0015 0.0043 0.9926 0.0016 
        003s 11 0.0018 0.0008 0.9968 0.0006 
        004s 11 0.0005 0.0002 0.9980 0.0012 
        005s 11 0.0010 0.0055 0.9931 0.0004 
        006s 11 0.0060 0.0017 0.9902 0.0022 
        007s 11 0.0581 0.0013 0.9395 0.0011 
        008s 11 0.0004 0.0007 0.9985 0.0004 
        009s 11 0.0003 0.0167 0.9828 0.0003 
        010s 11 0.0008 0.0006 0.9979 0.0008 
        011s 11 0.1103 0.0003 0.8697 0.0196 
        012s 11 0.0750 0.0012 0.9235 0.0004 
        013s 11 0.0009 0.0003 0.9978 0.0010 
        014s 11 0.0138 0.0012 0.9841 0.0009 
        015s 11 0.0025 0.0015 0.9922 0.0038 
        016s 11 0.0035 0.0064 0.9283 0.0618 
        017s 11 0.0602 0.0007 0.9367 0.0024 
        018s 11 0.0034 0.0014 0.9943 0.0009 
        019s 11 0.0009 0.0003 0.9780 0.0209 
        020s 11 0.0012 0.0016 0.9962 0.0010 
        021s 11 0.0005 0.0004 0.9982 0.0009 
        022s 11 0.0175 0.0007 0.9813 0.0005 
        023s 11 0.0037 0.0005 0.9657 0.0301 
        025s 11 0.0004 0.0002 0.9986 0.0008 
        026s 11 0.0045 0.0008 0.9373 0.0575 
        027s 11 0.0013 0.0004 0.9976 0.0006 
        028s 11 0.0028 0.0003 0.9958 0.0011 
        029s 11 0.0109 0.0010 0.9878 0.0004 
        030s 11 0.0211 0.0011 0.9765 0.0013 
        031s 11 0.0004 0.0007 0.9985 0.0003 
        032s 11 0.0005 0.0006 0.9966 0.0023 
        033s 11 0.0017 0.0013 0.9962 0.0008 
        034s 11 0.0020 0.0003 0.9972 0.0004 
        035s 11 0.0028 0.0014 0.9955 0.0004 
        036s 11 0.0108 0.0013 0.9876 0.0004 
        037s 11 0.0010 0.0010 0.9968 0.0012 
        038s 11 0.0013 0.0006 0.9973 0.0007 
        039s 11 0.0005 0.0005 0.9981 0.0009 
        040s 11 0.0759 0.0008 0.9225 0.0008 
        041s 11 0.0007 0.0224 0.9745 0.0024 
        042s 11 0.0009 0.0007 0.9894 0.0089 
        043s 11 0.0093 0.0004 0.9623 0.0280 
        044s 11 0.0011 0.0009 0.9939 0.0041 
        045s 11 0.0007 0.0003 0.9914 0.0076 
        046s 11 0.0118 0.0009 0.9586 0.0288 
        047s 11 0.0011 0.0004 0.9975 0.0010 
        048s 11 0.0050 0.0024 0.9579 0.0347 
        049s 11 0.0006 0.0011 0.9974 0.0010 
        050s 11 0.0007 0.0003 0.9982 0.0008 
        051s 11 0.0023 0.0004 0.9465 0.0509 
        052s 11 0.0036 0.0010 0.9937 0.0017 
        053s 11 0.0003 0.0014 0.9977 0.0006 
        054s 11 0.0026 0.0004 0.9964 0.0006 
        055s 11 0.0440 0.0003 0.9553 0.0004 
        001s 12 0.0037 0.0010 0.9945 0.0008 
        002s 12 0.0005 0.0024 0.9963 0.0008 
        003s 12 0.0004 0.0006 0.9987 0.0003 
        004s 12 0.0059 0.0023 0.9782 0.0137 
        005s 12 0.0004 0.0006 0.9981 0.0008 
        006s 12 0.0301 0.0007 0.9677 0.0016 
        007s 12 0.0017 0.0033 0.9935 0.0015 
        008s 12 0.0087 0.0007 0.9900 0.0006 
        009s 12 0.0110 0.0189 0.9660 0.0041 
        010s 12 0.0557 0.0007 0.9432 0.0004 
        011s 12 0.0020 0.0012 0.9960 0.0007 
        012s 12 0.0026 0.0004 0.9934 0.0036 
        013s 12 0.0005 0.0009 0.9620 0.0366 
        014s 12 0.0424 0.0028 0.9137 0.0410 
        015s 12 0.0024 0.0018 0.9950 0.0008 
        016s 12 0.0005 0.0005 0.9950 0.0041 
        017s 12 0.0020 0.0004 0.9965 0.0012 
        018s 12 0.0008 0.0020 0.9956 0.0015 
        019s 12 0.0017 0.0026 0.9952 0.0005 
        020s 12 0.0393 0.0003 0.9595 0.0009 
        021s 12 0.0012 0.0004 0.9967 0.0017 
        022s 12 0.0242 0.0034 0.9658 0.0066 
        023s 12 0.0004 0.0008 0.9980 0.0009 
        024s 12 0.0005 0.0004 0.9986 0.0004 
        025s 12 0.0059 0.0042 0.9889 0.0010 
        026s 12 0.0048 0.0176 0.9767 0.0010 
        027s 12 0.0024 0.0004 0.9968 0.0004 
        028s 12 0.0007 0.0103 0.9864 0.0025 
        029s 12 0.0006 0.0003 0.9982 0.0009 
        030s 12 0.0013 0.0004 0.9978 0.0004 
        031s 12 0.0021 0.0008 0.9945 0.0025 
        032s 12 0.0004 0.0058 0.9929 0.0009 
        033s 12 0.0052 0.0004 0.9941 0.0003 
        034s 12 0.0004 0.0005 0.9988 0.0003 
        035s 12 0.0058 0.0005 0.9934 0.0004 
        036s 12 0.0113 0.0030 0.9849 0.0008 
        037s 12 0.0006 0.0010 0.9977 0.0007 
        001s 13 0.0028 0.0008 0.9940 0.0024 
        002s 13 0.0620 0.0003 0.9369 0.0008 
        003s 13 0.0006 0.0008 0.9975 0.0011 
        004s 13 0.0006 0.0099 0.9870 0.0026 
        005s 13 0.0072 0.0028 0.9880 0.0020 
        006s 13 0.0010 0.0008 0.9974 0.0007 
        007s 13 0.0124 0.0005 0.9861 0.0010 
        008s 13 0.0333 0.0019 0.9638 0.0011 
        009s 13 0.1128 0.0106 0.8756 0.0009 
        010s 13 0.0448 0.0012 0.9532 0.0008 
        011s 13 0.0401 0.0043 0.9529 0.0027 
        012s 13 0.0395 0.0033 0.9332 0.0240 
        013s 13 0.0386 0.0007 0.9541 0.0066 
        014s 13 0.0093 0.0009 0.9861 0.0036 
        015s 13 0.0015 0.0112 0.9797 0.0075 
        016s 13 0.0005 0.0005 0.9981 0.0010 
        017s 13 0.0464 0.0034 0.9498 0.0004 
        018s 13 0.0003 0.0005 0.9985 0.0007 
        019s 13 0.0009 0.0006 0.9977 0.0008 
        020s 13 0.0045 0.0017 0.9934 0.0004 
        021s 13 0.0004 0.0006 0.9977 0.0013 
        022s 13 0.0010 0.0003 0.9978 0.0008 
        023s 13 0.0007 0.0005 0.9984 0.0003 
        024s 13 0.0217 0.0005 0.9393 0.0384 
        025s 13 0.0007 0.0008 0.9964 0.0020 
        026s 13 0.1011 0.0004 0.8884 0.0101 
        027s 13 0.0314 0.0049 0.9618 0.0019 
        028s 13 0.0320 0.0101 0.9557 0.0023 
        029s 13 0.0088 0.0005 0.9894 0.0013 
        030s 13 0.0132 0.0004 0.9414 0.0450 
        031s 13 0.0055 0.0012 0.8933 0.1000 
        032s 13 0.0014 0.0004 0.9978 0.0003 
        033s 13 0.0430 0.0007 0.9552 0.0010 
        034s 13 0.0497 0.0020 0.9471 0.0012 
        035s 13 0.0006 0.0014 0.9950 0.0030 
        036s 13 0.0011 0.0005 0.9979 0.0004 
        037s 13 0.0005 0.0007 0.9973 0.0015 
        038s 13 0.0017 0.0010 0.9964 0.0009 
        039s 13 0.0799 0.0009 0.8341 0.0851 
        040s 13 0.0009 0.0004 0.9975 0.0012 
        041s 13 0.0686 0.0004 0.9292 0.0018 
        042s 13 0.0006 0.0005 0.9980 0.0009 
        001s 14 0.0070 0.0017 0.9904 0.0009 
        002s 14 0.0566 0.0027 0.9385 0.0022 
        003s 14 0.0005 0.0005 0.9984 0.0006 
        004s 14 0.0157 0.0006 0.9801 0.0036 
        005s 14 0.0002 0.0005 0.9987 0.0006 
        006s 14 0.0005 0.0004 0.9988 0.0004 
        007s 14 0.0007 0.0004 0.9977 0.0012 
        008s 14 0.0853 0.0202 0.8912 0.0033 
        009s 14 0.0013 0.0063 0.9916 0.0009 
        010s 14 0.0094 0.0171 0.9723 0.0013 
        011s 14 0.0585 0.0004 0.9406 0.0005 
        012s 14 0.0013 0.0016 0.9957 0.0014 
        013s 14 0.0016 0.0007 0.9922 0.0055 
        014s 14 0.0067 0.0108 0.9818 0.0008 
        015s 14 0.0006 0.0081 0.9888 0.0024 
        016s 14 0.0006 0.0005 0.9876 0.0113 
        017s 14 0.0739 0.0007 0.9248 0.0006 
        018s 14 0.0005 0.0010 0.9974 0.0012 
        019s 14 0.0019 0.0004 0.9970 0.0007 
        020s 14 0.0004 0.0067 0.9919 0.0009 
        021s 14 0.0009 0.0090 0.9895 0.0005 
        022s 14 0.0057 0.0019 0.9912 0.0012 
        023s 14 0.0023 0.0022 0.9922 0.0032 
        024s 14 0.0432 0.0032 0.9523 0.0014 
        025s 14 0.0039 0.0004 0.9953 0.0004 
        026s 14 0.0004 0.0017 0.9972 0.0008 
        027s 14 0.0010 0.0005 0.9960 0.0025 
        028s 14 0.0014 0.0025 0.9955 0.0006 
        029s 14 0.0003 0.0006 0.9979 0.0012 
        030s 14 0.0034 0.0005 0.9956 0.0005 
        031s 14 0.0019 0.0005 0.9963 0.0013 
        032s 14 0.0010 0.0003 0.9966 0.0021 
        033s 14 0.0206 0.0009 0.9778 0.0007 
        034s 14 0.0003 0.0005 0.9986 0.0005 
        035s 14 0.1581 0.0004 0.8411 0.0004 
        036s 14 0.1080 0.0018 0.8851 0.0052 
        037s 14 0.0006 0.0007 0.9959 0.0028 
        038s 14 0.0006 0.0006 0.9984 0.0004 
        039s 14 0.0027 0.0035 0.9898 0.0039 
        040s 14 0.0024 0.0004 0.9964 0.0008 
        041s 14 0.0010 0.0006 0.9978 0.0006 
        042s 14 0.0201 0.0010 0.9770 0.0018 
        001s 15 0.0007 0.0009 0.9972 0.0013 
        002s 15 0.0856 0.0086 0.8850 0.0208 
        003s 15 0.0025 0.0011 0.9884 0.0080 
        004s 15 0.0005 0.0083 0.9909 0.0003 
        005s 15 0.0111 0.0010 0.9831 0.0048 
        006s 15 0.0071 0.0006 0.9915 0.0008 
        007s 15 0.0003 0.0012 0.9981 0.0003 
        008s 15 0.0004 0.0005 0.9985 0.0005 
        009s 15 0.0307 0.0005 0.9331 0.0357 
        010s 15 0.0005 0.0004 0.9979 0.0013 
        011s 15 0.0563 0.0003 0.9419 0.0014 
        012s 15 0.0037 0.0013 0.9932 0.0018 
        013s 15 0.0004 0.0039 0.9946 0.0010 
        014s 15 0.0012 0.0047 0.9889 0.0052 
        015s 15 0.0793 0.0011 0.9142 0.0054 
        016s 15 0.0874 0.0239 0.8884 0.0003 
        017s 15 0.0011 0.0171 0.9800 0.0018 
        018s 15 0.0006 0.0015 0.9975 0.0004 
        019s 15 0.0019 0.0008 0.9926 0.0048 
        020s 15 0.0007 0.0004 0.9984 0.0005 
        021s 15 0.0624 0.0016 0.9333 0.0027 
        022s 15 0.0015 0.0006 0.9974 0.0005 
        023s 15 0.0232 0.0004 0.9755 0.0009 
        024s 15 0.0017 0.0005 0.9970 0.0009 
        025s 15 0.0044 0.0016 0.9661 0.0278 
        026s 15 0.0010 0.0036 0.9743 0.0212 
        027s 15 0.0095 0.0131 0.9767 0.0008 
        028s 15 0.0008 0.0026 0.9954 0.0012 
        029s 15 0.0008 0.0018 0.9963 0.0010 
        030s 15 0.0003 0.0015 0.9975 0.0006 
        031s 15 0.0506 0.0010 0.9406 0.0078 
        032s 15 0.0003 0.0009 0.9972 0.0016 
        033s 15 0.0360 0.0011 0.9627 0.0002 
        035s 15 0.0034 0.0017 0.9943 0.0007 
        036s 15 0.0012 0.0003 0.9939 0.0046 
        037s 15 0.0030 0.0004 0.9957 0.0009 
        038s 15 0.0022 0.0008 0.9966 0.0004 
        039s 15 0.0300 0.0006 0.9690 0.0004 
        040s 15 0.0046 0.0025 0.9923 0.0006 
        041s 15 0.0764 0.0006 0.9184 0.0046 
        042s 15 0.0013 0.0031 0.9947 0.0010 
        043s 15 0.0053 0.0003 0.9927 0.0017 
        044s 15 0.0030 0.0010 0.9954 0.0007 
        045s 15 0.0301 0.0020 0.8894 0.0785 
        046s 15 0.0316 0.0005 0.9672 0.0008 
        047s 15 0.0220 0.0003 0.9772 0.0004 
        048s 15 0.0007 0.0011 0.9837 0.0146 
        049s 15 0.0101 0.0003 0.9891 0.0005 
        050s 15 0.1059 0.0112 0.8785 0.0044 
         001 16 0.1843 0.0031 0.8119 0.0007 
         002 16 0.0221 0.0003 0.9769 0.0007 
         003 16 0.0087 0.0024 0.9873 0.0016 
         004 16 0.0008 0.0005 0.9970 0.0017 
         005 16 0.0540 0.0022 0.9163 0.0276 
         006 16 0.0129 0.0007 0.9737 0.0127 
         007 16 0.0021 0.0007 0.9957 0.0015 
         008 16 0.1343 0.0013 0.8636 0.0008 
         009 16 0.0011 0.0012 0.9973 0.0004 
         010 16 0.0042 0.0005 0.9943 0.0010 
         011 16 0.0059 0.0006 0.9919 0.0017 
         012 16 0.0012 0.0011 0.9966 0.0011 
         013 16 0.0006 0.0006 0.9983 0.0005 
         014 16 0.0145 0.0015 0.9837 0.0003 
         015 16 0.0006 0.0022 0.6297 0.3674 
         016 16 0.0005 0.0047 0.9847 0.0100 
         017 16 0.0139 0.0007 0.9845 0.0009 
         018 16 0.0300 0.0073 0.9278 0.0350 
         019 16 0.0678 0.0012 0.9307 0.0004 
         020 16 0.0004 0.0010 0.9981 0.0006 
         021 16 0.1272 0.0033 0.8687 0.0007 
         022 16 0.0018 0.0011 0.9942 0.0029 
         023 16 0.0051 0.0005 0.9839 0.0104 
         024 16 0.0017 0.0016 0.9689 0.0278 
         025 16 0.0732 0.0005 0.9227 0.0036 
         026 16 0.1022 0.0004 0.8943 0.0031 
         027 16 0.0017 0.0107 0.9863 0.0013 
         028 16 0.1628 0.0188 0.8181 0.0003 
         029 16 0.0325 0.0009 0.9659 0.0008 
         030 16 0.0018 0.0003 0.9975 0.0004 
         031 16 0.0012 0.0128 0.9854 0.0006 
         032 16 0.0643 0.0008 0.9274 0.0074 
         033 16 0.0007 0.0003 0.9987 0.0003 
         034 16 0.0050 0.0003 0.9938 0.0010 
         035 16 0.0003 0.0005 0.9990 0.0002 
         036 16 0.0004 0.0018 0.9960 0.0018 
         037 16 0.0515 0.0008 0.9456 0.0022 
         038 16 0.0013 0.0013 0.9903 0.0070 
         039 16 0.0009 0.0010 0.9975 0.0006 
         040 16 0.0013 0.0006 0.9965 0.0017 
         041 16 0.0007 0.0003 0.9975 0.0015 
         042 16 0.0009 0.0017 0.9969 0.0006 
         043 16 0.0007 0.0010 0.9976 0.0007 
         044 16 0.0032 0.0014 0.9941 0.0012 
         045 16 0.0103 0.0023 0.9872 0.0002 
         047 16 0.0344 0.0053 0.9594 0.0010 
         048 16 0.0037 0.0006 0.9952 0.0006 
         049 16 0.0011 0.0006 0.9955 0.0028 
         050 16 0.0006 0.0006 0.9985 0.0003 
         051 16 0.0015 0.0017 0.9963 0.0006 
         052 16 0.0002 0.0005 0.9986 0.0006 
         053 16 0.0006 0.0010 0.9979 0.0006 
         054 16 0.0432 0.0011 0.9549 0.0008 
         055 16 0.0814 0.0006 0.9176 0.0004 
         056 16 0.0006 0.0006 0.9912 0.0077 
         057 16 0.0524 0.0004 0.9469 0.0003 
         058 16 0.1040 0.0001 0.8815 0.0144 
         059 16 0.0978 0.0052 0.8031 0.0940 
         060 16 0.0015 0.0014 0.9878 0.0093 
         061 16 0.0017 0.0007 0.9963 0.0013 
         062 16 0.0024 0.0010 0.9960 0.0005 
         063 16 0.0016 0.0005 0.9973 0.0007 
         064 16 0.0004 0.0005 0.9973 0.0018 
         065 16 0.0027 0.0016 0.9936 0.0021 
         066 16 0.0003 0.0010 0.9982 0.0005 
         067 16 0.0012 0.0011 0.9218 0.0759 
         068 16 0.0023 0.0007 0.9669 0.0300 
         069 16 0.0009 0.0050 0.9936 0.0005 
         070 16 0.0028 0.0027 0.9938 0.0007 
         071 16 0.0951 0.0005 0.9040 0.0004 
         072 16 0.0025 0.0007 0.9957 0.0011 
         073 16 0.0019 0.0006 0.9971 0.0004 
         074 16 0.0005 0.0005 0.9987 0.0002 
         075 16 0.0344 0.0006 0.9640 0.0009 
         076 16 0.0010 0.0007 0.9979 0.0004 
         077 16 0.0229 0.0252 0.8962 0.0558 
         078 16 0.0036 0.0006 0.9931 0.0027 
         079 16 0.0882 0.0015 0.9087 0.0015 
         080 16 0.0007 0.0004 0.9976 0.0012 
         081 16 0.0603 0.0010 0.9382 0.0004 
         082 16 0.0325 0.0005 0.9666 0.0004 
         083 16 0.0006 0.0006 0.9973 0.0015 
         084 16 0.0025 0.0027 0.9936 0.0011 
         085 16 0.0008 0.0018 0.9886 0.0089 
         086 16 0.1152 0.0006 0.8835 0.0007 
         087 16 0.0130 0.0013 0.9853 0.0003 
         088 16 0.0006 0.0004 0.9971 0.0019 
         089 16 0.0035 0.0010 0.9947 0.0008 
         090 16 0.0024 0.0016 0.9955 0.0005 
         091 16 0.0012 0.0009 0.9973 0.0006 
         092 16 0.0088 0.0004 0.9899 0.0009 
         093 16 0.0010 0.0020 0.9965 0.0005 
         094 16 0.0025 0.0065 0.9507 0.0403 
         095 16 0.0004 0.0017 0.9976 0.0003 
         096 16 0.0101 0.0005 0.9867 0.0028 
         097 16 0.1117 0.0021 0.8820 0.0042 
         098 16 0.0007 0.0079 0.9877 0.0037 
         099 16 0.0005 0.0008 0.9921 0.0067 
         100 16 0.0006 0.0008 0.9967 0.0020 
         101 16 0.0060 0.0005 0.9886 0.0049 
         102 16 0.0015 0.0004 0.9968 0.0014 
         103 16 0.0021 0.0033 0.9924 0.0022 
         104 16 0.0015 0.0004 0.9946 0.0035 
         105 16 0.1043 0.0036 0.8880 0.0042 
         106 16 0.0012 0.0004 0.9960 0.0024 
         107 16 0.0016 0.0481 0.9422 0.0081 
         108 16 0.1043 0.0701 0.6543 0.1713 
         109 16 0.0257 0.0004 0.9734 0.0005 
         110 16 0.0003 0.0003 0.9982 0.0012 
         111 16 0.0130 0.0008 0.9848 0.0014 
         112 16 0.0092 0.0009 0.9882 0.0017 
         113 16 0.0576 0.0006 0.9410 0.0008 
         114 16 0.0025 0.0062 0.9899 0.0014 
         115 16 0.0005 0.0004 0.9984 0.0007 
         116 16 0.0042 0.0005 0.9944 0.0009 
         117 16 0.0158 0.0033 0.9801 0.0008 
         118 16 0.0011 0.0009 0.9855 0.0125 
         119 16 0.0016 0.0016 0.9957 0.0011 
         120 16 0.0015 0.0009 0.9971 0.0004 
         121 16 0.0017 0.0004 0.9703 0.0276 
         122 16 0.0004 0.0003 0.9989 0.0004 
         123 16 0.0024 0.0025 0.9947 0.0004 
         124 16 0.0039 0.0004 0.9944 0.0013 
         126 16 0.1345 0.0043 0.8555 0.0056 
         001 17 0.0014 0.0107 0.9873 0.0007 
         002 17 0.0011 0.0005 0.9979 0.0005 
         003 17 0.0006 0.0009 0.9982 0.0004 
         005 17 0.0004 0.0255 0.9737 0.0004 
         006 17 0.0395 0.0013 0.9588 0.0004 
         007 17 0.1343 0.0037 0.8369 0.0251 
         008 17 0.1228 0.0005 0.8757 0.0010 
         009 17 0.0002 0.0007 0.9988 0.0003 
         010 17 0.0008 0.0006 0.9976 0.0010 
         011 17 0.1132 0.0015 0.4961 0.3892 
         012 17 0.0014 0.0008 0.9965 0.0013 
         013 17 0.0003 0.0007 0.9988 0.0002 
         014 17 0.0006 0.0009 0.9982 0.0004 
         015 17 0.0027 0.0006 0.9963 0.0004 
         016 17 0.0010 0.0004 0.9982 0.0005 
         017 17 0.0018 0.0008 0.9963 0.0010 
         018 17 0.0197 0.0242 0.9557 0.0004 
         019 17 0.0003 0.0007 0.9983 0.0007 
         020 17 0.0008 0.0004 0.9982 0.0006 
         021 17 0.0004 0.0005 0.9981 0.0009 
         022 17 0.0466 0.0131 0.9390 0.0014 
         023 17 0.0013 0.0026 0.9955 0.0006 
         024 17 0.0808 0.0011 0.9149 0.0031 
         025 17 0.0007 0.0003 0.9987 0.0004 
         002 18 0.0003 0.0051 0.9930 0.0016 
         003 18 0.0003 0.0004 0.9981 0.0012 
         004 18 0.0162 0.0030 0.9798 0.0009 
         005 18 0.0018 0.0009 0.9681 0.0292 
         006 18 0.0002 0.0003 0.9986 0.0008 
         007 18 0.0038 0.0024 0.9935 0.0004 
         008 18 0.0003 0.0004 0.9975 0.0018 
         009 18 0.0152 0.0012 0.9814 0.0022 
         010 18 0.0010 0.0029 0.9863 0.0098 
         011 18 0.0008 0.0017 0.9957 0.0018 
         012 18 0.0041 0.0007 0.9921 0.0032 
         015 18 0.0009 0.0003 0.9974 0.0015 
         016 18 0.0051 0.0005 0.9941 0.0003 
         018 18 0.0004 0.0050 0.9894 0.0053 
         026 18 0.0016 0.0027 0.9951 0.0007 
         027 18 0.0002 0.0024 0.9961 0.0012 
         028 18 0.0011 0.0276 0.9709 0.0003 
         029 18 0.0010 0.0005 0.9980 0.0004 
         031 18 0.0719 0.0274 0.8187 0.0820 
         032 18 0.0005 0.0015 0.9977 0.0004 
         033 18 0.0010 0.0013 0.9969 0.0008 
         035 18 0.0008 0.0005 0.9981 0.0006 
         036 18 0.0007 0.0007 0.9911 0.0075 
         037 18 0.0046 0.0130 0.9740 0.0084 
         038 18 0.0152 0.0513 0.9314 0.0022 
         039 18 0.0003 0.0004 0.9983 0.0010 
         044 18 0.1308 0.0011 0.8677 0.0004 
         046 18 0.0014 0.0046 0.9630 0.0310 
         049 18 0.0005 0.0010 0.9982 0.0003 
         053 18 0.0016 0.0011 0.9968 0.0005 
         054 18 0.0050 0.0011 0.9928 0.0010 
         056 18 0.0055 0.0034 0.9879 0.0032 
         057 18 0.0009 0.0007 0.9949 0.0035 
         058 18 0.0010 0.0056 0.9901 0.0034 
        001s 19 0.0488 0.0005 0.9498 0.0008 
        002s 19 0.0014 0.0012 0.9966 0.0009 
        003s 19 0.0026 0.0004 0.9965 0.0004 
        004s 19 0.0018 0.0058 0.9696 0.0228 
        005s 19 0.0409 0.0043 0.8825 0.0723 
        006s 19 0.0017 0.0014 0.9953 0.0016 
        007s 19 0.0206 0.0005 0.9646 0.0144 
        008s 19 0.0352 0.0010 0.9444 0.0194 
        009s 19 0.0013 0.0006 0.9956 0.0025 
        010s 19 0.0055 0.0169 0.9772 0.0004 
        011s 19 0.0010 0.0042 0.9938 0.0010 
        012s 19 0.0030 0.0019 0.9947 0.0004 
        013s 19 0.0122 0.0009 0.9864 0.0005 
        014s 19 0.0727 0.0005 0.9102 0.0166 
        015s 19 0.0015 0.0007 0.9975 0.0004 
        016s 19 0.0020 0.0250 0.9339 0.0392 
        017s 19 0.0170 0.0022 0.9749 0.0059 
        018s 19 0.0016 0.0013 0.9947 0.0024 
        019s 19 0.0855 0.0007 0.9121 0.0018 
        020s 19 0.0786 0.0007 0.9200 0.0007 
        021s 19 0.0046 0.0015 0.9936 0.0003 
        022s 19 0.0082 0.0012 0.9901 0.0005 
        023s 19 0.0015 0.0020 0.9942 0.0023 
        024s 19 0.0005 0.0027 0.9947 0.0021 
        025s 19 0.0854 0.0007 0.9082 0.0056 
        026s 19 0.0073 0.0034 0.9861 0.0032 
        027s 19 0.0015 0.0007 0.9970 0.0008 
        028s 19 0.0056 0.0008 0.9933 0.0004 
        029s 19 0.0004 0.0014 0.9976 0.0006 
        030s 19 0.0023 0.0041 0.9929 0.0007 
        031s 19 0.0024 0.0005 0.9965 0.0006 
        032s 19 0.0009 0.0005 0.9983 0.0003 
        033s 19 0.0004 0.0011 0.9945 0.0040 
        034s 19 0.0008 0.0005 0.9975 0.0012 
        035s 19 0.0094 0.0031 0.9833 0.0042 
        036s 19 0.0007 0.0003 0.9977 0.0013 
        037s 19 0.0005 0.0010 0.9982 0.0004 
        038s 19 0.0017 0.0015 0.9956 0.0012 
        039s 19 0.0006 0.0005 0.9985 0.0004 
        040s 19 0.0063 0.0004 0.9928 0.0004 
        041s 19 0.0005 0.0003 0.9986 0.0005 
        042s 19 0.0022 0.0090 0.9758 0.0130 
        043s 19 0.0318 0.0018 0.9658 0.0005 
        044s 19 0.0005 0.0009 0.9970 0.0016 
        045s 19 0.0004 0.0010 0.9975 0.0011 
        046s 19 0.0016 0.0014 0.9912 0.0059 
        047s 19 0.0029 0.0005 0.9963 0.0003 
        048s 19 0.0976 0.0012 0.9005 0.0007 
        049s 19 0.0186 0.0007 0.9751 0.0056 
        050s 19 0.0006 0.0004 0.9985 0.0006 
        051s 19 0.0611 0.0006 0.9262 0.0120 
        052s 19 0.0009 0.0012 0.9972 0.0006 
      LIW2-4 20 0.0013 0.0023 0.9945 0.0019 
     LIW2-12 21 0.0006 0.0116 0.9099 0.0780 
     LIW2-20 22 0.0008 0.0043 0.9938 0.0011 
     LIW2-28 23 0.0249 0.0026 0.8979 0.0746 
      LIW1-5 24 0.0010 0.0017 0.9942 0.0031 
     LIW1-13 25 0.0713 0.0004 0.9094 0.0189 
     LIW1-21 26 0.0020 0.0097 0.9549 0.0334 
     LIW1-29 27 0.0203 0.0033 0.9566 0.0198 
      LIW2-5 28 0.0006 0.0078 0.9894 0.0022 
     LIW2-34 29 0.0005 0.0095 0.9867 0.0034 
     LIW2-21 30 0.0861 0.0014 0.8948 0.0177 
     LIW2-29 31 0.1802 0.0034 0.8140 0.0024 
      LIW1-6 32 0.0005 0.0012 0.9951 0.0033 
     LIW1-14 33 0.0441 0.0380 0.9168 0.0010 
     LIW1-22 34 0.0005 0.0277 0.9648 0.0070 
     LIW1-30 35 0.0008 0.0011 0.9951 0.0031 
      LIW2-6 36 0.0064 0.0027 0.9663 0.0245 
     LIW2-14 37 0.0010 0.0005 0.9931 0.0054 
     LIW2-22 38 0.0253 0.0007 0.8815 0.0925 
     LIW2-30 39 0.0006 0.0428 0.9529 0.0037 
      LIW1-7 40 0.0082 0.0126 0.9197 0.0594 
     LIW1-15 41 0.0004 0.0050 0.9846 0.0100 
     LIW1-23 42 0.0035 0.0023 0.9885 0.0056 
     LIW1-31 43 0.0020 0.0032 0.9900 0.0048 
      LIW2-7 44 0.0798 0.0069 0.9127 0.0006 
     LIW2-15 45 0.0005 0.0533 0.9412 0.0049 
     LIW2-23 46 0.0012 0.0007 0.9115 0.0866 
      LIW1-8 47 0.0006 0.0008 0.9961 0.0025 
     LIW1-16 48 0.0006 0.0011 0.9965 0.0018 
      LIW2-8 49 0.0005 0.0029 0.9941 0.0025 
     LIW2-16 50 0.3121 0.0045 0.6469 0.0365 
     LIW2-24 51 0.1861 0.0033 0.7960 0.0145 
     LIW2-32 52 0.0053 0.0063 0.9378 0.0507 
     LIW1-47 53 0.0062 0.0016 0.9782 0.0140 
      UMFS-1 54 0.0003 0.9992 0.0004 0.0001 
     UMFS-19 55 0.0003 0.9994 0.0002 0.0001 
     UMFS-31 56 0.0003 0.8089 0.1902 0.0006 
      UMFS-2 57 0.0003 0.9376 0.0619 0.0002 
     UMFS-10 58 0.0002 0.8933 0.1061 0.0003 
     UMFS-20 59 0.0020 0.8436 0.1541 0.0003 
     UMFS-32 60 0.0004 0.9988 0.0006 0.0002 
      UMFS-3 61 0.0001 0.9998 0.0001 0.0001 
     UMFS-11 62 0.4048 0.0004 0.5865 0.0083 
     UMFS-21 63 0.0109 0.9358 0.0422 0.0111 
     UMFS-33 64 0.0000 0.9999 0.0000 0.0000 
      UMFS-4 65 0.0000 0.9999 0.0000 0.0000 
     UMFS-22 66 0.0027 0.9488 0.0477 0.0008 
     UMFS-34 67 0.0105 0.5864 0.3218 0.0813 
      UMFS-5 68 0.0019 0.9183 0.0788 0.0010 
     UMFS-13 69 0.0009 0.9962 0.0012 0.0017 
     UMFS-23 70 0.0019 0.7689 0.2284 0.0007 
     UMFS-35 71 0.0001 0.9997 0.0001 0.0001 
      UMFS-6 72 0.0001 0.9998 0.0001 0.0001 
     UMFS-14 73 0.0000 0.9999 0.0000 0.0000 
     UMFS-24 74 0.0030 0.7513 0.2455 0.0002 
     UMFS-36 75 0.0000 0.9999 0.0000 0.0000 
      UMFS-7 76 0.5604 0.0003 0.3243 0.1150 
     UMFS-15 77 0.0001 0.9998 0.0001 0.0001 
     UMFS-25 78 0.0110 0.7920 0.1966 0.0003 
     UMFS-37 79 0.0001 0.9998 0.0001 0.0001 
      UMFS-8 80 0.0013 0.9853 0.0124 0.0011 
     UMFS-16 81 0.0001 0.9997 0.0001 0.0001 
     UMFS-26 82 0.0141 0.4822 0.3673 0.1364 
     UMFS-38 83 0.0001 0.9997 0.0001 0.0001 
      NEH1-2 84 0.0174 0.0010 0.0010 0.9806 
     NEH1-11 85 0.0309 0.0004 0.0013 0.9673 
     NEH1-20 86 0.0010 0.0048 0.1137 0.8805 
     NEH1-29 87 0.0003 0.0002 0.0006 0.9989 
      NEH2-2 88 0.0002 0.0002 0.0003 0.9993 
     NEH2-10 89 0.0004 0.0003 0.0041 0.9952 
     NEH2-18 90 0.0004 0.0002 0.0001 0.9993 
     NEH2-26 91 0.0006 0.0004 0.0009 0.9981 
      NEH1-3 92 0.0009 0.0002 0.1513 0.8476 
     NEH1-12 93 0.0510 0.0005 0.0003 0.9481 
     NEH1-21 94 0.0009 0.0002 0.0671 0.9318 
     NEH1-30 95 0.0114 0.0002 0.0691 0.9193 
      NEH2-3 96 0.0001 0.0001 0.0001 0.9996 
     NEH2-11 97 0.0025 0.0030 0.0004 0.9941 
     NEH2-19 98 0.0009 0.0020 0.0024 0.9947 
     NEH2-27 99 0.0001 0.0001 0.0001 0.9998 
      NEH1-4 100 0.0002 0.0001 0.0001 0.9995 
     NEH1-13 101 0.0023 0.0003 0.2265 0.7708 
     NEH1-22 102 0.0003 0.0007 0.1972 0.8018 
     NEH1-31 103 0.0003 0.0001 0.0006 0.9990 
      NEH2-4 104 0.0010 0.0022 0.0032 0.9936 
     NEH2-12 105 0.0394 0.0126 0.0004 0.9476 
     NEH2-20 106 0.0003 0.0009 0.1922 0.8066 
     NEH2-28 107 0.0034 0.0006 0.0015 0.9945 
      NEH1-5 108 0.0021 0.0002 0.1337 0.8640 
     NEH1-14 109 0.0699 0.0006 0.1611 0.7685 
     NEH1-23 110 0.0003 0.0046 0.2241 0.7710 
     NEH1-32 111 0.0013 0.0002 0.0008 0.9977 
      NEH2-5 112 0.0001 0.0001 0.0002 0.9996 
     NEH2-13 113 0.0050 0.0004 0.0012 0.9934 
     NEH2-22 114 0.0004 0.0006 0.0006 0.9984 
     NEH2-29 115 0.0004 0.0007 0.0276 0.9713 
      NEH1-6 116 0.0002 0.0001 0.0001 0.9995 
     NEH1-15 117 0.0427 0.0002 0.0010 0.9561 
     NEH1-24 118 0.0027 0.0014 0.0005 0.9953 
     NEH1-33 119 0.0004 0.0004 0.1211 0.8780 
      NEH2-6 120 0.0004 0.0066 0.0099 0.9831 
     NEH2-14 121 0.0016 0.0007 0.0033 0.9944 
     NEH2-21 122 0.0003 0.0012 0.0439 0.9546 
     NEH2-30 123 0.0001 0.0002 0.0001 0.9995 
      NEH1-7 124 0.0896 0.0014 0.0555 0.8534 
     NEH1-16 125 0.0002 0.0001 0.0002 0.9994 
     NEH1-25 126 0.0005 0.0025 0.1205 0.8765 
     NEH1-34 127 0.0075 0.0007 0.0586 0.9331 
      NEH2-7 128 0.0008 0.0023 0.0011 0.9958 
     NEH2-15 129 0.0001 0.0001 0.0001 0.9998 
     NEH2-23 130 0.0400 0.0012 0.0105 0.9484 
     NEH2-31 131 0.0001 0.0002 0.0001 0.9996 
      NEH1-8 132 0.0612 0.0003 0.1026 0.8360 
     NEH1-17 133 0.0965 0.0003 0.0012 0.9019 
     NEH1-26 134 0.0008 0.0024 0.1470 0.8498 
     NEH1-35 135 0.0029 0.0003 0.1823 0.8146 
      NEH2-8 136 0.0001 0.0001 0.0001 0.9997 
     NEH2-16 137 0.0003 0.0008 0.0006 0.9983 
     NEH2-24 138 0.0001 0.0003 0.0001 0.9994 
     NEH2-32 139 0.0596 0.0004 0.0004 0.9397 
      NEH1-1 140 0.0784 0.0011 0.0010 0.9195 
     NEH1-10 141 0.0003 0.0001 0.0002 0.9994 
     NEH1-19 142 0.0018 0.0005 0.1178 0.8799 
     NEH1-28 143 0.0430 0.0003 0.0010 0.9557 
      NEH2-1 144 0.0012 0.0004 0.0020 0.9964 
      NEH2-9 145 0.0002 0.0003 0.0005 0.9991 
     NEH2-17 146 0.0333 0.0003 0.0029 0.9635 
     NEH2-25 147 0.0010 0.0002 0.0003 0.9985 
      LIW1-1 148 0.0916 0.0055 0.7920 0.1110 
      LIW1-9 149 0.1494 0.0009 0.7779 0.0718 
     LIW1-17 150 0.0004 0.0012 0.9500 0.0484 
     LIW1-25 151 0.0005 0.0086 0.9892 0.0017 
      LIW2-9 152 0.0638 0.0015 0.9331 0.0016 
     LIW2-17 153 0.0012 0.0018 0.9938 0.0032 
     LIW2-25 154 0.0007 0.0034 0.9922 0.0036 
      LIW1-2 155 0.0005 0.0019 0.9836 0.0140 
     LIW1-10 156 0.0037 0.0048 0.9878 0.0037 
     LIW1-18 157 0.0022 0.0025 0.9888 0.0066 
     LIW1-26 158 0.0006 0.0009 0.9794 0.0190 
      LIW2-2 159 0.0005 0.0034 0.9927 0.0034 
     LIW2-10 160 0.0010 0.0012 0.9963 0.0014 
     LIW2-18 161 0.0212 0.0063 0.9081 0.0644 
     LIW2-26 162 0.0007 0.0502 0.9476 0.0015 
      LIW1-3 163 0.0028 0.0408 0.9419 0.0145 
     LIW1-11 164 0.0073 0.0062 0.9794 0.0071 
     LIW1-19 165 0.0391 0.0057 0.8866 0.0686 
     LIW1-27 166 0.0037 0.0010 0.9948 0.0006 
      LIW2-3 167 0.0121 0.0088 0.9770 0.0021 
     LIW2-11 168 0.0003 0.0011 0.9978 0.0008 
     LIW2-19 169 0.0011 0.0008 0.9693 0.0289 
     LIW2-27 170 0.0004 0.0117 0.9762 0.0117 
      LIW1-4 171 0.0007 0.0018 0.9915 0.0060 
     LIW1-12 172 0.0117 0.0365 0.9482 0.0035 
     LIW1-20 173 0.0027 0.0008 0.9951 0.0013 
     LIW1-28 174 0.0021 0.0035 0.9817 0.0126 
        001s 175 0.0024 0.0005 0.9954 0.0016 
        002s 175 0.0654 0.0007 0.9318 0.0022 
        003s 175 0.0004 0.0010 0.9980 0.0007 
        004s 175 0.0303 0.0039 0.9645 0.0014 
        005s 175 0.0016 0.0042 0.9927 0.0014 
        006s 175 0.1527 0.0022 0.8437 0.0014 
        007s 175 0.0005 0.0005 0.9983 0.0007 
        008s 175 0.0016 0.0030 0.9948 0.0005 
        009s 175 0.1069 0.0026 0.8894 0.0010 
        010s 175 0.0010 0.0003 0.9977 0.0010 
        011s 175 0.0021 0.0006 0.9963 0.0010 
        012s 175 0.0006 0.0005 0.9985 0.0003 
        013s 175 0.0027 0.0005 0.9966 0.0003 
        014s 175 0.0773 0.0007 0.9218 0.0002 
        015s 175 0.0012 0.0005 0.9963 0.0020 
        016s 175 0.0087 0.0005 0.9904 0.0003 
        017s 175 0.0074 0.0009 0.9876 0.0042 
        018s 175 0.0034 0.0074 0.9882 0.0010 
        019s 175 0.0012 0.0234 0.9712 0.0042 
        020s 175 0.0011 0.0007 0.9973 0.0009 
        021s 175 0.0008 0.0007 0.9966 0.0019 
        022s 175 0.0064 0.0005 0.9901 0.0031 
        023s 175 0.0036 0.0080 0.9857 0.0027 
        024s 175 0.0252 0.0011 0.9732 0.0006 
        025s 175 0.0453 0.0020 0.9520 0.0007 
        026s 175 0.0027 0.0005 0.9953 0.0015 
        027s 175 0.0016 0.0007 0.9962 0.0015 
        028s 175 0.0014 0.0004 0.9340 0.0641 
        029s 175 0.0007 0.0018 0.9971 0.0005 
        030s 175 0.0925 0.0006 0.9058 0.0011 
        031s 175 0.0015 0.0097 0.9885 0.0003 
        032s 175 0.0013 0.0027 0.9772 0.0188 
        033s 175 0.0128 0.0025 0.9839 0.0008 
        034s 175 0.0038 0.0003 0.9955 0.0005 
        035s 175 0.0042 0.0006 0.9948 0.0004 
        036s 175 0.0008 0.0031 0.9957 0.0005 
        037s 175 0.0008 0.0002 0.9863 0.0127 
        038s 175 0.0071 0.0003 0.9918 0.0008 
        039s 175 0.0012 0.0009 0.9954 0.0025 
        040s 175 0.0009 0.0005 0.9970 0.0016 
        041s 175 0.0019 0.0009 0.9967 0.0006 
        042s 175 0.0011 0.0219 0.9760 0.0010 
        043s 175 0.0029 0.0008 0.9923 0.0041 
        044s 175 0.0007 0.0005 0.9971 0.0017 
        045s 175 0.0621 0.0009 0.9365 0.0005 
        046s 175 0.0012 0.0010 0.9958 0.0020 
        047s 175 0.0004 0.0036 0.9886 0.0074 
        048s 175 0.0042 0.0012 0.9942 0.0005 
        049s 175 0.0201 0.0024 0.9769 0.0006 
        050s 175 0.0323 0.0021 0.8683 0.0973 
        001s 176 0.0795 0.0014 0.9184 0.0007 
        002s 176 0.0103 0.0003 0.9878 0.0016 
        003s 176 0.0011 0.0008 0.9969 0.0011 
        004s 176 0.0014 0.0023 0.9944 0.0019 
        005s 176 0.0005 0.0004 0.9818 0.0173 
        006s 176 0.0008 0.0028 0.9958 0.0006 
        007s 176 0.0688 0.0013 0.9289 0.0011 
        008s 176 0.0005 0.0011 0.9983 0.0002 
        009s 176 0.0005 0.0007 0.9892 0.0096 
        010s 176 0.0006 0.0010 0.9980 0.0004 
        011s 176 0.0006 0.0005 0.9952 0.0037 
        012s 176 0.0592 0.0007 0.9388 0.0012 
        013s 176 0.0122 0.0009 0.9845 0.0024 
        014s 176 0.0022 0.0012 0.9961 0.0005 
        015s 176 0.0008 0.0070 0.9909 0.0013 
        016s 176 0.0007 0.0045 0.9940 0.0008 
        017s 176 0.0003 0.0006 0.9988 0.0003 
        018s 176 0.0005 0.0012 0.9892 0.0091 
        019s 176 0.0447 0.0012 0.9537 0.0004 
        020s 176 0.0013 0.0008 0.9967 0.0011 
        021s 176 0.0031 0.0007 0.9951 0.0012 
        022s 176 0.0010 0.0013 0.9970 0.0007 
        023s 176 0.0012 0.0779 0.9207 0.0003 
        024s 176 0.0380 0.0012 0.9600 0.0008 
        025s 176 0.0062 0.0015 0.9898 0.0025 
        026s 176 0.0049 0.0010 0.9922 0.0019 
        027s 176 0.0004 0.0005 0.9982 0.0009 
        028s 176 0.0016 0.0011 0.9965 0.0008 
        029s 176 0.0009 0.0006 0.9962 0.0022 
        030s 176 0.0514 0.0005 0.9476 0.0005 
        031s 176 0.0055 0.0004 0.9930 0.0011 
        032s 176 0.0092 0.0007 0.9593 0.0308 
        033s 176 0.1169 0.0024 0.8576 0.0231 
        034s 176 0.0009 0.0002 0.9984 0.0004 
        035s 176 0.0038 0.0005 0.9262 0.0695 
        036s 176 0.0009 0.0003 0.9982 0.0005 
        037s 176 0.0588 0.0031 0.9207 0.0174 
        038s 176 0.0008 0.0012 0.9973 0.0007 
        039s 176 0.0004 0.0005 0.9989 0.0002 
        040s 176 0.0004 0.0004 0.9986 0.0006 
        041s 176 0.0009 0.0048 0.9936 0.0007 
        042s 176 0.0005 0.0010 0.9981 0.0003 
        043s 176 0.0129 0.0026 0.9780 0.0066 
        044s 176 0.0020 0.0003 0.9975 0.0003 
        045s 176 0.0080 0.0008 0.9902 0.0009 
        046s 176 0.0013 0.0005 0.9979 0.0003 
        047s 176 0.0006 0.0042 0.9940 0.0012 
        048s 176 0.0051 0.0088 0.9856 0.0005 
        050s 176 0.0010 0.0004 0.9894 0.0091 
        001s 177 0.0380 0.0141 0.9374 0.0106 
        002s 177 0.0005 0.0006 0.9978 0.0011 
        003s 177 0.0223 0.0454 0.9272 0.0051 
        004s 177 0.0009 0.0003 0.9976 0.0012 
        005s 177 0.0012 0.0004 0.9979 0.0004 
        006s 177 0.0016 0.0019 0.9940 0.0024 
        007s 177 0.0031 0.0003 0.9961 0.0005 
        008s 177 0.1439 0.0140 0.8402 0.0018 
        009s 177 0.0003 0.0005 0.9984 0.0007 
        010s 177 0.0161 0.0011 0.9818 0.0011 
        011s 177 0.0010 0.0002 0.9983 0.0005 
        012s 177 0.0020 0.0003 0.9971 0.0006 
        013s 177 0.0008 0.0056 0.9919 0.0017 
        014s 177 0.0243 0.0013 0.9725 0.0020 
        015s 177 0.0023 0.0007 0.9952 0.0019 
        016s 177 0.0003 0.0008 0.9984 0.0005 
        017s 177 0.0282 0.0010 0.9698 0.0010 
        018s 177 0.0066 0.0026 0.9904 0.0004 
        019s 177 0.0007 0.0005 0.9935 0.0053 
        020s 177 0.0015 0.0010 0.9946 0.0029 
        021s 177 0.0004 0.0004 0.9981 0.0011 
        022s 177 0.0036 0.0005 0.9834 0.0125 
        023s 177 0.0114 0.0018 0.9848 0.0019 
        024s 177 0.0006 0.0005 0.9973 0.0017 
        025s 177 0.0022 0.0007 0.9963 0.0008 
        026s 177 0.0007 0.0004 0.9965 0.0024 
        027s 177 0.0005 0.0009 0.9980 0.0006 
        028s 177 0.0004 0.0015 0.9973 0.0007 
        029s 177 0.0861 0.0003 0.9120 0.0016 
        030s 177 0.0073 0.0017 0.9886 0.0025 
        031s 177 0.0010 0.0011 0.9881 0.0098 
        032s 177 0.0182 0.0004 0.9807 0.0007 
        033s 177 0.0005 0.0005 0.9960 0.0030 
        034s 177 0.0011 0.0004 0.9977 0.0007 
        035s 177 0.0004 0.0006 0.9986 0.0003 
        036s 177 0.0057 0.0008 0.9383 0.0553 
        037s 177 0.0231 0.0007 0.9715 0.0047 
        038s 177 0.0082 0.0027 0.9881 0.0010 
        039s 177 0.0009 0.0039 0.9937 0.0015 
        040s 177 0.0209 0.0004 0.9773 0.0014 
        041s 177 0.1051 0.0004 0.8942 0.0003 
        042s 177 0.0209 0.0006 0.9781 0.0005 
        043s 177 0.0003 0.0005 0.9987 0.0005 
        044s 177 0.0007 0.0004 0.9980 0.0008 
        045s 177 0.0085 0.0075 0.9817 0.0024 
        046s 177 0.0007 0.0005 0.9983 0.0005 
        047s 177 0.0013 0.0013 0.9942 0.0032 
        048s 177 0.0046 0.0005 0.9945 0.0004 
        049s 177 0.0493 0.0003 0.9496 0.0008 
        050s 177 0.0004 0.0052 0.9938 0.0006 
        001s 178 0.0257 0.0024 0.9703 0.0016 
        002s 178 0.0030 0.0004 0.9936 0.0030 
        003s 178 0.0029 0.0012 0.9953 0.0006 
        004s 178 0.0017 0.0121 0.9858 0.0004 
        005s 178 0.0012 0.0015 0.9970 0.0004 
        006s 178 0.0509 0.0129 0.8826 0.0536 
        007s 178 0.0009 0.0004 0.9981 0.0005 
        008s 178 0.0821 0.0018 0.9154 0.0007 
        009s 178 0.0029 0.0017 0.9939 0.0015 
        010s 178 0.0005 0.0004 0.9980 0.0010 
        011s 178 0.0009 0.0007 0.9978 0.0005 
        012s 178 0.0020 0.0003 0.9971 0.0006 
        013s 178 0.0003 0.0048 0.9921 0.0028 
        014s 178 0.0212 0.0004 0.9566 0.0218 
        015s 178 0.0037 0.0008 0.9950 0.0006 
        016s 178 0.0101 0.0032 0.9854 0.0014 
        017s 178 0.0247 0.0016 0.9704 0.0033 
        018s 178 0.0012 0.0010 0.9962 0.0016 
        019s 178 0.0013 0.0003 0.9980 0.0004 
        020s 178 0.0004 0.0013 0.9981 0.0002 
        021s 178 0.0258 0.0010 0.9724 0.0009 
        022s 178 0.0014 0.0005 0.9977 0.0004 
        023s 178 0.0948 0.0006 0.8683 0.0363 
        024s 178 0.0006 0.0007 0.9980 0.0007 
        025s 178 0.0159 0.0003 0.9829 0.0009 
        026s 178 0.0005 0.0020 0.9969 0.0005 
        027s 178 0.0331 0.0016 0.9642 0.0011 
        028s 178 0.0297 0.0054 0.9569 0.0079 
        029s 178 0.0023 0.0005 0.9963 0.0008 
        030s 178 0.0053 0.0006 0.9905 0.0036 
        031s 178 0.0003 0.0195 0.9799 0.0003 
        032s 178 0.0006 0.0019 0.9970 0.0005 
        033s 178 0.0366 0.0017 0.9612 0.0005 
        034s 178 0.0003 0.0010 0.9981 0.0006 
        035s 178 0.0009 0.0010 0.9947 0.0033 
        036s 178 0.0004 0.0005 0.9983 0.0008 
        037s 178 0.0004 0.0005 0.9934 0.0058 
        039s 178 0.0140 0.0020 0.9779 0.0060 
        040s 178 0.0629 0.0014 0.9331 0.0025 
        041s 178 0.0005 0.0005 0.9985 0.0005 
        042s 178 0.0244 0.0201 0.9504 0.0051 
        043s 178 0.0283 0.0444 0.9189 0.0084 
        044s 178 0.1143 0.0002 0.8844 0.0011 
        045s 178 0.0012 0.0007 0.9972 0.0010 
        046s 178 0.0011 0.0007 0.9979 0.0004 
        047s 178 0.0132 0.0008 0.9851 0.0009 
        048s 178 0.0112 0.0012 0.9635 0.0241 
        049s 178 0.0033 0.0004 0.9919 0.0044 
        050s 178 0.0918 0.0069 0.8986 0.0027 
          01 179 0.0737 0.0004 0.9079 0.0179 
          02 179 0.0008 0.0013 0.9960 0.0019 
          03 179 0.1359 0.0004 0.8632 0.0006 
          04 179 0.0020 0.0005 0.9918 0.0057 
          05 179 0.0560 0.0018 0.9414 0.0007 
          06 179 0.0009 0.0132 0.9855 0.0004 
          07 179 0.0022 0.0002 0.9927 0.0049 
          08 179 0.0005 0.0024 0.9929 0.0042 
          09 179 0.0004 0.0007 0.9980 0.0009 
          10 179 0.0046 0.0003 0.9894 0.0056 
          11 179 0.0858 0.0004 0.9128 0.0010 
          12 179 0.0008 0.0021 0.9948 0.0023 
          13 179 0.0008 0.0022 0.9966 0.0004 
          14 179 0.0780 0.0004 0.9159 0.0057 
          15 179 0.0112 0.0006 0.9873 0.0010 
          16 179 0.0097 0.0029 0.9865 0.0009 
          17 179 0.0009 0.0009 0.9796 0.0186 
          18 179 0.0006 0.0011 0.9956 0.0026 
          19 179 0.0210 0.0017 0.9765 0.0008 
          20 179 0.0315 0.0035 0.8718 0.0932 
          21 179 0.0002 0.0003 0.9988 0.0007 
          22 179 0.0082 0.0210 0.9698 0.0010 
          23 179 0.0018 0.0006 0.9971 0.0005 
        001s 180 0.0278 0.0008 0.9414 0.0300 
        002s 180 0.0011 0.0003 0.9964 0.0022 
        003s 180 0.0008 0.0028 0.9952 0.0012 
        004s 180 0.0008 0.0003 0.9982 0.0006 
        005s 180 0.0045 0.0003 0.9662 0.0290 
        006s 180 0.0857 0.0008 0.9125 0.0010 
        007s 180 0.0005 0.0007 0.9983 0.0005 
        008s 180 0.0020 0.0006 0.9968 0.0006 
        009s 180 0.0007 0.0009 0.9969 0.0015 
        010s 180 0.0006 0.0091 0.9896 0.0007 
        011s 180 0.0015 0.0004 0.9976 0.0005 
        012s 180 0.0059 0.0008 0.9926 0.0008 
        013s 180 0.0011 0.0020 0.9909 0.0060 
        014s 180 0.0046 0.0004 0.9937 0.0013 
        015s 180 0.0007 0.0005 0.9972 0.0016 
        016s 180 0.0097 0.0022 0.9707 0.0173 
        017s 180 0.0011 0.0008 0.9971 0.0011 
        018s 180 0.0665 0.0010 0.9320 0.0005 
        019s 180 0.0012 0.0009 0.9965 0.0014 
        020s 180 0.0019 0.0022 0.9880 0.0079 
        021s 180 0.0017 0.0009 0.9952 0.0022 
        022s 180 0.0046 0.0003 0.9941 0.0010 
        023s 180 0.0005 0.0003 0.9947 0.0045 
        024s 180 0.0020 0.0008 0.9912 0.0060 
        025s 180 0.0065 0.0008 0.9922 0.0005 
        026s 180 0.0020 0.0034 0.9942 0.0005 
        027s 180 0.0039 0.0007 0.9946 0.0008 
        028s 180 0.0027 0.0012 0.9950 0.0011 
        029s 180 0.0136 0.0068 0.9169 0.0626 
        030s 180 0.0013 0.0063 0.9921 0.0004 
        031s 180 0.0006 0.0004 0.9974 0.0016 
        032s 180 0.0021 0.0149 0.9822 0.0007 
        033s 180 0.0018 0.0038 0.9942 0.0002 
        034s 180 0.0037 0.0014 0.9944 0.0006 
        035s 180 0.0063 0.0010 0.9735 0.0192 
        036s 180 0.0005 0.0058 0.9930 0.0008 
        037s 180 0.0012 0.0052 0.9925 0.0012 
        038s 180 0.0016 0.0008 0.9974 0.0002 
        039s 180 0.0014 0.0009 0.9967 0.0011 
        041s 180 0.0007 0.0004 0.9985 0.0004 
        042s 180 0.0013 0.0009 0.9918 0.0060 
        043s 180 0.0029 0.0104 0.9851 0.0016 
        044s 180 0.0006 0.0007 0.9982 0.0005 
        045s 180 0.0024 0.0023 0.9915 0.0038 
        046s 180 0.0063 0.0016 0.9904 0.0016 
        047s 180 0.0068 0.0010 0.9907 0.0015 
        048s 180 0.0011 0.0005 0.9978 0.0006 
        049s 180 0.0008 0.0009 0.9978 0.0004 
        050s 180 0.0006 0.0030 0.9961 0.0004 
         001 181 0.9994 0.0003 0.0002 0.0001 
         002 181 0.9997 0.0001 0.0001 0.0001 
         003 181 0.9997 0.0002 0.0001 0.0001 
         004 181 0.9921 0.0039 0.0038 0.0002 
         005 181 0.9973 0.0002 0.0015 0.0010 
         006 181 0.9997 0.0001 0.0001 0.0001 
         007 181 0.9997 0.0001 0.0001 0.0001 
         008 181 0.9996 0.0002 0.0002 0.0001 
         009 181 0.9998 0.0001 0.0001 0.0000 
         010 181 0.9603 0.0394 0.0001 0.0001 
         011 181 0.9997 0.0001 0.0001 0.0001 
         012 181 0.9987 0.0002 0.0003 0.0008 
         013 181 0.9989 0.0003 0.0006 0.0002 
         014 181 0.9996 0.0001 0.0002 0.0001 
         015 181 0.9997 0.0001 0.0001 0.0001 
         016 181 0.9994 0.0001 0.0003 0.0002 
         017 181 0.9997 0.0001 0.0001 0.0001 
         018 181 0.9992 0.0004 0.0002 0.0002 
         019 181 0.9982 0.0001 0.0013 0.0004 
         020 181 0.9996 0.0001 0.0001 0.0001 
         021 181 0.9997 0.0001 0.0001 0.0001 
         022 181 0.9998 0.0001 0.0001 0.0001 
         023 181 0.9997 0.0001 0.0001 0.0001 
         024 181 0.9960 0.0012 0.0022 0.0005 
         025 181 0.9996 0.0001 0.0001 0.0001 
         026 181 0.9997 0.0001 0.0001 0.0001 
         027 181 0.9998 0.0001 0.0001 0.0001 
         028 181 0.9998 0.0001 0.0001 0.0000 
         029 181 0.9996 0.0001 0.0001 0.0001 
         030 181 0.9996 0.0002 0.0001 0.0001 
         001 182 0.9997 0.0001 0.0001 0.0001 
         002 182 0.9994 0.0002 0.0003 0.0002 
         003 182 0.9414 0.0579 0.0005 0.0002 
         004 182 0.9993 0.0001 0.0002 0.0003 
         005 182 0.9979 0.0011 0.0009 0.0002 
         006 182 0.8804 0.0003 0.1166 0.0027 
         007 182 0.9781 0.0205 0.0011 0.0003 
         008 182 0.9990 0.0004 0.0004 0.0001 
         009 182 0.9992 0.0004 0.0003 0.0001 
         010 182 0.9000 0.0004 0.0991 0.0005 
         011 182 0.9995 0.0002 0.0002 0.0001 
         012 182 0.9263 0.0004 0.0712 0.0021 
         013 182 0.9965 0.0005 0.0014 0.0016 
         014 182 0.8959 0.0004 0.0990 0.0047 
         015 182 0.9998 0.0001 0.0001 0.0001 
         016 182 0.9992 0.0005 0.0002 0.0001 
         017 182 0.9410 0.0006 0.0581 0.0003 
         018 182 0.9995 0.0002 0.0002 0.0001 
         019 182 0.9997 0.0001 0.0001 0.0001 
         020 182 0.9998 0.0001 0.0001 0.0001 
         021 182 0.9252 0.0701 0.0039 0.0008 
         022 182 0.9994 0.0002 0.0002 0.0001 
         023 182 0.9995 0.0001 0.0002 0.0002 
         024 182 0.9995 0.0002 0.0002 0.0001 
         025 182 0.9992 0.0005 0.0002 0.0001 
         026 182 0.9997 0.0001 0.0001 0.0001 
         027 182 0.9982 0.0002 0.0005 0.0010 
         028 182 0.9991 0.0002 0.0004 0.0002 
         029 182 0.9906 0.0079 0.0006 0.0009 
         030 182 0.9997 0.0001 0.0001 0.0001 
          10 183 0.0003 0.0013 0.9965 0.0019 
          11 183 0.0002 0.0003 0.9275 0.0720 
          12 183 0.0004 0.0010 0.9928 0.0058 
          13 183 0.0450 0.0006 0.9538 0.0005 
          14 183 0.0002 0.0235 0.9665 0.0099 
          15 183 0.0067 0.0007 0.9487 0.0439 
          16 183 0.0683 0.0042 0.9262 0.0014 
          17 183 0.0006 0.0004 0.9966 0.0025 
          18 183 0.0004 0.0008 0.9977 0.0011 
          19 183 0.0003 0.0003 0.9985 0.0010 
          20 183 0.0124 0.0007 0.9865 0.0004 
          21 183 0.0009 0.0001 0.9868 0.0122 
          22 183 0.0040 0.0038 0.9666 0.0256 
          23 183 0.0057 0.0058 0.9881 0.0004 
          24 183 0.0003 0.0006 0.9806 0.0184 
          25 183 0.0011 0.0008 0.9881 0.0100 
          26 183 0.0038 0.0006 0.9947 0.0009 
          27 183 0.0108 0.0002 0.9752 0.0138 
          28 183 0.0011 0.0005 0.9754 0.0230 
          29 183 0.6909 0.0005 0.2860 0.0226 
          30 183 0.8133 0.0005 0.1116 0.0746 
          31 183 0.0006 0.0004 0.9942 0.0047 
          32 183 0.0003 0.0011 0.9984 0.0003 
          33 183 0.0021 0.0014 0.9949 0.0016 
          34 183 0.0005 0.0023 0.9742 0.0230 
          35 183 0.0077 0.0006 0.9814 0.0103 
          36 183 0.0005 0.0013 0.9935 0.0047 
          37 183 0.7889 0.0005 0.1759 0.0347 
          54 183 0.0536 0.0003 0.9447 0.0015 
          55 183 0.0940 0.0056 0.8248 0.0756 
           6 183 0.0048 0.0013 0.9930 0.0010 
           7 183 0.1084 0.0005 0.8880 0.0030 
           8 183 0.0328 0.0013 0.9633 0.0026 
           9 183 0.0031 0.0013 0.9819 0.0136 
           4 184 0.0018 0.0005 0.9971 0.0006 
           9 184 0.0008 0.0030 0.9957 0.0005 
          12 184 0.0095 0.0004 0.9899 0.0003 
          14 184 0.0009 0.0009 0.9920 0.0062 
          15 184 0.0005 0.0007 0.9965 0.0023 
          16 184 0.0009 0.0038 0.9942 0.0012 
          17 184 0.0026 0.0018 0.9944 0.0012 
          18 184 0.0882 0.0004 0.9099 0.0015 
          22 184 0.0006 0.0010 0.9980 0.0004 
          25 184 0.0035 0.0007 0.9949 0.0008 
          26 184 0.0009 0.0204 0.9769 0.0018 
          27 184 0.0007 0.0003 0.9987 0.0003 
          28 184 0.0004 0.0004 0.9985 0.0007 
          29 184 0.0003 0.0002 0.9988 0.0007 
          31 184 0.0019 0.0006 0.9970 0.0005 
          32 184 0.0031 0.0007 0.9940 0.0022 
          33 184 0.0006 0.0017 0.9957 0.0020 
          34 184 0.0004 0.0004 0.9986 0.0005 
          36 184 0.3741 0.0002 0.6253 0.0004 
          37 184 0.0026 0.0014 0.9956 0.0004 
          39 184 0.0111 0.0007 0.9787 0.0095 
          40 184 0.0023 0.0007 0.9941 0.0029 
          41 184 0.0032 0.0006 0.9944 0.0018 
          42 184 0.0015 0.0031 0.9951 0.0004 
          43 184 0.0005 0.0005 0.9981 0.0009 
          44 184 0.0649 0.0002 0.9313 0.0036 
          45 184 0.0003 0.0018 0.9972 0.0007 
          46 184 0.0014 0.0006 0.9976 0.0003 
          47 184 0.0002 0.0002 0.9990 0.0005 
          48 184 0.0005 0.0004 0.9975 0.0017 
          52 184 0.0822 0.0007 0.9167 0.0005 
          54 184 0.0007 0.0019 0.9972 0.0003 
          57 184 0.0009 0.0005 0.9981 0.0005 
          58 184 0.0013 0.0006 0.9971 0.0010 
          59 184 0.0655 0.0003 0.9334 0.0008 
          60 184 0.0005 0.0023 0.9882 0.0090 
           3 185 0.0164 0.0007 0.9718 0.0112 
           4 185 0.0008 0.0009 0.9965 0.0019 
           5 185 0.0009 0.0053 0.9933 0.0005 
           6 185 0.0008 0.0007 0.9980 0.0005 
           7 185 0.0858 0.0022 0.9115 0.0005 
           8 185 0.0740 0.0004 0.9247 0.0008 
           9 185 0.0017 0.0005 0.9963 0.0016 
          10 185 0.0011 0.0017 0.9934 0.0038 
          11 185 0.0577 0.0010 0.9395 0.0018 
          12 185 0.1014 0.0012 0.8957 0.0016 
          13 185 0.0006 0.0006 0.9984 0.0004 
          14 185 0.0006 0.0010 0.9979 0.0005 
          15 185 0.0014 0.0440 0.7157 0.2389 
          16 185 0.0010 0.0008 0.9965 0.0017 
          17 185 0.0012 0.0011 0.9494 0.0483 
          18 185 0.0004 0.0038 0.9953 0.0005 
          19 185 0.0003 0.0005 0.9812 0.0181 
          20 185 0.1293 0.0004 0.8697 0.0006 
          21 185 0.0028 0.0014 0.9890 0.0068 
          22 185 0.0017 0.0005 0.9473 0.0505 
          23 185 0.0164 0.0004 0.9816 0.0016 
          24 185 0.0006 0.0003 0.9987 0.0004 
          25 185 0.0690 0.0002 0.9253 0.0055 
          26 185 0.0015 0.0009 0.9964 0.0012 
          27 185 0.0005 0.0020 0.9963 0.0012 
          28 185 0.0006 0.0003 0.9988 0.0003 
          29 185 0.1240 0.0106 0.7995 0.0659 
          30 185 0.0066 0.0005 0.9920 0.0009 
          31 185 0.0048 0.0003 0.9944 0.0004 
          32 185 0.0035 0.0010 0.9951 0.0004 
          33 185 0.0120 0.0005 0.9870 0.0005 
          34 185 0.0005 0.0003 0.9976 0.0016 
          35 185 0.0012 0.0451 0.9530 0.0007 
          36 185 0.0012 0.0014 0.9966 0.0008 
          37 185 0.0195 0.0004 0.9798 0.0004 
          38 185 0.1024 0.0006 0.8969 0.0002 
          39 185 0.0421 0.0003 0.9516 0.0060 
          40 185 0.0008 0.0010 0.9971 0.0012 
          41 185 0.0004 0.0017 0.9967 0.0012 
          42 185 0.0006 0.0007 0.9983 0.0004 
           5 186 0.0006 0.0059 0.9930 0.0005 
           6 186 0.0009 0.0029 0.9958 0.0005 
           7 186 0.0018 0.0005 0.9972 0.0005 
           9 186 0.0823 0.0006 0.9152 0.0019 
          10 186 0.0451 0.0016 0.9527 0.0006 
          11 186 0.0025 0.0004 0.9965 0.0006 
          12 186 0.0010 0.0008 0.9979 0.0003 
          29 186 0.0012 0.0005 0.9876 0.0107 
          30 186 0.0003 0.0022 0.9965 0.0010 
          31 186 0.0645 0.0115 0.7635 0.1605 
          32 186 0.0448 0.0005 0.9082 0.0466 
          33 186 0.0004 0.0006 0.9953 0.0037 
          34 186 0.0160 0.0197 0.9610 0.0034 
          35 186 0.0002 0.0005 0.9984 0.0009 
          36 186 0.0011 0.0004 0.9974 0.0011 
          37 186 0.0250 0.0004 0.9739 0.0007 
          38 186 0.0138 0.0007 0.9703 0.0152 
          39 186 0.0006 0.0024 0.9966 0.0004 
          40 186 0.0005 0.0004 0.9985 0.0007 
          41 186 0.0034 0.0019 0.9940 0.0006 
          42 186 0.0007 0.0006 0.9981 0.0006 
          43 186 0.0066 0.0031 0.9896 0.0007 
          44 186 0.0002 0.0031 0.9948 0.0018 
          45 186 0.0004 0.0006 0.9984 0.0006 
          46 186 0.0006 0.0083 0.9906 0.0005 
          47 186 0.0025 0.0003 0.9957 0.0015 
          48 186 0.0007 0.0010 0.9974 0.0009 
          49 186 0.0002 0.0005 0.9991 0.0002 
          50 186 0.0116 0.0004 0.9862 0.0018 
          51 186 0.0006 0.0010 0.9980 0.0004 
          52 186 0.0008 0.0025 0.9956 0.0011 
          53 186 0.0005 0.0007 0.9969 0.0019 
          54 186 0.0005 0.0038 0.9948 0.0008 
          55 186 0.0015 0.0046 0.9930 0.0009 
          56 186 0.0014 0.0003 0.9978 0.0006 
          57 186 0.0021 0.0099 0.9129 0.0751 
          58 186 0.0009 0.0007 0.9981 0.0003 
          59 186 0.0035 0.0004 0.9954 0.0007 
          60 186 0.0004 0.0015 0.9960 0.0021 
           1 187 0.0138 0.0013 0.9807 0.0042 
           2 187 0.0031 0.0006 0.9951 0.0012 
           3 187 0.0100 0.0009 0.9757 0.0133 
           4 187 0.1165 0.0007 0.8740 0.0087 
           5 187 0.0006 0.0033 0.9955 0.0006 
           6 187 0.0026 0.0046 0.9922 0.0007 
           7 187 0.1426 0.0080 0.8473 0.0021 
           8 187 0.0012 0.0023 0.9959 0.0006 
           9 187 0.0003 0.0003 0.9984 0.0009 
          10 187 0.0305 0.0010 0.9676 0.0009 
          11 187 0.0010 0.0005 0.9983 0.0002 
          12 187 0.0005 0.0003 0.9987 0.0005 
          13 187 0.0048 0.0005 0.9932 0.0015 
          14 187 0.0010 0.0018 0.9956 0.0016 
          15 187 0.0029 0.0066 0.9900 0.0005 
          16 187 0.0102 0.0018 0.9862 0.0018 
          17 187 0.0653 0.0004 0.9267 0.0076 
          18 187 0.0013 0.0006 0.9974 0.0008 
          19 187 0.0005 0.0010 0.9981 0.0004 
          20 187 0.0009 0.0067 0.9917 0.0008 
          21 187 0.0937 0.0022 0.8999 0.0042 
          22 187 0.0012 0.0005 0.9957 0.0026 
          23 187 0.0003 0.0003 0.9988 0.0005 
          24 187 0.0944 0.0010 0.9029 0.0017 
          25 187 0.0009 0.0042 0.9931 0.0018 
          26 187 0.0003 0.0011 0.9959 0.0026 
          27 187 0.0003 0.0004 0.9987 0.0006 
          28 187 0.0031 0.0013 0.9909 0.0047 
          29 187 0.0034 0.0006 0.9951 0.0010 
          30 187 0.0016 0.0009 0.9584 0.0391 
          32 187 0.0944 0.0005 0.9048 0.0002 
          33 187 0.0181 0.0003 0.9809 0.0006 
          34 187 0.0006 0.0019 0.9969 0.0005 
          35 187 0.0074 0.0024 0.9839 0.0063 
          36 187 0.0007 0.0015 0.9967 0.0011 
          37 187 0.0024 0.0007 0.9897 0.0073 
          38 187 0.0976 0.0255 0.8084 0.0685 
           1 188 0.0042 0.0008 0.9942 0.0008 
           2 188 0.0166 0.0018 0.9809 0.0006 
           3 188 0.0404 0.0035 0.9550 0.0012 
           4 188 0.0657 0.0109 0.9230 0.0004 
           5 188 0.0015 0.0011 0.9946 0.0028 
           6 188 0.0004 0.0003 0.9984 0.0009 
           7 188 0.0004 0.0010 0.9981 0.0004 
           8 188 0.0501 0.0008 0.9488 0.0003 
           9 188 0.0008 0.0182 0.9806 0.0004 
          10 188 0.0035 0.0004 0.9948 0.0012 
          11 188 0.0003 0.0016 0.9977 0.0004 
          12 188 0.0007 0.0009 0.9526 0.0458 
          13 188 0.1056 0.0003 0.8863 0.0078 
          14 188 0.0846 0.0003 0.9114 0.0037 
          15 188 0.0005 0.0022 0.9970 0.0003 
          16 188 0.0158 0.0005 0.9826 0.0012 
          17 188 0.0015 0.0004 0.9971 0.0010 
          18 188 0.0009 0.0004 0.9495 0.0491 
          19 188 0.0011 0.0008 0.9949 0.0033 
          20 188 0.1171 0.0008 0.8741 0.0081 
          21 188 0.0025 0.0037 0.9882 0.0056 
          22 188 0.0017 0.0063 0.9844 0.0077 
          23 188 0.0023 0.0004 0.9489 0.0484 
          24 188 0.0001 0.0004 0.9659 0.0336 
          25 188 0.0008 0.0036 0.9517 0.0439 
          26 188 0.0810 0.0008 0.9170 0.0012 
          27 188 0.0560 0.0004 0.9426 0.0011 
          28 188 0.0012 0.0005 0.9979 0.0003 
          29 188 0.0365 0.0015 0.9539 0.0081 
          30 188 0.1001 0.0003 0.8991 0.0005 
          31 188 0.0027 0.0008 0.9919 0.0046 
          32 188 0.0007 0.0006 0.9982 0.0005 
          33 188 0.0005 0.0002 0.9951 0.0042 
          34 188 0.0006 0.0005 0.9945 0.0044 
          35 188 0.0057 0.0054 0.9380 0.0509 
          36 188 0.1095 0.0016 0.8876 0.0013 
          37 188 0.0011 0.0014 0.9970 0.0005 
          38 188 0.0870 0.0007 0.9111 0.0013 
          39 188 0.0262 0.0064 0.9661 0.0014 
          40 188 0.0010 0.0005 0.9980 0.0004 
           7 189 0.0030 0.0005 0.9959 0.0006 
           8 189 0.0018 0.0004 0.9970 0.0008 
           9 189 0.0030 0.0006 0.9945 0.0019 
          10 189 0.0041 0.0005 0.9950 0.0003 
          11 189 0.0009 0.0185 0.9768 0.0039 
          12 189 0.0687 0.0014 0.9293 0.0006 
          13 189 0.0004 0.0009 0.9966 0.0022 
          14 189 0.0293 0.0002 0.9647 0.0058 
          16 189 0.1405 0.0086 0.8408 0.0101 
          17 189 0.0004 0.0010 0.9972 0.0014 
          18 189 0.0459 0.0007 0.9521 0.0013 
          19 189 0.0011 0.0020 0.9912 0.0057 
          20 189 0.0611 0.0004 0.9380 0.0006 
          21 189 0.0093 0.0005 0.9894 0.0008 
          23 189 0.0005 0.0013 0.9962 0.0020 
          24 189 0.0364 0.0008 0.9620 0.0007 
          25 189 0.0039 0.0007 0.9937 0.0017 
          26 189 0.0152 0.0024 0.9809 0.0015 
          27 189 0.0011 0.0034 0.9928 0.0027 
          28 189 0.0002 0.0011 0.9984 0.0003 
          29 189 0.0017 0.0007 0.9963 0.0013 
          30 189 0.0015 0.0015 0.9832 0.0138 
          31 189 0.0004 0.0003 0.9965 0.0028 
          32 189 0.0764 0.0015 0.9217 0.0004 
          33 189 0.0008 0.0020 0.9908 0.0064 
          34 189 0.0003 0.0037 0.9957 0.0002 
          35 189 0.0004 0.0006 0.9984 0.0007 
          36 189 0.0356 0.0004 0.9633 0.0007 
          37 189 0.0005 0.0014 0.9936 0.0045 
          38 189 0.0024 0.0044 0.9897 0.0036 
          39 189 0.0067 0.0007 0.9919 0.0007 
          40 189 0.1392 0.0007 0.8582 0.0018 
          41 189 0.0142 0.0004 0.9814 0.0040 
          42 189 0.1662 0.0210 0.8023 0.0104 
          43 189 0.0011 0.0013 0.9969 0.0007 
           1 190 0.1144 0.0027 0.8822 0.0007 
           3 190 0.0007 0.0010 0.9831 0.0152 
           4 190 0.0007 0.0015 0.9972 0.0006 
           5 190 0.0085 0.0004 0.9904 0.0007 
           6 190 0.0005 0.0010 0.9978 0.0007 
           7 190 0.0009 0.0003 0.9973 0.0016 
           8 190 0.0089 0.0013 0.9567 0.0331 
           9 190 0.3509 0.0119 0.5343 0.1029 
          10 190 0.0012 0.0006 0.9977 0.0005 
          11 190 0.0261 0.0148 0.9586 0.0004 
          12 190 0.0004 0.0014 0.9971 0.0010 
          13 190 0.0009 0.0009 0.9978 0.0003 
          14 190 0.0012 0.0031 0.9952 0.0004 
          15 190 0.0031 0.0301 0.9632 0.0036 
          16 190 0.0033 0.0003 0.9959 0.0006 
          17 190 0.0024 0.0043 0.9926 0.0007 
          18 190 0.0144 0.0005 0.9799 0.0053 
          19 190 0.0007 0.0008 0.9973 0.0012 
          20 190 0.0005 0.0008 0.9920 0.0067 
          22 190 0.1241 0.0006 0.8748 0.0006 
          23 190 0.0045 0.0006 0.9940 0.0008 
          24 190 0.0447 0.0007 0.9533 0.0013 
          25 190 0.0036 0.0008 0.9953 0.0004 
          26 190 0.0003 0.0017 0.9965 0.0015 
          27 190 0.0011 0.0156 0.9825 0.0008 
          28 190 0.0029 0.0059 0.9906 0.0006 
          29 190 0.0124 0.0003 0.9870 0.0003 
          31 190 0.0536 0.0007 0.9455 0.0002 
           7 191 0.0004 0.0003 0.9988 0.0006 
           8 191 0.0016 0.0004 0.9973 0.0007 
           9 191 0.0005 0.0003 0.9986 0.0005 
          10 191 0.0005 0.0004 0.9946 0.0045 
          11 191 0.0030 0.0004 0.9958 0.0007 
          12 191 0.0063 0.0741 0.9191 0.0005 
          13 191 0.0017 0.0007 0.9966 0.0009 
          14 191 0.0070 0.0012 0.9914 0.0003 
          15 191 0.0547 0.0008 0.9426 0.0018 
          16 191 0.0012 0.0008 0.9955 0.0026 
          17 191 0.0783 0.0017 0.8743 0.0458 
          18 191 0.0009 0.0007 0.9978 0.0006 
          19 191 0.0185 0.0017 0.9744 0.0055 
          20 191 0.0157 0.0002 0.9821 0.0021 
          21 191 0.0127 0.0058 0.9501 0.0314 
          22 191 0.0014 0.0003 0.9978 0.0006 
          23 191 0.0012 0.0008 0.9974 0.0007 
          24 191 0.0012 0.0004 0.9981 0.0004 
          25 191 0.0175 0.0010 0.9810 0.0005 
          26 191 0.1046 0.0009 0.8930 0.0015 
          27 191 0.0010 0.0008 0.9976 0.0006 
          28 191 0.0008 0.0006 0.9950 0.0037 
          29 191 0.0014 0.0005 0.9830 0.0151 
          30 191 0.0006 0.0007 0.9984 0.0003 
          39 191 0.0015 0.0187 0.9792 0.0006 
          40 191 0.0009 0.0005 0.9982 0.0004 
          41 191 0.0491 0.0007 0.9459 0.0042 
          42 191 0.0004 0.0006 0.9988 0.0003 
          43 191 0.0079 0.0008 0.9902 0.0011 
          44 191 0.0109 0.0002 0.9854 0.0035 
          45 191 0.0005 0.0049 0.9923 0.0023 
          46 191 0.1186 0.0005 0.8554 0.0255 
          47 191 0.0047 0.0009 0.9928 0.0017 
          48 191 0.0005 0.0040 0.9941 0.0014 
          49 191 0.0033 0.0053 0.9810 0.0104 
          50 191 0.0012 0.0006 0.9973 0.0008 
           9 192 0.0005 0.0004 0.9989 0.0002 
          10 192 0.0019 0.0013 0.9966 0.0002 
          11 192 0.0012 0.0013 0.9900 0.0075 
          12 192 0.0015 0.0006 0.9972 0.0007 
          13 192 0.0896 0.0015 0.9083 0.0005 
          14 192 0.0018 0.0005 0.9298 0.0679 
          15 192 0.0005 0.0024 0.9959 0.0013 
          16 192 0.0024 0.0003 0.9966 0.0006 
          17 192 0.0362 0.0067 0.9560 0.0012 
          18 192 0.0019 0.0004 0.9967 0.0009 
          19 192 0.0038 0.0021 0.9938 0.0004 
          20 192 0.0029 0.0225 0.9732 0.0013 
          21 192 0.0004 0.0063 0.9928 0.0005 
          22 192 0.0160 0.0013 0.9711 0.0115 
          23 192 0.0820 0.0009 0.9127 0.0045 
          24 192 0.0019 0.0026 0.9952 0.0004 
          33 192 0.0325 0.0176 0.9486 0.0012 
          35 192 0.0007 0.0076 0.9900 0.0017 
          36 192 0.0004 0.0009 0.9984 0.0003 
          37 192 0.0007 0.0008 0.9977 0.0009 
          38 192 0.0434 0.0003 0.9556 0.0008 
          39 192 0.0014 0.0006 0.9975 0.0005 
          40 192 0.0785 0.0002 0.9208 0.0005 
          41 192 0.0634 0.0002 0.9348 0.0016 
          42 192 0.0389 0.0003 0.9556 0.0052 
          43 192 0.0008 0.0035 0.9932 0.0025 
          45 192 0.0005 0.0026 0.9961 0.0009 
          46 192 0.0016 0.0229 0.9739 0.0016 
          47 192 0.0007 0.0003 0.9983 0.0006 
          48 192 0.0006 0.0003 0.9981 0.0009 
          49 192 0.0576 0.0032 0.9385 0.0007 
          50 192 0.0005 0.0008 0.9982 0.0005 
