        001s  1 0.0007 0.0006 0.9987 
        002s  1 0.0011 0.0027 0.9962 
        003s  1 0.0031 0.0035 0.9934 
        004s  1 0.0055 0.0480 0.9465 
        005s  1 0.0015 0.4279 0.5706 
        006s  1 0.0006 0.0009 0.9985 
        007s  1 0.0051 0.0018 0.9931 
        008s  1 0.0012 0.0048 0.9940 
        009s  1 0.0083 0.0704 0.9213 
        010s  1 0.0006 0.0062 0.9933 
        011s  1 0.0039 0.0035 0.9926 
        012s  1 0.0032 0.1315 0.8653 
        013s  1 0.0138 0.0304 0.9558 
        014s  1 0.0162 0.0237 0.9601 
        015s  1 0.0008 0.0008 0.9984 
        016s  1 0.0115 0.0019 0.9866 
        018s  1 0.0022 0.1380 0.8598 
        019s  1 0.0018 0.0047 0.9935 
        020s  1 0.0115 0.0006 0.9879 
        021s  1 0.0078 0.0013 0.9909 
        022s  1 0.0011 0.0005 0.9983 
        023s  1 0.0151 0.0005 0.9844 
        024s  1 0.0011 0.0020 0.9969 
        025s  1 0.0018 0.0103 0.9878 
        026s  1 0.0134 0.0013 0.9853 
        027s  1 0.0037 0.0122 0.9841 
        028s  1 0.0010 0.1087 0.8903 
        029s  1 0.0012 0.0010 0.9978 
        030s  1 0.0010 0.0046 0.9945 
        031s  1 0.0016 0.0004 0.9981 
        032s  1 0.0011 0.0011 0.9978 
        033s  1 0.0015 0.0060 0.9925 
        034s  1 0.0558 0.0013 0.9428 
        035s  1 0.0015 0.0032 0.9954 
        036s  1 0.0023 0.0757 0.9220 
        037s  1 0.0577 0.1192 0.8231 
        038s  1 0.0013 0.0018 0.9969 
        039s  1 0.0006 0.0053 0.9941 
        040s  1 0.0049 0.0027 0.9924 
        041s  1 0.0051 0.0017 0.9933 
        042s  1 0.0957 0.0373 0.8670 
        043s  1 0.0006 0.0209 0.9784 
        044s  1 0.0095 0.1093 0.8811 
        045s  1 0.0014 0.0047 0.9940 
        046s  1 0.0009 0.0012 0.9979 
        047s  1 0.0079 0.0007 0.9914 
        048s  1 0.0015 0.0070 0.9916 
        049s  1 0.0007 0.0012 0.9982 
        050s  1 0.0009 0.1001 0.8990 
        051s  1 0.0021 0.0007 0.9972 
        052s  1 0.0027 0.0260 0.9713 
        053s  1 0.0009 0.0017 0.9974 
        054s  1 0.0015 0.0008 0.9977 
        055s  1 0.0852 0.0770 0.8378 
          01  2 0.0067 0.1166 0.8767 
          02  2 0.0011 0.0233 0.9755 
          03  2 0.0017 0.0019 0.9964 
          04  2 0.0159 0.0266 0.9575 
          05  2 0.0006 0.0957 0.9037 
          06  2 0.0012 0.0376 0.9612 
          07  2 0.0010 0.0179 0.9811 
          08  2 0.0014 0.0502 0.9484 
          09  2 0.0005 0.0005 0.9990 
          10  2 0.0007 0.0018 0.9975 
          11  2 0.0049 0.0064 0.9887 
          12  2 0.0009 0.0013 0.9979 
          13  2 0.0008 0.0008 0.9984 
          14  2 0.0275 0.0019 0.9706 
          15  2 0.0020 0.0009 0.9971 
          16  2 0.0078 0.0394 0.9528 
          17  2 0.0014 0.0028 0.9958 
          18  2 0.0015 0.0336 0.9648 
          19  2 0.0059 0.0009 0.9932 
          20  2 0.0138 0.0715 0.9147 
          21  2 0.0010 0.0013 0.9977 
          22  2 0.0090 0.0061 0.9848 
          23  2 0.0032 0.0026 0.9942 
          24  2 0.0011 0.0009 0.9980 
          25  2 0.0015 0.0417 0.9567 
          26  2 0.0003 0.0010 0.9987 
          27  2 0.0051 0.0138 0.9811 
          28  2 0.0070 0.0007 0.9923 
          29  2 0.0005 0.0013 0.9982 
          30  2 0.1039 0.1222 0.7739 
          01  3 0.0174 0.6298 0.3528 
          02  3 0.0054 0.7959 0.1988 
          03  3 0.0024 0.6147 0.3829 
          04  3 0.0033 0.7935 0.2032 
          05  3 0.1544 0.7759 0.0697 
          06  3 0.0018 0.9097 0.0885 
          07  3 0.0008 0.6021 0.3970 
          08  3 0.0179 0.6759 0.3062 
          09  3 0.0159 0.6637 0.3204 
          10  3 0.1358 0.6141 0.2501 
          11  3 0.0004 0.6981 0.3015 
          12  3 0.0011 0.7085 0.2903 
          13  3 0.0007 0.9763 0.0229 
          14  3 0.1699 0.7916 0.0386 
          15  3 0.0067 0.6361 0.3572 
          16  3 0.0028 0.9178 0.0793 
          17  3 0.0021 0.5630 0.4349 
          18  3 0.2909 0.5331 0.1759 
          19  3 0.0080 0.8251 0.1670 
          20  3 0.0717 0.7431 0.1852 
          21  3 0.0160 0.7396 0.2443 
          22  3 0.0147 0.6795 0.3059 
          23  3 0.0033 0.7519 0.2449 
          24  3 0.0182 0.7521 0.2297 
          25  3 0.1892 0.6489 0.1619 
          26  3 0.0018 0.7538 0.2444 
          27  3 0.1780 0.6213 0.2007 
          28  3 0.0003 0.9025 0.0973 
          29  3 0.0252 0.7984 0.1764 
          30  3 0.0006 0.6727 0.3267 
         001  4 0.1066 0.8920 0.0014 
         002  4 0.0625 0.8572 0.0804 
         003  4 0.0842 0.8723 0.0434 
         004  4 0.0654 0.9339 0.0007 
         005  4 0.1218 0.8742 0.0039 
         006  4 0.0374 0.8868 0.0758 
         007  4 0.0830 0.8204 0.0966 
         008  4 0.1306 0.8274 0.0420 
         009  4 0.0961 0.9021 0.0018 
         010  4 0.0008 0.9986 0.0006 
         011  4 0.1520 0.8363 0.0117 
         012  4 0.1113 0.8616 0.0271 
         013  4 0.0183 0.9562 0.0255 
         014  4 0.0863 0.8736 0.0401 
         015  4 0.0020 0.9970 0.0010 
         016  4 0.0621 0.9360 0.0019 
         017  4 0.0030 0.9039 0.0931 
         019  4 0.1000 0.8947 0.0053 
         020  4 0.0868 0.8359 0.0772 
         021  4 0.1034 0.8844 0.0122 
         001  5 0.1169 0.8517 0.0314 
         002  5 0.0992 0.7780 0.1228 
         003  5 0.0891 0.6926 0.2183 
         004  5 0.0959 0.7661 0.1380 
         005  5 0.0960 0.8565 0.0475 
         006  5 0.0081 0.8935 0.0984 
         007  5 0.0773 0.9126 0.0100 
         008  5 0.0524 0.9261 0.0215 
         009  5 0.0743 0.7663 0.1593 
         010  5 0.1002 0.8540 0.0458 
         011  5 0.1396 0.8417 0.0187 
         012  5 0.0747 0.8213 0.1040 
         013  5 0.0321 0.6777 0.2903 
         014  5 0.1030 0.6582 0.2388 
         015  5 0.0619 0.9299 0.0082 
         016  5 0.0302 0.8711 0.0987 
         017  5 0.0057 0.8098 0.1845 
         018  5 0.0934 0.7618 0.1448 
         019  5 0.0908 0.8537 0.0555 
         020  5 0.1084 0.8696 0.0220 
         021  5 0.0984 0.6720 0.2296 
         022  5 0.1292 0.7536 0.1172 
         023  5 0.0744 0.9199 0.0058 
         024  5 0.0336 0.7688 0.1976 
         025  5 0.0331 0.8115 0.1553 
         026  5 0.0258 0.7103 0.2639 
         027  5 0.0638 0.9058 0.0304 
         028  5 0.0906 0.8133 0.0961 
         029  5 0.0107 0.8778 0.1115 
         030  5 0.0916 0.8231 0.0852 
        001s  6 0.0238 0.0174 0.9587 
        002s  6 0.0020 0.0184 0.9795 
        003s  6 0.0041 0.0046 0.9913 
        004s  6 0.0012 0.0005 0.9983 
        006s  6 0.0197 0.0841 0.8961 
        007s  6 0.0008 0.0016 0.9976 
        008s  6 0.0086 0.0018 0.9896 
        009s  6 0.0015 0.0005 0.9981 
        010s  6 0.0225 0.0304 0.9472 
        011s  6 0.0019 0.0021 0.9960 
        012s  6 0.0018 0.0020 0.9962 
        013s  6 0.0006 0.0016 0.9978 
        014s  6 0.0006 0.0504 0.9490 
        015s  6 0.0084 0.0253 0.9663 
        016s  6 0.0015 0.0010 0.9975 
        018s  6 0.0074 0.2350 0.7577 
        019s  6 0.0039 0.0147 0.9814 
        020s  6 0.0008 0.0007 0.9985 
        021s  6 0.0061 0.0137 0.9802 
        022s  6 0.0053 0.0009 0.9937 
        023s  6 0.0011 0.0076 0.9912 
        024s  6 0.0012 0.0281 0.9707 
        025s  6 0.0731 0.0020 0.9250 
        026s  6 0.0007 0.0011 0.9982 
        027s  6 0.0007 0.0012 0.9981 
        028s  6 0.0143 0.0481 0.9376 
        029s  6 0.0019 0.0006 0.9975 
        030s  6 0.0198 0.0518 0.9284 
        031s  6 0.0006 0.0060 0.9933 
        032s  6 0.0011 0.0124 0.9865 
        033s  6 0.0021 0.0353 0.9627 
        034s  6 0.0187 0.0027 0.9786 
        035s  6 0.0038 0.1145 0.8817 
        036s  6 0.0017 0.0045 0.9938 
        037s  6 0.0025 0.0014 0.9961 
        038s  6 0.0010 0.0009 0.9981 
        039s  6 0.0011 0.0006 0.9983 
        040s  6 0.0005 0.0012 0.9983 
        041s  6 0.0093 0.0024 0.9884 
        042s  6 0.0626 0.0037 0.9337 
        043s  6 0.0099 0.0011 0.9890 
        044s  6 0.0012 0.0011 0.9977 
        045s  6 0.0039 0.0019 0.9943 
        001s  7 0.0020 0.0012 0.9967 
        002s  7 0.0028 0.0121 0.9850 
        003s  7 0.0017 0.0040 0.9943 
        004s  7 0.0010 0.0035 0.9955 
        005s  7 0.0031 0.0173 0.9796 
        006s  7 0.0126 0.0379 0.9495 
        007s  7 0.0030 0.0173 0.9797 
        008s  7 0.0022 0.0035 0.9944 
        009s  7 0.0151 0.0052 0.9798 
        010s  7 0.0023 0.0009 0.9968 
        011s  7 0.0013 0.0008 0.9979 
        012s  7 0.0009 0.0009 0.9982 
        013s  7 0.0079 0.0015 0.9906 
        014s  7 0.0005 0.0120 0.9875 
        015s  7 0.0021 0.0125 0.9855 
        016s  7 0.0132 0.0479 0.9389 
        017s  7 0.0011 0.0016 0.9973 
        018s  7 0.0009 0.0025 0.9966 
        019s  7 0.0168 0.0033 0.9799 
        020s  7 0.0007 0.0014 0.9979 
        021s  7 0.0015 0.0017 0.9968 
        022s  7 0.0012 0.0062 0.9927 
        023s  7 0.0292 0.0080 0.9628 
        024s  7 0.0010 0.0014 0.9976 
        025s  7 0.0014 0.0039 0.9947 
        026s  7 0.0014 0.0012 0.9974 
        027s  7 0.0009 0.0022 0.9969 
        028s  7 0.0008 0.0049 0.9942 
        029s  7 0.0035 0.0054 0.9911 
        030s  7 0.0068 0.0008 0.9924 
        031s  7 0.0156 0.0034 0.9811 
        032s  7 0.0006 0.0655 0.9339 
        033s  7 0.0034 0.0217 0.9749 
        034s  7 0.0009 0.0335 0.9656 
        035s  7 0.0018 0.0006 0.9976 
        036s  7 0.0127 0.0019 0.9854 
        037s  7 0.0053 0.0774 0.9173 
        038s  7 0.0023 0.0045 0.9932 
        039s  7 0.0004 0.0005 0.9991 
        040s  7 0.0008 0.0707 0.9285 
        041s  7 0.0029 0.0096 0.9875 
        042s  7 0.0004 0.0036 0.9960 
        043s  7 0.0046 0.0006 0.9948 
        044s  7 0.0401 0.0745 0.8853 
         003  8 0.0012 0.0069 0.9919 
         009  8 0.0019 0.0014 0.9967 
         010  8 0.0033 0.0005 0.9963 
         017  8 0.0052 0.0011 0.9937 
         002  9 0.0017 0.0007 0.9976 
         003  9 0.0007 0.0003 0.9990 
         004  9 0.0019 0.0004 0.9977 
         005  9 0.0062 0.0008 0.9930 
         006  9 0.0023 0.0015 0.9963 
         007  9 0.0021 0.0014 0.9966 
         009  9 0.0029 0.0009 0.9961 
         010  9 0.0023 0.0005 0.9972 
         013  9 0.0026 0.0014 0.9960 
         014  9 0.0030 0.0005 0.9965 
         016  9 0.0009 0.0003 0.9987 
         018  9 0.0023 0.0013 0.9965 
         019  9 0.0011 0.0012 0.9977 
         020  9 0.0006 0.0006 0.9988 
         021  9 0.0010 0.0005 0.9985 
         022  9 0.0009 0.0005 0.9986 
         024  9 0.0049 0.0007 0.9944 
         028  9 0.0020 0.0008 0.9972 
         029  9 0.0009 0.0005 0.9986 
         030  9 0.0015 0.0005 0.9980 
         031  9 0.0007 0.0011 0.9982 
         033  9 0.0016 0.0017 0.9967 
         001 10 0.0005 0.0007 0.9988 
         002 10 0.0010 0.0004 0.9985 
         003 10 0.0165 0.0008 0.9827 
         004 10 0.0036 0.0005 0.9958 
         005 10 0.0013 0.0007 0.9980 
         006 10 0.0011 0.0016 0.9974 
         007 10 0.0029 0.0008 0.9962 
         008 10 0.0060 0.0012 0.9928 
         009 10 0.0008 0.0014 0.9978 
         010 10 0.0014 0.0008 0.9977 
         011 10 0.0416 0.0013 0.9571 
         012 10 0.0041 0.0011 0.9949 
         013 10 0.0009 0.0009 0.9982 
         014 10 0.0011 0.0009 0.9979 
         016 10 0.0014 0.0012 0.9975 
         017 10 0.0014 0.0012 0.9973 
         018 10 0.0009 0.0035 0.9956 
         019 10 0.0019 0.0006 0.9975 
         020 10 0.0026 0.0017 0.9956 
         021 10 0.0006 0.0008 0.9986 
         022 10 0.0011 0.0006 0.9983 
         023 10 0.0012 0.0006 0.9983 
         024 10 0.0034 0.0004 0.9963 
         026 10 0.0011 0.0007 0.9983 
        001s 11 0.0318 0.0568 0.9114 
        002s 11 0.0025 0.0026 0.9949 
        003s 11 0.0007 0.0030 0.9963 
        004s 11 0.0022 0.0010 0.9968 
        005s 11 0.0009 0.0016 0.9975 
        006s 11 0.0033 0.0101 0.9866 
        007s 11 0.0015 0.0617 0.9368 
        008s 11 0.0005 0.0007 0.9989 
        009s 11 0.0007 0.0006 0.9987 
        010s 11 0.0015 0.0013 0.9972 
        011s 11 0.0200 0.1138 0.8662 
        012s 11 0.0007 0.0783 0.9210 
        013s 11 0.0014 0.0015 0.9972 
        014s 11 0.0016 0.0179 0.9806 
        015s 11 0.0071 0.0038 0.9891 
        016s 11 0.0683 0.0074 0.9244 
        017s 11 0.0039 0.0611 0.9350 
        018s 11 0.0015 0.0058 0.9926 
        019s 11 0.0256 0.0014 0.9729 
        020s 11 0.0024 0.0023 0.9953 
        021s 11 0.0017 0.0007 0.9976 
        022s 11 0.0007 0.0202 0.9791 
        023s 11 0.0365 0.0056 0.9578 
        025s 11 0.0013 0.0007 0.9981 
        026s 11 0.0590 0.0062 0.9347 
        027s 11 0.0009 0.0029 0.9962 
        028s 11 0.0016 0.0056 0.9928 
        029s 11 0.0006 0.0153 0.9841 
        030s 11 0.0024 0.0342 0.9634 
        031s 11 0.0005 0.0007 0.9988 
        032s 11 0.0041 0.0007 0.9952 
        033s 11 0.0015 0.0029 0.9955 
        034s 11 0.0006 0.0028 0.9966 
        035s 11 0.0005 0.0051 0.9944 
        036s 11 0.0007 0.0178 0.9815 
        037s 11 0.0022 0.0017 0.9960 
        038s 11 0.0009 0.0020 0.9970 
        039s 11 0.0013 0.0009 0.9978 
        040s 11 0.0013 0.0830 0.9157 
        041s 11 0.0057 0.0018 0.9925 
        042s 11 0.0128 0.0015 0.9857 
        043s 11 0.0340 0.0122 0.9538 
        044s 11 0.0063 0.0017 0.9920 
        045s 11 0.0120 0.0012 0.9868 
        046s 11 0.0371 0.0181 0.9448 
        047s 11 0.0020 0.0016 0.9964 
        048s 11 0.0400 0.0079 0.9521 
        049s 11 0.0022 0.0012 0.9966 
        050s 11 0.0017 0.0009 0.9974 
        051s 11 0.0553 0.0045 0.9402 
        052s 11 0.0030 0.0064 0.9905 
        053s 11 0.0012 0.0007 0.9981 
        054s 11 0.0009 0.0048 0.9942 
        055s 11 0.0005 0.0522 0.9473 
        001s 12 0.0015 0.0061 0.9924 
        002s 12 0.0013 0.0011 0.9975 
        003s 12 0.0006 0.0007 0.9987 
        004s 12 0.0186 0.0099 0.9715 
        005s 12 0.0011 0.0009 0.9981 
        006s 12 0.0022 0.0383 0.9595 
        007s 12 0.0027 0.0022 0.9951 
        008s 12 0.0009 0.0116 0.9875 
        009s 12 0.0090 0.0191 0.9719 
        010s 12 0.0006 0.0605 0.9388 
        011s 12 0.0011 0.0035 0.9954 
        012s 12 0.0051 0.0062 0.9887 
        013s 12 0.0452 0.0008 0.9540 
        014s 12 0.0448 0.0442 0.9110 
        015s 12 0.0014 0.0034 0.9952 
        016s 12 0.0067 0.0008 0.9925 
        017s 12 0.0016 0.0034 0.9951 
        018s 12 0.0028 0.0012 0.9961 
        019s 12 0.0006 0.0025 0.9969 
        020s 12 0.0013 0.0489 0.9498 
        021s 12 0.0036 0.0018 0.9946 
        022s 12 0.0080 0.0302 0.9618 
        023s 12 0.0015 0.0006 0.9978 
        024s 12 0.0008 0.0008 0.9984 
        025s 12 0.0017 0.0089 0.9894 
        026s 12 0.0019 0.0082 0.9899 
        027s 12 0.0007 0.0037 0.9955 
        028s 12 0.0049 0.0012 0.9939 
        029s 12 0.0014 0.0007 0.9979 
        030s 12 0.0008 0.0018 0.9973 
        031s 12 0.0038 0.0038 0.9924 
        032s 12 0.0014 0.0007 0.9980 
        033s 12 0.0007 0.0079 0.9914 
        034s 12 0.0006 0.0006 0.9988 
        035s 12 0.0007 0.0095 0.9898 
        036s 12 0.0014 0.0170 0.9815 
        037s 12 0.0016 0.0010 0.9974 
        001s 13 0.0040 0.0043 0.9917 
        002s 13 0.0011 0.0673 0.9316 
        003s 13 0.0021 0.0010 0.9970 
        004s 13 0.0049 0.0007 0.9944 
        005s 13 0.0031 0.0118 0.9851 
        006s 13 0.0007 0.0021 0.9972 
        007s 13 0.0018 0.0174 0.9808 
        008s 13 0.0014 0.0482 0.9505 
        009s 13 0.0022 0.1181 0.8797 
        010s 13 0.0015 0.0490 0.9495 
        011s 13 0.0048 0.0465 0.9487 
        012s 13 0.0304 0.0490 0.9207 
        013s 13 0.0105 0.0522 0.9374 
        014s 13 0.0055 0.0164 0.9780 
        015s 13 0.0118 0.0026 0.9856 
        016s 13 0.0013 0.0005 0.9982 
        017s 13 0.0007 0.0528 0.9465 
        018s 13 0.0011 0.0005 0.9984 
        019s 13 0.0014 0.0013 0.9973 
        020s 13 0.0005 0.0081 0.9914 
        021s 13 0.0022 0.0008 0.9970 
        022s 13 0.0015 0.0019 0.9966 
        023s 13 0.0005 0.0013 0.9983 
        024s 13 0.0446 0.0231 0.9323 
        025s 13 0.0034 0.0010 0.9955 
        026s 13 0.0115 0.1049 0.8836 
        027s 13 0.0032 0.0368 0.9600 
        028s 13 0.0051 0.0366 0.9583 
        029s 13 0.0024 0.0138 0.9838 
        030s 13 0.0488 0.0243 0.9270 
        031s 13 0.1037 0.0033 0.8930 
        032s 13 0.0005 0.0021 0.9974 
        033s 13 0.0013 0.0508 0.9479 
        034s 13 0.0017 0.0566 0.9416 
        035s 13 0.0057 0.0011 0.9933 
        036s 13 0.0006 0.0019 0.9975 
        037s 13 0.0023 0.0007 0.9969 
        038s 13 0.0015 0.0033 0.9952 
        039s 13 0.0864 0.0820 0.8316 
        040s 13 0.0019 0.0016 0.9965 
        041s 13 0.0025 0.0727 0.9248 
        042s 13 0.0018 0.0010 0.9972 
        001s 14 0.0012 0.0145 0.9844 
        002s 14 0.0029 0.0638 0.9332 
        003s 14 0.0010 0.0011 0.9979 
        004s 14 0.0054 0.0236 0.9710 
        005s 14 0.0009 0.0004 0.9987 
        006s 14 0.0006 0.0008 0.9986 
        007s 14 0.0018 0.0013 0.9969 
        008s 14 0.0054 0.0891 0.9056 
        009s 14 0.0016 0.0022 0.9962 
        010s 14 0.0029 0.0117 0.9854 
        011s 14 0.0007 0.0637 0.9356 
        012s 14 0.0020 0.0017 0.9963 
        013s 14 0.0081 0.0029 0.9889 
        014s 14 0.0013 0.0112 0.9875 
        015s 14 0.0045 0.0013 0.9942 
        016s 14 0.0151 0.0008 0.9841 
        017s 14 0.0007 0.0816 0.9177 
        018s 14 0.0019 0.0009 0.9972 
        019s 14 0.0013 0.0034 0.9953 
        020s 14 0.0020 0.0007 0.9973 
        021s 14 0.0010 0.0017 0.9973 
        022s 14 0.0020 0.0110 0.9871 
        023s 14 0.0048 0.0029 0.9923 
        024s 14 0.0026 0.0482 0.9492 
        025s 14 0.0006 0.0046 0.9947 
        026s 14 0.0014 0.0006 0.9981 
        027s 14 0.0055 0.0016 0.9928 
        028s 14 0.0011 0.0019 0.9970 
        029s 14 0.0016 0.0003 0.9981 
        030s 14 0.0008 0.0060 0.9932 
        031s 14 0.0022 0.0036 0.9942 
        032s 14 0.0036 0.0019 0.9944 
        033s 14 0.0010 0.0294 0.9696 
        034s 14 0.0010 0.0005 0.9985 
        035s 14 0.0009 0.1617 0.8375 
        036s 14 0.0099 0.1112 0.8789 
        037s 14 0.0044 0.0009 0.9946 
        038s 14 0.0007 0.0013 0.9980 
        039s 14 0.0085 0.0046 0.9869 
        040s 14 0.0016 0.0050 0.9934 
        041s 14 0.0009 0.0019 0.9972 
        042s 14 0.0034 0.0319 0.9647 
        001s 15 0.0018 0.0010 0.9971 
        002s 15 0.0314 0.0882 0.8804 
        003s 15 0.0138 0.0048 0.9814 
        004s 15 0.0005 0.0008 0.9987 
        005s 15 0.0077 0.0171 0.9752 
        006s 15 0.0019 0.0114 0.9867 
        007s 15 0.0007 0.0005 0.9988 
        008s 15 0.0008 0.0007 0.9985 
        009s 15 0.0446 0.0462 0.9092 
        010s 15 0.0020 0.0009 0.9971 
        011s 15 0.0016 0.0618 0.9366 
        012s 15 0.0031 0.0056 0.9913 
        013s 15 0.0017 0.0007 0.9975 
        014s 15 0.0090 0.0023 0.9887 
        015s 15 0.0106 0.0816 0.9077 
        016s 15 0.0007 0.0914 0.9078 
        017s 15 0.0034 0.0020 0.9946 
        018s 15 0.0007 0.0010 0.9983 
        019s 15 0.0075 0.0031 0.9893 
        020s 15 0.0008 0.0009 0.9983 
        021s 15 0.0049 0.0650 0.9301 
        022s 15 0.0009 0.0021 0.9970 
        023s 15 0.0016 0.0361 0.9623 
        024s 15 0.0013 0.0030 0.9957 
        025s 15 0.0385 0.0059 0.9556 
        026s 15 0.0305 0.0011 0.9684 
        027s 15 0.0010 0.0189 0.9801 
        028s 15 0.0020 0.0014 0.9967 
        029s 15 0.0019 0.0016 0.9965 
        030s 15 0.0011 0.0005 0.9984 
        031s 15 0.0136 0.0523 0.9341 
        032s 15 0.0025 0.0004 0.9970 
        033s 15 0.0004 0.0492 0.9503 
        035s 15 0.0012 0.0069 0.9919 
        036s 15 0.0066 0.0019 0.9916 
        037s 15 0.0015 0.0047 0.9938 
        038s 15 0.0005 0.0036 0.9959 
        039s 15 0.0005 0.0359 0.9635 
        040s 15 0.0011 0.0070 0.9919 
        041s 15 0.0047 0.0804 0.9149 
        042s 15 0.0013 0.0020 0.9967 
        043s 15 0.0025 0.0097 0.9877 
        044s 15 0.0012 0.0049 0.9938 
        045s 15 0.0799 0.0372 0.8829 
        046s 15 0.0015 0.0399 0.9586 
        047s 15 0.0008 0.0315 0.9677 
        048s 15 0.0175 0.0011 0.9814 
        049s 15 0.0007 0.0158 0.9834 
        050s 15 0.0068 0.1084 0.8848 
         001 16 0.0011 0.1872 0.8116 
         002 16 0.0010 0.0313 0.9677 
         003 16 0.0023 0.0146 0.9832 
         004 16 0.0020 0.0015 0.9965 
         005 16 0.0322 0.0622 0.9055 
         006 16 0.0199 0.0198 0.9603 
         007 16 0.0024 0.0033 0.9943 
         008 16 0.0011 0.1368 0.8621 
         009 16 0.0008 0.0014 0.9978 
         010 16 0.0018 0.0081 0.9901 
         011 16 0.0028 0.0078 0.9893 
         012 16 0.0016 0.0021 0.9962 
         013 16 0.0010 0.0010 0.9980 
         014 16 0.0005 0.0247 0.9748 
         015 16 0.3682 0.0014 0.6305 
         016 16 0.0193 0.0008 0.9799 
         017 16 0.0018 0.0231 0.9752 
         018 16 0.0393 0.0382 0.9225 
         019 16 0.0010 0.0728 0.9262 
         020 16 0.0011 0.0007 0.9983 
         021 16 0.0016 0.1281 0.8704 
         022 16 0.0050 0.0027 0.9923 
         023 16 0.0157 0.0075 0.9768 
         024 16 0.0314 0.0024 0.9662 
         025 16 0.0044 0.0764 0.9192 
         026 16 0.0042 0.1065 0.8892 
         027 16 0.0028 0.0034 0.9939 
         028 16 0.0005 0.1656 0.8339 
         029 16 0.0011 0.0423 0.9566 
         030 16 0.0006 0.0035 0.9959 
         031 16 0.0009 0.0022 0.9969 
         032 16 0.0122 0.0752 0.9126 
         033 16 0.0004 0.0012 0.9984 
         034 16 0.0018 0.0078 0.9904 
         035 16 0.0003 0.0006 0.9991 
         036 16 0.0027 0.0008 0.9965 
         037 16 0.0038 0.0564 0.9398 
         038 16 0.0105 0.0027 0.9869 
         039 16 0.0011 0.0010 0.9979 
         040 16 0.0026 0.0022 0.9952 
         041 16 0.0019 0.0012 0.9969 
         042 16 0.0011 0.0016 0.9973 
         043 16 0.0019 0.0012 0.9970 
         044 16 0.0019 0.0050 0.9931 
         045 16 0.0004 0.0144 0.9852 
         047 16 0.0015 0.0456 0.9530 
         048 16 0.0007 0.0075 0.9917 
         049 16 0.0048 0.0018 0.9934 
         050 16 0.0006 0.0009 0.9985 
         051 16 0.0010 0.0032 0.9958 
         052 16 0.0011 0.0004 0.9984 
         053 16 0.0008 0.0006 0.9985 
         054 16 0.0010 0.0498 0.9493 
         055 16 0.0005 0.0840 0.9155 
         056 16 0.0118 0.0009 0.9874 
         057 16 0.0004 0.0548 0.9448 
         058 16 0.0177 0.1061 0.8761 
         059 16 0.0966 0.0987 0.8046 
         060 16 0.0145 0.0027 0.9828 
         061 16 0.0025 0.0027 0.9948 
         062 16 0.0008 0.0046 0.9946 
         063 16 0.0011 0.0028 0.9961 
         064 16 0.0034 0.0007 0.9959 
         065 16 0.0035 0.0043 0.9921 
         066 16 0.0007 0.0008 0.9985 
         067 16 0.0779 0.0054 0.9167 
         068 16 0.0375 0.0054 0.9570 
         069 16 0.0008 0.0012 0.9980 
         070 16 0.0010 0.0043 0.9947 
         071 16 0.0006 0.0979 0.9014 
         072 16 0.0017 0.0048 0.9934 
         073 16 0.0007 0.0033 0.9960 
         074 16 0.0005 0.0008 0.9987 
         075 16 0.0012 0.0444 0.9544 
         076 16 0.0007 0.0017 0.9977 
         077 16 0.0647 0.0342 0.9011 
         078 16 0.0053 0.0061 0.9886 
         079 16 0.0027 0.0920 0.9053 
         080 16 0.0022 0.0012 0.9966 
         081 16 0.0008 0.0663 0.9329 
         082 16 0.0006 0.0403 0.9591 
         083 16 0.0024 0.0011 0.9964 
         084 16 0.0018 0.0049 0.9933 
         085 16 0.0134 0.0015 0.9851 
         086 16 0.0014 0.1204 0.8782 
         087 16 0.0006 0.0212 0.9782 
         088 16 0.0036 0.0007 0.9957 
         089 16 0.0017 0.0056 0.9927 
         090 16 0.0008 0.0047 0.9945 
         091 16 0.0011 0.0025 0.9965 
         092 16 0.0015 0.0142 0.9843 
         093 16 0.0008 0.0013 0.9979 
         094 16 0.0495 0.0044 0.9461 
         095 16 0.0007 0.0006 0.9987 
         096 16 0.0040 0.0185 0.9775 
         097 16 0.0087 0.1151 0.8761 
         098 16 0.0063 0.0011 0.9926 
         099 16 0.0101 0.0007 0.9892 
         100 16 0.0032 0.0009 0.9959 
         101 16 0.0089 0.0107 0.9804 
         102 16 0.0025 0.0033 0.9942 
         103 16 0.0038 0.0037 0.9925 
         104 16 0.0062 0.0023 0.9915 
         105 16 0.0115 0.1050 0.8836 
         106 16 0.0044 0.0015 0.9941 
         107 16 0.0116 0.0035 0.9849 
         108 16 0.1780 0.1090 0.7129 
         109 16 0.0011 0.0339 0.9651 
         110 16 0.0022 0.0006 0.9972 
         111 16 0.0021 0.0224 0.9754 
         112 16 0.0025 0.0138 0.9836 
         113 16 0.0014 0.0622 0.9364 
         114 16 0.0028 0.0044 0.9928 
         115 16 0.0012 0.0008 0.9979 
         116 16 0.0013 0.0069 0.9918 
         117 16 0.0010 0.0225 0.9764 
         118 16 0.0166 0.0013 0.9820 
         119 16 0.0017 0.0027 0.9956 
         120 16 0.0008 0.0029 0.9962 
         121 16 0.0367 0.0022 0.9611 
         122 16 0.0006 0.0008 0.9986 
         123 16 0.0007 0.0057 0.9936 
         124 16 0.0020 0.0070 0.9910 
         126 16 0.0066 0.1374 0.8559 
         001 17 0.0008 0.0025 0.9967 
         002 17 0.0008 0.0019 0.9973 
         003 17 0.0008 0.0010 0.9982 
         005 17 0.0006 0.0008 0.9986 
         006 17 0.0007 0.0535 0.9457 
         007 17 0.0435 0.1323 0.8243 
         008 17 0.0012 0.1256 0.8732 
         009 17 0.0006 0.0005 0.9989 
         010 17 0.0019 0.0015 0.9967 
         011 17 0.3908 0.1144 0.4948 
         012 17 0.0026 0.0026 0.9948 
         013 17 0.0005 0.0005 0.9990 
         014 17 0.0005 0.0008 0.9986 
         015 17 0.0005 0.0045 0.9949 
         016 17 0.0008 0.0013 0.9979 
         017 17 0.0020 0.0031 0.9949 
         018 17 0.0008 0.0289 0.9703 
         019 17 0.0012 0.0005 0.9982 
         020 17 0.0011 0.0016 0.9973 
         021 17 0.0015 0.0007 0.9977 
         022 17 0.0017 0.0577 0.9406 
         023 17 0.0012 0.0024 0.9965 
         024 17 0.0047 0.0819 0.9134 
         025 17 0.0004 0.0010 0.9986 
         002 18 0.0032 0.0007 0.9962 
         003 18 0.0016 0.0004 0.9979 
         004 18 0.0021 0.0227 0.9753 
         005 18 0.0383 0.0030 0.9587 
         006 18 0.0011 0.0005 0.9984 
         007 18 0.0007 0.0052 0.9941 
         008 18 0.0026 0.0008 0.9967 
         009 18 0.0035 0.0225 0.9740 
         010 18 0.0119 0.0013 0.9867 
         011 18 0.0028 0.0014 0.9958 
         012 18 0.0049 0.0071 0.9881 
         015 18 0.0026 0.0016 0.9958 
         016 18 0.0006 0.0084 0.9910 
         018 18 0.0082 0.0005 0.9912 
         026 18 0.0011 0.0029 0.9960 
         027 18 0.0021 0.0005 0.9974 
         028 18 0.0005 0.0021 0.9974 
         029 18 0.0007 0.0019 0.9974 
         031 18 0.0870 0.0797 0.8333 
         032 18 0.0006 0.0005 0.9989 
         033 18 0.0015 0.0009 0.9976 
         035 18 0.0010 0.0017 0.9973 
         036 18 0.0125 0.0011 0.9864 
         037 18 0.0176 0.0081 0.9742 
         038 18 0.0049 0.0310 0.9641 
         039 18 0.0018 0.0006 0.9976 
         044 18 0.0012 0.1322 0.8665 
         046 18 0.0397 0.0015 0.9588 
         049 18 0.0006 0.0008 0.9986 
         053 18 0.0010 0.0028 0.9962 
         054 18 0.0018 0.0088 0.9895 
         056 18 0.0069 0.0072 0.9859 
         057 18 0.0050 0.0012 0.9938 
         058 18 0.0058 0.0014 0.9929 
        001s 19 0.0018 0.0543 0.9439 
        002s 19 0.0018 0.0034 0.9948 
        003s 19 0.0006 0.0047 0.9947 
        004s 19 0.0320 0.0028 0.9652 
        005s 19 0.0752 0.0511 0.8737 
        006s 19 0.0025 0.0027 0.9949 
        007s 19 0.0207 0.0240 0.9553 
        008s 19 0.0211 0.0434 0.9355 
        009s 19 0.0034 0.0023 0.9942 
        010s 19 0.0008 0.0100 0.9892 
        011s 19 0.0018 0.0017 0.9964 
        012s 19 0.0008 0.0045 0.9947 
        013s 19 0.0008 0.0193 0.9800 
        014s 19 0.0231 0.0755 0.9014 
        015s 19 0.0007 0.0024 0.9970 
        016s 19 0.0484 0.0025 0.9491 
        017s 19 0.0086 0.0286 0.9628 
        018s 19 0.0042 0.0027 0.9931 
        019s 19 0.0047 0.0887 0.9066 
        020s 19 0.0015 0.0803 0.9182 
        021s 19 0.0007 0.0067 0.9926 
        022s 19 0.0009 0.0133 0.9859 
        023s 19 0.0036 0.0029 0.9935 
        024s 19 0.0037 0.0006 0.9957 
        025s 19 0.0083 0.0899 0.9018 
        026s 19 0.0061 0.0121 0.9818 
        027s 19 0.0016 0.0032 0.9952 
        028s 19 0.0006 0.0086 0.9908 
        029s 19 0.0009 0.0006 0.9985 
        030s 19 0.0011 0.0041 0.9948 
        031s 19 0.0012 0.0044 0.9945 
        032s 19 0.0005 0.0016 0.9979 
        033s 19 0.0070 0.0009 0.9921 
        034s 19 0.0020 0.0015 0.9966 
        035s 19 0.0089 0.0136 0.9775 
        036s 19 0.0024 0.0011 0.9965 
        037s 19 0.0006 0.0006 0.9988 
        038s 19 0.0025 0.0031 0.9944 
        039s 19 0.0007 0.0011 0.9982 
        040s 19 0.0005 0.0096 0.9899 
        041s 19 0.0009 0.0007 0.9984 
        042s 19 0.0254 0.0030 0.9715 
        043s 19 0.0010 0.0433 0.9557 
        044s 19 0.0025 0.0006 0.9968 
        045s 19 0.0022 0.0006 0.9973 
        046s 19 0.0086 0.0035 0.9879 
        047s 19 0.0005 0.0059 0.9936 
        048s 19 0.0011 0.1010 0.8978 
        049s 19 0.0087 0.0256 0.9657 
        050s 19 0.0010 0.0008 0.9982 
        051s 19 0.0127 0.0655 0.9219 
        052s 19 0.0014 0.0015 0.9972 
      LIW2-4 20 0.0028 0.0020 0.9952 
     LIW2-12 21 0.0816 0.0013 0.9171 
     LIW2-20 22 0.0017 0.0019 0.9964 
     LIW2-28 23 0.0773 0.0312 0.8915 
      LIW1-5 24 0.0038 0.0014 0.9948 
     LIW1-13 25 0.0177 0.0753 0.9070 
     LIW1-21 26 0.0402 0.0032 0.9566 
     LIW1-29 27 0.0204 0.0264 0.9532 
      LIW2-5 28 0.0035 0.0012 0.9952 
     LIW2-34 29 0.0062 0.0005 0.9933 
     LIW2-21 30 0.0314 0.0862 0.8823 
     LIW2-29 31 0.0040 0.1805 0.8155 
      LIW1-6 32 0.0042 0.0008 0.9949 
     LIW1-14 33 0.0016 0.0551 0.9432 
     LIW1-22 34 0.0131 0.0010 0.9859 
     LIW1-30 35 0.0044 0.0013 0.9944 
      LIW2-6 36 0.0288 0.0119 0.9593 
     LIW2-14 37 0.0068 0.0015 0.9917 
     LIW2-22 38 0.0950 0.0275 0.8775 
     LIW2-30 39 0.0116 0.0009 0.9875 
      LIW1-7 40 0.0627 0.0171 0.9202 
     LIW1-15 41 0.0141 0.0007 0.9852 
     LIW1-23 42 0.0074 0.0054 0.9872 
     LIW1-31 43 0.0077 0.0039 0.9884 
      LIW2-7 44 0.0026 0.0830 0.9144 
     LIW2-15 45 0.0139 0.0010 0.9851 
     LIW2-23 46 0.0858 0.0029 0.9113 
      LIW1-8 47 0.0035 0.0010 0.9954 
     LIW1-16 48 0.0025 0.0010 0.9965 
      LIW2-8 49 0.0041 0.0009 0.9951 
     LIW2-16 50 0.0429 0.3152 0.6420 
     LIW2-24 51 0.0172 0.1894 0.7934 
     LIW2-32 52 0.0548 0.0104 0.9348 
     LIW1-47 53 0.0160 0.0126 0.9714 
      UMFS-1 54 0.0685 0.0335 0.8979 
     UMFS-19 55 0.1160 0.1143 0.7698 
     UMFS-31 56 0.0747 0.0009 0.9244 
      UMFS-2 57 0.0312 0.0012 0.9676 
     UMFS-10 58 0.0928 0.0036 0.9036 
     UMFS-20 59 0.0578 0.0497 0.8925 
     UMFS-32 60 0.0875 0.0696 0.8429 
      UMFS-3 61 0.1272 0.0760 0.7968 
     UMFS-11 62 0.0123 0.4077 0.5799 
     UMFS-21 63 0.1074 0.0614 0.8312 
     UMFS-33 64 0.0756 0.0213 0.9032 
      UMFS-4 65 0.1024 0.0112 0.8864 
     UMFS-22 66 0.0890 0.0159 0.8951 
     UMFS-34 67 0.1161 0.0511 0.8328 
      UMFS-5 68 0.0911 0.0059 0.9030 
     UMFS-13 69 0.1223 0.0582 0.8196 
     UMFS-23 70 0.0823 0.0256 0.8921 
     UMFS-35 71 0.1091 0.0254 0.8655 
      UMFS-6 72 0.1249 0.0141 0.8610 
     UMFS-14 73 0.0795 0.0105 0.9100 
     UMFS-24 74 0.0285 0.0378 0.9336 
     UMFS-36 75 0.0910 0.0720 0.8370 
      UMFS-7 76 0.1156 0.5624 0.3220 
     UMFS-15 77 0.0959 0.0722 0.8319 
     UMFS-25 78 0.0660 0.0812 0.8528 
     UMFS-37 79 0.0673 0.0792 0.8535 
      UMFS-8 80 0.0915 0.0249 0.8836 
     UMFS-16 81 0.0970 0.0626 0.8404 
     UMFS-26 82 0.1733 0.0594 0.7673 
     UMFS-38 83 0.0510 0.0084 0.9406 
      NEH1-2 84 0.9802 0.0180 0.0018 
     NEH1-11 85 0.9636 0.0346 0.0018 
     NEH1-20 86 0.8820 0.0011 0.1168 
     NEH1-29 87 0.9987 0.0003 0.0010 
      NEH2-2 88 0.9993 0.0003 0.0004 
     NEH2-10 89 0.9928 0.0006 0.0066 
     NEH2-18 90 0.9992 0.0005 0.0002 
     NEH2-26 91 0.9978 0.0008 0.0014 
      NEH1-3 92 0.8455 0.0008 0.1537 
     NEH1-12 93 0.9507 0.0488 0.0005 
     NEH1-21 94 0.9303 0.0015 0.0682 
     NEH1-30 95 0.9165 0.0097 0.0738 
      NEH2-3 96 0.9996 0.0002 0.0002 
     NEH2-11 97 0.9953 0.0040 0.0007 
     NEH2-19 98 0.9949 0.0016 0.0035 
     NEH2-27 99 0.9997 0.0001 0.0001 
      NEH1-4 100 0.9995 0.0003 0.0002 
     NEH1-13 101 0.7711 0.0036 0.2253 
     NEH1-22 102 0.8022 0.0009 0.1969 
     NEH1-31 103 0.9987 0.0005 0.0008 
      NEH2-4 104 0.9950 0.0014 0.0036 
     NEH2-12 105 0.9552 0.0442 0.0006 
     NEH2-20 106 0.8073 0.0004 0.1922 
     NEH2-28 107 0.9942 0.0040 0.0018 
      NEH1-5 108 0.8638 0.0030 0.1332 
     NEH1-14 109 0.7681 0.0704 0.1615 
     NEH1-23 110 0.7724 0.0005 0.2271 
     NEH1-32 111 0.9967 0.0021 0.0012 
      NEH2-5 112 0.9996 0.0002 0.0002 
     NEH2-13 113 0.9905 0.0073 0.0023 
     NEH2-22 114 0.9986 0.0006 0.0008 
     NEH2-29 115 0.9614 0.0006 0.0380 
      NEH1-6 116 0.9995 0.0003 0.0002 
     NEH1-15 117 0.9537 0.0452 0.0012 
     NEH1-24 118 0.9951 0.0039 0.0010 
     NEH1-33 119 0.8779 0.0007 0.1213 
      NEH2-6 120 0.9841 0.0006 0.0153 
     NEH2-14 121 0.9928 0.0020 0.0052 
     NEH2-21 122 0.9540 0.0003 0.0456 
     NEH2-30 123 0.9994 0.0002 0.0003 
      NEH1-7 124 0.8480 0.0789 0.0731 
     NEH1-16 125 0.9992 0.0004 0.0004 
     NEH1-25 126 0.8763 0.0009 0.1228 
     NEH1-34 127 0.9347 0.0119 0.0534 
      NEH2-7 128 0.9958 0.0014 0.0028 
     NEH2-15 129 0.9998 0.0001 0.0001 
     NEH2-23 130 0.9477 0.0378 0.0145 
     NEH2-31 131 0.9995 0.0002 0.0003 
      NEH1-8 132 0.8345 0.0611 0.1045 
     NEH1-17 133 0.9024 0.0955 0.0021 
     NEH1-26 134 0.8512 0.0012 0.1476 
     NEH1-35 135 0.8140 0.0043 0.1817 
      NEH2-8 136 0.9997 0.0001 0.0002 
     NEH2-16 137 0.9985 0.0005 0.0009 
     NEH2-24 138 0.9995 0.0002 0.0003 
     NEH2-32 139 0.9441 0.0552 0.0007 
      NEH1-1 140 0.9220 0.0765 0.0015 
     NEH1-10 141 0.9993 0.0004 0.0003 
     NEH1-19 142 0.8792 0.0018 0.1189 
     NEH1-28 143 0.9581 0.0410 0.0009 
      NEH2-1 144 0.9950 0.0020 0.0030 
      NEH2-9 145 0.9989 0.0003 0.0008 
     NEH2-17 146 0.9651 0.0307 0.0042 
     NEH2-25 147 0.9982 0.0014 0.0005 
      LIW1-1 148 0.1131 0.0944 0.7925 
      LIW1-9 149 0.0722 0.1519 0.7759 
     LIW1-17 150 0.0523 0.0007 0.9470 
     LIW1-25 151 0.0031 0.0005 0.9964 
      LIW2-9 152 0.0022 0.0669 0.9309 
     LIW2-17 153 0.0043 0.0021 0.9936 
     LIW2-25 154 0.0043 0.0010 0.9947 
      LIW1-2 155 0.0174 0.0013 0.9813 
     LIW1-10 156 0.0055 0.0054 0.9891 
     LIW1-18 157 0.0094 0.0043 0.9863 
     LIW1-26 158 0.0260 0.0013 0.9727 
      LIW2-2 159 0.0053 0.0008 0.9939 
     LIW2-10 160 0.0020 0.0021 0.9958 
     LIW2-18 161 0.0655 0.0341 0.9004 
     LIW2-26 162 0.0039 0.0016 0.9945 
      LIW1-3 163 0.0402 0.0049 0.9549 
     LIW1-11 164 0.0089 0.0086 0.9825 
     LIW1-19 165 0.0701 0.0449 0.8850 
     LIW1-27 166 0.0007 0.0067 0.9926 
      LIW2-3 167 0.0042 0.0133 0.9825 
     LIW2-11 168 0.0011 0.0006 0.9983 
     LIW2-19 169 0.0349 0.0018 0.9633 
     LIW2-27 170 0.0175 0.0005 0.9820 
      LIW1-4 171 0.0075 0.0013 0.9912 
     LIW1-12 172 0.0091 0.0223 0.9686 
     LIW1-20 173 0.0021 0.0037 0.9942 
     LIW1-28 174 0.0156 0.0036 0.9807 
        001s 175 0.0024 0.0038 0.9938 
        002s 175 0.0025 0.0707 0.9268 
        003s 175 0.0011 0.0008 0.9981 
        004s 175 0.0014 0.0352 0.9634 
        005s 175 0.0030 0.0023 0.9946 
        006s 175 0.0019 0.1575 0.8406 
        007s 175 0.0013 0.0007 0.9980 
        008s 175 0.0010 0.0029 0.9961 
        009s 175 0.0028 0.1111 0.8861 
        010s 175 0.0015 0.0013 0.9972 
        011s 175 0.0019 0.0039 0.9942 
        012s 175 0.0005 0.0009 0.9986 
        013s 175 0.0004 0.0045 0.9952 
        014s 175 0.0003 0.0796 0.9201 
        015s 175 0.0025 0.0021 0.9954 
        016s 175 0.0005 0.0159 0.9836 
        017s 175 0.0082 0.0110 0.9808 
        018s 175 0.0017 0.0063 0.9920 
        019s 175 0.0100 0.0016 0.9884 
        020s 175 0.0018 0.0019 0.9964 
        021s 175 0.0036 0.0015 0.9949 
        022s 175 0.0052 0.0136 0.9812 
        023s 175 0.0064 0.0064 0.9872 
        024s 175 0.0012 0.0344 0.9644 
        025s 175 0.0008 0.0505 0.9487 
        026s 175 0.0023 0.0041 0.9936 
        027s 175 0.0025 0.0028 0.9947 
        028s 175 0.0632 0.0011 0.9357 
        029s 175 0.0009 0.0010 0.9981 
        030s 175 0.0026 0.0955 0.9019 
        031s 175 0.0006 0.0026 0.9968 
        032s 175 0.0284 0.0016 0.9699 
        033s 175 0.0015 0.0189 0.9796 
        034s 175 0.0005 0.0054 0.9941 
        035s 175 0.0006 0.0079 0.9915 
        036s 175 0.0009 0.0010 0.9981 
        037s 175 0.0137 0.0014 0.9849 
        038s 175 0.0012 0.0118 0.9870 
        039s 175 0.0039 0.0026 0.9935 
        040s 175 0.0028 0.0011 0.9961 
        041s 175 0.0011 0.0037 0.9951 
        042s 175 0.0022 0.0025 0.9953 
        043s 175 0.0056 0.0053 0.9890 
        044s 175 0.0022 0.0012 0.9966 
        045s 175 0.0013 0.0680 0.9307 
        046s 175 0.0028 0.0023 0.9949 
        047s 175 0.0130 0.0008 0.9862 
        048s 175 0.0007 0.0070 0.9924 
        049s 175 0.0012 0.0243 0.9745 
        050s 175 0.1007 0.0281 0.8713 
        001s 176 0.0013 0.0836 0.9151 
        002s 176 0.0037 0.0186 0.9778 
        003s 176 0.0019 0.0019 0.9962 
        004s 176 0.0029 0.0023 0.9948 
        005s 176 0.0225 0.0008 0.9767 
        006s 176 0.0010 0.0012 0.9979 
        007s 176 0.0013 0.0709 0.9277 
        008s 176 0.0005 0.0009 0.9986 
        009s 176 0.0125 0.0008 0.9866 
        010s 176 0.0006 0.0012 0.9981 
        011s 176 0.0050 0.0010 0.9940 
        012s 176 0.0025 0.0616 0.9359 
        013s 176 0.0037 0.0167 0.9796 
        014s 176 0.0010 0.0040 0.9951 
        015s 176 0.0026 0.0011 0.9963 
        016s 176 0.0015 0.0008 0.9976 
        017s 176 0.0006 0.0004 0.9989 
        018s 176 0.0147 0.0008 0.9845 
        019s 176 0.0007 0.0524 0.9469 
        020s 176 0.0023 0.0019 0.9958 
        021s 176 0.0018 0.0051 0.9931 
        022s 176 0.0012 0.0019 0.9969 
        023s 176 0.0005 0.0013 0.9982 
        024s 176 0.0013 0.0480 0.9507 
        025s 176 0.0044 0.0109 0.9848 
        026s 176 0.0037 0.0100 0.9863 
        027s 176 0.0013 0.0007 0.9980 
        028s 176 0.0013 0.0023 0.9963 
        029s 176 0.0035 0.0017 0.9947 
        030s 176 0.0007 0.0526 0.9467 
        031s 176 0.0014 0.0105 0.9881 
        032s 176 0.0390 0.0161 0.9449 
        033s 176 0.0289 0.1179 0.8533 
        034s 176 0.0009 0.0019 0.9972 
        035s 176 0.0695 0.0053 0.9251 
        036s 176 0.0009 0.0016 0.9976 
        037s 176 0.0262 0.0654 0.9083 
        038s 176 0.0012 0.0012 0.9976 
        039s 176 0.0004 0.0009 0.9987 
        040s 176 0.0010 0.0006 0.9984 
        041s 176 0.0010 0.0014 0.9976 
        042s 176 0.0006 0.0008 0.9985 
        043s 176 0.0096 0.0234 0.9671 
        044s 176 0.0005 0.0037 0.9958 
        045s 176 0.0017 0.0146 0.9837 
        046s 176 0.0005 0.0019 0.9976 
        047s 176 0.0022 0.0010 0.9968 
        048s 176 0.0009 0.0095 0.9896 
        050s 176 0.0122 0.0017 0.9861 
        001s 177 0.0228 0.0452 0.9320 
        002s 177 0.0019 0.0008 0.9973 
        003s 177 0.0197 0.0468 0.9335 
        004s 177 0.0022 0.0015 0.9963 
        005s 177 0.0005 0.0026 0.9969 
        006s 177 0.0040 0.0030 0.9930 
        007s 177 0.0012 0.0053 0.9935 
        008s 177 0.0028 0.1460 0.8512 
        009s 177 0.0010 0.0007 0.9983 
        010s 177 0.0017 0.0227 0.9756 
        011s 177 0.0007 0.0017 0.9976 
        012s 177 0.0010 0.0033 0.9957 
        013s 177 0.0031 0.0013 0.9955 
        014s 177 0.0032 0.0343 0.9625 
        015s 177 0.0041 0.0038 0.9921 
        016s 177 0.0008 0.0005 0.9987 
        017s 177 0.0019 0.0364 0.9617 
        018s 177 0.0006 0.0111 0.9883 
        019s 177 0.0066 0.0012 0.9922 
        020s 177 0.0044 0.0029 0.9927 
        021s 177 0.0019 0.0008 0.9973 
        022s 177 0.0211 0.0056 0.9733 
        023s 177 0.0033 0.0150 0.9817 
        024s 177 0.0029 0.0009 0.9962 
        025s 177 0.0011 0.0038 0.9952 
        026s 177 0.0043 0.0010 0.9947 
        027s 177 0.0013 0.0008 0.9979 
        028s 177 0.0011 0.0006 0.9983 
        029s 177 0.0020 0.0901 0.9079 
        030s 177 0.0032 0.0085 0.9883 
        031s 177 0.0143 0.0013 0.9844 
        032s 177 0.0009 0.0276 0.9714 
        033s 177 0.0045 0.0008 0.9947 
        034s 177 0.0011 0.0022 0.9966 
        035s 177 0.0005 0.0006 0.9989 
        036s 177 0.0627 0.0142 0.9230 
        037s 177 0.0061 0.0333 0.9606 
        038s 177 0.0018 0.0112 0.9870 
        039s 177 0.0024 0.0018 0.9958 
        040s 177 0.0018 0.0303 0.9679 
        041s 177 0.0007 0.1053 0.8940 
        042s 177 0.0009 0.0341 0.9650 
        043s 177 0.0009 0.0005 0.9986 
        044s 177 0.0012 0.0010 0.9978 
        045s 177 0.0033 0.0138 0.9829 
        046s 177 0.0010 0.0011 0.9979 
        047s 177 0.0055 0.0027 0.9918 
        048s 177 0.0007 0.0092 0.9901 
        049s 177 0.0014 0.0599 0.9387 
        050s 177 0.0008 0.0005 0.9986 
        001s 178 0.0030 0.0302 0.9668 
        002s 178 0.0051 0.0050 0.9899 
        003s 178 0.0012 0.0058 0.9930 
        004s 178 0.0008 0.0041 0.9950 
        005s 178 0.0007 0.0024 0.9969 
        006s 178 0.0601 0.0572 0.8828 
        007s 178 0.0008 0.0014 0.9977 
        008s 178 0.0020 0.0849 0.9131 
        009s 178 0.0026 0.0058 0.9916 
        010s 178 0.0018 0.0008 0.9974 
        011s 178 0.0010 0.0016 0.9975 
        012s 178 0.0008 0.0034 0.9958 
        013s 178 0.0038 0.0005 0.9956 
        014s 178 0.0297 0.0264 0.9439 
        015s 178 0.0010 0.0066 0.9924 
        016s 178 0.0020 0.0151 0.9829 
        017s 178 0.0063 0.0302 0.9635 
        018s 178 0.0030 0.0020 0.9950 
        019s 178 0.0005 0.0025 0.9969 
        020s 178 0.0003 0.0008 0.9989 
        021s 178 0.0013 0.0307 0.9679 
        022s 178 0.0006 0.0023 0.9971 
        023s 178 0.0440 0.0961 0.8599 
        024s 178 0.0013 0.0008 0.9978 
        025s 178 0.0013 0.0272 0.9715 
        026s 178 0.0008 0.0008 0.9984 
        027s 178 0.0016 0.0397 0.9587 
        028s 178 0.0100 0.0394 0.9506 
        029s 178 0.0014 0.0044 0.9942 
        030s 178 0.0061 0.0115 0.9824 
        031s 178 0.0004 0.0005 0.9991 
        032s 178 0.0008 0.0009 0.9982 
        033s 178 0.0008 0.0433 0.9559 
        034s 178 0.0008 0.0006 0.9985 
        035s 178 0.0045 0.0014 0.9941 
        036s 178 0.0010 0.0006 0.9984 
        037s 178 0.0086 0.0005 0.9908 
        039s 178 0.0083 0.0195 0.9722 
        040s 178 0.0029 0.0722 0.9250 
        041s 178 0.0009 0.0011 0.9980 
        042s 178 0.0123 0.0350 0.9527 
        043s 178 0.0182 0.0357 0.9461 
        044s 178 0.0013 0.1190 0.8797 
        045s 178 0.0020 0.0017 0.9963 
        046s 178 0.0005 0.0018 0.9977 
        047s 178 0.0016 0.0231 0.9753 
        048s 178 0.0289 0.0159 0.9552 
        049s 178 0.0074 0.0051 0.9874 
        050s 178 0.0073 0.0945 0.8982 
          01 179 0.0297 0.0720 0.8983 
          02 179 0.0032 0.0016 0.9951 
          03 179 0.0024 0.1398 0.8577 
          04 179 0.0092 0.0029 0.9879 
          05 179 0.0015 0.0579 0.9406 
          06 179 0.0005 0.0017 0.9978 
          07 179 0.0077 0.0031 0.9892 
          08 179 0.0071 0.0010 0.9919 
          09 179 0.0013 0.0007 0.9980 
          10 179 0.0085 0.0102 0.9813 
          11 179 0.0009 0.0896 0.9095 
          12 179 0.0037 0.0013 0.9950 
          13 179 0.0009 0.0009 0.9982 
          14 179 0.0081 0.0821 0.9098 
          15 179 0.0012 0.0191 0.9797 
          16 179 0.0017 0.0173 0.9809 
          17 179 0.0241 0.0016 0.9743 
          18 179 0.0034 0.0011 0.9955 
          19 179 0.0012 0.0289 0.9700 
          20 179 0.0956 0.0385 0.8659 
          21 179 0.0009 0.0003 0.9987 
          22 179 0.0019 0.0163 0.9818 
          23 179 0.0011 0.0027 0.9963 
        001s 180 0.0375 0.0358 0.9267 
        002s 180 0.0034 0.0021 0.9945 
        003s 180 0.0022 0.0015 0.9963 
        004s 180 0.0008 0.0011 0.9982 
        005s 180 0.0308 0.0071 0.9621 
        006s 180 0.0007 0.0886 0.9108 
        007s 180 0.0010 0.0011 0.9979 
        008s 180 0.0010 0.0041 0.9949 
        009s 180 0.0025 0.0010 0.9965 
        010s 180 0.0011 0.0013 0.9976 
        011s 180 0.0007 0.0023 0.9970 
        012s 180 0.0013 0.0098 0.9889 
        013s 180 0.0096 0.0016 0.9888 
        014s 180 0.0023 0.0080 0.9897 
        015s 180 0.0028 0.0015 0.9957 
        016s 180 0.0250 0.0136 0.9614 
        017s 180 0.0016 0.0017 0.9967 
        018s 180 0.0012 0.0688 0.9299 
        019s 180 0.0019 0.0021 0.9960 
        020s 180 0.0128 0.0031 0.9840 
        021s 180 0.0037 0.0030 0.9933 
        022s 180 0.0014 0.0094 0.9892 
        023s 180 0.0061 0.0007 0.9931 
        024s 180 0.0093 0.0041 0.9866 
        025s 180 0.0007 0.0107 0.9886 
        026s 180 0.0008 0.0028 0.9963 
        027s 180 0.0013 0.0060 0.9927 
        028s 180 0.0017 0.0040 0.9943 
        029s 180 0.0661 0.0146 0.9193 
        030s 180 0.0007 0.0020 0.9973 
        031s 180 0.0030 0.0009 0.9961 
        032s 180 0.0010 0.0033 0.9957 
        033s 180 0.0003 0.0031 0.9965 
        034s 180 0.0008 0.0062 0.9931 
        035s 180 0.0285 0.0092 0.9622 
        036s 180 0.0013 0.0008 0.9979 
        037s 180 0.0025 0.0020 0.9955 
        038s 180 0.0005 0.0028 0.9968 
        039s 180 0.0019 0.0026 0.9955 
        041s 180 0.0005 0.0013 0.9981 
        042s 180 0.0088 0.0024 0.9888 
        043s 180 0.0033 0.0052 0.9915 
        044s 180 0.0008 0.0013 0.9980 
        045s 180 0.0064 0.0041 0.9895 
        046s 180 0.0026 0.0128 0.9847 
        047s 180 0.0021 0.0108 0.9871 
        048s 180 0.0014 0.0018 0.9969 
        049s 180 0.0007 0.0013 0.9980 
        050s 180 0.0007 0.0011 0.9982 
         001 181 0.0002 0.9996 0.0002 
         002 181 0.0002 0.9997 0.0001 
         003 181 0.0001 0.9996 0.0002 
         004 181 0.0004 0.9919 0.0077 
         005 181 0.0012 0.9967 0.0021 
         006 181 0.0002 0.9997 0.0001 
         007 181 0.0001 0.9997 0.0002 
         008 181 0.0002 0.9996 0.0003 
         009 181 0.0001 0.9998 0.0001 
         010 181 0.0022 0.9965 0.0013 
         011 181 0.0001 0.9997 0.0001 
         012 181 0.0012 0.9983 0.0005 
         013 181 0.0003 0.9990 0.0007 
         014 181 0.0002 0.9995 0.0003 
         015 181 0.0001 0.9997 0.0002 
         016 181 0.0004 0.9993 0.0004 
         017 181 0.0001 0.9997 0.0002 
         018 181 0.0002 0.9994 0.0003 
         019 181 0.0005 0.9978 0.0017 
         020 181 0.0002 0.9996 0.0002 
         021 181 0.0001 0.9997 0.0002 
         022 181 0.0001 0.9998 0.0001 
         023 181 0.0001 0.9997 0.0002 
         024 181 0.0008 0.9959 0.0033 
         025 181 0.0001 0.9997 0.0002 
         026 181 0.0002 0.9997 0.0002 
         027 181 0.0001 0.9998 0.0001 
         028 181 0.0001 0.9998 0.0001 
         029 181 0.0002 0.9996 0.0002 
         030 181 0.0002 0.9996 0.0003 
         001 182 0.0002 0.9997 0.0002 
         002 182 0.0003 0.9992 0.0005 
         003 182 0.0014 0.9900 0.0086 
         004 182 0.0004 0.9993 0.0002 
         005 182 0.0002 0.9987 0.0011 
         006 182 0.0047 0.8829 0.1124 
         007 182 0.0008 0.9963 0.0029 
         008 182 0.0002 0.9992 0.0007 
         009 182 0.0002 0.9995 0.0003 
         010 182 0.0015 0.9002 0.0983 
         011 182 0.0002 0.9994 0.0004 
         012 182 0.0015 0.9279 0.0706 
         013 182 0.0023 0.9956 0.0021 
         014 182 0.0065 0.8969 0.0966 
         015 182 0.0001 0.9997 0.0002 
         016 182 0.0002 0.9996 0.0003 
         017 182 0.0005 0.9429 0.0566 
         018 182 0.0001 0.9995 0.0003 
         019 182 0.0002 0.9996 0.0002 
         020 182 0.0001 0.9998 0.0001 
         021 182 0.0016 0.9330 0.0654 
         022 182 0.0002 0.9994 0.0004 
         023 182 0.0003 0.9994 0.0003 
         024 182 0.0001 0.9995 0.0003 
         025 182 0.0002 0.9996 0.0003 
         026 182 0.0001 0.9997 0.0002 
         027 182 0.0015 0.9976 0.0008 
         028 182 0.0003 0.9991 0.0006 
         029 182 0.0012 0.9975 0.0013 
         030 182 0.0001 0.9997 0.0002 
          10 183 0.0038 0.0006 0.9956 
          11 183 0.0734 0.0009 0.9257 
          12 183 0.0109 0.0005 0.9886 
          13 183 0.0010 0.0516 0.9474 
          14 183 0.0166 0.0004 0.9830 
          15 183 0.0490 0.0087 0.9423 
          16 183 0.0015 0.0688 0.9297 
          17 183 0.0030 0.0011 0.9959 
          18 183 0.0018 0.0007 0.9975 
          19 183 0.0014 0.0004 0.9982 
          20 183 0.0008 0.0221 0.9771 
          21 183 0.0180 0.0018 0.9802 
          22 183 0.0345 0.0067 0.9589 
          23 183 0.0008 0.0080 0.9912 
          24 183 0.0243 0.0005 0.9752 
          25 183 0.0176 0.0016 0.9808 
          26 183 0.0015 0.0061 0.9924 
          27 183 0.0167 0.0156 0.9677 
          28 183 0.0271 0.0025 0.9704 
          29 183 0.0274 0.6932 0.2794 
          30 183 0.0737 0.8145 0.1118 
          31 183 0.0086 0.0010 0.9904 
          32 183 0.0005 0.0005 0.9991 
          33 183 0.0023 0.0037 0.9940 
          34 183 0.0322 0.0006 0.9672 
          35 183 0.0139 0.0116 0.9745 
          36 183 0.0075 0.0007 0.9919 
          37 183 0.0386 0.7903 0.1711 
          54 183 0.0028 0.0637 0.9335 
          55 183 0.0782 0.0961 0.8257 
           6 183 0.0017 0.0087 0.9895 
           7 183 0.0077 0.1116 0.8807 
           8 183 0.0048 0.0436 0.9516 
           9 183 0.0204 0.0035 0.9761 
           4 184 0.0009 0.0031 0.9960 
           9 184 0.0007 0.0010 0.9983 
          12 184 0.0004 0.0177 0.9819 
          14 184 0.0101 0.0015 0.9884 
          15 184 0.0041 0.0006 0.9953 
          16 184 0.0024 0.0013 0.9964 
          17 184 0.0020 0.0038 0.9942 
          18 184 0.0025 0.0915 0.9060 
          22 184 0.0006 0.0008 0.9985 
          25 184 0.0013 0.0065 0.9922 
          26 184 0.0037 0.0016 0.9947 
          27 184 0.0004 0.0012 0.9984 
          28 184 0.0011 0.0008 0.9981 
          29 184 0.0009 0.0004 0.9987 
          31 184 0.0009 0.0032 0.9959 
          32 184 0.0036 0.0054 0.9910 
          33 184 0.0036 0.0013 0.9952 
          34 184 0.0009 0.0007 0.9984 
          36 184 0.0005 0.3788 0.6206 
          37 184 0.0007 0.0044 0.9950 
          39 184 0.0136 0.0193 0.9670 
          40 184 0.0043 0.0043 0.9914 
          41 184 0.0026 0.0063 0.9911 
          42 184 0.0005 0.0020 0.9975 
          43 184 0.0013 0.0011 0.9977 
          44 184 0.0059 0.0727 0.9214 
          45 184 0.0012 0.0005 0.9982 
          46 184 0.0008 0.0022 0.9970 
          47 184 0.0009 0.0004 0.9987 
          48 184 0.0024 0.0010 0.9966 
          52 184 0.0008 0.0848 0.9144 
          54 184 0.0004 0.0012 0.9983 
          57 184 0.0008 0.0014 0.9978 
          58 184 0.0014 0.0021 0.9965 
          59 184 0.0008 0.0706 0.9286 
          60 184 0.0164 0.0008 0.9828 
           3 185 0.0160 0.0246 0.9594 
           4 185 0.0033 0.0013 0.9954 
           5 185 0.0006 0.0019 0.9975 
           6 185 0.0007 0.0011 0.9982 
           7 185 0.0006 0.0887 0.9107 
           8 185 0.0019 0.0755 0.9226 
           9 185 0.0030 0.0024 0.9946 
          10 185 0.0062 0.0018 0.9921 
          11 185 0.0037 0.0666 0.9296 
          12 185 0.0036 0.1057 0.8907 
          13 185 0.0006 0.0010 0.9984 
          14 185 0.0008 0.0015 0.9977 
          15 185 0.2440 0.0029 0.7531 
          16 185 0.0027 0.0020 0.9953 
          17 185 0.0529 0.0027 0.9444 
          18 185 0.0011 0.0007 0.9983 
          19 185 0.0285 0.0005 0.9711 
          20 185 0.0011 0.1343 0.8646 
          21 185 0.0125 0.0047 0.9828 
          22 185 0.0559 0.0041 0.9399 
          23 185 0.0037 0.0265 0.9698 
          24 185 0.0007 0.0008 0.9985 
          25 185 0.0081 0.0742 0.9177 
          26 185 0.0021 0.0021 0.9958 
          27 185 0.0015 0.0008 0.9976 
          28 185 0.0004 0.0012 0.9985 
          29 185 0.0696 0.1278 0.8026 
          30 185 0.0015 0.0087 0.9899 
          31 185 0.0008 0.0105 0.9887 
          32 185 0.0006 0.0066 0.9928 
          33 185 0.0008 0.0181 0.9811 
          34 185 0.0024 0.0009 0.9967 
          35 185 0.0019 0.0021 0.9959 
          36 185 0.0014 0.0015 0.9970 
          37 185 0.0008 0.0311 0.9681 
          38 185 0.0003 0.1070 0.8926 
          39 185 0.0099 0.0492 0.9409 
          40 185 0.0018 0.0012 0.9971 
          41 185 0.0015 0.0008 0.9977 
          42 185 0.0009 0.0011 0.9980 
           5 186 0.0009 0.0009 0.9982 
           6 186 0.0007 0.0017 0.9976 
           7 186 0.0006 0.0039 0.9955 
           9 186 0.0030 0.0860 0.9110 
          10 186 0.0015 0.0539 0.9446 
          11 186 0.0010 0.0045 0.9945 
          12 186 0.0005 0.0022 0.9972 
          29 186 0.0168 0.0023 0.9809 
          30 186 0.0016 0.0005 0.9979 
          31 186 0.1653 0.0658 0.7689 
          32 186 0.0451 0.0535 0.9013 
          33 186 0.0052 0.0006 0.9943 
          34 186 0.0054 0.0224 0.9722 
          35 186 0.0013 0.0004 0.9983 
          36 186 0.0024 0.0018 0.9958 
          37 186 0.0012 0.0355 0.9634 
          38 186 0.0187 0.0221 0.9592 
          39 186 0.0005 0.0012 0.9983 
          40 186 0.0011 0.0007 0.9981 
          41 186 0.0009 0.0057 0.9934 
          42 186 0.0007 0.0010 0.9983 
          43 186 0.0012 0.0121 0.9867 
          44 186 0.0031 0.0006 0.9963 
          45 186 0.0008 0.0007 0.9985 
          46 186 0.0008 0.0009 0.9983 
          47 186 0.0018 0.0045 0.9937 
          48 186 0.0013 0.0009 0.9978 
          49 186 0.0003 0.0005 0.9992 
          50 186 0.0032 0.0151 0.9817 
          51 186 0.0006 0.0007 0.9986 
          52 186 0.0017 0.0015 0.9968 
          53 186 0.0031 0.0009 0.9959 
          54 186 0.0016 0.0008 0.9976 
          55 186 0.0016 0.0022 0.9963 
          56 186 0.0011 0.0022 0.9967 
          57 186 0.0788 0.0037 0.9174 
          58 186 0.0004 0.0015 0.9981 
          59 186 0.0008 0.0068 0.9923 
          60 186 0.0031 0.0005 0.9964 
           1 187 0.0084 0.0241 0.9675 
           2 187 0.0021 0.0050 0.9930 
           3 187 0.0214 0.0167 0.9619 
           4 187 0.0162 0.1189 0.8649 
           5 187 0.0011 0.0009 0.9981 
           6 187 0.0010 0.0041 0.9948 
           7 187 0.0034 0.1460 0.8507 
           8 187 0.0009 0.0026 0.9965 
           9 187 0.0015 0.0005 0.9980 
          10 187 0.0013 0.0371 0.9616 
          11 187 0.0004 0.0014 0.9982 
          12 187 0.0007 0.0010 0.9982 
          13 187 0.0022 0.0070 0.9908 
          14 187 0.0033 0.0012 0.9955 
          15 187 0.0009 0.0045 0.9946 
          16 187 0.0038 0.0159 0.9802 
          17 187 0.0122 0.0733 0.9146 
          18 187 0.0012 0.0018 0.9970 
          19 187 0.0005 0.0010 0.9985 
          20 187 0.0015 0.0010 0.9976 
          21 187 0.0057 0.0935 0.9009 
          22 187 0.0047 0.0018 0.9935 
          23 187 0.0008 0.0006 0.9987 
          24 187 0.0032 0.0975 0.8993 
          25 187 0.0036 0.0018 0.9946 
          26 187 0.0040 0.0006 0.9954 
          27 187 0.0009 0.0005 0.9986 
          28 187 0.0070 0.0048 0.9881 
          29 187 0.0018 0.0062 0.9920 
          30 187 0.0424 0.0019 0.9557 
          32 187 0.0003 0.0944 0.9052 
          33 187 0.0011 0.0269 0.9720 
          34 187 0.0009 0.0014 0.9978 
          35 187 0.0085 0.0102 0.9814 
          36 187 0.0019 0.0008 0.9973 
          37 187 0.0124 0.0050 0.9826 
          38 187 0.0733 0.1018 0.8248 
           1 188 0.0012 0.0072 0.9916 
           2 188 0.0010 0.0241 0.9750 
           3 188 0.0021 0.0469 0.9510 
           4 188 0.0007 0.0667 0.9326 
           5 188 0.0044 0.0025 0.9930 
           6 188 0.0012 0.0006 0.9982 
           7 188 0.0006 0.0006 0.9988 
           8 188 0.0005 0.0562 0.9434 
           9 188 0.0009 0.0013 0.9978 
          10 188 0.0020 0.0057 0.9924 
          11 188 0.0007 0.0006 0.9988 
          12 188 0.0538 0.0016 0.9446 
          13 188 0.0119 0.1079 0.8802 
          14 188 0.0050 0.0853 0.9098 
          15 188 0.0006 0.0010 0.9985 
          16 188 0.0014 0.0258 0.9728 
          17 188 0.0014 0.0025 0.9961 
          18 188 0.0543 0.0017 0.9440 
          19 188 0.0049 0.0019 0.9932 
          20 188 0.0147 0.1182 0.8670 
          21 188 0.0103 0.0046 0.9851 
          22 188 0.0121 0.0029 0.9850 
          23 188 0.0482 0.0043 0.9474 
          24 188 0.0411 0.0003 0.9586 
          25 188 0.0490 0.0010 0.9499 
          26 188 0.0015 0.0840 0.9145 
          27 188 0.0026 0.0596 0.9378 
          28 188 0.0004 0.0020 0.9976 
          29 188 0.0108 0.0433 0.9459 
          30 188 0.0020 0.1022 0.8958 
          31 188 0.0065 0.0044 0.9891 
          32 188 0.0008 0.0009 0.9983 
          33 188 0.0074 0.0009 0.9917 
          34 188 0.0072 0.0009 0.9919 
          35 188 0.0557 0.0133 0.9310 
          36 188 0.0023 0.1115 0.8862 
          37 188 0.0008 0.0017 0.9975 
          38 188 0.0014 0.0900 0.9086 
          39 188 0.0025 0.0338 0.9637 
          40 188 0.0009 0.0014 0.9977 
           7 189 0.0007 0.0047 0.9946 
           8 189 0.0012 0.0030 0.9958 
           9 189 0.0028 0.0045 0.9927 
          10 189 0.0005 0.0072 0.9923 
          11 189 0.0077 0.0016 0.9907 
          12 189 0.0015 0.0697 0.9288 
          13 189 0.0033 0.0007 0.9960 
          14 189 0.0077 0.0422 0.9501 
          16 189 0.0138 0.1429 0.8433 
          17 189 0.0016 0.0007 0.9977 
          18 189 0.0031 0.0467 0.9502 
          19 189 0.0083 0.0018 0.9899 
          20 189 0.0007 0.0679 0.9314 
          21 189 0.0014 0.0138 0.9848 
          23 189 0.0031 0.0008 0.9961 
          24 189 0.0010 0.0457 0.9534 
          25 189 0.0028 0.0069 0.9902 
          26 189 0.0023 0.0240 0.9737 
          27 189 0.0047 0.0019 0.9934 
          28 189 0.0007 0.0003 0.9989 
          29 189 0.0017 0.0033 0.9950 
          30 189 0.0186 0.0027 0.9787 
          31 189 0.0045 0.0007 0.9948 
          32 189 0.0006 0.0814 0.9181 
          33 189 0.0115 0.0013 0.9873 
          34 189 0.0005 0.0004 0.9990 
          35 189 0.0012 0.0006 0.9982 
          36 189 0.0018 0.0469 0.9513 
          37 189 0.0073 0.0007 0.9920 
          38 189 0.0058 0.0042 0.9901 
          39 189 0.0016 0.0121 0.9863 
          40 189 0.0031 0.1427 0.8541 
          41 189 0.0056 0.0189 0.9755 
          42 189 0.0163 0.1716 0.8121 
          43 189 0.0012 0.0020 0.9968 
           1 190 0.0012 0.1151 0.8837 
           3 190 0.0201 0.0012 0.9788 
           4 190 0.0013 0.0014 0.9973 
           5 190 0.0012 0.0150 0.9838 
           6 190 0.0013 0.0009 0.9978 
           7 190 0.0029 0.0012 0.9959 
           8 190 0.0397 0.0200 0.9403 
           9 190 0.1047 0.3541 0.5413 
          10 190 0.0008 0.0017 0.9974 
          11 190 0.0007 0.0373 0.9620 
          12 190 0.0017 0.0009 0.9974 
          13 190 0.0005 0.0017 0.9978 
          14 190 0.0007 0.0024 0.9969 
          15 190 0.0051 0.0077 0.9872 
          16 190 0.0010 0.0067 0.9923 
          17 190 0.0014 0.0051 0.9934 
          18 190 0.0065 0.0196 0.9738 
          19 190 0.0020 0.0009 0.9971 
          20 190 0.0111 0.0009 0.9879 
          22 190 0.0016 0.1289 0.8694 
          23 190 0.0012 0.0080 0.9908 
          24 190 0.0016 0.0557 0.9426 
          25 190 0.0007 0.0068 0.9925 
          26 190 0.0023 0.0005 0.9972 
          27 190 0.0018 0.0014 0.9968 
          28 190 0.0009 0.0055 0.9936 
          29 190 0.0004 0.0211 0.9785 
          31 190 0.0004 0.0591 0.9405 
           7 191 0.0009 0.0006 0.9985 
           8 191 0.0008 0.0035 0.9957 
           9 191 0.0007 0.0008 0.9985 
          10 191 0.0068 0.0009 0.9922 
          11 191 0.0008 0.0046 0.9946 
          12 191 0.0012 0.0223 0.9765 
          13 191 0.0017 0.0028 0.9955 
          14 191 0.0005 0.0105 0.9890 
          15 191 0.0032 0.0594 0.9374 
          16 191 0.0046 0.0021 0.9933 
          17 191 0.0520 0.0791 0.8690 
          18 191 0.0009 0.0018 0.9973 
          19 191 0.0090 0.0277 0.9634 
          20 191 0.0031 0.0224 0.9744 
          21 191 0.0416 0.0204 0.9380 
          22 191 0.0009 0.0023 0.9968 
          23 191 0.0015 0.0023 0.9962 
          24 191 0.0006 0.0020 0.9975 
          25 191 0.0008 0.0281 0.9711 
          26 191 0.0046 0.1054 0.8899 
          27 191 0.0010 0.0012 0.9978 
          28 191 0.0058 0.0015 0.9927 
          29 191 0.0223 0.0017 0.9760 
          30 191 0.0004 0.0011 0.9985 
          39 191 0.0010 0.0027 0.9964 
          40 191 0.0006 0.0015 0.9979 
          41 191 0.0052 0.0520 0.9428 
          42 191 0.0004 0.0005 0.9990 
          43 191 0.0018 0.0125 0.9856 
          44 191 0.0068 0.0160 0.9773 
          45 191 0.0044 0.0012 0.9943 
          46 191 0.0281 0.1187 0.8533 
          47 191 0.0028 0.0068 0.9904 
          48 191 0.0018 0.0013 0.9969 
          49 191 0.0160 0.0061 0.9779 
          50 191 0.0014 0.0019 0.9968 
           9 192 0.0004 0.0006 0.9990 
          10 192 0.0004 0.0034 0.9963 
          11 192 0.0145 0.0020 0.9835 
          12 192 0.0010 0.0030 0.9959 
          13 192 0.0011 0.0944 0.9046 
          14 192 0.0695 0.0068 0.9236 
          15 192 0.0025 0.0009 0.9966 
          16 192 0.0009 0.0041 0.9949 
          17 192 0.0021 0.0420 0.9559 
          18 192 0.0016 0.0035 0.9949 
          19 192 0.0007 0.0074 0.9920 
          20 192 0.0017 0.0079 0.9904 
          21 192 0.0009 0.0007 0.9985 
          22 192 0.0181 0.0208 0.9611 
          23 192 0.0115 0.0847 0.9038 
          24 192 0.0009 0.0028 0.9964 
          33 192 0.0022 0.0454 0.9524 
          35 192 0.0024 0.0011 0.9965 
          36 192 0.0006 0.0009 0.9984 
          37 192 0.0013 0.0010 0.9977 
          38 192 0.0011 0.0499 0.9489 
          39 192 0.0008 0.0027 0.9964 
          40 192 0.0006 0.0807 0.9187 
          41 192 0.0023 0.0683 0.9294 
          42 192 0.0078 0.0453 0.9469 
          43 192 0.0040 0.0012 0.9949 
          45 192 0.0014 0.0008 0.9979 
          46 192 0.0026 0.0034 0.9940 
          47 192 0.0008 0.0015 0.9976 
          48 192 0.0013 0.0010 0.9977 
          49 192 0.0014 0.0607 0.9379 
          50 192 0.0008 0.0011 0.9981 
