        001s  1 0.9988 0.0012 
        002s  1 0.9950 0.0050 
        003s  1 0.9923 0.0077 
        004s  1 0.9440 0.0560 
        005s  1 0.5715 0.4285 
        006s  1 0.9981 0.0019 
        007s  1 0.9964 0.0036 
        008s  1 0.9916 0.0084 
        009s  1 0.9227 0.0773 
        010s  1 0.9894 0.0106 
        011s  1 0.9929 0.0071 
        012s  1 0.8657 0.1343 
        013s  1 0.9578 0.0422 
        014s  1 0.9597 0.0403 
        015s  1 0.9986 0.0014 
        016s  1 0.9959 0.0041 
        018s  1 0.8580 0.1420 
        019s  1 0.9898 0.0102 
        020s  1 0.9987 0.0013 
        021s  1 0.9970 0.0030 
        022s  1 0.9993 0.0007 
        023s  1 0.9988 0.0012 
        024s  1 0.9960 0.0040 
        025s  1 0.9814 0.0186 
        026s  1 0.9968 0.0032 
        027s  1 0.9781 0.0219 
        028s  1 0.8867 0.1133 
        029s  1 0.9979 0.0021 
        030s  1 0.9912 0.0088 
        031s  1 0.9991 0.0009 
        032s  1 0.9980 0.0020 
        033s  1 0.9883 0.0117 
        034s  1 0.9936 0.0064 
        035s  1 0.9939 0.0061 
        036s  1 0.9189 0.0811 
        037s  1 0.8616 0.1384 
        038s  1 0.9960 0.0040 
        039s  1 0.9915 0.0085 
        040s  1 0.9937 0.0063 
        041s  1 0.9961 0.0039 
        042s  1 0.9271 0.0729 
        043s  1 0.9703 0.0297 
        044s  1 0.8850 0.1150 
        045s  1 0.9879 0.0121 
        046s  1 0.9973 0.0027 
        047s  1 0.9987 0.0013 
        048s  1 0.9871 0.0129 
        049s  1 0.9976 0.0024 
        050s  1 0.8985 0.1015 
        051s  1 0.9984 0.0016 
        052s  1 0.9583 0.0417 
        053s  1 0.9972 0.0028 
        054s  1 0.9978 0.0022 
        055s  1 0.8985 0.1015 
          01  2 0.8766 0.1234 
          02  2 0.9644 0.0356 
          03  2 0.9964 0.0036 
          04  2 0.9532 0.0468 
          05  2 0.9025 0.0975 
          06  2 0.9541 0.0459 
          07  2 0.9734 0.0266 
          08  2 0.9425 0.0575 
          09  2 0.9987 0.0013 
          10  2 0.9970 0.0030 
          11  2 0.9869 0.0131 
          12  2 0.9974 0.0026 
          13  2 0.9987 0.0013 
          14  2 0.9965 0.0035 
          15  2 0.9983 0.0017 
          16  2 0.9435 0.0565 
          17  2 0.9930 0.0070 
          18  2 0.9582 0.0418 
          19  2 0.9981 0.0019 
          20  2 0.9195 0.0805 
          21  2 0.9973 0.0027 
          22  2 0.9859 0.0141 
          23  2 0.9934 0.0066 
          24  2 0.9981 0.0019 
          25  2 0.9497 0.0503 
          26  2 0.9978 0.0022 
          27  2 0.9732 0.0268 
          28  2 0.9984 0.0016 
          29  2 0.9972 0.0028 
          30  2 0.8496 0.1504 
          01  3 0.3717 0.6283 
          02  3 0.2044 0.7956 
          03  3 0.3858 0.6142 
          04  3 0.2061 0.7939 
          05  3 0.2288 0.7712 
          06  3 0.0912 0.9088 
          07  3 0.4018 0.5982 
          08  3 0.3195 0.6805 
          09  3 0.3330 0.6670 
          10  3 0.3760 0.6240 
          11  3 0.3071 0.6929 
          12  3 0.2932 0.7068 
          13  3 0.0377 0.9623 
          14  3 0.2254 0.7746 
          15  3 0.3634 0.6366 
          16  3 0.0857 0.9143 
          17  3 0.4379 0.5621 
          18  3 0.4460 0.5540 
          19  3 0.1735 0.8265 
          20  3 0.2474 0.7526 
          21  3 0.2588 0.7412 
          22  3 0.3211 0.6789 
          23  3 0.2506 0.7494 
          24  3 0.2468 0.7532 
          25  3 0.3443 0.6557 
          26  3 0.2472 0.7528 
          27  3 0.3713 0.6287 
          28  3 0.1077 0.8923 
          29  3 0.1972 0.8028 
          30  3 0.3318 0.6682 
         001  4 0.0833 0.9167 
         002  4 0.1380 0.8620 
         003  4 0.1251 0.8749 
         004  4 0.0238 0.9762 
         005  4 0.1153 0.8847 
         006  4 0.1173 0.8827 
         007  4 0.1698 0.8302 
         008  4 0.1714 0.8286 
         009  4 0.0842 0.9158 
         010  4 0.0012 0.9988 
         011  4 0.1579 0.8421 
         012  4 0.1388 0.8612 
         013  4 0.0514 0.9486 
         014  4 0.1275 0.8725 
         015  4 0.0019 0.9981 
         016  4 0.0501 0.9499 
         017  4 0.0972 0.9028 
         019  4 0.0955 0.9045 
         020  4 0.1545 0.8455 
         021  4 0.1105 0.8895 
         001  5 0.1524 0.8476 
         002  5 0.2082 0.7918 
         003  5 0.2977 0.7023 
         004  5 0.2233 0.7767 
         005  5 0.1335 0.8665 
         006  5 0.1095 0.8905 
         007  5 0.0857 0.9143 
         008  5 0.0802 0.9198 
         009  5 0.2224 0.7776 
         010  5 0.1447 0.8553 
         011  5 0.1490 0.8510 
         012  5 0.1683 0.8317 
         013  5 0.3164 0.6836 
         014  5 0.3246 0.6754 
         015  5 0.0730 0.9270 
         016  5 0.1219 0.8781 
         017  5 0.1883 0.8117 
         018  5 0.2294 0.7706 
         019  5 0.1514 0.8486 
         020  5 0.1362 0.8638 
         021  5 0.3183 0.6817 
         022  5 0.2319 0.7681 
         023  5 0.0727 0.9273 
         024  5 0.2246 0.7754 
         025  5 0.1852 0.8148 
         026  5 0.2862 0.7138 
         027  5 0.0993 0.9007 
         028  5 0.1820 0.8180 
         029  5 0.1236 0.8764 
         030  5 0.1723 0.8277 
        001s  6 0.9626 0.0374 
        002s  6 0.9690 0.0310 
        003s  6 0.9895 0.0105 
        004s  6 0.9987 0.0013 
        006s  6 0.9031 0.0969 
        007s  6 0.9969 0.0031 
        008s  6 0.9957 0.0043 
        009s  6 0.9990 0.0010 
        010s  6 0.9534 0.0466 
        011s  6 0.9960 0.0040 
        012s  6 0.9956 0.0044 
        013s  6 0.9971 0.0029 
        014s  6 0.9443 0.0557 
        015s  6 0.9565 0.0435 
        016s  6 0.9981 0.0019 
        018s  6 0.7595 0.2405 
        019s  6 0.9711 0.0289 
        020s  6 0.9987 0.0013 
        021s  6 0.9743 0.0257 
        022s  6 0.9983 0.0017 
        023s  6 0.9864 0.0136 
        024s  6 0.9602 0.0398 
        025s  6 0.9910 0.0090 
        026s  6 0.9983 0.0017 
        027s  6 0.9978 0.0022 
        028s  6 0.9390 0.0610 
        029s  6 0.9989 0.0011 
        030s  6 0.9330 0.0670 
        031s  6 0.9899 0.0101 
        032s  6 0.9808 0.0192 
        033s  6 0.9528 0.0472 
        034s  6 0.9919 0.0081 
        035s  6 0.8787 0.1213 
        036s  6 0.9917 0.0083 
        037s  6 0.9972 0.0028 
        038s  6 0.9979 0.0021 
        039s  6 0.9991 0.0009 
        040s  6 0.9979 0.0021 
        041s  6 0.9955 0.0045 
        042s  6 0.9803 0.0197 
        043s  6 0.9971 0.0029 
        044s  6 0.9980 0.0020 
        045s  6 0.9956 0.0044 
        001s  7 0.9974 0.0026 
        002s  7 0.9756 0.0244 
        003s  7 0.9926 0.0074 
        004s  7 0.9920 0.0080 
        005s  7 0.9718 0.0282 
        006s  7 0.9424 0.0576 
        007s  7 0.9707 0.0293 
        008s  7 0.9929 0.0071 
        009s  7 0.9885 0.0115 
        010s  7 0.9982 0.0018 
        011s  7 0.9983 0.0017 
        012s  7 0.9983 0.0017 
        013s  7 0.9963 0.0037 
        014s  7 0.9789 0.0211 
        015s  7 0.9766 0.0234 
        016s  7 0.9363 0.0637 
        017s  7 0.9971 0.0029 
        018s  7 0.9955 0.0045 
        019s  7 0.9919 0.0081 
        020s  7 0.9974 0.0026 
        021s  7 0.9968 0.0032 
        022s  7 0.9889 0.0111 
        023s  7 0.9768 0.0232 
        024s  7 0.9972 0.0028 
        025s  7 0.9926 0.0074 
        026s  7 0.9979 0.0021 
        027s  7 0.9955 0.0045 
        028s  7 0.9911 0.0089 
        029s  7 0.9882 0.0118 
        030s  7 0.9988 0.0012 
        031s  7 0.9921 0.0079 
        032s  7 0.9304 0.0696 
        033s  7 0.9659 0.0341 
        034s  7 0.9568 0.0432 
        035s  7 0.9989 0.0011 
        036s  7 0.9960 0.0040 
        037s  7 0.9157 0.0843 
        038s  7 0.9884 0.0116 
        039s  7 0.9991 0.0009 
        040s  7 0.9284 0.0716 
        041s  7 0.9842 0.0158 
        042s  7 0.9935 0.0065 
        043s  7 0.9987 0.0013 
        044s  7 0.9116 0.0884 
         003  8 0.9884 0.0116 
         009  8 0.9973 0.0027 
         010  8 0.9992 0.0008 
         017  8 0.9979 0.0021 
         002  9 0.9985 0.0015 
         003  9 0.9993 0.0007 
         004  9 0.9993 0.0007 
         005  9 0.9981 0.0019 
         006  9 0.9969 0.0031 
         007  9 0.9974 0.0026 
         009  9 0.9985 0.0015 
         010  9 0.9991 0.0009 
         013  9 0.9972 0.0028 
         014  9 0.9990 0.0010 
         016  9 0.9995 0.0005 
         018  9 0.9967 0.0033 
         019  9 0.9975 0.0025 
         020  9 0.9988 0.0012 
         021  9 0.9990 0.0010 
         022  9 0.9990 0.0010 
         024  9 0.9982 0.0018 
         028  9 0.9984 0.0016 
         029  9 0.9990 0.0010 
         030  9 0.9989 0.0011 
         031  9 0.9977 0.0023 
         033  9 0.9960 0.0040 
         001 10 0.9988 0.0012 
         002 10 0.9992 0.0008 
         003 10 0.9985 0.0015 
         004 10 0.9989 0.0011 
         005 10 0.9989 0.0011 
         006 10 0.9975 0.0025 
         007 10 0.9985 0.0015 
         008 10 0.9977 0.0023 
         009 10 0.9974 0.0026 
         010 10 0.9985 0.0015 
         011 10 0.9975 0.0025 
         012 10 0.9974 0.0026 
         013 10 0.9981 0.0019 
         014 10 0.9980 0.0020 
         016 10 0.9978 0.0022 
         017 10 0.9978 0.0022 
         018 10 0.9934 0.0066 
         019 10 0.9987 0.0013 
         020 10 0.9964 0.0036 
         021 10 0.9985 0.0015 
         022 10 0.9986 0.0014 
         023 10 0.9988 0.0012 
         024 10 0.9992 0.0008 
         026 10 0.9987 0.0013 
        001s 11 0.9260 0.0740 
        002s 11 0.9940 0.0060 
        003s 11 0.9942 0.0058 
        004s 11 0.9979 0.0021 
        005s 11 0.9968 0.0032 
        006s 11 0.9797 0.0203 
        007s 11 0.9300 0.0700 
        008s 11 0.9985 0.0015 
        009s 11 0.9989 0.0011 
        010s 11 0.9973 0.0027 
        011s 11 0.8795 0.1205 
        012s 11 0.9195 0.0805 
        013s 11 0.9973 0.0027 
        014s 11 0.9688 0.0312 
        015s 11 0.9909 0.0091 
        016s 11 0.9718 0.0282 
        017s 11 0.9303 0.0697 
        018s 11 0.9883 0.0117 
        019s 11 0.9970 0.0030 
        020s 11 0.9951 0.0049 
        021s 11 0.9983 0.0017 
        022s 11 0.9699 0.0301 
        023s 11 0.9801 0.0199 
        025s 11 0.9988 0.0012 
        026s 11 0.9734 0.0266 
        027s 11 0.9948 0.0052 
        028s 11 0.9901 0.0099 
        029s 11 0.9780 0.0220 
        030s 11 0.9554 0.0446 
        031s 11 0.9985 0.0015 
        032s 11 0.9983 0.0017 
        033s 11 0.9946 0.0054 
        034s 11 0.9943 0.0057 
        035s 11 0.9909 0.0091 
        036s 11 0.9733 0.0267 
        037s 11 0.9969 0.0031 
        038s 11 0.9957 0.0043 
        039s 11 0.9981 0.0019 
        040s 11 0.9158 0.0842 
        041s 11 0.9963 0.0037 
        042s 11 0.9967 0.0033 
        043s 11 0.9644 0.0356 
        044s 11 0.9963 0.0037 
        045s 11 0.9969 0.0031 
        046s 11 0.9614 0.0386 
        047s 11 0.9970 0.0030 
        048s 11 0.9758 0.0242 
        049s 11 0.9978 0.0022 
        050s 11 0.9981 0.0019 
        051s 11 0.9884 0.0116 
        052s 11 0.9866 0.0134 
        053s 11 0.9989 0.0011 
        054s 11 0.9904 0.0096 
        055s 11 0.9426 0.0574 
        001s 12 0.9871 0.0129 
        002s 12 0.9979 0.0021 
        003s 12 0.9985 0.0015 
        004s 12 0.9737 0.0263 
        005s 12 0.9984 0.0016 
        006s 12 0.9464 0.0536 
        007s 12 0.9957 0.0043 
        008s 12 0.9804 0.0196 
        009s 12 0.9693 0.0307 
        010s 12 0.9357 0.0643 
        011s 12 0.9926 0.0074 
        012s 12 0.9864 0.0136 
        013s 12 0.9978 0.0022 
        014s 12 0.9385 0.0615 
        015s 12 0.9933 0.0067 
        016s 12 0.9983 0.0017 
        017s 12 0.9927 0.0073 
        018s 12 0.9982 0.0018 
        019s 12 0.9957 0.0043 
        020s 12 0.9428 0.0572 
        021s 12 0.9958 0.0042 
        022s 12 0.9546 0.0454 
        023s 12 0.9987 0.0013 
        024s 12 0.9984 0.0016 
        025s 12 0.9823 0.0177 
        026s 12 0.9823 0.0177 
        027s 12 0.9933 0.0067 
        028s 12 0.9970 0.0030 
        029s 12 0.9984 0.0016 
        030s 12 0.9963 0.0037 
        031s 12 0.9923 0.0077 
        032s 12 0.9987 0.0013 
        033s 12 0.9868 0.0132 
        034s 12 0.9990 0.0010 
        035s 12 0.9830 0.0170 
        036s 12 0.9727 0.0273 
        037s 12 0.9983 0.0017 
        001s 13 0.9906 0.0094 
        002s 13 0.9292 0.0708 
        003s 13 0.9979 0.0021 
        004s 13 0.9982 0.0018 
        005s 13 0.9776 0.0224 
        006s 13 0.9959 0.0041 
        007s 13 0.9686 0.0314 
        008s 13 0.9440 0.0560 
        009s 13 0.8782 0.1218 
        010s 13 0.9408 0.0592 
        011s 13 0.9430 0.0570 
        012s 13 0.9335 0.0665 
        013s 13 0.9380 0.0620 
        014s 13 0.9697 0.0303 
        015s 13 0.9930 0.0070 
        016s 13 0.9989 0.0011 
        017s 13 0.9425 0.0575 
        018s 13 0.9988 0.0012 
        019s 13 0.9970 0.0030 
        020s 13 0.9867 0.0133 
        021s 13 0.9985 0.0015 
        022s 13 0.9961 0.0039 
        023s 13 0.9979 0.0021 
        024s 13 0.9480 0.0520 
        025s 13 0.9974 0.0026 
        026s 13 0.8889 0.1111 
        027s 13 0.9512 0.0488 
        028s 13 0.9488 0.0512 
        029s 13 0.9752 0.0248 
        030s 13 0.9434 0.0566 
        031s 13 0.9578 0.0422 
        032s 13 0.9966 0.0034 
        033s 13 0.9398 0.0602 
        034s 13 0.9375 0.0625 
        035s 13 0.9979 0.0021 
        036s 13 0.9963 0.0037 
        037s 13 0.9986 0.0014 
        038s 13 0.9939 0.0061 
        039s 13 0.8901 0.1099 
        040s 13 0.9962 0.0038 
        041s 13 0.9252 0.0748 
        042s 13 0.9977 0.0023 
        001s 14 0.9786 0.0214 
        002s 14 0.9277 0.0723 
        003s 14 0.9979 0.0021 
        004s 14 0.9605 0.0395 
        005s 14 0.9993 0.0007 
        006s 14 0.9986 0.0014 
        007s 14 0.9973 0.0027 
        008s 14 0.9050 0.0950 
        009s 14 0.9953 0.0047 
        010s 14 0.9783 0.0217 
        011s 14 0.9320 0.0680 
        012s 14 0.9958 0.0042 
        013s 14 0.9936 0.0064 
        014s 14 0.9780 0.0220 
        015s 14 0.9975 0.0025 
        016s 14 0.9982 0.0018 
        017s 14 0.9189 0.0811 
        018s 14 0.9981 0.0019 
        019s 14 0.9939 0.0061 
        020s 14 0.9985 0.0015 
        021s 14 0.9967 0.0033 
        022s 14 0.9781 0.0219 
        023s 14 0.9930 0.0070 
        024s 14 0.9420 0.0580 
        025s 14 0.9902 0.0098 
        026s 14 0.9988 0.0012 
        027s 14 0.9965 0.0035 
        028s 14 0.9958 0.0042 
        029s 14 0.9992 0.0008 
        030s 14 0.9888 0.0112 
        031s 14 0.9922 0.0078 
        032s 14 0.9962 0.0038 
        033s 14 0.9593 0.0407 
        034s 14 0.9991 0.0009 
        035s 14 0.8363 0.1637 
        036s 14 0.8832 0.1168 
        037s 14 0.9980 0.0020 
        038s 14 0.9977 0.0023 
        039s 14 0.9906 0.0094 
        040s 14 0.9897 0.0103 
        041s 14 0.9966 0.0034 
        042s 14 0.9577 0.0423 
        001s 15 0.9978 0.0022 
        002s 15 0.8986 0.1014 
        003s 15 0.9869 0.0131 
        004s 15 0.9985 0.0015 
        005s 15 0.9695 0.0305 
        006s 15 0.9799 0.0201 
        007s 15 0.9988 0.0012 
        008s 15 0.9985 0.0015 
        009s 15 0.9346 0.0654 
        010s 15 0.9983 0.0017 
        011s 15 0.9320 0.0680 
        012s 15 0.9885 0.0115 
        013s 15 0.9984 0.0016 
        014s 15 0.9936 0.0064 
        015s 15 0.9101 0.0899 
        016s 15 0.9058 0.0942 
        017s 15 0.9961 0.0039 
        018s 15 0.9982 0.0018 
        019s 15 0.9932 0.0068 
        020s 15 0.9980 0.0020 
        021s 15 0.9275 0.0725 
        022s 15 0.9957 0.0043 
        023s 15 0.9567 0.0433 
        024s 15 0.9937 0.0063 
        025s 15 0.9785 0.0215 
        026s 15 0.9952 0.0048 
        027s 15 0.9720 0.0280 
        028s 15 0.9975 0.0025 
        029s 15 0.9976 0.0024 
        030s 15 0.9988 0.0012 
        031s 15 0.9345 0.0655 
        032s 15 0.9990 0.0010 
        033s 15 0.9443 0.0557 
        035s 15 0.9871 0.0129 
        036s 15 0.9956 0.0044 
        037s 15 0.9901 0.0099 
        038s 15 0.9931 0.0069 
        039s 15 0.9549 0.0451 
        040s 15 0.9870 0.0130 
        041s 15 0.9125 0.0875 
        042s 15 0.9961 0.0039 
        043s 15 0.9817 0.0183 
        044s 15 0.9923 0.0077 
        045s 15 0.9320 0.0680 
        046s 15 0.9518 0.0482 
        047s 15 0.9600 0.0400 
        048s 15 0.9977 0.0023 
        049s 15 0.9737 0.0263 
        050s 15 0.8883 0.1117 
         001 16 0.8088 0.1912 
         002 16 0.9568 0.0432 
         003 16 0.9744 0.0256 
         004 16 0.9968 0.0032 
         005 16 0.9231 0.0769 
         006 16 0.9630 0.0370 
         007 16 0.9926 0.0074 
         008 16 0.8590 0.1410 
         009 16 0.9973 0.0027 
         010 16 0.9865 0.0135 
         011 16 0.9837 0.0163 
         012 16 0.9951 0.0049 
         013 16 0.9979 0.0021 
         014 16 0.9651 0.0349 
         015 16 0.9539 0.0461 
         016 16 0.9980 0.0020 
         017 16 0.9643 0.0357 
         018 16 0.9365 0.0635 
         019 16 0.9229 0.0771 
         020 16 0.9989 0.0011 
         021 16 0.8682 0.1318 
         022 16 0.9930 0.0070 
         023 16 0.9810 0.0190 
         024 16 0.9928 0.0072 
         025 16 0.9190 0.0810 
         026 16 0.8901 0.1099 
         027 16 0.9931 0.0069 
         028 16 0.8328 0.1672 
         029 16 0.9500 0.0500 
         030 16 0.9937 0.0063 
         031 16 0.9958 0.0042 
         032 16 0.9196 0.0804 
         033 16 0.9981 0.0019 
         034 16 0.9844 0.0156 
         035 16 0.9989 0.0011 
         036 16 0.9986 0.0014 
         037 16 0.9331 0.0669 
         038 16 0.9936 0.0064 
         039 16 0.9978 0.0022 
         040 16 0.9953 0.0047 
         041 16 0.9975 0.0025 
         042 16 0.9961 0.0039 
         043 16 0.9977 0.0023 
         044 16 0.9896 0.0104 
         045 16 0.9796 0.0204 
         047 16 0.9442 0.0558 
         048 16 0.9866 0.0134 
         049 16 0.9968 0.0032 
         050 16 0.9983 0.0017 
         051 16 0.9941 0.0059 
         052 16 0.9992 0.0008 
         053 16 0.9987 0.0013 
         054 16 0.9420 0.0580 
         055 16 0.9164 0.0836 
         056 16 0.9978 0.0022 
         057 16 0.9422 0.0578 
         058 16 0.8861 0.1139 
         059 16 0.8715 0.1285 
         060 16 0.9935 0.0065 
         061 16 0.9946 0.0054 
         062 16 0.9920 0.0080 
         063 16 0.9950 0.0050 
         064 16 0.9985 0.0015 
         065 16 0.9904 0.0096 
         066 16 0.9987 0.0013 
         067 16 0.9849 0.0151 
         068 16 0.9840 0.0160 
         069 16 0.9976 0.0024 
         070 16 0.9907 0.0093 
         071 16 0.8999 0.1001 
         072 16 0.9903 0.0097 
         073 16 0.9944 0.0056 
         074 16 0.9987 0.0013 
         075 16 0.9476 0.0524 
         076 16 0.9970 0.0030 
         077 16 0.9327 0.0673 
         078 16 0.9856 0.0144 
         079 16 0.9031 0.0969 
         080 16 0.9977 0.0023 
         081 16 0.9334 0.0666 
         082 16 0.9525 0.0475 
         083 16 0.9975 0.0025 
         084 16 0.9920 0.0080 
         085 16 0.9970 0.0030 
         086 16 0.8780 0.1220 
         087 16 0.9701 0.0299 
         088 16 0.9984 0.0016 
         089 16 0.9868 0.0132 
         090 16 0.9913 0.0087 
         091 16 0.9953 0.0047 
         092 16 0.9736 0.0264 
         093 16 0.9971 0.0029 
         094 16 0.9854 0.0146 
         095 16 0.9990 0.0010 
         096 16 0.9700 0.0300 
         097 16 0.8770 0.1230 
         098 16 0.9972 0.0028 
         099 16 0.9987 0.0013 
         100 16 0.9980 0.0020 
         101 16 0.9793 0.0207 
         102 16 0.9929 0.0071 
         103 16 0.9925 0.0075 
         104 16 0.9952 0.0048 
         105 16 0.8864 0.1136 
         106 16 0.9962 0.0038 
         107 16 0.9916 0.0084 
         108 16 0.8661 0.1339 
         109 16 0.9564 0.0436 
         110 16 0.9989 0.0011 
         111 16 0.9654 0.0346 
         112 16 0.9747 0.0253 
         113 16 0.9318 0.0682 
         114 16 0.9905 0.0095 
         115 16 0.9982 0.0018 
         116 16 0.9855 0.0145 
         117 16 0.9662 0.0338 
         118 16 0.9953 0.0047 
         119 16 0.9935 0.0065 
         120 16 0.9947 0.0053 
         121 16 0.9906 0.0094 
         122 16 0.9987 0.0013 
         123 16 0.9903 0.0097 
         124 16 0.9863 0.0137 
         126 16 0.8567 0.1433 
         001 17 0.9946 0.0054 
         002 17 0.9962 0.0038 
         003 17 0.9983 0.0017 
         005 17 0.9988 0.0012 
         006 17 0.9444 0.0556 
         007 17 0.8531 0.1469 
         008 17 0.8723 0.1277 
         009 17 0.9991 0.0009 
         010 17 0.9971 0.0029 
         011 17 0.8182 0.1818 
         012 17 0.9950 0.0050 
         013 17 0.9991 0.0009 
         014 17 0.9986 0.0014 
         015 17 0.9923 0.0077 
         016 17 0.9975 0.0025 
         017 17 0.9925 0.0075 
         018 17 0.9595 0.0405 
         019 17 0.9992 0.0008 
         020 17 0.9968 0.0032 
         021 17 0.9987 0.0013 
         022 17 0.9346 0.0654 
         023 17 0.9956 0.0044 
         024 17 0.9136 0.0864 
         025 17 0.9980 0.0020 
         002 18 0.9987 0.0013 
         003 18 0.9990 0.0010 
         004 18 0.9665 0.0335 
         005 18 0.9917 0.0083 
         006 18 0.9989 0.0011 
         007 18 0.9906 0.0094 
         008 18 0.9985 0.0015 
         009 18 0.9628 0.0372 
         010 18 0.9971 0.0029 
         011 18 0.9975 0.0025 
         012 18 0.9852 0.0148 
         015 18 0.9966 0.0034 
         016 18 0.9858 0.0142 
         018 18 0.9987 0.0013 
         026 18 0.9946 0.0054 
         027 18 0.9990 0.0010 
         028 18 0.9961 0.0039 
         029 18 0.9965 0.0035 
         031 18 0.8997 0.1003 
         032 18 0.9987 0.0013 
         033 18 0.9976 0.0024 
         035 18 0.9971 0.0029 
         036 18 0.9982 0.0018 
         037 18 0.9798 0.0202 
         038 18 0.9526 0.0474 
         039 18 0.9987 0.0013 
         044 18 0.8652 0.1348 
         046 18 0.9959 0.0041 
         049 18 0.9985 0.0015 
         053 18 0.9948 0.0052 
         054 18 0.9803 0.0197 
         056 18 0.9806 0.0194 
         057 18 0.9978 0.0022 
         058 18 0.9968 0.0032 
        001s 19 0.9348 0.0652 
        002s 19 0.9941 0.0059 
        003s 19 0.9910 0.0090 
        004s 19 0.9924 0.0076 
        005s 19 0.9269 0.0731 
        006s 19 0.9947 0.0053 
        007s 19 0.9569 0.0431 
        008s 19 0.9403 0.0597 
        009s 19 0.9953 0.0047 
        010s 19 0.9837 0.0163 
        011s 19 0.9962 0.0038 
        012s 19 0.9904 0.0096 
        013s 19 0.9717 0.0283 
        014s 19 0.9168 0.0832 
        015s 19 0.9947 0.0053 
        016s 19 0.9915 0.0085 
        017s 19 0.9542 0.0458 
        018s 19 0.9941 0.0059 
        019s 19 0.9065 0.0935 
        020s 19 0.9163 0.0837 
        021s 19 0.9864 0.0136 
        022s 19 0.9785 0.0215 
        023s 19 0.9941 0.0059 
        024s 19 0.9987 0.0013 
        025s 19 0.9040 0.0960 
        026s 19 0.9740 0.0260 
        027s 19 0.9935 0.0065 
        028s 19 0.9862 0.0138 
        029s 19 0.9987 0.0013 
        030s 19 0.9908 0.0092 
        031s 19 0.9916 0.0084 
        032s 19 0.9967 0.0033 
        033s 19 0.9984 0.0016 
        034s 19 0.9970 0.0030 
        035s 19 0.9709 0.0291 
        036s 19 0.9977 0.0023 
        037s 19 0.9988 0.0012 
        038s 19 0.9932 0.0068 
        039s 19 0.9982 0.0018 
        040s 19 0.9840 0.0160 
        041s 19 0.9986 0.0014 
        042s 19 0.9902 0.0098 
        043s 19 0.9472 0.0528 
        044s 19 0.9987 0.0013 
        045s 19 0.9988 0.0012 
        046s 19 0.9919 0.0081 
        047s 19 0.9902 0.0098 
        048s 19 0.8973 0.1027 
        049s 19 0.9562 0.0438 
        050s 19 0.9983 0.0017 
        051s 19 0.9246 0.0754 
        052s 19 0.9970 0.0030 
      LIW2-4 20 0.9955 0.0045 
     LIW2-12 21 0.9964 0.0036 
     LIW2-20 22 0.9963 0.0037 
     LIW2-28 23 0.9321 0.0679 
      LIW1-5 24 0.9969 0.0031 
     LIW1-13 25 0.9177 0.0823 
     LIW1-21 26 0.9902 0.0098 
     LIW1-29 27 0.9553 0.0447 
      LIW2-5 28 0.9975 0.0025 
     LIW2-34 29 0.9986 0.0014 
     LIW2-21 30 0.9024 0.0976 
     LIW2-29 31 0.8145 0.1855 
      LIW1-6 32 0.9980 0.0020 
     LIW1-14 33 0.9399 0.0601 
     LIW1-22 34 0.9977 0.0023 
     LIW1-30 35 0.9973 0.0027 
      LIW2-6 36 0.9710 0.0290 
     LIW2-14 37 0.9965 0.0035 
     LIW2-22 38 0.9257 0.0743 
     LIW2-30 39 0.9978 0.0022 
      LIW1-7 40 0.9539 0.0461 
     LIW1-15 41 0.9986 0.0014 
     LIW1-23 42 0.9876 0.0124 
     LIW1-31 43 0.9908 0.0092 
      LIW2-7 44 0.9121 0.0879 
     LIW2-15 45 0.9974 0.0026 
     LIW2-23 46 0.9868 0.0132 
      LIW1-8 47 0.9981 0.0019 
     LIW1-16 48 0.9979 0.0021 
      LIW2-8 49 0.9984 0.0016 
     LIW2-16 50 0.6795 0.3205 
     LIW2-24 51 0.8062 0.1938 
     LIW2-32 52 0.9674 0.0326 
     LIW1-47 53 0.9760 0.0240 
      UMFS-1 54 0.9282 0.0718 
     UMFS-19 55 0.8560 0.1440 
     UMFS-31 56 0.9981 0.0019 
      UMFS-2 57 0.9970 0.0030 
     UMFS-10 58 0.9647 0.0353 
     UMFS-20 59 0.9254 0.0746 
     UMFS-32 60 0.9038 0.0962 
      UMFS-3 61 0.8835 0.1165 
     UMFS-11 62 0.5900 0.4100 
     UMFS-21 63 0.8966 0.1034 
     UMFS-33 64 0.9397 0.0603 
      UMFS-4 65 0.9443 0.0557 
     UMFS-22 66 0.9452 0.0548 
     UMFS-34 67 0.9124 0.0876 
      UMFS-5 68 0.9579 0.0421 
     UMFS-13 69 0.9059 0.0941 
     UMFS-23 70 0.9369 0.0631 
     UMFS-35 71 0.9291 0.0709 
      UMFS-6 72 0.9371 0.0629 
     UMFS-14 73 0.9510 0.0490 
     UMFS-24 74 0.9412 0.0588 
     UMFS-36 75 0.8984 0.1016 
      UMFS-7 76 0.4182 0.5818 
     UMFS-15 77 0.8952 0.1048 
     UMFS-25 78 0.8913 0.1087 
     UMFS-37 79 0.8984 0.1016 
      UMFS-8 80 0.9311 0.0689 
     UMFS-16 81 0.8965 0.1035 
     UMFS-26 82 0.9009 0.0991 
     UMFS-38 83 0.9660 0.0340 
      NEH1-2 84 0.7973 0.2027 
     NEH1-11 85 0.8221 0.1779 
     NEH1-20 86 0.8724 0.1276 
     NEH1-29 87 0.8934 0.1066 
      NEH2-2 88 0.8710 0.1290 
     NEH2-10 89 0.9255 0.0745 
     NEH2-18 90 0.7679 0.2321 
     NEH2-26 91 0.8652 0.1348 
      NEH1-3 92 0.9189 0.0811 
     NEH1-12 93 0.7478 0.2522 
     NEH1-21 94 0.8771 0.1229 
     NEH1-30 95 0.8398 0.1602 
      NEH2-3 96 0.8742 0.1258 
     NEH2-11 97 0.8076 0.1924 
     NEH2-19 98 0.8850 0.1150 
     NEH2-27 99 0.8378 0.1622 
      NEH1-4 100 0.7571 0.2429 
     NEH1-13 101 0.8882 0.1118 
     NEH1-22 102 0.8868 0.1132 
     NEH1-31 103 0.8814 0.1186 
      NEH2-4 104 0.8731 0.1269 
     NEH2-12 105 0.7848 0.2152 
     NEH2-20 106 0.9619 0.0381 
     NEH2-28 107 0.8525 0.1475 
      NEH1-5 108 0.8410 0.1590 
     NEH1-14 109 0.8144 0.1856 
     NEH1-23 110 0.9170 0.0830 
     NEH1-32 111 0.8303 0.1697 
      NEH2-5 112 0.8823 0.1177 
     NEH2-13 113 0.8315 0.1685 
     NEH2-22 114 0.8498 0.1502 
     NEH2-29 115 0.8826 0.1174 
      NEH1-6 116 0.8395 0.1605 
     NEH1-15 117 0.7873 0.2127 
     NEH1-24 118 0.7918 0.2082 
     NEH1-33 119 0.9152 0.0848 
      NEH2-6 120 0.9298 0.0702 
     NEH2-14 121 0.8476 0.1524 
     NEH2-21 122 0.9263 0.0737 
     NEH2-30 123 0.8653 0.1347 
      NEH1-7 124 0.8000 0.2000 
     NEH1-16 125 0.8586 0.1414 
     NEH1-25 126 0.8985 0.1015 
     NEH1-34 127 0.8639 0.1361 
      NEH2-7 128 0.8603 0.1397 
     NEH2-15 129 0.8388 0.1612 
     NEH2-23 130 0.7642 0.2358 
     NEH2-31 131 0.8683 0.1317 
      NEH1-8 132 0.8289 0.1711 
     NEH1-17 133 0.7187 0.2813 
     NEH1-26 134 0.8964 0.1036 
     NEH1-35 135 0.8816 0.1184 
      NEH2-8 136 0.9057 0.0943 
     NEH2-16 137 0.8923 0.1077 
     NEH2-24 138 0.8725 0.1275 
     NEH2-32 139 0.7391 0.2609 
      NEH1-1 140 0.7610 0.2390 
     NEH1-10 141 0.8298 0.1702 
     NEH1-19 142 0.8602 0.1398 
     NEH1-28 143 0.7882 0.2118 
      NEH2-1 144 0.8321 0.1679 
      NEH2-9 145 0.8865 0.1135 
     NEH2-17 146 0.8146 0.1854 
     NEH2-25 147 0.7872 0.2128 
      LIW1-1 148 0.8807 0.1193 
      LIW1-9 149 0.8331 0.1669 
     LIW1-17 150 0.9977 0.0023 
     LIW1-25 151 0.9987 0.0013 
      LIW2-9 152 0.9308 0.0692 
     LIW2-17 153 0.9952 0.0048 
     LIW2-25 154 0.9973 0.0027 
      LIW1-2 155 0.9975 0.0025 
     LIW1-10 156 0.9877 0.0123 
     LIW1-18 157 0.9914 0.0086 
     LIW1-26 158 0.9974 0.0026 
      LIW2-2 159 0.9986 0.0014 
     LIW2-10 160 0.9958 0.0042 
     LIW2-18 161 0.9369 0.0631 
     LIW2-26 162 0.9968 0.0032 
      LIW1-3 163 0.9803 0.0197 
     LIW1-11 164 0.9766 0.0234 
     LIW1-19 165 0.9303 0.0697 
     LIW1-27 166 0.9861 0.0139 
      LIW2-3 167 0.9744 0.0256 
     LIW2-11 168 0.9988 0.0012 
     LIW2-19 169 0.9938 0.0062 
     LIW2-27 170 0.9988 0.0012 
      LIW1-4 171 0.9974 0.0026 
     LIW1-12 172 0.9587 0.0413 
     LIW1-20 173 0.9929 0.0071 
     LIW1-28 174 0.9915 0.0085 
        001s 175 0.9922 0.0078 
        002s 175 0.9268 0.0732 
        003s 175 0.9984 0.0016 
        004s 175 0.9551 0.0449 
        005s 175 0.9949 0.0051 
        006s 175 0.8403 0.1597 
        007s 175 0.9985 0.0015 
        008s 175 0.9937 0.0063 
        009s 175 0.8832 0.1168 
        010s 175 0.9971 0.0029 
        011s 175 0.9915 0.0085 
        012s 175 0.9982 0.0018 
        013s 175 0.9928 0.0072 
        014s 175 0.9196 0.0804 
        015s 175 0.9956 0.0044 
        016s 175 0.9771 0.0229 
        017s 175 0.9763 0.0237 
        018s 175 0.9884 0.0116 
        019s 175 0.9967 0.0033 
        020s 175 0.9958 0.0042 
        021s 175 0.9969 0.0031 
        022s 175 0.9753 0.0247 
        023s 175 0.9865 0.0135 
        024s 175 0.9556 0.0444 
        025s 175 0.9432 0.0568 
        026s 175 0.9908 0.0092 
        027s 175 0.9939 0.0061 
        028s 175 0.9958 0.0042 
        029s 175 0.9979 0.0021 
        030s 175 0.9002 0.0998 
        031s 175 0.9948 0.0052 
        032s 175 0.9945 0.0055 
        033s 175 0.9660 0.0340 
        034s 175 0.9910 0.0090 
        035s 175 0.9847 0.0153 
        036s 175 0.9980 0.0020 
        037s 175 0.9964 0.0036 
        038s 175 0.9796 0.0204 
        039s 175 0.9953 0.0047 
        040s 175 0.9972 0.0028 
        041s 175 0.9930 0.0070 
        042s 175 0.9942 0.0058 
        043s 175 0.9897 0.0103 
        044s 175 0.9972 0.0028 
        045s 175 0.9266 0.0734 
        046s 175 0.9953 0.0047 
        047s 175 0.9978 0.0022 
        048s 175 0.9873 0.0127 
        049s 175 0.9638 0.0362 
        050s 175 0.9219 0.0781 
        001s 176 0.9116 0.0884 
        002s 176 0.9655 0.0345 
        003s 176 0.9962 0.0038 
        004s 176 0.9949 0.0051 
        005s 176 0.9981 0.0019 
        006s 176 0.9973 0.0027 
        007s 176 0.9229 0.0771 
        008s 176 0.9983 0.0017 
        009s 176 0.9982 0.0018 
        010s 176 0.9974 0.0026 
        011s 176 0.9982 0.0018 
        012s 176 0.9302 0.0698 
        013s 176 0.9687 0.0313 
        014s 176 0.9923 0.0077 
        015s 176 0.9975 0.0025 
        016s 176 0.9979 0.0021 
        017s 176 0.9993 0.0007 
        018s 176 0.9982 0.0018 
        019s 176 0.9401 0.0599 
        020s 176 0.9955 0.0045 
        021s 176 0.9902 0.0098 
        022s 176 0.9959 0.0041 
        023s 176 0.9975 0.0025 
        024s 176 0.9430 0.0570 
        025s 176 0.9795 0.0205 
        026s 176 0.9813 0.0187 
        027s 176 0.9986 0.0014 
        028s 176 0.9957 0.0043 
        029s 176 0.9966 0.0034 
        030s 176 0.9414 0.0586 
        031s 176 0.9834 0.0166 
        032s 176 0.9584 0.0416 
        033s 176 0.8678 0.1322 
        034s 176 0.9970 0.0030 
        035s 176 0.9705 0.0295 
        036s 176 0.9972 0.0028 
        037s 176 0.9247 0.0753 
        038s 176 0.9976 0.0024 
        039s 176 0.9982 0.0018 
        040s 176 0.9988 0.0012 
        041s 176 0.9969 0.0031 
        042s 176 0.9985 0.0015 
        043s 176 0.9638 0.0362 
        044s 176 0.9941 0.0059 
        045s 176 0.9764 0.0236 
        046s 176 0.9964 0.0036 
        047s 176 0.9983 0.0017 
        048s 176 0.9844 0.0156 
        050s 176 0.9962 0.0038 
        001s 177 0.9389 0.0611 
        002s 177 0.9985 0.0015 
        003s 177 0.9375 0.0625 
        004s 177 0.9974 0.0026 
        005s 177 0.9958 0.0042 
        006s 177 0.9936 0.0064 
        007s 177 0.9893 0.0107 
        008s 177 0.8489 0.1511 
        009s 177 0.9988 0.0012 
        010s 177 0.9613 0.0387 
        011s 177 0.9969 0.0031 
        012s 177 0.9942 0.0058 
        013s 177 0.9971 0.0029 
        014s 177 0.9543 0.0457 
        015s 177 0.9910 0.0090 
        016s 177 0.9990 0.0010 
        017s 177 0.9530 0.0470 
        018s 177 0.9827 0.0173 
        019s 177 0.9970 0.0030 
        020s 177 0.9930 0.0070 
        021s 177 0.9984 0.0016 
        022s 177 0.9848 0.0152 
        023s 177 0.9739 0.0261 
        024s 177 0.9979 0.0021 
        025s 177 0.9924 0.0076 
        026s 177 0.9978 0.0022 
        027s 177 0.9985 0.0015 
        028s 177 0.9987 0.0013 
        029s 177 0.9042 0.0958 
        030s 177 0.9803 0.0197 
        031s 177 0.9967 0.0033 
        032s 177 0.9617 0.0383 
        033s 177 0.9983 0.0017 
        034s 177 0.9957 0.0043 
        035s 177 0.9991 0.0009 
        036s 177 0.9661 0.0339 
        037s 177 0.9533 0.0467 
        038s 177 0.9811 0.0189 
        039s 177 0.9964 0.0036 
        040s 177 0.9583 0.0417 
        041s 177 0.8903 0.1097 
        042s 177 0.9580 0.0420 
        043s 177 0.9991 0.0009 
        044s 177 0.9971 0.0029 
        045s 177 0.9732 0.0268 
        046s 177 0.9977 0.0023 
        047s 177 0.9941 0.0059 
        048s 177 0.9845 0.0155 
        049s 177 0.9396 0.0604 
        050s 177 0.9985 0.0015 
        001s 178 0.9569 0.0431 
        002s 178 0.9893 0.0107 
        003s 178 0.9901 0.0099 
        004s 178 0.9923 0.0077 
        005s 178 0.9954 0.0046 
        006s 178 0.9242 0.0758 
        007s 178 0.9976 0.0024 
        008s 178 0.9110 0.0890 
        009s 178 0.9912 0.0088 
        010s 178 0.9983 0.0017 
        011s 178 0.9969 0.0031 
        012s 178 0.9941 0.0059 
        013s 178 0.9991 0.0009 
        014s 178 0.9565 0.0435 
        015s 178 0.9887 0.0113 
        016s 178 0.9768 0.0232 
        017s 178 0.9554 0.0446 
        018s 178 0.9959 0.0041 
        019s 178 0.9954 0.0046 
        020s 178 0.9986 0.0014 
        021s 178 0.9582 0.0418 
        022s 178 0.9959 0.0041 
        023s 178 0.8884 0.1116 
        024s 178 0.9982 0.0018 
        025s 178 0.9591 0.0409 
        026s 178 0.9985 0.0015 
        027s 178 0.9476 0.0524 
        028s 178 0.9454 0.0546 
        029s 178 0.9922 0.0078 
        030s 178 0.9773 0.0227 
        031s 178 0.9991 0.0009 
        032s 178 0.9984 0.0016 
        033s 178 0.9480 0.0520 
        034s 178 0.9987 0.0013 
        035s 178 0.9967 0.0033 
        036s 178 0.9988 0.0012 
        037s 178 0.9987 0.0013 
        039s 178 0.9655 0.0345 
        040s 178 0.9226 0.0774 
        041s 178 0.9981 0.0019 
        042s 178 0.9491 0.0509 
        043s 178 0.9459 0.0541 
        044s 178 0.8806 0.1194 
        045s 178 0.9966 0.0034 
        046s 178 0.9968 0.0032 
        047s 178 0.9653 0.0347 
        048s 178 0.9587 0.0413 
        049s 178 0.9874 0.0126 
        050s 178 0.8998 0.1002 
          01 179 0.9126 0.0874 
          02 179 0.9967 0.0033 
          03 179 0.8594 0.1406 
          04 179 0.9930 0.0070 
          05 179 0.9382 0.0618 
          06 179 0.9969 0.0031 
          07 179 0.9920 0.0080 
          08 179 0.9982 0.0018 
          09 179 0.9987 0.0013 
          10 179 0.9800 0.0200 
          11 179 0.9103 0.0897 
          12 179 0.9974 0.0026 
          13 179 0.9982 0.0018 
          14 179 0.9118 0.0882 
          15 179 0.9741 0.0259 
          16 179 0.9744 0.0256 
          17 179 0.9954 0.0046 
          18 179 0.9978 0.0022 
          19 179 0.9577 0.0423 
          20 179 0.9289 0.0711 
          21 179 0.9994 0.0006 
          22 179 0.9721 0.0279 
          23 179 0.9953 0.0047 
        001s 180 0.9492 0.0508 
        002s 180 0.9960 0.0040 
        003s 180 0.9971 0.0029 
        004s 180 0.9979 0.0021 
        005s 180 0.9794 0.0206 
        006s 180 0.9084 0.0916 
        007s 180 0.9977 0.0023 
        008s 180 0.9926 0.0074 
        009s 180 0.9978 0.0022 
        010s 180 0.9978 0.0022 
        011s 180 0.9957 0.0043 
        012s 180 0.9831 0.0169 
        013s 180 0.9958 0.0042 
        014s 180 0.9845 0.0155 
        015s 180 0.9966 0.0034 
        016s 180 0.9697 0.0303 
        017s 180 0.9964 0.0036 
        018s 180 0.9295 0.0705 
        019s 180 0.9961 0.0039 
        020s 180 0.9920 0.0080 
        021s 180 0.9938 0.0062 
        022s 180 0.9834 0.0166 
        023s 180 0.9985 0.0015 
        024s 180 0.9916 0.0084 
        025s 180 0.9829 0.0171 
        026s 180 0.9933 0.0067 
        027s 180 0.9887 0.0113 
        028s 180 0.9933 0.0067 
        029s 180 0.9555 0.0445 
        030s 180 0.9964 0.0036 
        031s 180 0.9982 0.0018 
        032s 180 0.9927 0.0073 
        033s 180 0.9947 0.0053 
        034s 180 0.9891 0.0109 
        035s 180 0.9789 0.0211 
        036s 180 0.9984 0.0016 
        037s 180 0.9956 0.0044 
        038s 180 0.9950 0.0050 
        039s 180 0.9941 0.0059 
        041s 180 0.9972 0.0028 
        042s 180 0.9943 0.0057 
        043s 180 0.9887 0.0113 
        044s 180 0.9978 0.0022 
        045s 180 0.9902 0.0098 
        046s 180 0.9758 0.0242 
        047s 180 0.9800 0.0200 
        048s 180 0.9967 0.0033 
        049s 180 0.9976 0.0024 
        050s 180 0.9979 0.0021 
         001 181 0.0005 0.9995 
         002 181 0.0003 0.9997 
         003 181 0.0004 0.9996 
         004 181 0.0149 0.9851 
         005 181 0.0040 0.9960 
         006 181 0.0003 0.9997 
         007 181 0.0004 0.9996 
         008 181 0.0005 0.9995 
         009 181 0.0002 0.9998 
         010 181 0.0021 0.9979 
         011 181 0.0003 0.9997 
         012 181 0.0007 0.9993 
         013 181 0.0017 0.9983 
         014 181 0.0005 0.9995 
         015 181 0.0003 0.9997 
         016 181 0.0007 0.9993 
         017 181 0.0003 0.9997 
         018 181 0.0008 0.9992 
         019 181 0.0038 0.9962 
         020 181 0.0004 0.9996 
         021 181 0.0003 0.9997 
         022 181 0.0003 0.9997 
         023 181 0.0003 0.9997 
         024 181 0.0066 0.9934 
         025 181 0.0003 0.9997 
         026 181 0.0003 0.9997 
         027 181 0.0002 0.9998 
         028 181 0.0002 0.9998 
         029 181 0.0003 0.9997 
         030 181 0.0004 0.9996 
         001 182 0.0003 0.9997 
         002 182 0.0009 0.9991 
         003 182 0.0161 0.9839 
         004 182 0.0005 0.9995 
         005 182 0.0029 0.9971 
         006 182 0.1195 0.8805 
         007 182 0.0083 0.9917 
         008 182 0.0015 0.9985 
         009 182 0.0007 0.9993 
         010 182 0.1048 0.8952 
         011 182 0.0009 0.9991 
         012 182 0.0766 0.9234 
         013 182 0.0047 0.9953 
         014 182 0.1052 0.8948 
         015 182 0.0004 0.9996 
         016 182 0.0006 0.9994 
         017 182 0.0690 0.9310 
         018 182 0.0009 0.9991 
         019 182 0.0005 0.9995 
         020 182 0.0002 0.9998 
         021 182 0.0709 0.9291 
         022 182 0.0008 0.9992 
         023 182 0.0006 0.9994 
         024 182 0.0006 0.9994 
         025 182 0.0005 0.9995 
         026 182 0.0003 0.9997 
         027 182 0.0019 0.9981 
         028 182 0.0010 0.9990 
         029 182 0.0027 0.9973 
         030 182 0.0003 0.9997 
          10 183 0.9988 0.0012 
          11 183 0.9988 0.0012 
          12 183 0.9987 0.0013 
          13 183 0.9425 0.0575 
          14 183 0.9990 0.0010 
          15 183 0.9726 0.0274 
          16 183 0.9239 0.0761 
          17 183 0.9978 0.0022 
          18 183 0.9987 0.0013 
          19 183 0.9991 0.0009 
          20 183 0.9659 0.0341 
          21 183 0.9958 0.0042 
          22 183 0.9822 0.0178 
          23 183 0.9844 0.0156 
          24 183 0.9990 0.0010 
          25 183 0.9956 0.0044 
          26 183 0.9887 0.0113 
          27 183 0.9681 0.0319 
          28 183 0.9933 0.0067 
          29 183 0.3079 0.6921 
          30 183 0.1695 0.8305 
          31 183 0.9977 0.0023 
          32 183 0.9992 0.0008 
          33 183 0.9926 0.0074 
          34 183 0.9986 0.0014 
          35 183 0.9725 0.0275 
          36 183 0.9986 0.0014 
          37 183 0.2150 0.7850 
          54 183 0.9304 0.0696 
          55 183 0.8802 0.1198 
           6 183 0.9856 0.0144 
           7 183 0.8802 0.1198 
           8 183 0.9469 0.0531 
           9 183 0.9893 0.0107 
           4 184 0.9929 0.0071 
           9 184 0.9975 0.0025 
          12 184 0.9755 0.0245 
          14 184 0.9967 0.0033 
          15 184 0.9987 0.0013 
          16 184 0.9970 0.0030 
          17 184 0.9913 0.0087 
          18 184 0.9043 0.0957 
          22 184 0.9983 0.0017 
          25 184 0.9884 0.0116 
          26 184 0.9968 0.0032 
          27 184 0.9977 0.0023 
          28 184 0.9986 0.0014 
          29 184 0.9991 0.0009 
          31 184 0.9937 0.0063 
          32 184 0.9868 0.0132 
          33 184 0.9975 0.0025 
          34 184 0.9987 0.0013 
          36 184 0.6219 0.3781 
          37 184 0.9909 0.0091 
          39 184 0.9641 0.0359 
          40 184 0.9901 0.0099 
          41 184 0.9871 0.0129 
          42 184 0.9957 0.0043 
          43 184 0.9978 0.0022 
          44 184 0.9181 0.0819 
          45 184 0.9990 0.0010 
          46 184 0.9958 0.0042 
          47 184 0.9994 0.0006 
          48 184 0.9984 0.0016 
          52 184 0.9115 0.0885 
          54 184 0.9980 0.0020 
          57 184 0.9969 0.0031 
          58 184 0.9953 0.0047 
          59 184 0.9250 0.0750 
          60 184 0.9979 0.0021 
           3 185 0.9566 0.0434 
           4 185 0.9969 0.0031 
           5 185 0.9961 0.0039 
           6 185 0.9978 0.0022 
           7 185 0.9085 0.0915 
           8 185 0.9170 0.0830 
           9 185 0.9940 0.0060 
          10 185 0.9962 0.0038 
          11 185 0.9300 0.0700 
          12 185 0.8924 0.1076 
          13 185 0.9981 0.0019 
          14 185 0.9972 0.0028 
          15 185 0.9420 0.0580 
          16 185 0.9957 0.0043 
          17 185 0.9903 0.0097 
          18 185 0.9987 0.0013 
          19 185 0.9988 0.0012 
          20 185 0.8653 0.1347 
          21 185 0.9875 0.0125 
          22 185 0.9840 0.0160 
          23 185 0.9620 0.0380 
          24 185 0.9983 0.0017 
          25 185 0.9165 0.0835 
          26 185 0.9948 0.0052 
          27 185 0.9984 0.0016 
          28 185 0.9977 0.0023 
          29 185 0.8557 0.1443 
          30 185 0.9822 0.0178 
          31 185 0.9832 0.0168 
          32 185 0.9903 0.0097 
          33 185 0.9716 0.0284 
          34 185 0.9980 0.0020 
          35 185 0.9950 0.0050 
          36 185 0.9962 0.0038 
          37 185 0.9618 0.0382 
          38 185 0.8932 0.1068 
          39 185 0.9375 0.0625 
          40 185 0.9976 0.0024 
          41 185 0.9983 0.0017 
          42 185 0.9980 0.0020 
           5 186 0.9979 0.0021 
           6 186 0.9964 0.0036 
           7 186 0.9932 0.0068 
           9 186 0.9091 0.0909 
          10 186 0.9379 0.0621 
          11 186 0.9927 0.0073 
          12 186 0.9960 0.0040 
          29 186 0.9950 0.0050 
          30 186 0.9991 0.0009 
          31 186 0.8897 0.1103 
          32 186 0.9320 0.0680 
          33 186 0.9986 0.0014 
          34 186 0.9588 0.0412 
          35 186 0.9992 0.0008 
          36 186 0.9967 0.0033 
          37 186 0.9546 0.0454 
          38 186 0.9589 0.0411 
          39 186 0.9977 0.0023 
          40 186 0.9981 0.0019 
          41 186 0.9885 0.0115 
          42 186 0.9982 0.0018 
          43 186 0.9789 0.0211 
          44 186 0.9989 0.0011 
          45 186 0.9986 0.0014 
          46 186 0.9983 0.0017 
          47 186 0.9911 0.0089 
          48 186 0.9979 0.0021 
          49 186 0.9991 0.0009 
          50 186 0.9690 0.0310 
          51 186 0.9985 0.0015 
          52 186 0.9970 0.0030 
          53 186 0.9984 0.0016 
          54 186 0.9982 0.0018 
          55 186 0.9946 0.0054 
          56 186 0.9955 0.0045 
          57 186 0.9771 0.0229 
          58 186 0.9974 0.0026 
          59 186 0.9877 0.0123 
          60 186 0.9989 0.0011 
           1 187 0.9599 0.0401 
           2 187 0.9901 0.0099 
           3 187 0.9636 0.0364 
           4 187 0.8724 0.1276 
           5 187 0.9984 0.0016 
           6 187 0.9922 0.0078 
           7 187 0.8479 0.1521 
           8 187 0.9956 0.0044 
           9 187 0.9991 0.0009 
          10 187 0.9509 0.0491 
          11 187 0.9975 0.0025 
          12 187 0.9978 0.0022 
          13 187 0.9859 0.0141 
          14 187 0.9975 0.0025 
          15 187 0.9910 0.0090 
          16 187 0.9722 0.0278 
          17 187 0.9193 0.0807 
          18 187 0.9964 0.0036 
          19 187 0.9984 0.0016 
          20 187 0.9974 0.0026 
          21 187 0.8964 0.1036 
          22 187 0.9954 0.0046 
          23 187 0.9989 0.0011 
          24 187 0.8979 0.1021 
          25 187 0.9961 0.0039 
          26 187 0.9989 0.0011 
          27 187 0.9991 0.0009 
          28 187 0.9889 0.0111 
          29 187 0.9862 0.0138 
          30 187 0.9945 0.0055 
          32 187 0.9032 0.0968 
          33 187 0.9631 0.0369 
          34 187 0.9973 0.0027 
          35 187 0.9772 0.0228 
          36 187 0.9984 0.0016 
          37 187 0.9891 0.0109 
          38 187 0.8745 0.1255 
           1 188 0.9858 0.0142 
           2 188 0.9630 0.0370 
           3 188 0.9440 0.0560 
           4 188 0.9279 0.0721 
           5 188 0.9944 0.0056 
           6 188 0.9988 0.0012 
           7 188 0.9987 0.0013 
           8 188 0.9405 0.0595 
           9 188 0.9975 0.0025 
          10 188 0.9898 0.0102 
          11 188 0.9989 0.0011 
          12 188 0.9956 0.0044 
          13 188 0.8868 0.1132 
          14 188 0.9067 0.0933 
          15 188 0.9984 0.0016 
          16 188 0.9648 0.0352 
          17 188 0.9947 0.0053 
          18 188 0.9926 0.0074 
          19 188 0.9962 0.0038 
          20 188 0.8776 0.1224 
          21 188 0.9903 0.0097 
          22 188 0.9940 0.0060 
          23 188 0.9831 0.0169 
          24 188 0.9993 0.0007 
          25 188 0.9972 0.0028 
          26 188 0.9120 0.0880 
          27 188 0.9340 0.0660 
          28 188 0.9962 0.0038 
          29 188 0.9420 0.0580 
          30 188 0.8958 0.1042 
          31 188 0.9894 0.0106 
          32 188 0.9980 0.0020 
          33 188 0.9977 0.0023 
          34 188 0.9983 0.0017 
          35 188 0.9619 0.0381 
          36 188 0.8846 0.1154 
          37 188 0.9971 0.0029 
          38 188 0.9056 0.0944 
          39 188 0.9549 0.0451 
          40 188 0.9967 0.0033 
           7 189 0.9908 0.0092 
           8 189 0.9942 0.0058 
           9 189 0.9898 0.0102 
          10 189 0.9882 0.0118 
          11 189 0.9961 0.0039 
          12 189 0.9217 0.0783 
          13 189 0.9988 0.0012 
          14 189 0.9463 0.0537 
          16 189 0.8495 0.1505 
          17 189 0.9986 0.0014 
          18 189 0.9424 0.0576 
          19 189 0.9952 0.0048 
          20 189 0.9252 0.0748 
          21 189 0.9739 0.0261 
          23 189 0.9983 0.0017 
          24 189 0.9451 0.0549 
          25 189 0.9856 0.0144 
          26 189 0.9611 0.0389 
          27 189 0.9961 0.0039 
          28 189 0.9994 0.0006 
          29 189 0.9936 0.0064 
          30 189 0.9941 0.0059 
          31 189 0.9988 0.0012 
          32 189 0.9178 0.0822 
          33 189 0.9977 0.0023 
          34 189 0.9990 0.0010 
          35 189 0.9985 0.0015 
          36 189 0.9456 0.0544 
          37 189 0.9985 0.0015 
          38 189 0.9900 0.0100 
          39 189 0.9774 0.0226 
          40 189 0.8526 0.1474 
          41 189 0.9657 0.0343 
          42 189 0.8193 0.1807 
          43 189 0.9961 0.0039 
           1 190 0.8779 0.1221 
           3 190 0.9975 0.0025 
           4 190 0.9976 0.0024 
           5 190 0.9729 0.0271 
           6 190 0.9983 0.0017 
           7 190 0.9971 0.0029 
           8 190 0.9637 0.0363 
           9 190 0.6290 0.3710 
          10 190 0.9966 0.0034 
          11 190 0.9541 0.0459 
          12 190 0.9979 0.0021 
          13 190 0.9967 0.0033 
          14 190 0.9955 0.0045 
          15 190 0.9856 0.0144 
          16 190 0.9874 0.0126 
          17 190 0.9909 0.0091 
          18 190 0.9609 0.0391 
          19 190 0.9976 0.0024 
          20 190 0.9984 0.0016 
          22 190 0.8703 0.1297 
          23 190 0.9846 0.0154 
          24 190 0.9364 0.0636 
          25 190 0.9875 0.0125 
          26 190 0.9990 0.0010 
          27 190 0.9971 0.0029 
          28 190 0.9889 0.0111 
          29 190 0.9706 0.0294 
          31 190 0.9363 0.0637 
           7 191 0.9985 0.0015 
           8 191 0.9930 0.0070 
           9 191 0.9986 0.0014 
          10 191 0.9978 0.0022 
          11 191 0.9911 0.0089 
          12 191 0.9636 0.0364 
          13 191 0.9930 0.0070 
          14 191 0.9826 0.0174 
          15 191 0.9329 0.0671 
          16 191 0.9957 0.0043 
          17 191 0.9028 0.0972 
          18 191 0.9967 0.0033 
          19 191 0.9528 0.0472 
          20 191 0.9635 0.0365 
          21 191 0.9569 0.0431 
          22 191 0.9950 0.0050 
          23 191 0.9953 0.0047 
          24 191 0.9959 0.0041 
          25 191 0.9624 0.0376 
          26 191 0.8891 0.1109 
          27 191 0.9968 0.0032 
          28 191 0.9967 0.0033 
          29 191 0.9962 0.0038 
          30 191 0.9985 0.0015 
          39 191 0.9949 0.0051 
          40 191 0.9968 0.0032 
          41 191 0.9369 0.0631 
          42 191 0.9990 0.0010 
          43 191 0.9765 0.0235 
          44 191 0.9721 0.0279 
          45 191 0.9974 0.0026 
          46 191 0.8693 0.1307 
          47 191 0.9843 0.0157 
          48 191 0.9980 0.0020 
          49 191 0.9859 0.0141 
          50 191 0.9962 0.0038 
           9 192 0.9990 0.0010 
          10 192 0.9940 0.0060 
          11 192 0.9944 0.0056 
          12 192 0.9949 0.0051 
          13 192 0.9022 0.0978 
          14 192 0.9761 0.0239 
          15 192 0.9984 0.0016 
          16 192 0.9917 0.0083 
          17 192 0.9482 0.0518 
          18 192 0.9929 0.0071 
          19 192 0.9879 0.0121 
          20 192 0.9862 0.0138 
          21 192 0.9987 0.0013 
          22 192 0.9604 0.0396 
          23 192 0.9101 0.0899 
          24 192 0.9951 0.0049 
          33 192 0.9413 0.0587 
          35 192 0.9976 0.0024 
          36 192 0.9986 0.0014 
          37 192 0.9980 0.0020 
          38 192 0.9419 0.0581 
          39 192 0.9951 0.0049 
          40 192 0.9175 0.0825 
          41 192 0.9277 0.0723 
          42 192 0.9421 0.0579 
          43 192 0.9976 0.0024 
          45 192 0.9984 0.0016 
          46 192 0.9935 0.0065 
          47 192 0.9969 0.0031 
          48 192 0.9979 0.0021 
          49 192 0.9330 0.0670 
          50 192 0.9981 0.0019 
