        001s  1 0.0006 0.9976 0.0011 0.0005 0.0003 
        002s  1 0.0007 0.9959 0.0005 0.0005 0.0024 
        003s  1 0.0017 0.9796 0.0133 0.0047 0.0006 
        004s  1 0.0025 0.9595 0.0004 0.0051 0.0325 
        005s  1 0.0008 0.5594 0.0002 0.2295 0.2101 
        006s  1 0.0004 0.9978 0.0004 0.0003 0.0010 
        007s  1 0.0031 0.9936 0.0006 0.0024 0.0003 
        008s  1 0.0008 0.9939 0.0007 0.0037 0.0009 
        009s  1 0.0051 0.9284 0.0020 0.0623 0.0022 
        010s  1 0.0003 0.9917 0.0006 0.0069 0.0005 
        011s  1 0.0028 0.9904 0.0040 0.0009 0.0020 
        012s  1 0.0010 0.8656 0.0058 0.1209 0.0067 
        013s  1 0.0074 0.9634 0.0014 0.0016 0.0262 
        014s  1 0.0066 0.9470 0.0203 0.0241 0.0019 
        015s  1 0.0005 0.9978 0.0007 0.0005 0.0004 
        016s  1 0.0064 0.9904 0.0008 0.0018 0.0006 
        018s  1 0.0010 0.8486 0.0008 0.1485 0.0011 
        019s  1 0.0008 0.9800 0.0044 0.0145 0.0004 
        020s  1 0.0084 0.9816 0.0092 0.0005 0.0002 
        021s  1 0.0055 0.9856 0.0008 0.0002 0.0079 
        022s  1 0.0007 0.9985 0.0004 0.0002 0.0002 
        023s  1 0.0101 0.9880 0.0012 0.0003 0.0003 
        024s  1 0.0007 0.9974 0.0004 0.0008 0.0007 
        025s  1 0.0010 0.9911 0.0003 0.0058 0.0018 
        026s  1 0.0089 0.9852 0.0044 0.0008 0.0007 
        027s  1 0.0027 0.9878 0.0004 0.0018 0.0072 
        028s  1 0.0007 0.8871 0.0018 0.0554 0.0550 
        029s  1 0.0005 0.9928 0.0055 0.0007 0.0005 
        030s  1 0.0007 0.9871 0.0084 0.0009 0.0029 
        031s  1 0.0009 0.9982 0.0003 0.0003 0.0003 
        032s  1 0.0006 0.9973 0.0008 0.0007 0.0005 
        033s  1 0.0009 0.9927 0.0008 0.0048 0.0008 
        034s  1 0.0527 0.9423 0.0030 0.0009 0.0010 
        035s  1 0.0008 0.9947 0.0014 0.0015 0.0016 
        036s  1 0.0010 0.9028 0.0003 0.0949 0.0009 
        037s  1 0.0406 0.8402 0.0007 0.1117 0.0069 
        038s  1 0.0007 0.9967 0.0007 0.0013 0.0006 
        039s  1 0.0003 0.9754 0.0006 0.0003 0.0233 
        040s  1 0.0027 0.9933 0.0007 0.0008 0.0025 
        041s  1 0.0036 0.9925 0.0008 0.0028 0.0003 
        042s  1 0.0798 0.8400 0.0011 0.0785 0.0006 
        043s  1 0.0004 0.9808 0.0013 0.0165 0.0009 
        044s  1 0.0050 0.8848 0.0030 0.0925 0.0146 
        045s  1 0.0008 0.9914 0.0009 0.0058 0.0011 
        046s  1 0.0006 0.9957 0.0022 0.0013 0.0002 
        047s  1 0.0045 0.9934 0.0013 0.0007 0.0002 
        048s  1 0.0008 0.9344 0.0005 0.0640 0.0003 
        049s  1 0.0004 0.9977 0.0005 0.0005 0.0008 
        050s  1 0.0005 0.8956 0.0003 0.1020 0.0016 
        051s  1 0.0008 0.9717 0.0268 0.0002 0.0005 
        052s  1 0.0018 0.9675 0.0152 0.0078 0.0078 
        053s  1 0.0004 0.9971 0.0003 0.0018 0.0004 
        054s  1 0.0010 0.9931 0.0027 0.0002 0.0030 
        055s  1 0.0740 0.8328 0.0019 0.0900 0.0014 
          01  2 0.0015 0.8453 0.0302 0.1220 0.0010 
          02  2 0.0007 0.9805 0.0015 0.0147 0.0026 
          03  2 0.0011 0.9967 0.0004 0.0011 0.0007 
          04  2 0.0106 0.9684 0.0006 0.0033 0.0171 
          05  2 0.0003 0.8707 0.0002 0.1284 0.0004 
          06  2 0.0006 0.9630 0.0006 0.0346 0.0012 
          07  2 0.0007 0.9898 0.0010 0.0065 0.0021 
          08  2 0.0004 0.9125 0.0010 0.0857 0.0003 
          09  2 0.0003 0.9898 0.0092 0.0004 0.0003 
          10  2 0.0003 0.9975 0.0004 0.0013 0.0005 
          11  2 0.0027 0.9782 0.0091 0.0089 0.0011 
          12  2 0.0004 0.9969 0.0015 0.0005 0.0007 
          13  2 0.0006 0.9979 0.0007 0.0005 0.0004 
          14  2 0.0235 0.9672 0.0032 0.0003 0.0057 
          15  2 0.0011 0.9967 0.0012 0.0004 0.0005 
          16  2 0.0054 0.9326 0.0035 0.0012 0.0572 
          17  2 0.0011 0.9954 0.0009 0.0019 0.0007 
          18  2 0.0010 0.9796 0.0014 0.0149 0.0030 
          19  2 0.0037 0.9933 0.0017 0.0010 0.0003 
          20  2 0.0053 0.9302 0.0021 0.0576 0.0048 
          21  2 0.0007 0.9800 0.0178 0.0010 0.0005 
          22  2 0.0067 0.9840 0.0042 0.0016 0.0035 
          23  2 0.0020 0.9942 0.0009 0.0012 0.0017 
          24  2 0.0006 0.9974 0.0010 0.0004 0.0006 
          25  2 0.0007 0.9699 0.0014 0.0042 0.0238 
          26  2 0.0003 0.9975 0.0009 0.0009 0.0004 
          27  2 0.0025 0.9665 0.0012 0.0007 0.0291 
          28  2 0.0041 0.9936 0.0009 0.0012 0.0002 
          29  2 0.0003 0.9976 0.0007 0.0008 0.0007 
          30  2 0.0829 0.7497 0.0096 0.1574 0.0004 
          01  3 0.0084 0.3423 0.0003 0.4289 0.2201 
          02  3 0.0040 0.1266 0.0735 0.3307 0.4653 
          03  3 0.0008 0.3652 0.0004 0.3188 0.3148 
          04  3 0.0011 0.1795 0.0006 0.4647 0.3541 
          05  3 0.1212 0.0005 0.1140 0.3608 0.4034 
          06  3 0.0006 0.0774 0.0002 0.4210 0.5008 
          07  3 0.0002 0.3698 0.0012 0.3781 0.2507 
          08  3 0.0033 0.2963 0.0026 0.3740 0.3238 
          09  3 0.0032 0.2987 0.0003 0.4294 0.2684 
          10  3 0.1340 0.0263 0.2194 0.1994 0.4209 
          11  3 0.0004 0.2786 0.0002 0.4141 0.3067 
          12  3 0.0005 0.2630 0.0003 0.4212 0.3150 
          13  3 0.0002 0.0023 0.0139 0.4575 0.5262 
          14  3 0.1578 0.0059 0.0414 0.3340 0.4609 
          15  3 0.0013 0.3418 0.0002 0.3801 0.2766 
          16  3 0.0033 0.0815 0.0023 0.3071 0.6058 
          17  3 0.0004 0.3989 0.0008 0.4214 0.1785 
          18  3 0.2812 0.0081 0.1661 0.2060 0.3386 
          19  3 0.0024 0.1633 0.0006 0.3681 0.4655 
          20  3 0.0529 0.1779 0.0002 0.4576 0.3114 
          21  3 0.0048 0.2450 0.0015 0.3701 0.3786 
          22  3 0.0019 0.2773 0.0003 0.4904 0.2302 
          23  3 0.0012 0.2275 0.0003 0.4111 0.3600 
          24  3 0.0037 0.0474 0.1686 0.4933 0.2870 
          25  3 0.1297 0.0003 0.2493 0.3124 0.3083 
          26  3 0.0006 0.2178 0.0005 0.4382 0.3429 
          27  3 0.1740 0.0701 0.1300 0.2544 0.3715 
          28  3 0.0002 0.0847 0.0016 0.4464 0.4672 
          29  3 0.0076 0.1741 0.0026 0.3924 0.4233 
          30  3 0.0004 0.2982 0.0011 0.4499 0.2504 
         001  4 0.0001 0.0001 0.0001 0.9997 0.0001 
         002  4 0.0001 0.0002 0.0002 0.9993 0.0002 
         003  4 0.0001 0.0001 0.0001 0.9997 0.0001 
         004  4 0.0001 0.0001 0.0001 0.9996 0.0002 
         005  4 0.0001 0.0001 0.0002 0.9994 0.0002 
         006  4 0.0003 0.0004 0.0002 0.9298 0.0694 
         007  4 0.0008 0.0021 0.0002 0.9451 0.0518 
         008  4 0.0035 0.0007 0.0021 0.9934 0.0003 
         009  4 0.0001 0.0001 0.0001 0.9996 0.0001 
         010  4 0.0001 0.0001 0.0001 0.9978 0.0020 
         011  4 0.0338 0.0007 0.0004 0.9509 0.0142 
         012  4 0.0001 0.0001 0.0001 0.9997 0.0000 
         013  4 0.0001 0.0001 0.0001 0.9998 0.0001 
         014  4 0.0001 0.0001 0.0001 0.9996 0.0001 
         015  4 0.0000 0.0001 0.0000 0.9998 0.0001 
         016  4 0.0001 0.0001 0.0001 0.9997 0.0001 
         017  4 0.0001 0.0001 0.0001 0.9996 0.0001 
         019  4 0.0007 0.0002 0.0003 0.9174 0.0813 
         020  4 0.0002 0.0001 0.0002 0.9994 0.0001 
         021  4 0.0003 0.0004 0.0003 0.9927 0.0062 
         001  5 0.0330 0.0005 0.0011 0.9652 0.0003 
         002  5 0.0037 0.0324 0.0015 0.9618 0.0006 
         003  5 0.0033 0.1653 0.0002 0.7590 0.0722 
         004  5 0.0055 0.0521 0.0002 0.9418 0.0003 
         005  5 0.0005 0.0003 0.0001 0.9983 0.0008 
         006  5 0.0001 0.0003 0.0003 0.9005 0.0987 
         007  5 0.0003 0.0003 0.0003 0.9138 0.0853 
         008  5 0.0001 0.0001 0.0002 0.9971 0.0025 
         009  5 0.0008 0.0650 0.0002 0.9323 0.0018 
         010  5 0.0015 0.0011 0.0005 0.9312 0.0657 
         011  5 0.0023 0.0013 0.0002 0.9959 0.0004 
         012  5 0.0026 0.0442 0.0006 0.8745 0.0780 
         013  5 0.0006 0.1969 0.0006 0.7555 0.0465 
         014  5 0.0078 0.1785 0.0129 0.7074 0.0934 
         015  5 0.0002 0.0001 0.0001 0.9760 0.0235 
         016  5 0.0002 0.0015 0.0005 0.9417 0.0561 
         017  5 0.0003 0.0349 0.0020 0.8840 0.0788 
         018  5 0.0282 0.0293 0.0271 0.8813 0.0341 
         019  5 0.0010 0.0004 0.0045 0.9940 0.0001 
         020  5 0.0001 0.0001 0.0001 0.9996 0.0001 
         021  5 0.0037 0.1317 0.0004 0.8640 0.0002 
         022  5 0.0445 0.0208 0.0008 0.9304 0.0036 
         023  5 0.0020 0.0015 0.0003 0.9691 0.0271 
         024  5 0.0007 0.0397 0.0003 0.8952 0.0641 
         025  5 0.0005 0.0276 0.0009 0.8994 0.0716 
         026  5 0.0003 0.1443 0.0004 0.8451 0.0100 
         027  5 0.0001 0.0002 0.0001 0.9994 0.0003 
         028  5 0.0102 0.0105 0.0006 0.9305 0.0483 
         029  5 0.0002 0.0003 0.0002 0.9981 0.0012 
         030  5 0.0017 0.0006 0.0034 0.9937 0.0005 
        001s  6 0.0162 0.9568 0.0009 0.0012 0.0249 
        002s  6 0.0009 0.9398 0.0197 0.0389 0.0006 
        003s  6 0.0023 0.9823 0.0005 0.0146 0.0004 
        004s  6 0.0004 0.9983 0.0005 0.0004 0.0004 
        006s  6 0.0102 0.9136 0.0011 0.0569 0.0182 
        007s  6 0.0004 0.9963 0.0009 0.0005 0.0019 
        008s  6 0.0049 0.9893 0.0029 0.0023 0.0005 
        009s  6 0.0007 0.9977 0.0008 0.0002 0.0005 
        010s  6 0.0139 0.9594 0.0098 0.0097 0.0072 
        011s  6 0.0015 0.9954 0.0003 0.0005 0.0024 
        012s  6 0.0014 0.9914 0.0022 0.0006 0.0045 
        013s  6 0.0003 0.9977 0.0005 0.0011 0.0005 
        014s  6 0.0003 0.9145 0.0001 0.0848 0.0003 
        015s  6 0.0055 0.9784 0.0010 0.0082 0.0068 
        016s  6 0.0010 0.9974 0.0004 0.0003 0.0009 
        018s  6 0.0016 0.7299 0.0004 0.2671 0.0010 
        019s  6 0.0020 0.9879 0.0008 0.0075 0.0017 
        020s  6 0.0004 0.9978 0.0009 0.0002 0.0007 
        021s  6 0.0034 0.9791 0.0012 0.0013 0.0150 
        022s  6 0.0034 0.9949 0.0004 0.0010 0.0003 
        023s  6 0.0008 0.9710 0.0003 0.0275 0.0003 
        024s  6 0.0009 0.9635 0.0018 0.0316 0.0022 
        025s  6 0.0698 0.9271 0.0006 0.0019 0.0007 
        026s  6 0.0003 0.9971 0.0016 0.0006 0.0004 
        027s  6 0.0003 0.9973 0.0012 0.0008 0.0004 
        028s  6 0.0111 0.9185 0.0475 0.0131 0.0097 
        029s  6 0.0010 0.9967 0.0017 0.0003 0.0003 
        030s  6 0.0118 0.9117 0.0015 0.0742 0.0008 
        031s  6 0.0004 0.9951 0.0003 0.0011 0.0031 
        032s  6 0.0007 0.9906 0.0003 0.0066 0.0017 
        033s  6 0.0004 0.9046 0.0004 0.0943 0.0003 
        034s  6 0.0125 0.9834 0.0004 0.0015 0.0023 
        035s  6 0.0008 0.8488 0.0012 0.1487 0.0005 
        036s  6 0.0013 0.9914 0.0002 0.0008 0.0064 
        037s  6 0.0016 0.9944 0.0023 0.0011 0.0006 
        038s  6 0.0009 0.9960 0.0013 0.0003 0.0016 
        039s  6 0.0006 0.9982 0.0006 0.0003 0.0003 
        040s  6 0.0004 0.9963 0.0004 0.0003 0.0025 
        041s  6 0.0024 0.9463 0.0018 0.0493 0.0002 
        042s  6 0.0570 0.9345 0.0025 0.0055 0.0005 
        043s  6 0.0056 0.9925 0.0002 0.0006 0.0010 
        044s  6 0.0007 0.9951 0.0030 0.0008 0.0004 
        045s  6 0.0025 0.9937 0.0009 0.0024 0.0006 
        001s  7 0.0011 0.9962 0.0004 0.0020 0.0004 
        002s  7 0.0013 0.9750 0.0009 0.0217 0.0010 
        003s  7 0.0008 0.9953 0.0008 0.0012 0.0019 
        004s  7 0.0006 0.9945 0.0009 0.0009 0.0031 
        005s  7 0.0022 0.9831 0.0005 0.0124 0.0018 
        006s  7 0.0030 0.9372 0.0003 0.0588 0.0006 
        007s  7 0.0013 0.9707 0.0169 0.0057 0.0053 
        008s  7 0.0008 0.9736 0.0019 0.0234 0.0004 
        009s  7 0.0094 0.9859 0.0007 0.0022 0.0018 
        010s  7 0.0014 0.9964 0.0007 0.0014 0.0002 
        011s  7 0.0008 0.9975 0.0008 0.0004 0.0005 
        012s  7 0.0005 0.9981 0.0005 0.0004 0.0005 
        013s  7 0.0044 0.9870 0.0006 0.0004 0.0076 
        014s  7 0.0003 0.9578 0.0007 0.0408 0.0004 
        015s  7 0.0011 0.9840 0.0009 0.0128 0.0012 
        016s  7 0.0017 0.8797 0.0004 0.1180 0.0002 
        017s  7 0.0006 0.9972 0.0004 0.0011 0.0007 
        018s  7 0.0005 0.9927 0.0040 0.0023 0.0005 
        019s  7 0.0098 0.9831 0.0045 0.0011 0.0015 
        020s  7 0.0004 0.9978 0.0002 0.0004 0.0012 
        021s  7 0.0009 0.9963 0.0010 0.0015 0.0003 
        022s  7 0.0008 0.9943 0.0002 0.0021 0.0026 
        023s  7 0.0214 0.9704 0.0010 0.0058 0.0014 
        024s  7 0.0007 0.9961 0.0017 0.0009 0.0006 
        025s  7 0.0008 0.9929 0.0011 0.0009 0.0043 
        026s  7 0.0010 0.9958 0.0011 0.0019 0.0002 
        027s  7 0.0005 0.9966 0.0012 0.0012 0.0006 
        028s  7 0.0004 0.9946 0.0002 0.0040 0.0007 
        029s  7 0.0022 0.9888 0.0007 0.0075 0.0007 
        030s  7 0.0032 0.9907 0.0053 0.0003 0.0005 
        031s  7 0.0134 0.9839 0.0003 0.0014 0.0009 
        032s  7 0.0005 0.8949 0.0038 0.1004 0.0003 
        033s  7 0.0017 0.9547 0.0036 0.0391 0.0010 
        034s  7 0.0004 0.9547 0.0018 0.0007 0.0424 
        035s  7 0.0009 0.9981 0.0004 0.0003 0.0003 
        036s  7 0.0092 0.9857 0.0005 0.0005 0.0042 
        037s  7 0.0021 0.9261 0.0007 0.0653 0.0057 
        038s  7 0.0014 0.9839 0.0009 0.0133 0.0005 
        039s  7 0.0002 0.9987 0.0004 0.0004 0.0003 
        040s  7 0.0006 0.9578 0.0003 0.0122 0.0291 
        041s  7 0.0017 0.9658 0.0018 0.0301 0.0006 
        042s  7 0.0003 0.9923 0.0002 0.0067 0.0005 
        043s  7 0.0022 0.9963 0.0004 0.0010 0.0002 
        044s  7 0.0188 0.9102 0.0010 0.0559 0.0141 
         003  8 0.0009 0.9814 0.0110 0.0053 0.0015 
         009  8 0.0010 0.9968 0.0005 0.0011 0.0005 
         010  8 0.0014 0.9977 0.0003 0.0004 0.0002 
         017  8 0.0034 0.9943 0.0012 0.0005 0.0006 
         002  9 0.0011 0.9970 0.0007 0.0004 0.0009 
         003  9 0.0004 0.9988 0.0003 0.0002 0.0003 
         004  9 0.0009 0.9982 0.0004 0.0004 0.0002 
         005  9 0.0047 0.9930 0.0011 0.0003 0.0010 
         006  9 0.0011 0.9968 0.0006 0.0007 0.0008 
         007  9 0.0012 0.9951 0.0009 0.0025 0.0003 
         009  9 0.0013 0.9960 0.0012 0.0013 0.0003 
         010  9 0.0014 0.9962 0.0018 0.0003 0.0004 
         013  9 0.0014 0.9968 0.0003 0.0007 0.0008 
         014  9 0.0017 0.9932 0.0046 0.0003 0.0002 
         016  9 0.0006 0.9980 0.0009 0.0002 0.0002 
         018  9 0.0015 0.9921 0.0050 0.0005 0.0009 
         019  9 0.0004 0.9929 0.0052 0.0008 0.0007 
         020  9 0.0003 0.9986 0.0004 0.0004 0.0003 
         021  9 0.0006 0.9985 0.0002 0.0005 0.0002 
         022  9 0.0005 0.9977 0.0011 0.0003 0.0005 
         024  9 0.0036 0.9938 0.0018 0.0004 0.0003 
         028  9 0.0013 0.9971 0.0006 0.0005 0.0005 
         029  9 0.0005 0.9979 0.0011 0.0002 0.0004 
         030  9 0.0009 0.9977 0.0009 0.0002 0.0003 
         031  9 0.0003 0.9968 0.0012 0.0013 0.0004 
         033  9 0.0009 0.9928 0.0006 0.0054 0.0003 
         001 10 0.0003 0.9978 0.0010 0.0005 0.0004 
         002 10 0.0007 0.9975 0.0013 0.0003 0.0002 
         003 10 0.0154 0.9831 0.0004 0.0002 0.0008 
         004 10 0.0024 0.9967 0.0005 0.0003 0.0002 
         005 10 0.0009 0.9971 0.0014 0.0003 0.0003 
         006 10 0.0006 0.9975 0.0005 0.0010 0.0003 
         007 10 0.0018 0.9968 0.0004 0.0007 0.0003 
         008 10 0.0043 0.9939 0.0006 0.0006 0.0005 
         009 10 0.0004 0.9938 0.0044 0.0003 0.0011 
         010 10 0.0008 0.9960 0.0024 0.0005 0.0003 
         011 10 0.0384 0.9597 0.0002 0.0005 0.0011 
         012 10 0.0029 0.9954 0.0004 0.0004 0.0008 
         013 10 0.0006 0.9964 0.0008 0.0003 0.0020 
         014 10 0.0008 0.9975 0.0006 0.0005 0.0007 
         016 10 0.0007 0.9966 0.0013 0.0004 0.0010 
         017 10 0.0007 0.9972 0.0010 0.0005 0.0007 
         018 10 0.0006 0.9900 0.0029 0.0061 0.0004 
         019 10 0.0009 0.9929 0.0054 0.0003 0.0004 
         020 10 0.0017 0.9896 0.0068 0.0011 0.0008 
         021 10 0.0003 0.9959 0.0026 0.0009 0.0002 
         022 10 0.0009 0.9982 0.0002 0.0003 0.0005 
         023 10 0.0007 0.9977 0.0004 0.0003 0.0009 
         024 10 0.0024 0.9957 0.0015 0.0003 0.0002 
         026 10 0.0006 0.9980 0.0007 0.0004 0.0003 
        001s 11 0.0109 0.8968 0.0006 0.0909 0.0008 
        002s 11 0.0011 0.9872 0.0039 0.0005 0.0074 
        003s 11 0.0005 0.9925 0.0010 0.0056 0.0005 
        004s 11 0.0012 0.9969 0.0003 0.0003 0.0014 
        005s 11 0.0003 0.9934 0.0047 0.0012 0.0004 
        006s 11 0.0021 0.9870 0.0017 0.0010 0.0082 
        007s 11 0.0013 0.9532 0.0019 0.0082 0.0355 
        008s 11 0.0004 0.9982 0.0006 0.0005 0.0003 
        009s 11 0.0004 0.9851 0.0137 0.0005 0.0003 
        010s 11 0.0010 0.9969 0.0005 0.0013 0.0004 
        011s 11 0.0126 0.8770 0.0002 0.1078 0.0024 
        012s 11 0.0005 0.8882 0.0007 0.1103 0.0004 
        013s 11 0.0010 0.9976 0.0002 0.0008 0.0004 
        014s 11 0.0008 0.9882 0.0013 0.0042 0.0056 
        015s 11 0.0041 0.9909 0.0018 0.0016 0.0017 
        016s 11 0.0568 0.8959 0.0060 0.0410 0.0003 
        017s 11 0.0011 0.9075 0.0006 0.0904 0.0004 
        018s 11 0.0007 0.9922 0.0014 0.0047 0.0010 
        019s 11 0.0219 0.9767 0.0003 0.0005 0.0007 
        020s 11 0.0016 0.9950 0.0015 0.0011 0.0009 
        021s 11 0.0012 0.9977 0.0003 0.0004 0.0004 
        022s 11 0.0006 0.9654 0.0006 0.0014 0.0320 
        023s 11 0.0169 0.9312 0.0002 0.0515 0.0002 
        025s 11 0.0008 0.9982 0.0002 0.0003 0.0005 
        026s 11 0.0528 0.9232 0.0008 0.0222 0.0010 
        027s 11 0.0006 0.9956 0.0004 0.0009 0.0025 
        028s 11 0.0010 0.9918 0.0002 0.0063 0.0007 
        029s 11 0.0004 0.9476 0.0008 0.0509 0.0003 
        030s 11 0.0009 0.9501 0.0008 0.0473 0.0009 
        031s 11 0.0003 0.9982 0.0005 0.0002 0.0007 
        032s 11 0.0024 0.9959 0.0005 0.0010 0.0002 
        033s 11 0.0008 0.9925 0.0018 0.0042 0.0007 
        034s 11 0.0005 0.9968 0.0003 0.0010 0.0015 
        035s 11 0.0003 0.9949 0.0012 0.0024 0.0013 
        036s 11 0.0003 0.9817 0.0013 0.0153 0.0014 
        037s 11 0.0014 0.9954 0.0010 0.0020 0.0002 
        038s 11 0.0006 0.9960 0.0006 0.0023 0.0005 
        039s 11 0.0008 0.9972 0.0004 0.0013 0.0003 
        040s 11 0.0005 0.9259 0.0006 0.0708 0.0021 
        041s 11 0.0026 0.9753 0.0205 0.0008 0.0007 
        042s 11 0.0081 0.9898 0.0006 0.0008 0.0007 
        043s 11 0.0178 0.9451 0.0004 0.0362 0.0005 
        044s 11 0.0050 0.9887 0.0008 0.0004 0.0050 
        045s 11 0.0087 0.9881 0.0003 0.0003 0.0026 
        046s 11 0.0285 0.9457 0.0005 0.0234 0.0019 
        047s 11 0.0014 0.9963 0.0004 0.0007 0.0011 
        048s 11 0.0323 0.9585 0.0021 0.0053 0.0017 
        049s 11 0.0009 0.9967 0.0010 0.0010 0.0004 
        050s 11 0.0014 0.9968 0.0003 0.0003 0.0013 
        051s 11 0.0544 0.9288 0.0006 0.0006 0.0156 
        052s 11 0.0021 0.9926 0.0009 0.0020 0.0023 
        053s 11 0.0008 0.9972 0.0012 0.0004 0.0003 
        054s 11 0.0005 0.9924 0.0004 0.0006 0.0060 
        055s 11 0.0002 0.9289 0.0003 0.0699 0.0007 
        001s 12 0.0010 0.9933 0.0009 0.0014 0.0034 
        002s 12 0.0008 0.9960 0.0019 0.0009 0.0004 
        003s 12 0.0003 0.9982 0.0006 0.0004 0.0006 
        004s 12 0.0082 0.9379 0.0019 0.0516 0.0003 
        005s 12 0.0007 0.9978 0.0007 0.0003 0.0005 
        006s 12 0.0018 0.9621 0.0007 0.0328 0.0027 
        007s 12 0.0015 0.9931 0.0033 0.0011 0.0010 
        008s 12 0.0006 0.9898 0.0006 0.0079 0.0012 
        009s 12 0.0028 0.9554 0.0203 0.0202 0.0013 
        010s 12 0.0004 0.9603 0.0009 0.0048 0.0336 
        011s 12 0.0007 0.9948 0.0011 0.0012 0.0021 
        012s 12 0.0037 0.9900 0.0003 0.0009 0.0050 
        013s 12 0.0384 0.9599 0.0006 0.0008 0.0003 
        014s 12 0.0425 0.9115 0.0043 0.0020 0.0397 
        015s 12 0.0009 0.9930 0.0020 0.0035 0.0006 
        016s 12 0.0045 0.9940 0.0004 0.0005 0.0005 
        017s 12 0.0008 0.9956 0.0003 0.0025 0.0009 
        018s 12 0.0017 0.9945 0.0020 0.0016 0.0003 
        019s 12 0.0004 0.9922 0.0030 0.0041 0.0004 
        020s 12 0.0006 0.9162 0.0002 0.0825 0.0004 
        021s 12 0.0014 0.9949 0.0004 0.0028 0.0005 
        022s 12 0.0037 0.9475 0.0038 0.0441 0.0009 
        023s 12 0.0010 0.9972 0.0010 0.0004 0.0004 
        024s 12 0.0006 0.9981 0.0003 0.0007 0.0002 
        025s 12 0.0013 0.9898 0.0042 0.0027 0.0021 
        026s 12 0.0007 0.9528 0.0173 0.0286 0.0006 
        027s 12 0.0003 0.9965 0.0003 0.0022 0.0007 
        028s 12 0.0027 0.9868 0.0082 0.0020 0.0003 
        029s 12 0.0008 0.9980 0.0003 0.0005 0.0004 
        030s 12 0.0005 0.9975 0.0005 0.0006 0.0010 
        031s 12 0.0021 0.9932 0.0010 0.0027 0.0011 
        032s 12 0.0006 0.9937 0.0048 0.0004 0.0004 
        033s 12 0.0004 0.9923 0.0005 0.0010 0.0058 
        034s 12 0.0003 0.9984 0.0005 0.0004 0.0004 
        035s 12 0.0004 0.9856 0.0004 0.0129 0.0008 
        036s 12 0.0010 0.9851 0.0027 0.0034 0.0079 
        037s 12 0.0008 0.9968 0.0011 0.0011 0.0002 
        001s 13 0.0018 0.9905 0.0007 0.0066 0.0004 
        002s 13 0.0007 0.9083 0.0002 0.0904 0.0003 
        003s 13 0.0012 0.9971 0.0007 0.0006 0.0004 
        004s 13 0.0026 0.9871 0.0091 0.0007 0.0004 
        005s 13 0.0015 0.9883 0.0025 0.0021 0.0056 
        006s 13 0.0005 0.9962 0.0012 0.0007 0.0014 
        007s 13 0.0007 0.9669 0.0007 0.0006 0.0311 
        008s 13 0.0006 0.9368 0.0014 0.0594 0.0018 
        009s 13 0.0007 0.8611 0.0069 0.1291 0.0022 
        010s 13 0.0008 0.9274 0.0013 0.0701 0.0005 
        011s 13 0.0021 0.9624 0.0070 0.0070 0.0215 
        012s 13 0.0125 0.9286 0.0041 0.0530 0.0018 
        013s 13 0.0057 0.9605 0.0006 0.0212 0.0119 
        014s 13 0.0025 0.9608 0.0010 0.0011 0.0347 
        015s 13 0.0084 0.9766 0.0093 0.0050 0.0007 
        016s 13 0.0007 0.9981 0.0005 0.0003 0.0004 
        017s 13 0.0004 0.9701 0.0032 0.0153 0.0110 
        018s 13 0.0008 0.9978 0.0006 0.0003 0.0003 
        019s 13 0.0009 0.9970 0.0004 0.0004 0.0014 
        020s 13 0.0004 0.9929 0.0015 0.0016 0.0036 
        021s 13 0.0012 0.9970 0.0007 0.0008 0.0003 
        022s 13 0.0007 0.9972 0.0003 0.0014 0.0004 
        023s 13 0.0004 0.9974 0.0006 0.0012 0.0004 
        024s 13 0.0358 0.9427 0.0006 0.0177 0.0033 
        025s 13 0.0020 0.9962 0.0007 0.0008 0.0004 
        026s 13 0.0035 0.8983 0.0004 0.0915 0.0063 
        027s 13 0.0018 0.9474 0.0040 0.0453 0.0015 
        028s 13 0.0023 0.9683 0.0086 0.0100 0.0108 
        029s 13 0.0009 0.9802 0.0006 0.0175 0.0008 
        030s 13 0.0222 0.9040 0.0005 0.0730 0.0003 
        031s 13 0.1014 0.8937 0.0010 0.0028 0.0011 
        032s 13 0.0004 0.9966 0.0005 0.0005 0.0021 
        033s 13 0.0008 0.9582 0.0006 0.0036 0.0368 
        034s 13 0.0008 0.9446 0.0018 0.0501 0.0026 
        035s 13 0.0038 0.9942 0.0010 0.0004 0.0005 
        036s 13 0.0003 0.9964 0.0007 0.0023 0.0003 
        037s 13 0.0014 0.9969 0.0010 0.0003 0.0004 
        038s 13 0.0007 0.9962 0.0008 0.0010 0.0012 
        039s 13 0.0746 0.8232 0.0011 0.1002 0.0009 
        040s 13 0.0012 0.9966 0.0005 0.0010 0.0008 
        041s 13 0.0017 0.9348 0.0003 0.0601 0.0030 
        042s 13 0.0008 0.9973 0.0007 0.0004 0.0008 
        001s 14 0.0008 0.9630 0.0018 0.0338 0.0006 
        002s 14 0.0014 0.9302 0.0028 0.0635 0.0021 
        003s 14 0.0005 0.9979 0.0004 0.0007 0.0005 
        004s 14 0.0028 0.9815 0.0006 0.0089 0.0060 
        005s 14 0.0006 0.9984 0.0006 0.0002 0.0002 
        006s 14 0.0002 0.9987 0.0003 0.0004 0.0004 
        007s 14 0.0013 0.9969 0.0004 0.0006 0.0007 
        008s 14 0.0008 0.8794 0.0179 0.0999 0.0020 
        009s 14 0.0008 0.9900 0.0068 0.0018 0.0006 
        010s 14 0.0012 0.9287 0.0128 0.0568 0.0005 
        011s 14 0.0010 0.9634 0.0004 0.0053 0.0298 
        012s 14 0.0012 0.9949 0.0017 0.0006 0.0016 
        013s 14 0.0045 0.9915 0.0006 0.0007 0.0027 
        014s 14 0.0006 0.9537 0.0064 0.0387 0.0006 
        015s 14 0.0023 0.9870 0.0094 0.0008 0.0006 
        016s 14 0.0118 0.9864 0.0005 0.0012 0.0002 
        017s 14 0.0005 0.9303 0.0005 0.0532 0.0154 
        018s 14 0.0012 0.9969 0.0008 0.0007 0.0004 
        019s 14 0.0006 0.9966 0.0004 0.0009 0.0015 
        020s 14 0.0009 0.9894 0.0086 0.0009 0.0002 
        021s 14 0.0004 0.9853 0.0081 0.0059 0.0003 
        022s 14 0.0011 0.9900 0.0018 0.0046 0.0024 
        023s 14 0.0024 0.9909 0.0024 0.0037 0.0006 
        024s 14 0.0007 0.9377 0.0029 0.0573 0.0014 
        025s 14 0.0003 0.9375 0.0003 0.0617 0.0002 
        026s 14 0.0008 0.9970 0.0014 0.0006 0.0002 
        027s 14 0.0033 0.9940 0.0005 0.0017 0.0006 
        028s 14 0.0005 0.9952 0.0018 0.0005 0.0020 
        029s 14 0.0010 0.9981 0.0004 0.0003 0.0002 
        030s 14 0.0005 0.9883 0.0005 0.0006 0.0102 
        031s 14 0.0011 0.9846 0.0004 0.0005 0.0134 
        032s 14 0.0019 0.9962 0.0003 0.0010 0.0007 
        033s 14 0.0005 0.9462 0.0006 0.0007 0.0519 
        034s 14 0.0007 0.9981 0.0005 0.0003 0.0003 
        035s 14 0.0006 0.8374 0.0003 0.0795 0.0821 
        036s 14 0.0036 0.8850 0.0011 0.0749 0.0354 
        037s 14 0.0030 0.9948 0.0007 0.0011 0.0003 
        038s 14 0.0005 0.9976 0.0004 0.0007 0.0008 
        039s 14 0.0044 0.9886 0.0030 0.0027 0.0014 
        040s 14 0.0007 0.9842 0.0004 0.0143 0.0005 
        041s 14 0.0006 0.9972 0.0005 0.0006 0.0011 
        042s 14 0.0009 0.9212 0.0010 0.0765 0.0003 
        001s 15 0.0010 0.9966 0.0009 0.0011 0.0004 
        002s 15 0.0078 0.8859 0.0080 0.0960 0.0024 
        003s 15 0.0054 0.9826 0.0011 0.0104 0.0006 
        004s 15 0.0002 0.9909 0.0078 0.0006 0.0004 
        005s 15 0.0053 0.9787 0.0009 0.0130 0.0021 
        006s 15 0.0013 0.9865 0.0006 0.0104 0.0012 
        007s 15 0.0003 0.9980 0.0011 0.0003 0.0004 
        008s 15 0.0005 0.9981 0.0006 0.0005 0.0004 
        009s 15 0.0399 0.9271 0.0004 0.0298 0.0028 
        010s 15 0.0009 0.9977 0.0003 0.0008 0.0004 
        011s 15 0.0012 0.9368 0.0004 0.0006 0.0610 
        012s 15 0.0020 0.9928 0.0009 0.0030 0.0012 
        013s 15 0.0013 0.9942 0.0032 0.0009 0.0003 
        014s 15 0.0052 0.9892 0.0035 0.0015 0.0007 
        015s 15 0.0053 0.9118 0.0007 0.0777 0.0046 
        016s 15 0.0004 0.8939 0.0354 0.0058 0.0645 
        017s 15 0.0019 0.9796 0.0170 0.0011 0.0005 
        018s 15 0.0004 0.9950 0.0020 0.0024 0.0002 
        019s 15 0.0040 0.9888 0.0006 0.0061 0.0004 
        020s 15 0.0005 0.9979 0.0004 0.0008 0.0005 
        021s 15 0.0032 0.9148 0.0022 0.0793 0.0006 
        022s 15 0.0006 0.9963 0.0006 0.0008 0.0018 
        023s 15 0.0005 0.9700 0.0007 0.0269 0.0020 
        024s 15 0.0007 0.9960 0.0005 0.0014 0.0014 
        025s 15 0.0262 0.9649 0.0017 0.0058 0.0014 
        026s 15 0.0230 0.9719 0.0034 0.0009 0.0008 
        027s 15 0.0008 0.9764 0.0121 0.0026 0.0080 
        028s 15 0.0012 0.9948 0.0025 0.0003 0.0012 
        029s 15 0.0010 0.9962 0.0014 0.0005 0.0009 
        030s 15 0.0004 0.9977 0.0014 0.0003 0.0003 
        031s 15 0.0079 0.9255 0.0016 0.0639 0.0012 
        032s 15 0.0016 0.9968 0.0009 0.0005 0.0002 
        033s 15 0.0003 0.9340 0.0010 0.0638 0.0009 
        035s 15 0.0006 0.9937 0.0022 0.0011 0.0024 
        036s 15 0.0040 0.9939 0.0004 0.0006 0.0012 
        037s 15 0.0008 0.9901 0.0005 0.0006 0.0080 
        038s 15 0.0003 0.9953 0.0007 0.0028 0.0009 
        039s 15 0.0003 0.9197 0.0003 0.0794 0.0002 
        040s 15 0.0007 0.9923 0.0026 0.0027 0.0017 
        041s 15 0.0022 0.9217 0.0005 0.0715 0.0041 
        042s 15 0.0008 0.9924 0.0024 0.0041 0.0003 
        043s 15 0.0014 0.9864 0.0003 0.0103 0.0015 
        044s 15 0.0006 0.9933 0.0011 0.0043 0.0007 
        045s 15 0.0782 0.8878 0.0018 0.0032 0.0289 
        046s 15 0.0006 0.9789 0.0004 0.0148 0.0053 
        047s 15 0.0005 0.9702 0.0004 0.0271 0.0017 
        048s 15 0.0162 0.9817 0.0011 0.0005 0.0005 
        049s 15 0.0005 0.9850 0.0004 0.0128 0.0013 
        050s 15 0.0029 0.8501 0.0118 0.1345 0.0006 
         001 16 0.0004 0.8137 0.0020 0.1694 0.0145 
         002 16 0.0004 0.9542 0.0003 0.0444 0.0008 
         003 16 0.0014 0.9874 0.0030 0.0028 0.0054 
         004 16 0.0012 0.9967 0.0006 0.0007 0.0008 
         005 16 0.0281 0.9174 0.0023 0.0493 0.0030 
         006 16 0.0133 0.9744 0.0009 0.0099 0.0015 
         007 16 0.0013 0.9936 0.0007 0.0038 0.0006 
         008 16 0.0003 0.8501 0.0006 0.1445 0.0045 
         009 16 0.0005 0.9960 0.0010 0.0022 0.0003 
         010 16 0.0008 0.9672 0.0006 0.0309 0.0004 
         011 16 0.0016 0.9902 0.0005 0.0065 0.0011 
         012 16 0.0010 0.9961 0.0008 0.0005 0.0016 
         013 16 0.0006 0.9978 0.0005 0.0003 0.0007 
         014 16 0.0003 0.9608 0.0011 0.0370 0.0008 
         015 16 0.3697 0.6278 0.0007 0.0003 0.0015 
         016 16 0.0136 0.9803 0.0045 0.0014 0.0003 
         017 16 0.0015 0.9867 0.0005 0.0055 0.0059 
         018 16 0.0279 0.9252 0.0067 0.0386 0.0016 
         019 16 0.0004 0.9296 0.0011 0.0636 0.0053 
         020 16 0.0005 0.9975 0.0008 0.0002 0.0009 
         021 16 0.0006 0.8687 0.0031 0.0956 0.0321 
         022 16 0.0026 0.9653 0.0009 0.0310 0.0003 
         023 16 0.0082 0.9596 0.0005 0.0311 0.0006 
         024 16 0.0286 0.9645 0.0009 0.0056 0.0003 
         025 16 0.0017 0.9357 0.0009 0.0477 0.0140 
         026 16 0.0041 0.8874 0.0003 0.1072 0.0011 
         027 16 0.0016 0.9767 0.0097 0.0115 0.0005 
         028 16 0.0003 0.8099 0.0181 0.1470 0.0247 
         029 16 0.0006 0.9644 0.0012 0.0025 0.0313 
         030 16 0.0004 0.9938 0.0004 0.0007 0.0047 
         031 16 0.0005 0.9859 0.0120 0.0008 0.0008 
         032 16 0.0049 0.9051 0.0010 0.0881 0.0009 
         033 16 0.0002 0.9981 0.0004 0.0005 0.0008 
         034 16 0.0015 0.9915 0.0003 0.0037 0.0030 
         035 16 0.0002 0.9981 0.0006 0.0002 0.0008 
         036 16 0.0018 0.9956 0.0016 0.0005 0.0005 
         037 16 0.0037 0.9590 0.0009 0.0229 0.0135 
         038 16 0.0064 0.9895 0.0012 0.0021 0.0007 
         039 16 0.0004 0.9965 0.0011 0.0017 0.0003 
         040 16 0.0013 0.9960 0.0004 0.0008 0.0015 
         041 16 0.0010 0.9972 0.0003 0.0007 0.0007 
         042 16 0.0006 0.9958 0.0018 0.0011 0.0006 
         043 16 0.0008 0.9970 0.0009 0.0009 0.0004 
         044 16 0.0009 0.9904 0.0014 0.0065 0.0008 
         045 16 0.0002 0.9894 0.0023 0.0019 0.0062 
         047 16 0.0012 0.9541 0.0061 0.0016 0.0371 
         048 16 0.0006 0.9935 0.0006 0.0015 0.0038 
         049 16 0.0043 0.9919 0.0005 0.0004 0.0028 
         050 16 0.0003 0.9984 0.0004 0.0004 0.0006 
         051 16 0.0005 0.9958 0.0017 0.0008 0.0011 
         052 16 0.0007 0.9984 0.0004 0.0002 0.0004 
         053 16 0.0004 0.9978 0.0008 0.0004 0.0006 
         054 16 0.0005 0.9302 0.0010 0.0676 0.0006 
         055 16 0.0003 0.9380 0.0005 0.0058 0.0554 
         056 16 0.0061 0.9916 0.0005 0.0015 0.0003 
         057 16 0.0002 0.9072 0.0004 0.0920 0.0003 
         058 16 0.0101 0.8904 0.0002 0.0929 0.0064 
         059 16 0.0859 0.8136 0.0021 0.0864 0.0119 
         060 16 0.0091 0.9858 0.0013 0.0030 0.0008 
         061 16 0.0011 0.9960 0.0005 0.0015 0.0009 
         062 16 0.0004 0.9908 0.0012 0.0008 0.0069 
         063 16 0.0006 0.9956 0.0006 0.0028 0.0005 
         064 16 0.0019 0.9969 0.0005 0.0003 0.0004 
         065 16 0.0028 0.9922 0.0015 0.0014 0.0021 
         066 16 0.0005 0.9975 0.0012 0.0004 0.0004 
         067 16 0.0766 0.9180 0.0013 0.0008 0.0033 
         068 16 0.0293 0.9643 0.0008 0.0043 0.0014 
         069 16 0.0004 0.9929 0.0054 0.0007 0.0007 
         070 16 0.0006 0.9922 0.0023 0.0044 0.0006 
         071 16 0.0003 0.9127 0.0006 0.0764 0.0101 
         072 16 0.0010 0.9911 0.0007 0.0065 0.0007 
         073 16 0.0003 0.9953 0.0006 0.0009 0.0029 
         074 16 0.0002 0.9981 0.0005 0.0005 0.0007 
         075 16 0.0008 0.9694 0.0006 0.0251 0.0042 
         076 16 0.0004 0.9975 0.0005 0.0008 0.0007 
         077 16 0.0592 0.8912 0.0235 0.0215 0.0047 
         078 16 0.0022 0.9636 0.0006 0.0330 0.0005 
         079 16 0.0011 0.9040 0.0024 0.0889 0.0035 
         080 16 0.0012 0.9933 0.0004 0.0048 0.0003 
         081 16 0.0004 0.9573 0.0010 0.0076 0.0337 
         082 16 0.0004 0.9756 0.0005 0.0128 0.0107 
         083 16 0.0017 0.9964 0.0006 0.0005 0.0008 
         084 16 0.0011 0.9929 0.0029 0.0014 0.0017 
         085 16 0.0085 0.9883 0.0018 0.0009 0.0005 
         086 16 0.0007 0.8852 0.0008 0.1082 0.0050 
         087 16 0.0003 0.9824 0.0011 0.0139 0.0023 
         088 16 0.0021 0.9964 0.0005 0.0007 0.0003 
         089 16 0.0008 0.9902 0.0008 0.0010 0.0072 
         090 16 0.0006 0.9907 0.0015 0.0065 0.0007 
         091 16 0.0007 0.9963 0.0007 0.0009 0.0014 
         092 16 0.0011 0.9561 0.0005 0.0415 0.0009 
         093 16 0.0004 0.9963 0.0019 0.0010 0.0004 
         094 16 0.0406 0.9474 0.0046 0.0066 0.0008 
         095 16 0.0005 0.9977 0.0010 0.0006 0.0002 
         096 16 0.0040 0.9710 0.0006 0.0013 0.0232 
         097 16 0.0073 0.8987 0.0021 0.0035 0.0883 
         098 16 0.0034 0.9891 0.0062 0.0010 0.0004 
         099 16 0.0068 0.9915 0.0010 0.0004 0.0004 
         100 16 0.0014 0.9966 0.0007 0.0009 0.0003 
         101 16 0.0033 0.9566 0.0005 0.0392 0.0005 
         102 16 0.0013 0.9955 0.0005 0.0013 0.0014 
         103 16 0.0019 0.9910 0.0033 0.0014 0.0024 
         104 16 0.0036 0.9930 0.0004 0.0025 0.0006 
         105 16 0.0037 0.8894 0.0043 0.0799 0.0228 
         106 16 0.0020 0.9950 0.0004 0.0022 0.0004 
         107 16 0.0061 0.9376 0.0453 0.0106 0.0004 
         108 16 0.1648 0.6461 0.0676 0.1205 0.0010 
         109 16 0.0007 0.9834 0.0006 0.0118 0.0035 
         110 16 0.0012 0.9975 0.0003 0.0004 0.0006 
         111 16 0.0012 0.9372 0.0011 0.0600 0.0004 
         112 16 0.0015 0.9515 0.0010 0.0456 0.0004 
         113 16 0.0008 0.9434 0.0005 0.0512 0.0041 
         114 16 0.0015 0.9768 0.0037 0.0176 0.0004 
         115 16 0.0007 0.9978 0.0003 0.0003 0.0009 
         116 16 0.0011 0.9839 0.0005 0.0141 0.0005 
         117 16 0.0008 0.9840 0.0043 0.0070 0.0039 
         118 16 0.0116 0.9832 0.0007 0.0041 0.0003 
         119 16 0.0013 0.9943 0.0019 0.0018 0.0007 
         120 16 0.0006 0.9829 0.0009 0.0004 0.0152 
         121 16 0.0305 0.9624 0.0002 0.0006 0.0063 
         122 16 0.0004 0.9983 0.0003 0.0004 0.0006 
         123 16 0.0005 0.9923 0.0023 0.0037 0.0012 
         124 16 0.0011 0.9880 0.0004 0.0100 0.0006 
         126 16 0.0015 0.8318 0.0016 0.1642 0.0008 
         001 17 0.0005 0.9879 0.0083 0.0007 0.0025 
         002 17 0.0004 0.9963 0.0004 0.0024 0.0004 
         003 17 0.0003 0.9980 0.0009 0.0004 0.0004 
         005 17 0.0003 0.9755 0.0235 0.0003 0.0004 
         006 17 0.0007 0.9445 0.0017 0.0017 0.0514 
         007 17 0.0229 0.8396 0.0039 0.1188 0.0148 
         008 17 0.0007 0.8805 0.0005 0.1097 0.0085 
         009 17 0.0004 0.9986 0.0005 0.0002 0.0003 
         010 17 0.0010 0.9970 0.0005 0.0006 0.0009 
         011 17 0.3791 0.4823 0.0014 0.1364 0.0008 
         012 17 0.0014 0.9928 0.0008 0.0045 0.0005 
         013 17 0.0003 0.9985 0.0007 0.0003 0.0002 
         014 17 0.0003 0.9976 0.0012 0.0005 0.0004 
         015 17 0.0003 0.9940 0.0006 0.0010 0.0040 
         016 17 0.0004 0.9979 0.0005 0.0006 0.0006 
         017 17 0.0013 0.9943 0.0009 0.0013 0.0022 
         018 17 0.0004 0.9457 0.0209 0.0312 0.0018 
         019 17 0.0007 0.9981 0.0006 0.0004 0.0002 
         020 17 0.0007 0.9974 0.0003 0.0008 0.0008 
         021 17 0.0009 0.9977 0.0005 0.0002 0.0007 
         022 17 0.0017 0.9425 0.0141 0.0356 0.0060 
         023 17 0.0005 0.9872 0.0023 0.0097 0.0003 
         024 17 0.0038 0.9367 0.0014 0.0232 0.0348 
         025 17 0.0003 0.9987 0.0003 0.0003 0.0004 
         002 18 0.0019 0.9921 0.0050 0.0002 0.0008 
         003 18 0.0012 0.9979 0.0004 0.0003 0.0002 
         004 18 0.0008 0.9365 0.0019 0.0602 0.0006 
         005 18 0.0330 0.9610 0.0005 0.0051 0.0004 
         006 18 0.0009 0.9980 0.0004 0.0005 0.0003 
         007 18 0.0004 0.9922 0.0021 0.0011 0.0043 
         008 18 0.0019 0.9965 0.0004 0.0002 0.0010 
         009 18 0.0020 0.9843 0.0010 0.0086 0.0040 
         010 18 0.0073 0.9878 0.0030 0.0003 0.0016 
         011 18 0.0019 0.9953 0.0017 0.0006 0.0004 
         012 18 0.0026 0.9774 0.0005 0.0187 0.0009 
         015 18 0.0013 0.9962 0.0004 0.0016 0.0004 
         016 18 0.0003 0.9941 0.0004 0.0019 0.0032 
         018 18 0.0060 0.9883 0.0049 0.0004 0.0004 
         026 18 0.0008 0.9849 0.0026 0.0005 0.0113 
         027 18 0.0015 0.9953 0.0025 0.0002 0.0005 
         028 18 0.0002 0.9678 0.0303 0.0012 0.0005 
         029 18 0.0004 0.9972 0.0006 0.0012 0.0006 
         031 18 0.0770 0.8210 0.0304 0.0693 0.0022 
         032 18 0.0003 0.9975 0.0011 0.0004 0.0007 
         033 18 0.0006 0.9972 0.0008 0.0011 0.0004 
         035 18 0.0004 0.9977 0.0004 0.0010 0.0005 
         036 18 0.0101 0.9879 0.0008 0.0006 0.0007 
         037 18 0.0120 0.9621 0.0133 0.0009 0.0117 
         038 18 0.0015 0.9222 0.0519 0.0017 0.0227 
         039 18 0.0012 0.9978 0.0003 0.0003 0.0004 
         044 18 0.0004 0.8748 0.0007 0.1186 0.0055 
         046 18 0.0307 0.9606 0.0059 0.0027 0.0002 
         049 18 0.0003 0.9980 0.0008 0.0004 0.0005 
         053 18 0.0005 0.9954 0.0012 0.0023 0.0006 
         054 18 0.0009 0.9857 0.0009 0.0011 0.0114 
         056 18 0.0016 0.9291 0.0024 0.0667 0.0002 
         057 18 0.0034 0.9922 0.0005 0.0003 0.0036 
         058 18 0.0037 0.9884 0.0059 0.0013 0.0006 
        001s 19 0.0005 0.9276 0.0008 0.0705 0.0007 
        002s 19 0.0008 0.9911 0.0009 0.0068 0.0005 
        003s 19 0.0004 0.9695 0.0004 0.0293 0.0004 
        004s 19 0.0278 0.9651 0.0047 0.0015 0.0009 
        005s 19 0.0743 0.8911 0.0048 0.0040 0.0258 
        006s 19 0.0014 0.9947 0.0013 0.0011 0.0015 
        007s 19 0.0204 0.9590 0.0004 0.0016 0.0186 
        008s 19 0.0127 0.9356 0.0013 0.0487 0.0017 
        009s 19 0.0022 0.9953 0.0005 0.0013 0.0007 
        010s 19 0.0004 0.9785 0.0151 0.0017 0.0044 
        011s 19 0.0013 0.9904 0.0047 0.0003 0.0032 
        012s 19 0.0003 0.9944 0.0019 0.0015 0.0020 
        013s 19 0.0004 0.9882 0.0006 0.0043 0.0066 
        014s 19 0.0130 0.9171 0.0006 0.0628 0.0065 
        015s 19 0.0005 0.9966 0.0004 0.0006 0.0019 
        016s 19 0.0425 0.9355 0.0187 0.0017 0.0017 
        017s 19 0.0028 0.9390 0.0019 0.0555 0.0007 
        018s 19 0.0031 0.9930 0.0013 0.0019 0.0008 
        019s 19 0.0008 0.9099 0.0006 0.0843 0.0043 
        020s 19 0.0017 0.9238 0.0008 0.0716 0.0020 
        021s 19 0.0004 0.9926 0.0013 0.0046 0.0011 
        022s 19 0.0005 0.9808 0.0013 0.0164 0.0011 
        023s 19 0.0026 0.9902 0.0019 0.0006 0.0046 
        024s 19 0.0017 0.9953 0.0023 0.0004 0.0003 
        025s 19 0.0023 0.8654 0.0010 0.1309 0.0003 
        026s 19 0.0037 0.9870 0.0022 0.0036 0.0036 
        027s 19 0.0011 0.9939 0.0008 0.0035 0.0006 
        028s 19 0.0004 0.9911 0.0006 0.0065 0.0015 
        029s 19 0.0006 0.9966 0.0016 0.0002 0.0010 
        030s 19 0.0006 0.9924 0.0039 0.0020 0.0011 
        031s 19 0.0006 0.9956 0.0004 0.0022 0.0012 
        032s 19 0.0004 0.9974 0.0004 0.0006 0.0012 
        033s 19 0.0044 0.9933 0.0011 0.0003 0.0009 
        034s 19 0.0012 0.9968 0.0005 0.0006 0.0009 
        035s 19 0.0042 0.9758 0.0039 0.0145 0.0017 
        036s 19 0.0011 0.9971 0.0003 0.0004 0.0011 
        037s 19 0.0004 0.9977 0.0010 0.0005 0.0004 
        038s 19 0.0013 0.9941 0.0016 0.0015 0.0015 
        039s 19 0.0005 0.9981 0.0005 0.0006 0.0004 
        040s 19 0.0005 0.9708 0.0004 0.0005 0.0278 
        041s 19 0.0005 0.9985 0.0003 0.0003 0.0004 
        042s 19 0.0158 0.9738 0.0072 0.0024 0.0010 
        043s 19 0.0004 0.9591 0.0015 0.0376 0.0014 
        044s 19 0.0016 0.9965 0.0009 0.0002 0.0008 
        045s 19 0.0012 0.9971 0.0010 0.0005 0.0002 
        046s 19 0.0053 0.9898 0.0016 0.0017 0.0017 
        047s 19 0.0004 0.9910 0.0005 0.0006 0.0075 
        048s 19 0.0006 0.9051 0.0010 0.0898 0.0035 
        049s 19 0.0068 0.9808 0.0007 0.0061 0.0056 
        050s 19 0.0006 0.9970 0.0004 0.0019 0.0002 
        051s 19 0.0110 0.9408 0.0012 0.0054 0.0415 
        052s 19 0.0007 0.9966 0.0013 0.0008 0.0006 
      LIW2-4 20 0.0026 0.9928 0.0023 0.0005 0.0019 
     LIW2-12 21 0.0783 0.9111 0.0085 0.0018 0.0004 
     LIW2-20 22 0.0010 0.9911 0.0050 0.0025 0.0004 
     LIW2-28 23 0.0646 0.8791 0.0013 0.0541 0.0010 
      LIW1-5 24 0.0035 0.9933 0.0016 0.0011 0.0006 
     LIW1-13 25 0.0134 0.9187 0.0007 0.0583 0.0089 
     LIW1-21 26 0.0290 0.9508 0.0088 0.0111 0.0004 
     LIW1-29 27 0.0201 0.9567 0.0033 0.0179 0.0020 
      LIW2-5 28 0.0019 0.9898 0.0071 0.0005 0.0007 
     LIW2-34 29 0.0038 0.9875 0.0076 0.0002 0.0008 
     LIW2-21 30 0.0184 0.8771 0.0010 0.1028 0.0006 
     LIW2-29 31 0.0013 0.8002 0.0056 0.1857 0.0072 
      LIW1-6 32 0.0025 0.9954 0.0011 0.0007 0.0004 
     LIW1-14 33 0.0005 0.8955 0.0387 0.0645 0.0009 
     LIW1-22 34 0.0066 0.9623 0.0297 0.0010 0.0004 
     LIW1-30 35 0.0033 0.9935 0.0012 0.0015 0.0004 
      LIW2-6 36 0.0254 0.9570 0.0033 0.0014 0.0130 
     LIW2-14 37 0.0049 0.9922 0.0003 0.0022 0.0004 
     LIW2-22 38 0.0779 0.8476 0.0008 0.0734 0.0003 
     LIW2-30 39 0.0046 0.9539 0.0406 0.0007 0.0004 
      LIW1-7 40 0.0588 0.9117 0.0079 0.0202 0.0014 
     LIW1-15 41 0.0139 0.9806 0.0048 0.0003 0.0004 
     LIW1-23 42 0.0049 0.9872 0.0027 0.0041 0.0011 
     LIW1-31 43 0.0056 0.9873 0.0031 0.0027 0.0013 
      LIW2-7 44 0.0007 0.9015 0.0074 0.0885 0.0020 
     LIW2-15 45 0.0024 0.9403 0.0559 0.0011 0.0003 
     LIW2-23 46 0.0877 0.9062 0.0005 0.0003 0.0053 
      LIW1-8 47 0.0023 0.9953 0.0010 0.0004 0.0011 
     LIW1-16 48 0.0019 0.9956 0.0009 0.0004 0.0012 
      LIW2-8 49 0.0030 0.9931 0.0029 0.0005 0.0005 
     LIW2-16 50 0.0110 0.6460 0.0042 0.3162 0.0225 
     LIW2-24 51 0.0103 0.7935 0.0015 0.1787 0.0159 
     LIW2-32 52 0.0536 0.9278 0.0071 0.0086 0.0029 
     LIW1-47 53 0.0134 0.9773 0.0022 0.0031 0.0040 
      UMFS-1 54 0.0001 0.0003 0.9990 0.0002 0.0004 
     UMFS-19 55 0.0001 0.0002 0.9993 0.0002 0.0001 
     UMFS-31 56 0.0008 0.1903 0.8084 0.0002 0.0002 
      UMFS-2 57 0.0002 0.0629 0.9365 0.0002 0.0002 
     UMFS-10 58 0.0006 0.1066 0.8923 0.0002 0.0004 
     UMFS-20 59 0.0006 0.1516 0.8433 0.0037 0.0007 
     UMFS-32 60 0.0002 0.0003 0.9988 0.0003 0.0004 
      UMFS-3 61 0.0001 0.0001 0.9997 0.0001 0.0001 
     UMFS-11 62 0.0036 0.5597 0.0004 0.2760 0.1603 
     UMFS-21 63 0.0048 0.0282 0.9350 0.0306 0.0013 
     UMFS-33 64 0.0000 0.0000 0.9999 0.0000 0.0000 
      UMFS-4 65 0.0000 0.0000 0.9998 0.0000 0.0000 
     UMFS-22 66 0.0015 0.0485 0.9481 0.0008 0.0011 
     UMFS-34 67 0.0809 0.3264 0.5865 0.0047 0.0015 
      UMFS-5 68 0.0009 0.0790 0.9172 0.0005 0.0024 
     UMFS-13 69 0.0016 0.0010 0.9964 0.0006 0.0005 
     UMFS-23 70 0.0007 0.2287 0.7683 0.0011 0.0013 
     UMFS-35 71 0.0001 0.0001 0.9996 0.0001 0.0001 
      UMFS-6 72 0.0001 0.0001 0.9998 0.0001 0.0001 
     UMFS-14 73 0.0000 0.0000 0.9998 0.0000 0.0000 
     UMFS-24 74 0.0004 0.2452 0.7507 0.0027 0.0010 
     UMFS-36 75 0.0000 0.0000 0.9999 0.0000 0.0000 
      UMFS-7 76 0.0947 0.3119 0.0003 0.3101 0.2830 
     UMFS-15 77 0.0000 0.0000 0.9998 0.0001 0.0001 
     UMFS-25 78 0.0002 0.2021 0.7910 0.0047 0.0020 
     UMFS-37 79 0.0000 0.0000 0.9998 0.0001 0.0000 
      UMFS-8 80 0.0009 0.0108 0.9855 0.0022 0.0006 
     UMFS-16 81 0.0001 0.0001 0.9996 0.0001 0.0001 
     UMFS-26 82 0.1353 0.3716 0.4825 0.0066 0.0040 
     UMFS-38 83 0.0001 0.0002 0.9996 0.0001 0.0001 
      NEH1-2 84 0.9757 0.0013 0.0010 0.0194 0.0025 
     NEH1-11 85 0.9536 0.0009 0.0003 0.0445 0.0007 
     NEH1-20 86 0.8783 0.1185 0.0016 0.0006 0.0010 
     NEH1-29 87 0.9982 0.0010 0.0002 0.0005 0.0002 
      NEH2-2 88 0.9992 0.0003 0.0002 0.0002 0.0001 
     NEH2-10 89 0.9941 0.0047 0.0002 0.0006 0.0003 
     NEH2-18 90 0.9976 0.0001 0.0002 0.0019 0.0001 
     NEH2-26 91 0.9964 0.0010 0.0003 0.0021 0.0002 
      NEH1-3 92 0.8447 0.1538 0.0003 0.0005 0.0007 
     NEH1-12 93 0.9492 0.0004 0.0004 0.0033 0.0466 
     NEH1-21 94 0.9377 0.0404 0.0001 0.0002 0.0216 
     NEH1-30 95 0.9221 0.0066 0.0002 0.0708 0.0003 
      NEH2-3 96 0.9995 0.0001 0.0001 0.0001 0.0002 
     NEH2-11 97 0.9772 0.0003 0.0020 0.0202 0.0004 
     NEH2-19 98 0.9935 0.0024 0.0019 0.0013 0.0008 
     NEH2-27 99 0.9997 0.0001 0.0001 0.0001 0.0001 
      NEH1-4 100 0.9984 0.0001 0.0002 0.0012 0.0001 
     NEH1-13 101 0.7676 0.2293 0.0006 0.0010 0.0015 
     NEH1-22 102 0.7996 0.1993 0.0004 0.0002 0.0004 
     NEH1-31 103 0.9979 0.0005 0.0001 0.0014 0.0001 
      NEH2-4 104 0.9931 0.0028 0.0019 0.0017 0.0004 
     NEH2-12 105 0.9368 0.0002 0.0070 0.0557 0.0003 
     NEH2-20 106 0.8031 0.1958 0.0006 0.0003 0.0002 
     NEH2-28 107 0.9916 0.0011 0.0004 0.0009 0.0060 
      NEH1-5 108 0.8570 0.1256 0.0003 0.0166 0.0004 
     NEH1-14 109 0.7658 0.1690 0.0010 0.0571 0.0071 
     NEH1-23 110 0.7693 0.2270 0.0031 0.0003 0.0003 
     NEH1-32 111 0.9963 0.0008 0.0002 0.0010 0.0016 
      NEH2-5 112 0.9994 0.0002 0.0001 0.0002 0.0001 
     NEH2-13 113 0.9809 0.0010 0.0004 0.0169 0.0007 
     NEH2-22 114 0.9981 0.0005 0.0007 0.0005 0.0003 
     NEH2-29 115 0.9599 0.0390 0.0004 0.0003 0.0005 
      NEH1-6 116 0.9994 0.0001 0.0001 0.0001 0.0002 
     NEH1-15 117 0.9587 0.0017 0.0002 0.0031 0.0363 
     NEH1-24 118 0.9863 0.0006 0.0010 0.0005 0.0116 
     NEH1-33 119 0.8737 0.1250 0.0006 0.0005 0.0003 
      NEH2-6 120 0.9797 0.0134 0.0062 0.0003 0.0004 
     NEH2-14 121 0.9918 0.0045 0.0007 0.0014 0.0015 
     NEH2-21 122 0.9504 0.0479 0.0013 0.0003 0.0002 
     NEH2-30 123 0.9992 0.0002 0.0002 0.0002 0.0001 
      NEH1-7 124 0.8365 0.0708 0.0006 0.0909 0.0011 
     NEH1-16 125 0.9992 0.0003 0.0001 0.0002 0.0002 
     NEH1-25 126 0.8741 0.1218 0.0023 0.0004 0.0014 
     NEH1-34 127 0.9265 0.0590 0.0005 0.0130 0.0010 
      NEH2-7 128 0.9941 0.0015 0.0027 0.0009 0.0008 
     NEH2-15 129 0.9997 0.0001 0.0001 0.0001 0.0001 
     NEH2-23 130 0.9390 0.0137 0.0017 0.0426 0.0031 
     NEH2-31 131 0.9994 0.0001 0.0002 0.0001 0.0002 
      NEH1-8 132 0.8299 0.0938 0.0002 0.0754 0.0007 
     NEH1-17 133 0.8863 0.0018 0.0004 0.1109 0.0006 
     NEH1-26 134 0.8492 0.1467 0.0019 0.0003 0.0019 
     NEH1-35 135 0.8114 0.1853 0.0003 0.0014 0.0016 
      NEH2-8 136 0.9996 0.0001 0.0001 0.0001 0.0001 
     NEH2-16 137 0.9977 0.0004 0.0007 0.0002 0.0009 
     NEH2-24 138 0.9990 0.0002 0.0006 0.0001 0.0001 
     NEH2-32 139 0.9304 0.0003 0.0006 0.0678 0.0010 
      NEH1-1 140 0.8834 0.0004 0.0007 0.1154 0.0002 
     NEH1-10 141 0.9991 0.0002 0.0001 0.0002 0.0004 
     NEH1-19 142 0.8766 0.1219 0.0002 0.0005 0.0007 
     NEH1-28 143 0.9559 0.0006 0.0003 0.0393 0.0038 
      NEH2-1 144 0.9846 0.0019 0.0004 0.0130 0.0001 
      NEH2-9 145 0.9989 0.0005 0.0002 0.0001 0.0002 
     NEH2-17 146 0.9626 0.0017 0.0004 0.0012 0.0341 
     NEH2-25 147 0.9760 0.0002 0.0002 0.0235 0.0002 
      LIW1-1 148 0.1046 0.7980 0.0058 0.0870 0.0046 
      LIW1-9 149 0.0690 0.7730 0.0009 0.0863 0.0708 
     LIW1-17 150 0.0472 0.9493 0.0007 0.0026 0.0002 
     LIW1-25 151 0.0021 0.9875 0.0092 0.0003 0.0010 
      LIW2-9 152 0.0019 0.9378 0.0015 0.0524 0.0064 
     LIW2-17 153 0.0029 0.9932 0.0014 0.0007 0.0018 
     LIW2-25 154 0.0029 0.9907 0.0037 0.0022 0.0004 
      LIW1-2 155 0.0119 0.9819 0.0020 0.0039 0.0003 
     LIW1-10 156 0.0034 0.9853 0.0050 0.0054 0.0010 
     LIW1-18 157 0.0060 0.9777 0.0032 0.0127 0.0004 
     LIW1-26 158 0.0239 0.9717 0.0009 0.0003 0.0033 
      LIW2-2 159 0.0038 0.9913 0.0038 0.0004 0.0006 
     LIW2-10 160 0.0014 0.9939 0.0012 0.0032 0.0003 
     LIW2-18 161 0.0625 0.9092 0.0076 0.0066 0.0141 
     LIW2-26 162 0.0015 0.9467 0.0499 0.0008 0.0010 
      LIW1-3 163 0.0181 0.9294 0.0399 0.0121 0.0004 
     LIW1-11 164 0.0065 0.9794 0.0058 0.0070 0.0013 
     LIW1-19 165 0.0629 0.8866 0.0049 0.0443 0.0014 
     LIW1-27 166 0.0005 0.9613 0.0009 0.0369 0.0005 
      LIW2-3 167 0.0026 0.9762 0.0103 0.0029 0.0080 
     LIW2-11 168 0.0007 0.9974 0.0010 0.0005 0.0004 
     LIW2-19 169 0.0270 0.9694 0.0009 0.0019 0.0008 
     LIW2-27 170 0.0159 0.9717 0.0115 0.0004 0.0005 
      LIW1-4 171 0.0057 0.9910 0.0018 0.0005 0.0010 
     LIW1-12 172 0.0022 0.9408 0.0358 0.0197 0.0015 
     LIW1-20 173 0.0014 0.9940 0.0009 0.0010 0.0026 
     LIW1-28 174 0.0127 0.9794 0.0037 0.0035 0.0007 
        001s 175 0.0018 0.9874 0.0005 0.0005 0.0099 
        002s 175 0.0012 0.9132 0.0008 0.0840 0.0008 
        003s 175 0.0005 0.9974 0.0008 0.0003 0.0009 
        004s 175 0.0013 0.9699 0.0041 0.0199 0.0048 
        005s 175 0.0016 0.9918 0.0038 0.0024 0.0005 
        006s 175 0.0006 0.8209 0.0047 0.1721 0.0017 
        007s 175 0.0008 0.9976 0.0006 0.0007 0.0004 
        008s 175 0.0005 0.9941 0.0029 0.0011 0.0013 
        009s 175 0.0008 0.8806 0.0016 0.1161 0.0010 
        010s 175 0.0009 0.9971 0.0003 0.0007 0.0009 
        011s 175 0.0011 0.9953 0.0005 0.0023 0.0008 
        012s 175 0.0003 0.9950 0.0004 0.0002 0.0040 
        013s 175 0.0002 0.9952 0.0003 0.0033 0.0009 
        014s 175 0.0003 0.9073 0.0004 0.0911 0.0008 
        015s 175 0.0017 0.9959 0.0005 0.0008 0.0011 
        016s 175 0.0003 0.9553 0.0004 0.0436 0.0004 
        017s 175 0.0056 0.9824 0.0010 0.0014 0.0096 
        018s 175 0.0011 0.9871 0.0067 0.0042 0.0010 
        019s 175 0.0066 0.9707 0.0210 0.0008 0.0009 
        020s 175 0.0011 0.9960 0.0006 0.0008 0.0014 
        021s 175 0.0019 0.9952 0.0006 0.0004 0.0018 
        022s 175 0.0020 0.9495 0.0005 0.0003 0.0477 
        023s 175 0.0031 0.9823 0.0064 0.0017 0.0064 
        024s 175 0.0006 0.9751 0.0011 0.0195 0.0037 
        025s 175 0.0006 0.9588 0.0031 0.0210 0.0166 
        026s 175 0.0017 0.9908 0.0006 0.0062 0.0007 
        027s 175 0.0014 0.9953 0.0008 0.0007 0.0019 
        028s 175 0.0595 0.9389 0.0005 0.0006 0.0005 
        029s 175 0.0005 0.9971 0.0012 0.0004 0.0008 
        030s 175 0.0015 0.8873 0.0006 0.1098 0.0008 
        031s 175 0.0004 0.9895 0.0081 0.0011 0.0010 
        032s 175 0.0202 0.9747 0.0020 0.0024 0.0007 
        033s 175 0.0009 0.9821 0.0023 0.0118 0.0029 
        034s 175 0.0004 0.9908 0.0003 0.0078 0.0007 
        035s 175 0.0005 0.9887 0.0006 0.0093 0.0010 
        036s 175 0.0004 0.9951 0.0033 0.0005 0.0007 
        037s 175 0.0109 0.9783 0.0002 0.0002 0.0104 
        038s 175 0.0007 0.9886 0.0003 0.0085 0.0019 
        039s 175 0.0029 0.9936 0.0009 0.0021 0.0005 
        040s 175 0.0017 0.9965 0.0006 0.0006 0.0005 
        041s 175 0.0007 0.9947 0.0006 0.0031 0.0010 
        042s 175 0.0009 0.9780 0.0181 0.0009 0.0021 
        043s 175 0.0033 0.9915 0.0006 0.0035 0.0010 
        044s 175 0.0014 0.9967 0.0005 0.0011 0.0004 
        045s 175 0.0006 0.9177 0.0007 0.0800 0.0010 
        046s 175 0.0019 0.9953 0.0009 0.0007 0.0012 
        047s 175 0.0077 0.9876 0.0037 0.0005 0.0005 
        048s 175 0.0004 0.9939 0.0014 0.0015 0.0028 
        049s 175 0.0004 0.9488 0.0017 0.0483 0.0007 
        050s 175 0.0821 0.8416 0.0019 0.0740 0.0005 
        001s 176 0.0005 0.9277 0.0019 0.0520 0.0180 
        002s 176 0.0032 0.9847 0.0003 0.0024 0.0095 
        003s 176 0.0010 0.9945 0.0007 0.0033 0.0004 
        004s 176 0.0019 0.9941 0.0018 0.0014 0.0007 
        005s 176 0.0209 0.9773 0.0006 0.0009 0.0003 
        006s 176 0.0006 0.9930 0.0023 0.0002 0.0039 
        007s 176 0.0004 0.9130 0.0015 0.0840 0.0011 
        008s 176 0.0003 0.9969 0.0014 0.0005 0.0009 
        009s 176 0.0063 0.9919 0.0006 0.0008 0.0005 
        010s 176 0.0004 0.9970 0.0009 0.0012 0.0004 
        011s 176 0.0046 0.9922 0.0004 0.0002 0.0026 
        012s 176 0.0008 0.9239 0.0005 0.0741 0.0008 
        013s 176 0.0025 0.9875 0.0009 0.0054 0.0038 
        014s 176 0.0005 0.9904 0.0009 0.0005 0.0076 
        015s 176 0.0016 0.9897 0.0065 0.0019 0.0004 
        016s 176 0.0007 0.9935 0.0045 0.0010 0.0002 
        017s 176 0.0003 0.9985 0.0006 0.0002 0.0003 
        018s 176 0.0099 0.9878 0.0013 0.0005 0.0004 
        019s 176 0.0005 0.9683 0.0009 0.0127 0.0176 
        020s 176 0.0010 0.9946 0.0008 0.0031 0.0005 
        021s 176 0.0012 0.9938 0.0004 0.0011 0.0035 
        022s 176 0.0011 0.9815 0.0012 0.0003 0.0159 
        023s 176 0.0003 0.9215 0.0770 0.0002 0.0010 
        024s 176 0.0008 0.9645 0.0011 0.0033 0.0304 
        025s 176 0.0029 0.9887 0.0016 0.0030 0.0038 
        026s 176 0.0023 0.9869 0.0010 0.0008 0.0090 
        027s 176 0.0007 0.9980 0.0004 0.0006 0.0002 
        028s 176 0.0008 0.9958 0.0011 0.0006 0.0018 
        029s 176 0.0025 0.9893 0.0005 0.0003 0.0074 
        030s 176 0.0003 0.9291 0.0004 0.0693 0.0008 
        031s 176 0.0009 0.9929 0.0004 0.0037 0.0022 
        032s 176 0.0101 0.9327 0.0006 0.0561 0.0005 
        033s 176 0.0134 0.8648 0.0032 0.0827 0.0360 
        034s 176 0.0005 0.9979 0.0002 0.0008 0.0005 
        035s 176 0.0648 0.9210 0.0008 0.0125 0.0009 
        036s 176 0.0005 0.9966 0.0003 0.0005 0.0020 
        037s 176 0.0188 0.9168 0.0024 0.0596 0.0023 
        038s 176 0.0007 0.9967 0.0014 0.0006 0.0007 
        039s 176 0.0003 0.9982 0.0006 0.0005 0.0005 
        040s 176 0.0005 0.9982 0.0003 0.0008 0.0003 
        041s 176 0.0006 0.9940 0.0040 0.0009 0.0005 
        042s 176 0.0004 0.9977 0.0010 0.0003 0.0006 
        043s 176 0.0072 0.9682 0.0015 0.0011 0.0220 
        044s 176 0.0003 0.9968 0.0003 0.0016 0.0011 
        045s 176 0.0008 0.9902 0.0008 0.0060 0.0022 
        046s 176 0.0003 0.9966 0.0007 0.0018 0.0006 
        047s 176 0.0012 0.9928 0.0044 0.0003 0.0013 
        048s 176 0.0004 0.9853 0.0085 0.0041 0.0017 
        050s 176 0.0090 0.9886 0.0004 0.0014 0.0005 
        001s 177 0.0140 0.9310 0.0054 0.0473 0.0023 
        002s 177 0.0013 0.9973 0.0006 0.0004 0.0004 
        003s 177 0.0076 0.9179 0.0428 0.0292 0.0025 
        004s 177 0.0013 0.9962 0.0003 0.0004 0.0018 
        005s 177 0.0003 0.9942 0.0006 0.0045 0.0004 
        006s 177 0.0012 0.9757 0.0020 0.0207 0.0004 
        007s 177 0.0008 0.9899 0.0003 0.0085 0.0006 
        008s 177 0.0009 0.8304 0.0119 0.1103 0.0464 
        009s 177 0.0006 0.9981 0.0004 0.0003 0.0006 
        010s 177 0.0011 0.9728 0.0006 0.0239 0.0016 
        011s 177 0.0006 0.9976 0.0002 0.0007 0.0009 
        012s 177 0.0007 0.9945 0.0004 0.0040 0.0005 
        013s 177 0.0014 0.9909 0.0061 0.0008 0.0007 
        014s 177 0.0011 0.9369 0.0010 0.0605 0.0006 
        015s 177 0.0022 0.9935 0.0007 0.0009 0.0028 
        016s 177 0.0004 0.9981 0.0007 0.0005 0.0003 
        017s 177 0.0010 0.9585 0.0012 0.0021 0.0371 
        018s 177 0.0004 0.9767 0.0018 0.0205 0.0006 
        019s 177 0.0039 0.9945 0.0005 0.0007 0.0005 
        020s 177 0.0025 0.9940 0.0008 0.0016 0.0010 
        021s 177 0.0010 0.9975 0.0005 0.0003 0.0007 
        022s 177 0.0189 0.9744 0.0005 0.0023 0.0040 
        023s 177 0.0021 0.9452 0.0015 0.0005 0.0507 
        024s 177 0.0018 0.9964 0.0005 0.0008 0.0004 
        025s 177 0.0006 0.9960 0.0005 0.0011 0.0018 
        026s 177 0.0023 0.9954 0.0005 0.0015 0.0003 
        027s 177 0.0007 0.9976 0.0009 0.0004 0.0004 
        028s 177 0.0007 0.9969 0.0016 0.0003 0.0004 
        029s 177 0.0009 0.9166 0.0003 0.0366 0.0457 
        030s 177 0.0022 0.9836 0.0015 0.0116 0.0011 
        031s 177 0.0133 0.9838 0.0011 0.0004 0.0014 
        032s 177 0.0008 0.9745 0.0004 0.0221 0.0022 
        033s 177 0.0027 0.9953 0.0005 0.0013 0.0002 
        034s 177 0.0006 0.9970 0.0003 0.0014 0.0007 
        035s 177 0.0003 0.9984 0.0007 0.0003 0.0003 
        036s 177 0.0613 0.9309 0.0005 0.0019 0.0055 
        037s 177 0.0039 0.9764 0.0006 0.0080 0.0112 
        038s 177 0.0007 0.9772 0.0019 0.0191 0.0011 
        039s 177 0.0015 0.9926 0.0043 0.0010 0.0005 
        040s 177 0.0011 0.9580 0.0003 0.0015 0.0390 
        041s 177 0.0003 0.8926 0.0004 0.0835 0.0232 
        042s 177 0.0006 0.9315 0.0011 0.0661 0.0006 
        043s 177 0.0006 0.9983 0.0004 0.0004 0.0003 
        044s 177 0.0007 0.9974 0.0005 0.0009 0.0005 
        045s 177 0.0017 0.9722 0.0089 0.0158 0.0014 
        046s 177 0.0007 0.9961 0.0004 0.0003 0.0025 
        047s 177 0.0028 0.9933 0.0014 0.0009 0.0016 
        048s 177 0.0005 0.9809 0.0005 0.0007 0.0175 
        049s 177 0.0013 0.9666 0.0003 0.0111 0.0207 
        050s 177 0.0006 0.9947 0.0036 0.0003 0.0009 
        001s 178 0.0006 0.9290 0.0014 0.0687 0.0004 
        002s 178 0.0025 0.9928 0.0007 0.0022 0.0017 
        003s 178 0.0007 0.9929 0.0012 0.0042 0.0010 
        004s 178 0.0005 0.9835 0.0121 0.0029 0.0010 
        005s 178 0.0003 0.9964 0.0013 0.0008 0.0012 
        006s 178 0.0581 0.8782 0.0220 0.0336 0.0082 
        007s 178 0.0006 0.9944 0.0004 0.0003 0.0042 
        008s 178 0.0007 0.8842 0.0015 0.1131 0.0005 
        009s 178 0.0013 0.9858 0.0022 0.0006 0.0102 
        010s 178 0.0010 0.9976 0.0005 0.0007 0.0003 
        011s 178 0.0006 0.9972 0.0008 0.0008 0.0007 
        012s 178 0.0004 0.9965 0.0003 0.0016 0.0012 
        013s 178 0.0025 0.9929 0.0040 0.0003 0.0003 
        014s 178 0.0132 0.9396 0.0004 0.0455 0.0012 
        015s 178 0.0005 0.9950 0.0006 0.0030 0.0008 
        016s 178 0.0010 0.9873 0.0023 0.0067 0.0027 
        017s 178 0.0036 0.9459 0.0014 0.0484 0.0007 
        018s 178 0.0018 0.9949 0.0010 0.0015 0.0007 
        019s 178 0.0003 0.9967 0.0004 0.0017 0.0009 
        020s 178 0.0002 0.9976 0.0014 0.0006 0.0003 
        021s 178 0.0008 0.9812 0.0006 0.0074 0.0100 
        022s 178 0.0003 0.9968 0.0004 0.0015 0.0010 
        023s 178 0.0304 0.8742 0.0007 0.0877 0.0070 
        024s 178 0.0008 0.9972 0.0009 0.0008 0.0004 
        025s 178 0.0010 0.9338 0.0002 0.0646 0.0004 
        026s 178 0.0005 0.9963 0.0020 0.0003 0.0008 
        027s 178 0.0009 0.9608 0.0013 0.0347 0.0024 
        028s 178 0.0064 0.9438 0.0066 0.0024 0.0408 
        029s 178 0.0007 0.9729 0.0004 0.0004 0.0257 
        030s 178 0.0039 0.9871 0.0006 0.0014 0.0071 
        031s 178 0.0002 0.9819 0.0172 0.0003 0.0004 
        032s 178 0.0005 0.9967 0.0018 0.0004 0.0007 
        033s 178 0.0005 0.9712 0.0022 0.0224 0.0037 
        034s 178 0.0006 0.9979 0.0009 0.0004 0.0003 
        035s 178 0.0026 0.9948 0.0011 0.0011 0.0004 
        036s 178 0.0006 0.9981 0.0005 0.0003 0.0007 
        037s 178 0.0045 0.9945 0.0004 0.0003 0.0003 
        039s 178 0.0071 0.9724 0.0021 0.0021 0.0162 
        040s 178 0.0020 0.9062 0.0016 0.0895 0.0007 
        041s 178 0.0006 0.9961 0.0006 0.0002 0.0025 
        042s 178 0.0038 0.9356 0.0209 0.0377 0.0020 
        043s 178 0.0149 0.9166 0.0478 0.0024 0.0184 
        044s 178 0.0011 0.9001 0.0002 0.0099 0.0887 
        045s 178 0.0011 0.9965 0.0007 0.0004 0.0013 
        046s 178 0.0003 0.9978 0.0005 0.0007 0.0009 
        047s 178 0.0010 0.9792 0.0010 0.0026 0.0163 
        048s 178 0.0163 0.9504 0.0013 0.0307 0.0013 
        049s 178 0.0040 0.9915 0.0005 0.0021 0.0019 
        050s 178 0.0033 0.9013 0.0089 0.0749 0.0117 
          01 179 0.0176 0.9153 0.0005 0.0448 0.0219 
          02 179 0.0017 0.9959 0.0008 0.0005 0.0011 
          03 179 0.0006 0.8622 0.0003 0.1317 0.0052 
          04 179 0.0070 0.9900 0.0004 0.0009 0.0017 
          05 179 0.0006 0.9280 0.0012 0.0692 0.0010 
          06 179 0.0003 0.9866 0.0090 0.0039 0.0003 
          07 179 0.0054 0.9911 0.0003 0.0016 0.0016 
          08 179 0.0045 0.9925 0.0019 0.0004 0.0007 
          09 179 0.0007 0.9976 0.0005 0.0009 0.0003 
          10 179 0.0034 0.9631 0.0003 0.0327 0.0005 
          11 179 0.0004 0.9106 0.0003 0.0867 0.0020 
          12 179 0.0024 0.9933 0.0020 0.0020 0.0003 
          13 179 0.0006 0.9962 0.0015 0.0003 0.0014 
          14 179 0.0017 0.8830 0.0005 0.1143 0.0004 
          15 179 0.0008 0.9858 0.0007 0.0015 0.0113 
          16 179 0.0009 0.9704 0.0029 0.0248 0.0010 
          17 179 0.0170 0.9805 0.0007 0.0012 0.0006 
          18 179 0.0025 0.9948 0.0014 0.0007 0.0005 
          19 179 0.0008 0.9776 0.0015 0.0162 0.0039 
          20 179 0.0891 0.8594 0.0030 0.0469 0.0016 
          21 179 0.0006 0.9986 0.0003 0.0002 0.0003 
          22 179 0.0009 0.9441 0.0169 0.0375 0.0005 
          23 179 0.0006 0.9960 0.0004 0.0024 0.0006 
        001s 180 0.0250 0.9301 0.0006 0.0429 0.0013 
        002s 180 0.0018 0.9960 0.0004 0.0012 0.0005 
        003s 180 0.0015 0.9941 0.0031 0.0008 0.0005 
        004s 180 0.0004 0.9974 0.0004 0.0004 0.0014 
        005s 180 0.0242 0.9689 0.0002 0.0041 0.0025 
        006s 180 0.0005 0.8956 0.0006 0.1020 0.0013 
        007s 180 0.0006 0.9977 0.0007 0.0005 0.0005 
        008s 180 0.0005 0.9967 0.0004 0.0013 0.0012 
        009s 180 0.0013 0.9953 0.0007 0.0025 0.0002 
        010s 180 0.0006 0.9888 0.0092 0.0012 0.0002 
        011s 180 0.0004 0.9972 0.0004 0.0012 0.0008 
        012s 180 0.0008 0.9879 0.0008 0.0098 0.0007 
        013s 180 0.0047 0.9914 0.0021 0.0007 0.0011 
        014s 180 0.0011 0.9735 0.0004 0.0244 0.0006 
        015s 180 0.0015 0.9961 0.0005 0.0015 0.0005 
        016s 180 0.0135 0.9485 0.0023 0.0349 0.0008 
        017s 180 0.0010 0.9963 0.0008 0.0007 0.0011 
        018s 180 0.0009 0.9075 0.0010 0.0902 0.0004 
        019s 180 0.0012 0.9962 0.0008 0.0009 0.0009 
        020s 180 0.0075 0.9869 0.0025 0.0013 0.0018 
        021s 180 0.0021 0.9936 0.0011 0.0026 0.0006 
        022s 180 0.0010 0.9845 0.0003 0.0130 0.0011 
        023s 180 0.0041 0.9941 0.0002 0.0013 0.0002 
        024s 180 0.0047 0.9727 0.0007 0.0216 0.0003 
        025s 180 0.0005 0.9914 0.0009 0.0042 0.0029 
        026s 180 0.0004 0.9917 0.0036 0.0007 0.0037 
        027s 180 0.0008 0.9914 0.0006 0.0066 0.0007 
        028s 180 0.0013 0.9950 0.0011 0.0012 0.0013 
        029s 180 0.0665 0.9181 0.0074 0.0048 0.0031 
        030s 180 0.0004 0.9911 0.0047 0.0005 0.0033 
        031s 180 0.0018 0.9970 0.0003 0.0005 0.0004 
        032s 180 0.0005 0.9819 0.0140 0.0017 0.0018 
        033s 180 0.0002 0.9888 0.0036 0.0068 0.0006 
        034s 180 0.0006 0.9927 0.0014 0.0011 0.0042 
        035s 180 0.0092 0.9658 0.0010 0.0232 0.0008 
        036s 180 0.0007 0.9940 0.0044 0.0008 0.0002 
        037s 180 0.0012 0.9913 0.0046 0.0026 0.0004 
        038s 180 0.0003 0.9965 0.0008 0.0011 0.0014 
        039s 180 0.0010 0.9953 0.0007 0.0008 0.0022 
        041s 180 0.0004 0.9979 0.0003 0.0004 0.0010 
        042s 180 0.0045 0.9917 0.0009 0.0008 0.0021 
        043s 180 0.0019 0.9850 0.0093 0.0022 0.0016 
        044s 180 0.0005 0.9972 0.0009 0.0009 0.0005 
        045s 180 0.0029 0.9683 0.0017 0.0003 0.0268 
        046s 180 0.0016 0.9898 0.0018 0.0041 0.0028 
        047s 180 0.0010 0.9575 0.0017 0.0393 0.0006 
        048s 180 0.0007 0.9970 0.0004 0.0008 0.0011 
        049s 180 0.0003 0.9972 0.0008 0.0004 0.0013 
        050s 180 0.0003 0.9937 0.0029 0.0004 0.0027 
         001 181 0.0001 0.0001 0.0003 0.1989 0.8006 
         002 181 0.0000 0.0001 0.0001 0.0001 0.9998 
         003 181 0.0001 0.0001 0.0001 0.0001 0.9998 
         004 181 0.0003 0.0054 0.0041 0.2218 0.7684 
         005 181 0.0022 0.0070 0.0003 0.1316 0.8589 
         006 181 0.0000 0.0000 0.0000 0.0001 0.9998 
         007 181 0.0001 0.0001 0.0001 0.0001 0.9998 
         008 181 0.0001 0.0001 0.0001 0.0002 0.9995 
         009 181 0.0000 0.0000 0.0000 0.0000 0.9999 
         010 181 0.0001 0.0001 0.0514 0.1273 0.8210 
         011 181 0.0001 0.0001 0.0001 0.0001 0.9997 
         012 181 0.0033 0.0002 0.0001 0.1381 0.8582 
         013 181 0.0003 0.0023 0.0006 0.1037 0.8931 
         014 181 0.0002 0.0002 0.0001 0.1394 0.8601 
         015 181 0.0000 0.0001 0.0000 0.0001 0.9998 
         016 181 0.0006 0.0005 0.0001 0.1352 0.8636 
         017 181 0.0000 0.0000 0.0000 0.0001 0.9998 
         018 181 0.0002 0.0007 0.0003 0.1918 0.8069 
         019 181 0.0005 0.0037 0.0001 0.1437 0.8520 
         020 181 0.0000 0.0000 0.0000 0.0000 0.9998 
         021 181 0.0001 0.0001 0.0000 0.0001 0.9998 
         022 181 0.0000 0.0000 0.0000 0.0000 0.9998 
         023 181 0.0001 0.0001 0.0001 0.0001 0.9996 
         024 181 0.0014 0.0244 0.0010 0.0004 0.9728 
         025 181 0.0001 0.0002 0.0002 0.0310 0.9685 
         026 181 0.0001 0.0001 0.0000 0.0001 0.9997 
         027 181 0.0000 0.0000 0.0000 0.0000 0.9999 
         028 181 0.0000 0.0000 0.0000 0.0000 0.9999 
         029 181 0.0001 0.0001 0.0001 0.0001 0.9996 
         030 181 0.0001 0.0001 0.0001 0.0001 0.9996 
         001 182 0.0001 0.0002 0.0001 0.4323 0.5674 
         002 182 0.0001 0.0005 0.0004 0.4841 0.5148 
         003 182 0.0002 0.0004 0.0598 0.4793 0.4604 
         004 182 0.0002 0.0002 0.0001 0.5332 0.4662 
         005 182 0.0001 0.0011 0.0013 0.4803 0.5171 
         006 182 0.0012 0.1069 0.0003 0.4837 0.4078 
         007 182 0.0003 0.0006 0.0164 0.5186 0.4641 
         008 182 0.0001 0.0010 0.0006 0.4738 0.5246 
         009 182 0.0001 0.0002 0.0008 0.4668 0.5320 
         010 182 0.0001 0.0885 0.0003 0.4774 0.4337 
         011 182 0.0001 0.0002 0.0001 0.5687 0.4309 
         012 182 0.0015 0.0709 0.0003 0.4415 0.4859 
         013 182 0.0007 0.0009 0.0003 0.6393 0.3588 
         014 182 0.0026 0.0889 0.0003 0.5073 0.4009 
         015 182 0.0001 0.0001 0.0001 0.4302 0.5694 
         016 182 0.0001 0.0003 0.0004 0.5001 0.4991 
         017 182 0.0003 0.0589 0.0004 0.4183 0.5221 
         018 182 0.0001 0.0003 0.0002 0.4395 0.5599 
         019 182 0.0001 0.0002 0.0001 0.4556 0.5441 
         020 182 0.0001 0.0001 0.0001 0.3981 0.6016 
         021 182 0.0008 0.0015 0.0704 0.4771 0.4501 
         022 182 0.0002 0.0004 0.0004 0.4325 0.5665 
         023 182 0.0002 0.0002 0.0001 0.5583 0.4412 
         024 182 0.0001 0.0002 0.0001 0.5914 0.4082 
         025 182 0.0001 0.0003 0.0006 0.4524 0.5466 
         026 182 0.0001 0.0001 0.0001 0.5044 0.4952 
         027 182 0.0007 0.0004 0.0002 0.4903 0.5083 
         028 182 0.0002 0.0002 0.0003 0.5327 0.4666 
         029 182 0.0006 0.0005 0.0063 0.5317 0.4609 
         030 182 0.0001 0.0002 0.0001 0.4525 0.5472 
          10 183 0.0024 0.9957 0.0013 0.0002 0.0005 
          11 183 0.0719 0.9246 0.0003 0.0031 0.0001 
          12 183 0.0052 0.9927 0.0013 0.0004 0.0004 
          13 183 0.0007 0.9710 0.0007 0.0213 0.0062 
          14 183 0.0108 0.9676 0.0212 0.0002 0.0002 
          15 183 0.0452 0.9467 0.0004 0.0062 0.0015 
          16 183 0.0014 0.9443 0.0031 0.0107 0.0406 
          17 183 0.0026 0.9948 0.0004 0.0003 0.0020 
          18 183 0.0009 0.9976 0.0007 0.0005 0.0004 
          19 183 0.0011 0.9981 0.0003 0.0003 0.0002 
          20 183 0.0005 0.9635 0.0007 0.0339 0.0014 
          21 183 0.0115 0.9864 0.0002 0.0011 0.0008 
          22 183 0.0263 0.9637 0.0033 0.0049 0.0018 
          23 183 0.0004 0.9759 0.0072 0.0008 0.0156 
          24 183 0.0165 0.9823 0.0006 0.0003 0.0003 
          25 183 0.0108 0.9861 0.0009 0.0018 0.0005 
          26 183 0.0008 0.9950 0.0006 0.0022 0.0015 
          27 183 0.0077 0.9406 0.0003 0.0512 0.0003 
          28 183 0.0214 0.9723 0.0006 0.0055 0.0003 
          29 183 0.0219 0.2849 0.0005 0.3008 0.3918 
          30 183 0.0621 0.1049 0.0003 0.4428 0.3899 
          31 183 0.0053 0.9930 0.0004 0.0004 0.0009 
          32 183 0.0003 0.9982 0.0010 0.0002 0.0003 
          33 183 0.0013 0.9861 0.0015 0.0107 0.0005 
          34 183 0.0281 0.9678 0.0031 0.0008 0.0002 
          35 183 0.0108 0.9802 0.0007 0.0068 0.0014 
          36 183 0.0041 0.9939 0.0012 0.0003 0.0006 
          37 183 0.0220 0.1761 0.0006 0.4209 0.3804 
          54 183 0.0016 0.9505 0.0002 0.0407 0.0070 
          55 183 0.0682 0.8231 0.0022 0.1055 0.0011 
           6 183 0.0008 0.9837 0.0011 0.0136 0.0007 
           7 183 0.0034 0.8967 0.0005 0.0918 0.0076 
           8 183 0.0030 0.9728 0.0022 0.0168 0.0052 
           9 183 0.0173 0.9780 0.0017 0.0010 0.0021 
           4 184 0.0007 0.9963 0.0003 0.0011 0.0016 
           9 184 0.0004 0.9955 0.0025 0.0012 0.0005 
          12 184 0.0002 0.9686 0.0005 0.0009 0.0299 
          14 184 0.0058 0.9916 0.0009 0.0011 0.0007 
          15 184 0.0025 0.9961 0.0006 0.0004 0.0005 
          16 184 0.0011 0.9921 0.0030 0.0005 0.0033 
          17 184 0.0012 0.9923 0.0020 0.0007 0.0039 
          18 184 0.0012 0.8968 0.0004 0.1000 0.0015 
          22 184 0.0004 0.9979 0.0007 0.0005 0.0006 
          25 184 0.0009 0.9872 0.0007 0.0105 0.0007 
          26 184 0.0015 0.9760 0.0199 0.0004 0.0022 
          27 184 0.0003 0.9966 0.0003 0.0003 0.0024 
          28 184 0.0007 0.9981 0.0004 0.0003 0.0005 
          29 184 0.0006 0.9987 0.0002 0.0002 0.0003 
          31 184 0.0007 0.9963 0.0005 0.0009 0.0016 
          32 184 0.0022 0.9932 0.0008 0.0014 0.0024 
          33 184 0.0016 0.9955 0.0015 0.0011 0.0004 
          34 184 0.0004 0.9985 0.0004 0.0003 0.0004 
          36 184 0.0002 0.5808 0.0002 0.3483 0.0705 
          37 184 0.0004 0.9913 0.0017 0.0060 0.0006 
          39 184 0.0132 0.9756 0.0007 0.0027 0.0077 
          40 184 0.0024 0.9929 0.0008 0.0016 0.0024 
          41 184 0.0017 0.9794 0.0007 0.0177 0.0005 
          42 184 0.0004 0.9941 0.0035 0.0010 0.0010 
          43 184 0.0009 0.9974 0.0005 0.0006 0.0005 
          44 184 0.0036 0.9126 0.0004 0.0823 0.0012 
          45 184 0.0006 0.9969 0.0019 0.0002 0.0003 
          46 184 0.0005 0.9896 0.0011 0.0004 0.0084 
          47 184 0.0006 0.9988 0.0002 0.0002 0.0002 
          48 184 0.0019 0.9963 0.0004 0.0003 0.0011 
          52 184 0.0006 0.9118 0.0007 0.0850 0.0019 
          54 184 0.0002 0.9966 0.0020 0.0008 0.0004 
          57 184 0.0005 0.9974 0.0006 0.0006 0.0009 
          58 184 0.0006 0.9964 0.0005 0.0018 0.0007 
          59 184 0.0008 0.9496 0.0002 0.0077 0.0418 
          60 184 0.0096 0.9865 0.0025 0.0011 0.0003 
           3 185 0.0121 0.9666 0.0008 0.0173 0.0031 
           4 185 0.0021 0.9952 0.0009 0.0005 0.0013 
           5 185 0.0003 0.9921 0.0052 0.0006 0.0019 
           6 185 0.0005 0.9974 0.0007 0.0010 0.0003 
           7 185 0.0004 0.8967 0.0018 0.1002 0.0009 
           8 185 0.0014 0.9432 0.0004 0.0318 0.0231 
           9 185 0.0019 0.9954 0.0006 0.0013 0.0008 
          10 185 0.0038 0.9929 0.0012 0.0014 0.0006 
          11 185 0.0028 0.9549 0.0008 0.0211 0.0204 
          12 185 0.0021 0.8949 0.0011 0.0978 0.0041 
          13 185 0.0004 0.9979 0.0006 0.0004 0.0007 
          14 185 0.0007 0.9960 0.0006 0.0003 0.0024 
          15 185 0.2349 0.7024 0.0386 0.0238 0.0003 
          16 185 0.0015 0.9956 0.0005 0.0018 0.0005 
          17 185 0.0546 0.9425 0.0014 0.0006 0.0009 
          18 185 0.0005 0.9945 0.0032 0.0017 0.0001 
          19 185 0.0171 0.9817 0.0005 0.0004 0.0002 
          20 185 0.0006 0.8645 0.0003 0.0924 0.0422 
          21 185 0.0077 0.9853 0.0014 0.0042 0.0014 
          22 185 0.0543 0.9427 0.0004 0.0020 0.0005 
          23 185 0.0012 0.9145 0.0004 0.0836 0.0004 
          24 185 0.0006 0.9951 0.0003 0.0003 0.0038 
          25 185 0.0072 0.9180 0.0002 0.0723 0.0023 
          26 185 0.0014 0.9953 0.0009 0.0007 0.0018 
          27 185 0.0010 0.9958 0.0022 0.0006 0.0003 
          28 185 0.0002 0.9979 0.0004 0.0012 0.0003 
          29 185 0.0511 0.8081 0.0141 0.1227 0.0041 
          30 185 0.0012 0.9901 0.0005 0.0017 0.0065 
          31 185 0.0005 0.9827 0.0003 0.0158 0.0007 
          32 185 0.0003 0.9932 0.0009 0.0010 0.0046 
          33 185 0.0006 0.9895 0.0006 0.0055 0.0038 
          34 185 0.0017 0.9963 0.0003 0.0003 0.0014 
          35 185 0.0006 0.9548 0.0427 0.0009 0.0009 
          36 185 0.0007 0.9963 0.0013 0.0008 0.0009 
          37 185 0.0004 0.9837 0.0005 0.0082 0.0072 
          38 185 0.0002 0.9028 0.0005 0.0569 0.0397 
          39 185 0.0020 0.8918 0.0003 0.1056 0.0002 
          40 185 0.0009 0.9967 0.0010 0.0004 0.0011 
          41 185 0.0007 0.9972 0.0010 0.0009 0.0002 
          42 185 0.0005 0.9977 0.0004 0.0004 0.0009 
           5 186 0.0005 0.9920 0.0062 0.0008 0.0004 
           6 186 0.0005 0.9944 0.0026 0.0020 0.0004 
           7 186 0.0003 0.9908 0.0006 0.0005 0.0078 
           9 186 0.0008 0.8944 0.0007 0.1033 0.0008 
          10 186 0.0008 0.9634 0.0012 0.0167 0.0178 
          11 186 0.0005 0.9954 0.0005 0.0018 0.0018 
          12 186 0.0003 0.9967 0.0009 0.0014 0.0007 
          29 186 0.0130 0.9837 0.0007 0.0008 0.0018 
          30 186 0.0010 0.9957 0.0027 0.0003 0.0003 
          31 186 0.1610 0.7778 0.0110 0.0408 0.0094 
          32 186 0.0220 0.8996 0.0005 0.0770 0.0010 
          33 186 0.0039 0.9947 0.0005 0.0007 0.0003 
          34 186 0.0045 0.9633 0.0160 0.0041 0.0121 
          35 186 0.0008 0.9982 0.0004 0.0002 0.0005 
          36 186 0.0011 0.9944 0.0003 0.0039 0.0003 
          37 186 0.0006 0.9809 0.0004 0.0085 0.0096 
          38 186 0.0143 0.9716 0.0010 0.0037 0.0094 
          39 186 0.0003 0.9970 0.0016 0.0006 0.0004 
          40 186 0.0007 0.9980 0.0003 0.0006 0.0004 
          41 186 0.0004 0.9895 0.0018 0.0007 0.0076 
          42 186 0.0004 0.9978 0.0005 0.0008 0.0005 
          43 186 0.0005 0.9881 0.0026 0.0068 0.0020 
          44 186 0.0018 0.9950 0.0027 0.0003 0.0003 
          45 186 0.0006 0.9979 0.0006 0.0006 0.0003 
          46 186 0.0005 0.9899 0.0085 0.0005 0.0005 
          47 186 0.0013 0.9903 0.0003 0.0074 0.0007 
          48 186 0.0007 0.9963 0.0008 0.0020 0.0002 
          49 186 0.0002 0.9983 0.0007 0.0003 0.0005 
          50 186 0.0022 0.9860 0.0004 0.0090 0.0025 
          51 186 0.0005 0.9980 0.0007 0.0004 0.0004 
          52 186 0.0008 0.9954 0.0024 0.0008 0.0007 
          53 186 0.0019 0.9965 0.0005 0.0003 0.0008 
          54 186 0.0009 0.9940 0.0039 0.0007 0.0004 
          55 186 0.0007 0.9903 0.0042 0.0041 0.0006 
          56 186 0.0007 0.9949 0.0004 0.0006 0.0035 
          57 186 0.0738 0.8975 0.0087 0.0197 0.0004 
          58 186 0.0003 0.9973 0.0010 0.0007 0.0007 
          59 186 0.0005 0.9924 0.0003 0.0012 0.0056 
          60 186 0.0027 0.9954 0.0012 0.0002 0.0005 
           1 187 0.0041 0.9700 0.0008 0.0238 0.0012 
           2 187 0.0012 0.9938 0.0005 0.0037 0.0008 
           3 187 0.0154 0.9616 0.0012 0.0201 0.0016 
           4 187 0.0056 0.8775 0.0006 0.1117 0.0046 
           5 187 0.0004 0.9962 0.0024 0.0008 0.0002 
           6 187 0.0005 0.9921 0.0045 0.0014 0.0015 
           7 187 0.0012 0.8506 0.0054 0.1368 0.0060 
           8 187 0.0006 0.9948 0.0028 0.0009 0.0009 
           9 187 0.0010 0.9981 0.0003 0.0004 0.0002 
          10 187 0.0011 0.9797 0.0008 0.0035 0.0148 
          11 187 0.0002 0.9937 0.0004 0.0003 0.0055 
          12 187 0.0005 0.9978 0.0004 0.0005 0.0008 
          13 187 0.0012 0.9738 0.0007 0.0239 0.0004 
          14 187 0.0016 0.9954 0.0016 0.0006 0.0008 
          15 187 0.0004 0.9897 0.0053 0.0010 0.0035 
          16 187 0.0020 0.9828 0.0017 0.0120 0.0015 
          17 187 0.0045 0.9054 0.0004 0.0893 0.0004 
          18 187 0.0008 0.9968 0.0005 0.0014 0.0006 
          19 187 0.0003 0.9975 0.0013 0.0003 0.0006 
          20 187 0.0009 0.9900 0.0079 0.0008 0.0005 
          21 187 0.0013 0.9040 0.0024 0.0638 0.0286 
          22 187 0.0032 0.9942 0.0005 0.0007 0.0014 
          23 187 0.0005 0.9985 0.0003 0.0004 0.0002 
          24 187 0.0019 0.9093 0.0007 0.0574 0.0307 
          25 187 0.0020 0.9920 0.0042 0.0008 0.0010 
          26 187 0.0025 0.9957 0.0010 0.0005 0.0003 
          27 187 0.0006 0.9983 0.0005 0.0004 0.0003 
          28 187 0.0040 0.9638 0.0011 0.0003 0.0307 
          29 187 0.0011 0.9935 0.0005 0.0014 0.0035 
          30 187 0.0417 0.9558 0.0007 0.0009 0.0009 
          32 187 0.0002 0.9208 0.0005 0.0275 0.0509 
          33 187 0.0008 0.9865 0.0004 0.0059 0.0065 
          34 187 0.0005 0.9962 0.0016 0.0015 0.0003 
          35 187 0.0044 0.9808 0.0013 0.0126 0.0009 
          36 187 0.0011 0.9964 0.0015 0.0005 0.0006 
          37 187 0.0085 0.9880 0.0007 0.0014 0.0014 
          38 187 0.0399 0.8300 0.0246 0.1023 0.0032 
           1 188 0.0006 0.9936 0.0005 0.0022 0.0031 
           2 188 0.0005 0.9884 0.0017 0.0039 0.0054 
           3 188 0.0010 0.9558 0.0039 0.0349 0.0044 
           4 188 0.0004 0.9429 0.0078 0.0395 0.0093 
           5 188 0.0020 0.9944 0.0009 0.0007 0.0020 
           6 188 0.0009 0.9981 0.0003 0.0004 0.0003 
           7 188 0.0004 0.9980 0.0007 0.0006 0.0003 
           8 188 0.0002 0.9639 0.0005 0.0083 0.0271 
           9 188 0.0005 0.9801 0.0179 0.0012 0.0003 
          10 188 0.0011 0.9697 0.0003 0.0287 0.0002 
          11 188 0.0004 0.9976 0.0013 0.0002 0.0006 
          12 188 0.0481 0.9496 0.0008 0.0003 0.0012 
          13 188 0.0085 0.8935 0.0005 0.0906 0.0069 
          14 188 0.0039 0.9162 0.0003 0.0732 0.0064 
          15 188 0.0003 0.9967 0.0022 0.0005 0.0003 
          16 188 0.0006 0.9413 0.0003 0.0575 0.0005 
          17 188 0.0009 0.9970 0.0003 0.0009 0.0009 
          18 188 0.0469 0.9502 0.0004 0.0019 0.0006 
          19 188 0.0030 0.9937 0.0008 0.0019 0.0005 
          20 188 0.0051 0.8644 0.0015 0.1264 0.0025 
          21 188 0.0055 0.9801 0.0021 0.0116 0.0008 
          22 188 0.0112 0.9791 0.0062 0.0006 0.0029 
          23 188 0.0499 0.9457 0.0002 0.0023 0.0019 
          24 188 0.0353 0.9638 0.0004 0.0002 0.0002 
          25 188 0.0445 0.9508 0.0035 0.0008 0.0004 
          26 188 0.0009 0.9160 0.0006 0.0785 0.0040 
          27 188 0.0016 0.9457 0.0005 0.0011 0.0510 
          28 188 0.0002 0.9977 0.0005 0.0007 0.0009 
          29 188 0.0019 0.9026 0.0007 0.0945 0.0002 
          30 188 0.0010 0.9103 0.0005 0.0826 0.0056 
          31 188 0.0039 0.9905 0.0008 0.0040 0.0008 
          32 188 0.0004 0.9976 0.0006 0.0010 0.0004 
          33 188 0.0041 0.9918 0.0002 0.0036 0.0002 
          34 188 0.0060 0.9921 0.0004 0.0004 0.0012 
          35 188 0.0485 0.9316 0.0035 0.0152 0.0012 
          36 188 0.0010 0.8816 0.0013 0.0599 0.0562 
          37 188 0.0004 0.9968 0.0013 0.0010 0.0005 
          38 188 0.0011 0.9271 0.0009 0.0181 0.0528 
          39 188 0.0021 0.9281 0.0050 0.0642 0.0006 
          40 188 0.0006 0.9967 0.0005 0.0004 0.0019 
           7 189 0.0005 0.9950 0.0004 0.0013 0.0028 
           8 189 0.0006 0.9894 0.0003 0.0005 0.0091 
           9 189 0.0022 0.9928 0.0008 0.0011 0.0029 
          10 189 0.0003 0.9931 0.0004 0.0010 0.0053 
          11 189 0.0045 0.9745 0.0191 0.0005 0.0013 
          12 189 0.0007 0.9469 0.0017 0.0436 0.0071 
          13 189 0.0018 0.9964 0.0010 0.0004 0.0004 
          14 189 0.0036 0.9672 0.0002 0.0249 0.0042 
          16 189 0.0023 0.8296 0.0056 0.1618 0.0007 
          17 189 0.0010 0.9971 0.0011 0.0005 0.0003 
          18 189 0.0018 0.9511 0.0006 0.0419 0.0045 
          19 189 0.0065 0.9881 0.0026 0.0005 0.0024 
          20 189 0.0009 0.9513 0.0003 0.0370 0.0105 
          21 189 0.0008 0.9918 0.0005 0.0038 0.0031 
          23 189 0.0024 0.9955 0.0012 0.0004 0.0005 
          24 189 0.0006 0.9513 0.0018 0.0014 0.0449 
          25 189 0.0019 0.9920 0.0008 0.0040 0.0014 
          26 189 0.0018 0.9820 0.0028 0.0063 0.0072 
          27 189 0.0034 0.9921 0.0031 0.0007 0.0007 
          28 189 0.0003 0.9976 0.0015 0.0003 0.0002 
          29 189 0.0009 0.9880 0.0007 0.0005 0.0099 
          30 189 0.0122 0.9822 0.0016 0.0007 0.0032 
          31 189 0.0035 0.9950 0.0003 0.0003 0.0009 
          32 189 0.0003 0.9416 0.0008 0.0242 0.0330 
          33 189 0.0070 0.9897 0.0022 0.0004 0.0008 
          34 189 0.0003 0.9957 0.0032 0.0006 0.0002 
          35 189 0.0007 0.9981 0.0005 0.0003 0.0004 
          36 189 0.0010 0.9744 0.0004 0.0154 0.0088 
          37 189 0.0046 0.9934 0.0010 0.0005 0.0005 
          38 189 0.0026 0.9699 0.0050 0.0220 0.0005 
          39 189 0.0008 0.9724 0.0007 0.0007 0.0254 
          40 189 0.0014 0.8397 0.0011 0.1557 0.0021 
          41 189 0.0042 0.9849 0.0003 0.0052 0.0054 
          42 189 0.0037 0.7959 0.0175 0.1802 0.0027 
          43 189 0.0005 0.9936 0.0015 0.0042 0.0002 
           1 190 0.0006 0.8673 0.0014 0.1301 0.0006 
           3 190 0.0124 0.9820 0.0013 0.0041 0.0002 
           4 190 0.0006 0.9967 0.0012 0.0010 0.0005 
           5 190 0.0007 0.9694 0.0004 0.0285 0.0010 
           6 190 0.0010 0.9968 0.0009 0.0004 0.0008 
           7 190 0.0016 0.9967 0.0002 0.0005 0.0010 
           8 190 0.0368 0.9505 0.0016 0.0051 0.0060 
           9 190 0.0884 0.5248 0.0125 0.2621 0.1122 
          10 190 0.0004 0.9974 0.0008 0.0008 0.0005 
          11 190 0.0005 0.9733 0.0146 0.0047 0.0070 
          12 190 0.0009 0.9964 0.0015 0.0005 0.0007 
          13 190 0.0003 0.9973 0.0008 0.0011 0.0005 
          14 190 0.0005 0.9941 0.0034 0.0008 0.0012 
          15 190 0.0017 0.9528 0.0326 0.0124 0.0006 
          16 190 0.0005 0.9952 0.0002 0.0014 0.0026 
          17 190 0.0008 0.9896 0.0042 0.0007 0.0048 
          18 190 0.0038 0.9585 0.0003 0.0362 0.0012 
          19 190 0.0008 0.9972 0.0008 0.0006 0.0006 
          20 190 0.0079 0.9904 0.0006 0.0006 0.0004 
          22 190 0.0010 0.8697 0.0006 0.0900 0.0387 
          23 190 0.0007 0.9906 0.0006 0.0014 0.0065 
          24 190 0.0008 0.9204 0.0006 0.0775 0.0007 
          25 190 0.0004 0.9946 0.0006 0.0024 0.0020 
          26 190 0.0016 0.9959 0.0018 0.0003 0.0003 
          27 190 0.0006 0.9803 0.0164 0.0023 0.0004 
          28 190 0.0006 0.9898 0.0056 0.0026 0.0013 
          29 190 0.0003 0.9895 0.0003 0.0053 0.0046 
          31 190 0.0002 0.9650 0.0006 0.0057 0.0284 
           7 191 0.0007 0.9981 0.0003 0.0006 0.0004 
           8 191 0.0005 0.9947 0.0005 0.0008 0.0036 
           9 191 0.0005 0.9981 0.0004 0.0004 0.0006 
          10 191 0.0042 0.9944 0.0003 0.0007 0.0003 
          11 191 0.0005 0.9943 0.0006 0.0006 0.0040 
          12 191 0.0004 0.8993 0.0716 0.0281 0.0006 
          13 191 0.0010 0.9945 0.0007 0.0029 0.0010 
          14 191 0.0003 0.9918 0.0010 0.0029 0.0040 
          15 191 0.0021 0.9164 0.0009 0.0799 0.0007 
          16 191 0.0026 0.9946 0.0009 0.0010 0.0009 
          17 191 0.0468 0.8910 0.0014 0.0430 0.0179 
          18 191 0.0007 0.9947 0.0006 0.0004 0.0035 
          19 191 0.0050 0.9781 0.0018 0.0050 0.0102 
          20 191 0.0018 0.9852 0.0002 0.0101 0.0027 
          21 191 0.0218 0.9435 0.0033 0.0304 0.0010 
          22 191 0.0006 0.9966 0.0004 0.0009 0.0015 
          23 191 0.0008 0.9917 0.0006 0.0065 0.0003 
          24 191 0.0003 0.9974 0.0003 0.0014 0.0006 
          25 191 0.0007 0.9750 0.0012 0.0213 0.0018 
          26 191 0.0019 0.8874 0.0006 0.0979 0.0122 
          27 191 0.0006 0.9969 0.0010 0.0008 0.0007 
          28 191 0.0041 0.9922 0.0004 0.0004 0.0028 
          29 191 0.0157 0.9820 0.0007 0.0008 0.0007 
          30 191 0.0003 0.9979 0.0007 0.0009 0.0002 
          39 191 0.0004 0.9763 0.0196 0.0005 0.0031 
          40 191 0.0003 0.9972 0.0005 0.0008 0.0012 
          41 191 0.0038 0.9331 0.0005 0.0617 0.0009 
          42 191 0.0003 0.9984 0.0006 0.0003 0.0004 
          43 191 0.0005 0.9405 0.0012 0.0575 0.0003 
          44 191 0.0051 0.9859 0.0002 0.0034 0.0054 
          45 191 0.0028 0.9914 0.0041 0.0006 0.0011 
          46 191 0.0104 0.8585 0.0003 0.1297 0.0010 
          47 191 0.0014 0.9917 0.0009 0.0046 0.0013 
          48 191 0.0010 0.9939 0.0036 0.0006 0.0010 
          49 191 0.0115 0.9747 0.0044 0.0012 0.0082 
          50 191 0.0007 0.9970 0.0007 0.0007 0.0008 
           9 192 0.0002 0.9987 0.0003 0.0003 0.0004 
          10 192 0.0002 0.9953 0.0014 0.0012 0.0019 
          11 192 0.0044 0.9546 0.0009 0.0399 0.0002 
          12 192 0.0005 0.9965 0.0005 0.0017 0.0008 
          13 192 0.0006 0.9079 0.0004 0.0525 0.0386 
          14 192 0.0686 0.9184 0.0005 0.0120 0.0004 
          15 192 0.0011 0.9959 0.0017 0.0003 0.0010 
          16 192 0.0006 0.9903 0.0004 0.0005 0.0083 
          17 192 0.0014 0.9690 0.0095 0.0084 0.0118 
          18 192 0.0008 0.9939 0.0005 0.0044 0.0004 
          19 192 0.0005 0.9920 0.0022 0.0010 0.0043 
          20 192 0.0010 0.9584 0.0189 0.0212 0.0005 
          21 192 0.0004 0.9916 0.0073 0.0003 0.0005 
          22 192 0.0121 0.9714 0.0023 0.0026 0.0116 
          23 192 0.0036 0.8904 0.0008 0.1050 0.0003 
          24 192 0.0003 0.9932 0.0025 0.0005 0.0035 
          33 192 0.0007 0.9108 0.0139 0.0739 0.0006 
          35 192 0.0018 0.9876 0.0092 0.0006 0.0008 
          36 192 0.0004 0.9979 0.0008 0.0005 0.0004 
          37 192 0.0010 0.9974 0.0007 0.0004 0.0005 
          38 192 0.0008 0.9588 0.0003 0.0371 0.0030 
          39 192 0.0005 0.9970 0.0006 0.0010 0.0009 
          40 192 0.0002 0.9229 0.0002 0.0731 0.0036 
          41 192 0.0010 0.9492 0.0002 0.0415 0.0081 
          42 192 0.0052 0.9490 0.0003 0.0436 0.0020 
          43 192 0.0023 0.9933 0.0028 0.0005 0.0011 
          45 192 0.0009 0.9957 0.0027 0.0004 0.0003 
          46 192 0.0014 0.9748 0.0211 0.0006 0.0020 
          47 192 0.0008 0.9975 0.0003 0.0009 0.0005 
          48 192 0.0007 0.9977 0.0003 0.0005 0.0008 
          49 192 0.0008 0.9426 0.0027 0.0067 0.0471 
          50 192 0.0006 0.9974 0.0006 0.0010 0.0005 
