        001s  1 0.9988 0.0012 
        002s  1 0.9955 0.0045 
        003s  1 0.9923 0.0077 
        004s  1 0.9425 0.0575 
        005s  1 0.5721 0.4279 
        006s  1 0.9981 0.0019 
        007s  1 0.9961 0.0039 
        008s  1 0.9908 0.0092 
        009s  1 0.9214 0.0786 
        010s  1 0.9902 0.0098 
        011s  1 0.9927 0.0073 
        012s  1 0.8625 0.1375 
        013s  1 0.9542 0.0458 
        014s  1 0.9594 0.0406 
        015s  1 0.9985 0.0015 
        016s  1 0.9955 0.0045 
        018s  1 0.8587 0.1413 
        019s  1 0.9906 0.0094 
        020s  1 0.9988 0.0012 
        021s  1 0.9973 0.0027 
        022s  1 0.9992 0.0008 
        023s  1 0.9988 0.0012 
        024s  1 0.9966 0.0034 
        025s  1 0.9825 0.0175 
        026s  1 0.9969 0.0031 
        027s  1 0.9786 0.0214 
        028s  1 0.8880 0.1120 
        029s  1 0.9979 0.0021 
        030s  1 0.9914 0.0086 
        031s  1 0.9992 0.0008 
        032s  1 0.9980 0.0020 
        033s  1 0.9887 0.0113 
        034s  1 0.9935 0.0065 
        035s  1 0.9937 0.0063 
        036s  1 0.9181 0.0819 
        037s  1 0.8613 0.1387 
        038s  1 0.9963 0.0037 
        039s  1 0.9914 0.0086 
        040s  1 0.9934 0.0066 
        041s  1 0.9966 0.0034 
        042s  1 0.9263 0.0737 
        043s  1 0.9695 0.0305 
        044s  1 0.8825 0.1175 
        045s  1 0.9886 0.0114 
        046s  1 0.9975 0.0025 
        047s  1 0.9986 0.0014 
        048s  1 0.9866 0.0134 
        049s  1 0.9974 0.0026 
        050s  1 0.8979 0.1021 
        051s  1 0.9984 0.0016 
        052s  1 0.9588 0.0412 
        053s  1 0.9969 0.0031 
        054s  1 0.9984 0.0016 
        055s  1 0.8986 0.1014 
          01  2 0.8777 0.1223 
          02  2 0.9660 0.0340 
          03  2 0.9962 0.0038 
          04  2 0.9555 0.0445 
          05  2 0.9005 0.0995 
          06  2 0.9535 0.0465 
          07  2 0.9715 0.0285 
          08  2 0.9440 0.0560 
          09  2 0.9988 0.0012 
          10  2 0.9966 0.0034 
          11  2 0.9873 0.0127 
          12  2 0.9974 0.0026 
          13  2 0.9987 0.0013 
          14  2 0.9964 0.0036 
          15  2 0.9984 0.0016 
          16  2 0.9429 0.0571 
          17  2 0.9932 0.0068 
          18  2 0.9567 0.0433 
          19  2 0.9980 0.0020 
          20  2 0.9204 0.0796 
          21  2 0.9974 0.0026 
          22  2 0.9858 0.0142 
          23  2 0.9939 0.0061 
          24  2 0.9983 0.0017 
          25  2 0.9498 0.0502 
          26  2 0.9980 0.0020 
          27  2 0.9721 0.0279 
          28  2 0.9984 0.0016 
          29  2 0.9976 0.0024 
          30  2 0.8506 0.1494 
          01  3 0.3724 0.6276 
          02  3 0.2028 0.7972 
          03  3 0.3859 0.6141 
          04  3 0.2052 0.7948 
          05  3 0.2270 0.7730 
          06  3 0.0916 0.9084 
          07  3 0.4020 0.5980 
          08  3 0.3197 0.6803 
          09  3 0.3335 0.6665 
          10  3 0.3767 0.6233 
          11  3 0.3065 0.6935 
          12  3 0.2923 0.7077 
          13  3 0.0373 0.9627 
          14  3 0.2242 0.7758 
          15  3 0.3626 0.6374 
          16  3 0.0838 0.9162 
          17  3 0.4371 0.5629 
          18  3 0.4457 0.5543 
          19  3 0.1735 0.8265 
          20  3 0.2465 0.7535 
          21  3 0.2594 0.7406 
          22  3 0.3203 0.6797 
          23  3 0.2513 0.7487 
          24  3 0.2467 0.7533 
          25  3 0.3441 0.6559 
          26  3 0.2456 0.7544 
          27  3 0.3699 0.6301 
          28  3 0.1071 0.8929 
          29  3 0.1961 0.8039 
          30  3 0.3307 0.6693 
         001  4 0.0821 0.9179 
         002  4 0.1366 0.8634 
         003  4 0.1255 0.8745 
         004  4 0.0220 0.9780 
         005  4 0.1142 0.8858 
         006  4 0.1166 0.8834 
         007  4 0.1695 0.8305 
         008  4 0.1710 0.8290 
         009  4 0.0818 0.9182 
         010  4 0.0011 0.9989 
         011  4 0.1583 0.8417 
         012  4 0.1377 0.8623 
         013  4 0.0501 0.9499 
         014  4 0.1256 0.8744 
         015  4 0.0018 0.9982 
         016  4 0.0499 0.9501 
         017  4 0.0948 0.9052 
         019  4 0.0946 0.9054 
         020  4 0.1557 0.8443 
         021  4 0.1087 0.8913 
         001  5 0.1521 0.8479 
         002  5 0.2065 0.7935 
         003  5 0.2960 0.7040 
         004  5 0.2221 0.7779 
         005  5 0.1303 0.8697 
         006  5 0.1083 0.8917 
         007  5 0.0854 0.9146 
         008  5 0.0779 0.9221 
         009  5 0.2214 0.7786 
         010  5 0.1443 0.8557 
         011  5 0.1476 0.8524 
         012  5 0.1675 0.8325 
         013  5 0.3168 0.6832 
         014  5 0.3232 0.6768 
         015  5 0.0719 0.9281 
         016  5 0.1219 0.8781 
         017  5 0.1875 0.8125 
         018  5 0.2285 0.7715 
         019  5 0.1486 0.8514 
         020  5 0.1343 0.8657 
         021  5 0.3182 0.6818 
         022  5 0.2310 0.7690 
         023  5 0.0719 0.9281 
         024  5 0.2231 0.7769 
         025  5 0.1844 0.8156 
         026  5 0.2859 0.7141 
         027  5 0.0984 0.9016 
         028  5 0.1809 0.8191 
         029  5 0.1230 0.8770 
         030  5 0.1712 0.8288 
        001s  6 0.9636 0.0364 
        002s  6 0.9704 0.0296 
        003s  6 0.9894 0.0106 
        004s  6 0.9988 0.0012 
        006s  6 0.9030 0.0970 
        007s  6 0.9968 0.0032 
        008s  6 0.9951 0.0049 
        009s  6 0.9989 0.0011 
        010s  6 0.9537 0.0463 
        011s  6 0.9959 0.0041 
        012s  6 0.9958 0.0042 
        013s  6 0.9969 0.0031 
        014s  6 0.9436 0.0564 
        015s  6 0.9569 0.0431 
        016s  6 0.9978 0.0022 
        018s  6 0.7598 0.2402 
        019s  6 0.9706 0.0294 
        020s  6 0.9987 0.0013 
        021s  6 0.9749 0.0251 
        022s  6 0.9983 0.0017 
        023s  6 0.9871 0.0129 
        024s  6 0.9610 0.0390 
        025s  6 0.9903 0.0097 
        026s  6 0.9983 0.0017 
        027s  6 0.9980 0.0020 
        028s  6 0.9388 0.0612 
        029s  6 0.9988 0.0012 
        030s  6 0.9340 0.0660 
        031s  6 0.9896 0.0104 
        032s  6 0.9783 0.0217 
        033s  6 0.9522 0.0478 
        034s  6 0.9924 0.0076 
        035s  6 0.8800 0.1200 
        036s  6 0.9918 0.0082 
        037s  6 0.9971 0.0029 
        038s  6 0.9980 0.0020 
        039s  6 0.9990 0.0010 
        040s  6 0.9979 0.0021 
        041s  6 0.9954 0.0046 
        042s  6 0.9803 0.0197 
        043s  6 0.9970 0.0030 
        044s  6 0.9979 0.0021 
        045s  6 0.9963 0.0037 
        001s  7 0.9973 0.0027 
        002s  7 0.9758 0.0242 
        003s  7 0.9929 0.0071 
        004s  7 0.9922 0.0078 
        005s  7 0.9720 0.0280 
        006s  7 0.9405 0.0595 
        007s  7 0.9693 0.0307 
        008s  7 0.9923 0.0077 
        009s  7 0.9880 0.0120 
        010s  7 0.9982 0.0018 
        011s  7 0.9982 0.0018 
        012s  7 0.9985 0.0015 
        013s  7 0.9962 0.0038 
        014s  7 0.9805 0.0195 
        015s  7 0.9785 0.0215 
        016s  7 0.9371 0.0629 
        017s  7 0.9969 0.0031 
        018s  7 0.9960 0.0040 
        019s  7 0.9921 0.0079 
        020s  7 0.9974 0.0026 
        021s  7 0.9968 0.0032 
        022s  7 0.9882 0.0118 
        023s  7 0.9783 0.0217 
        024s  7 0.9969 0.0031 
        025s  7 0.9921 0.0079 
        026s  7 0.9981 0.0019 
        027s  7 0.9960 0.0040 
        028s  7 0.9911 0.0089 
        029s  7 0.9877 0.0123 
        030s  7 0.9987 0.0013 
        031s  7 0.9925 0.0075 
        032s  7 0.9293 0.0707 
        033s  7 0.9651 0.0349 
        034s  7 0.9562 0.0438 
        035s  7 0.9990 0.0010 
        036s  7 0.9961 0.0039 
        037s  7 0.9173 0.0827 
        038s  7 0.9896 0.0104 
        039s  7 0.9990 0.0010 
        040s  7 0.9285 0.0715 
        041s  7 0.9835 0.0165 
        042s  7 0.9936 0.0064 
        043s  7 0.9986 0.0014 
        044s  7 0.9105 0.0895 
         003  8 0.9888 0.0112 
         009  8 0.9974 0.0026 
         010  8 0.9992 0.0008 
         017  8 0.9976 0.0024 
         002  9 0.9985 0.0015 
         003  9 0.9993 0.0007 
         004  9 0.9993 0.0007 
         005  9 0.9981 0.0019 
         006  9 0.9967 0.0033 
         007  9 0.9975 0.0025 
         009  9 0.9985 0.0015 
         010  9 0.9991 0.0009 
         013  9 0.9974 0.0026 
         014  9 0.9991 0.0009 
         016  9 0.9994 0.0006 
         018  9 0.9968 0.0032 
         019  9 0.9978 0.0022 
         020  9 0.9989 0.0011 
         021  9 0.9991 0.0009 
         022  9 0.9989 0.0011 
         024  9 0.9987 0.0013 
         028  9 0.9983 0.0017 
         029  9 0.9990 0.0010 
         030  9 0.9989 0.0011 
         031  9 0.9978 0.0022 
         033  9 0.9958 0.0042 
         001 10 0.9988 0.0012 
         002 10 0.9992 0.0008 
         003 10 0.9986 0.0014 
         004 10 0.9991 0.0009 
         005 10 0.9988 0.0012 
         006 10 0.9977 0.0023 
         007 10 0.9986 0.0014 
         008 10 0.9976 0.0024 
         009 10 0.9975 0.0025 
         010 10 0.9985 0.0015 
         011 10 0.9970 0.0030 
         012 10 0.9973 0.0027 
         013 10 0.9982 0.0018 
         014 10 0.9980 0.0020 
         016 10 0.9977 0.0023 
         017 10 0.9977 0.0023 
         018 10 0.9935 0.0065 
         019 10 0.9986 0.0014 
         020 10 0.9964 0.0036 
         021 10 0.9985 0.0015 
         022 10 0.9988 0.0012 
         023 10 0.9989 0.0011 
         024 10 0.9993 0.0007 
         026 10 0.9986 0.0014 
        001s 11 0.9254 0.0746 
        002s 11 0.9944 0.0056 
        003s 11 0.9945 0.0055 
        004s 11 0.9980 0.0020 
        005s 11 0.9965 0.0035 
        006s 11 0.9825 0.0175 
        007s 11 0.9283 0.0717 
        008s 11 0.9987 0.0013 
        009s 11 0.9989 0.0011 
        010s 11 0.9978 0.0022 
        011s 11 0.8793 0.1207 
        012s 11 0.9191 0.0809 
        013s 11 0.9972 0.0028 
        014s 11 0.9699 0.0301 
        015s 11 0.9908 0.0092 
        016s 11 0.9710 0.0290 
        017s 11 0.9292 0.0708 
        018s 11 0.9882 0.0118 
        019s 11 0.9970 0.0030 
        020s 11 0.9947 0.0053 
        021s 11 0.9983 0.0017 
        022s 11 0.9687 0.0313 
        023s 11 0.9791 0.0209 
        025s 11 0.9987 0.0013 
        026s 11 0.9747 0.0253 
        027s 11 0.9948 0.0052 
        028s 11 0.9901 0.0099 
        029s 11 0.9768 0.0232 
        030s 11 0.9569 0.0431 
        031s 11 0.9987 0.0013 
        032s 11 0.9985 0.0015 
        033s 11 0.9947 0.0053 
        034s 11 0.9945 0.0055 
        035s 11 0.9909 0.0091 
        036s 11 0.9735 0.0265 
        037s 11 0.9968 0.0032 
        038s 11 0.9958 0.0042 
        039s 11 0.9982 0.0018 
        040s 11 0.9171 0.0829 
        041s 11 0.9962 0.0038 
        042s 11 0.9970 0.0030 
        043s 11 0.9642 0.0358 
        044s 11 0.9965 0.0035 
        045s 11 0.9971 0.0029 
        046s 11 0.9604 0.0396 
        047s 11 0.9965 0.0035 
        048s 11 0.9761 0.0239 
        049s 11 0.9977 0.0023 
        050s 11 0.9982 0.0018 
        051s 11 0.9872 0.0128 
        052s 11 0.9864 0.0136 
        053s 11 0.9988 0.0012 
        054s 11 0.9903 0.0097 
        055s 11 0.9429 0.0571 
        001s 12 0.9869 0.0131 
        002s 12 0.9979 0.0021 
        003s 12 0.9985 0.0015 
        004s 12 0.9763 0.0237 
        005s 12 0.9983 0.0017 
        006s 12 0.9468 0.0532 
        007s 12 0.9955 0.0045 
        008s 12 0.9799 0.0201 
        009s 12 0.9672 0.0328 
        010s 12 0.9366 0.0634 
        011s 12 0.9930 0.0070 
        012s 12 0.9870 0.0130 
        013s 12 0.9978 0.0022 
        014s 12 0.9379 0.0621 
        015s 12 0.9932 0.0068 
        016s 12 0.9982 0.0018 
        017s 12 0.9923 0.0077 
        018s 12 0.9977 0.0023 
        019s 12 0.9958 0.0042 
        020s 12 0.9409 0.0591 
        021s 12 0.9955 0.0045 
        022s 12 0.9549 0.0451 
        023s 12 0.9987 0.0013 
        024s 12 0.9985 0.0015 
        025s 12 0.9836 0.0164 
        026s 12 0.9826 0.0174 
        027s 12 0.9934 0.0066 
        028s 12 0.9971 0.0029 
        029s 12 0.9983 0.0017 
        030s 12 0.9961 0.0039 
        031s 12 0.9923 0.0077 
        032s 12 0.9987 0.0013 
        033s 12 0.9874 0.0126 
        034s 12 0.9987 0.0013 
        035s 12 0.9824 0.0176 
        036s 12 0.9725 0.0275 
        037s 12 0.9984 0.0016 
        001s 13 0.9900 0.0100 
        002s 13 0.9298 0.0702 
        003s 13 0.9982 0.0018 
        004s 13 0.9983 0.0017 
        005s 13 0.9784 0.0216 
        006s 13 0.9959 0.0041 
        007s 13 0.9688 0.0312 
        008s 13 0.9435 0.0565 
        009s 13 0.8798 0.1202 
        010s 13 0.9398 0.0602 
        011s 13 0.9419 0.0581 
        012s 13 0.9311 0.0689 
        013s 13 0.9386 0.0614 
        014s 13 0.9685 0.0315 
        015s 13 0.9925 0.0075 
        016s 13 0.9989 0.0011 
        017s 13 0.9419 0.0581 
        018s 13 0.9985 0.0015 
        019s 13 0.9973 0.0027 
        020s 13 0.9877 0.0123 
        021s 13 0.9983 0.0017 
        022s 13 0.9961 0.0039 
        023s 13 0.9979 0.0021 
        024s 13 0.9464 0.0536 
        025s 13 0.9976 0.0024 
        026s 13 0.8908 0.1092 
        027s 13 0.9523 0.0477 
        028s 13 0.9507 0.0493 
        029s 13 0.9766 0.0234 
        030s 13 0.9425 0.0575 
        031s 13 0.9587 0.0413 
        032s 13 0.9967 0.0033 
        033s 13 0.9402 0.0598 
        034s 13 0.9370 0.0630 
        035s 13 0.9976 0.0024 
        036s 13 0.9965 0.0035 
        037s 13 0.9985 0.0015 
        038s 13 0.9940 0.0060 
        039s 13 0.8900 0.1100 
        040s 13 0.9961 0.0039 
        041s 13 0.9252 0.0748 
        042s 13 0.9979 0.0021 
        001s 14 0.9787 0.0213 
        002s 14 0.9279 0.0721 
        003s 14 0.9979 0.0021 
        004s 14 0.9585 0.0415 
        005s 14 0.9992 0.0008 
        006s 14 0.9984 0.0016 
        007s 14 0.9973 0.0027 
        008s 14 0.9065 0.0935 
        009s 14 0.9952 0.0048 
        010s 14 0.9774 0.0226 
        011s 14 0.9327 0.0673 
        012s 14 0.9961 0.0039 
        013s 14 0.9931 0.0069 
        014s 14 0.9777 0.0223 
        015s 14 0.9976 0.0024 
        016s 14 0.9981 0.0019 
        017s 14 0.9180 0.0820 
        018s 14 0.9982 0.0018 
        019s 14 0.9936 0.0064 
        020s 14 0.9985 0.0015 
        021s 14 0.9968 0.0032 
        022s 14 0.9778 0.0222 
        023s 14 0.9929 0.0071 
        024s 14 0.9412 0.0588 
        025s 14 0.9896 0.0104 
        026s 14 0.9988 0.0012 
        027s 14 0.9962 0.0038 
        028s 14 0.9958 0.0042 
        029s 14 0.9992 0.0008 
        030s 14 0.9894 0.0106 
        031s 14 0.9926 0.0074 
        032s 14 0.9963 0.0037 
        033s 14 0.9589 0.0411 
        034s 14 0.9991 0.0009 
        035s 14 0.8370 0.1630 
        036s 14 0.8818 0.1182 
        037s 14 0.9979 0.0021 
        038s 14 0.9974 0.0026 
        039s 14 0.9906 0.0094 
        040s 14 0.9900 0.0100 
        041s 14 0.9966 0.0034 
        042s 14 0.9554 0.0446 
        001s 15 0.9979 0.0021 
        002s 15 0.8970 0.1030 
        003s 15 0.9865 0.0135 
        004s 15 0.9984 0.0016 
        005s 15 0.9676 0.0324 
        006s 15 0.9798 0.0202 
        007s 15 0.9989 0.0011 
        008s 15 0.9985 0.0015 
        009s 15 0.9344 0.0656 
        010s 15 0.9981 0.0019 
        011s 15 0.9318 0.0682 
        012s 15 0.9880 0.0120 
        013s 15 0.9982 0.0018 
        014s 15 0.9939 0.0061 
        015s 15 0.9090 0.0910 
        016s 15 0.9057 0.0943 
        017s 15 0.9957 0.0043 
        018s 15 0.9983 0.0017 
        019s 15 0.9934 0.0066 
        020s 15 0.9979 0.0021 
        021s 15 0.9279 0.0721 
        022s 15 0.9956 0.0044 
        023s 15 0.9591 0.0409 
        024s 15 0.9938 0.0062 
        025s 15 0.9767 0.0233 
        026s 15 0.9952 0.0048 
        027s 15 0.9731 0.0269 
        028s 15 0.9974 0.0026 
        029s 15 0.9974 0.0026 
        030s 15 0.9989 0.0011 
        031s 15 0.9356 0.0644 
        032s 15 0.9991 0.0009 
        033s 15 0.9475 0.0525 
        035s 15 0.9874 0.0126 
        036s 15 0.9961 0.0039 
        037s 15 0.9900 0.0100 
        038s 15 0.9931 0.0069 
        039s 15 0.9544 0.0456 
        040s 15 0.9863 0.0137 
        041s 15 0.9118 0.0882 
        042s 15 0.9959 0.0041 
        043s 15 0.9821 0.0179 
        044s 15 0.9916 0.0084 
        045s 15 0.9306 0.0694 
        046s 15 0.9525 0.0475 
        047s 15 0.9600 0.0400 
        048s 15 0.9978 0.0022 
        049s 15 0.9723 0.0277 
        050s 15 0.8879 0.1121 
         001 16 0.8080 0.1920 
         002 16 0.9559 0.0441 
         003 16 0.9746 0.0254 
         004 16 0.9966 0.0034 
         005 16 0.9239 0.0761 
         006 16 0.9634 0.0366 
         007 16 0.9932 0.0068 
         008 16 0.8584 0.1416 
         009 16 0.9973 0.0027 
         010 16 0.9851 0.0149 
         011 16 0.9837 0.0163 
         012 16 0.9957 0.0043 
         013 16 0.9979 0.0021 
         014 16 0.9672 0.0328 
         015 16 0.9545 0.0455 
         016 16 0.9978 0.0022 
         017 16 0.9657 0.0343 
         018 16 0.9365 0.0635 
         019 16 0.9237 0.0763 
         020 16 0.9988 0.0012 
         021 16 0.8677 0.1323 
         022 16 0.9926 0.0074 
         023 16 0.9793 0.0207 
         024 16 0.9931 0.0069 
         025 16 0.9176 0.0824 
         026 16 0.8882 0.1118 
         027 16 0.9922 0.0078 
         028 16 0.8342 0.1658 
         029 16 0.9483 0.0517 
         030 16 0.9940 0.0060 
         031 16 0.9961 0.0039 
         032 16 0.9201 0.0799 
         033 16 0.9977 0.0023 
         034 16 0.9838 0.0162 
         035 16 0.9990 0.0010 
         036 16 0.9985 0.0015 
         037 16 0.9334 0.0666 
         038 16 0.9933 0.0067 
         039 16 0.9978 0.0022 
         040 16 0.9949 0.0051 
         041 16 0.9976 0.0024 
         042 16 0.9962 0.0038 
         043 16 0.9978 0.0022 
         044 16 0.9907 0.0093 
         045 16 0.9804 0.0196 
         047 16 0.9456 0.0544 
         048 16 0.9873 0.0127 
         049 16 0.9967 0.0033 
         050 16 0.9979 0.0021 
         051 16 0.9940 0.0060 
         052 16 0.9992 0.0008 
         053 16 0.9988 0.0012 
         054 16 0.9452 0.0548 
         055 16 0.9155 0.0845 
         056 16 0.9978 0.0022 
         057 16 0.9387 0.0613 
         058 16 0.8863 0.1137 
         059 16 0.8708 0.1292 
         060 16 0.9936 0.0064 
         061 16 0.9946 0.0054 
         062 16 0.9925 0.0075 
         063 16 0.9951 0.0049 
         064 16 0.9985 0.0015 
         065 16 0.9893 0.0107 
         066 16 0.9988 0.0012 
         067 16 0.9846 0.0154 
         068 16 0.9835 0.0165 
         069 16 0.9977 0.0023 
         070 16 0.9908 0.0092 
         071 16 0.9004 0.0996 
         072 16 0.9902 0.0098 
         073 16 0.9942 0.0058 
         074 16 0.9983 0.0017 
         075 16 0.9482 0.0518 
         076 16 0.9970 0.0030 
         077 16 0.9326 0.0674 
         078 16 0.9864 0.0136 
         079 16 0.9029 0.0971 
         080 16 0.9978 0.0022 
         081 16 0.9326 0.0674 
         082 16 0.9498 0.0502 
         083 16 0.9974 0.0026 
         084 16 0.9921 0.0079 
         085 16 0.9970 0.0030 
         086 16 0.8789 0.1211 
         087 16 0.9720 0.0280 
         088 16 0.9985 0.0015 
         089 16 0.9884 0.0116 
         090 16 0.9916 0.0084 
         091 16 0.9953 0.0047 
         092 16 0.9753 0.0247 
         093 16 0.9973 0.0027 
         094 16 0.9850 0.0150 
         095 16 0.9988 0.0012 
         096 16 0.9701 0.0299 
         097 16 0.8796 0.1204 
         098 16 0.9973 0.0027 
         099 16 0.9988 0.0012 
         100 16 0.9979 0.0021 
         101 16 0.9786 0.0214 
         102 16 0.9932 0.0068 
         103 16 0.9928 0.0072 
         104 16 0.9953 0.0047 
         105 16 0.8869 0.1131 
         106 16 0.9966 0.0034 
         107 16 0.9910 0.0090 
         108 16 0.8665 0.1335 
         109 16 0.9557 0.0443 
         110 16 0.9988 0.0012 
         111 16 0.9661 0.0339 
         112 16 0.9745 0.0255 
         113 16 0.9330 0.0670 
         114 16 0.9910 0.0090 
         115 16 0.9985 0.0015 
         116 16 0.9845 0.0155 
         117 16 0.9686 0.0314 
         118 16 0.9958 0.0042 
         119 16 0.9936 0.0064 
         120 16 0.9940 0.0060 
         121 16 0.9903 0.0097 
         122 16 0.9989 0.0011 
         123 16 0.9904 0.0096 
         124 16 0.9855 0.0145 
         126 16 0.8585 0.1415 
         001 17 0.9943 0.0057 
         002 17 0.9963 0.0037 
         003 17 0.9984 0.0016 
         005 17 0.9986 0.0014 
         006 17 0.9430 0.0570 
         007 17 0.8526 0.1474 
         008 17 0.8713 0.1287 
         009 17 0.9990 0.0010 
         010 17 0.9973 0.0027 
         011 17 0.8177 0.1823 
         012 17 0.9947 0.0053 
         013 17 0.9992 0.0008 
         014 17 0.9985 0.0015 
         015 17 0.9915 0.0085 
         016 17 0.9973 0.0027 
         017 17 0.9930 0.0070 
         018 17 0.9614 0.0386 
         019 17 0.9991 0.0009 
         020 17 0.9964 0.0036 
         021 17 0.9987 0.0013 
         022 17 0.9358 0.0642 
         023 17 0.9953 0.0047 
         024 17 0.9121 0.0879 
         025 17 0.9981 0.0019 
         002 18 0.9987 0.0013 
         003 18 0.9990 0.0010 
         004 18 0.9654 0.0346 
         005 18 0.9914 0.0086 
         006 18 0.9989 0.0011 
         007 18 0.9902 0.0098 
         008 18 0.9986 0.0014 
         009 18 0.9649 0.0351 
         010 18 0.9972 0.0028 
         011 18 0.9977 0.0023 
         012 18 0.9841 0.0159 
         015 18 0.9965 0.0035 
         016 18 0.9858 0.0142 
         018 18 0.9988 0.0012 
         026 18 0.9941 0.0059 
         027 18 0.9991 0.0009 
         028 18 0.9966 0.0034 
         029 18 0.9965 0.0035 
         031 18 0.9003 0.0997 
         032 18 0.9984 0.0016 
         033 18 0.9976 0.0024 
         035 18 0.9970 0.0030 
         036 18 0.9978 0.0022 
         037 18 0.9792 0.0208 
         038 18 0.9512 0.0488 
         039 18 0.9989 0.0011 
         044 18 0.8656 0.1344 
         046 18 0.9962 0.0038 
         049 18 0.9982 0.0018 
         053 18 0.9948 0.0052 
         054 18 0.9823 0.0177 
         056 18 0.9811 0.0189 
         057 18 0.9975 0.0025 
         058 18 0.9968 0.0032 
        001s 19 0.9363 0.0637 
        002s 19 0.9942 0.0058 
        003s 19 0.9914 0.0086 
        004s 19 0.9925 0.0075 
        005s 19 0.9276 0.0724 
        006s 19 0.9943 0.0057 
        007s 19 0.9572 0.0428 
        008s 19 0.9406 0.0594 
        009s 19 0.9949 0.0051 
        010s 19 0.9844 0.0156 
        011s 19 0.9965 0.0035 
        012s 19 0.9904 0.0096 
        013s 19 0.9713 0.0287 
        014s 19 0.9153 0.0847 
        015s 19 0.9951 0.0049 
        016s 19 0.9917 0.0083 
        017s 19 0.9549 0.0451 
        018s 19 0.9944 0.0056 
        019s 19 0.9061 0.0939 
        020s 19 0.9159 0.0841 
        021s 19 0.9884 0.0116 
        022s 19 0.9771 0.0229 
        023s 19 0.9940 0.0060 
        024s 19 0.9986 0.0014 
        025s 19 0.9036 0.0964 
        026s 19 0.9740 0.0260 
        027s 19 0.9937 0.0063 
        028s 19 0.9861 0.0139 
        029s 19 0.9988 0.0012 
        030s 19 0.9907 0.0093 
        031s 19 0.9912 0.0088 
        032s 19 0.9964 0.0036 
        033s 19 0.9985 0.0015 
        034s 19 0.9968 0.0032 
        035s 19 0.9714 0.0286 
        036s 19 0.9979 0.0021 
        037s 19 0.9988 0.0012 
        038s 19 0.9935 0.0065 
        039s 19 0.9981 0.0019 
        040s 19 0.9857 0.0143 
        041s 19 0.9987 0.0013 
        042s 19 0.9906 0.0094 
        043s 19 0.9468 0.0532 
        044s 19 0.9986 0.0014 
        045s 19 0.9988 0.0012 
        046s 19 0.9911 0.0089 
        047s 19 0.9905 0.0095 
        048s 19 0.8989 0.1011 
        049s 19 0.9584 0.0416 
        050s 19 0.9983 0.0017 
        051s 19 0.9254 0.0746 
        052s 19 0.9969 0.0031 
      LIW2-4 20 0.9953 0.0047 
     LIW2-12 21 0.9961 0.0039 
     LIW2-20 22 0.9959 0.0041 
     LIW2-28 23 0.9325 0.0675 
      LIW1-5 24 0.9969 0.0031 
     LIW1-13 25 0.9184 0.0816 
     LIW1-21 26 0.9900 0.0100 
     LIW1-29 27 0.9554 0.0446 
      LIW2-5 28 0.9976 0.0024 
     LIW2-34 29 0.9989 0.0011 
     LIW2-21 30 0.9033 0.0967 
     LIW2-29 31 0.8145 0.1855 
      LIW1-6 32 0.9981 0.0019 
     LIW1-14 33 0.9391 0.0609 
     LIW1-22 34 0.9976 0.0024 
     LIW1-30 35 0.9975 0.0025 
      LIW2-6 36 0.9706 0.0294 
     LIW2-14 37 0.9962 0.0038 
     LIW2-22 38 0.9258 0.0742 
     LIW2-30 39 0.9981 0.0019 
      LIW1-7 40 0.9542 0.0458 
     LIW1-15 41 0.9987 0.0013 
     LIW1-23 42 0.9870 0.0130 
     LIW1-31 43 0.9910 0.0090 
      LIW2-7 44 0.9132 0.0868 
     LIW2-15 45 0.9975 0.0025 
     LIW2-23 46 0.9880 0.0120 
      LIW1-8 47 0.9981 0.0019 
     LIW1-16 48 0.9978 0.0022 
      LIW2-8 49 0.9982 0.0018 
     LIW2-16 50 0.6779 0.3221 
     LIW2-24 51 0.8054 0.1946 
     LIW2-32 52 0.9662 0.0338 
     LIW1-47 53 0.9750 0.0250 
      UMFS-1 54 0.9290 0.0710 
     UMFS-19 55 0.8568 0.1432 
     UMFS-31 56 0.9981 0.0019 
      UMFS-2 57 0.9967 0.0033 
     UMFS-10 58 0.9632 0.0368 
     UMFS-20 59 0.9267 0.0733 
     UMFS-32 60 0.9032 0.0968 
      UMFS-3 61 0.8849 0.1151 
     UMFS-11 62 0.5888 0.4112 
     UMFS-21 63 0.8983 0.1017 
     UMFS-33 64 0.9400 0.0600 
      UMFS-4 65 0.9467 0.0533 
     UMFS-22 66 0.9453 0.0547 
     UMFS-34 67 0.9125 0.0875 
      UMFS-5 68 0.9579 0.0421 
     UMFS-13 69 0.9076 0.0924 
     UMFS-23 70 0.9386 0.0614 
     UMFS-35 71 0.9295 0.0705 
      UMFS-6 72 0.9380 0.0620 
     UMFS-14 73 0.9502 0.0498 
     UMFS-24 74 0.9418 0.0582 
     UMFS-36 75 0.8999 0.1001 
      UMFS-7 76 0.4189 0.5811 
     UMFS-15 77 0.8944 0.1056 
     UMFS-25 78 0.8929 0.1071 
     UMFS-37 79 0.8991 0.1009 
      UMFS-8 80 0.9312 0.0688 
     UMFS-16 81 0.8984 0.1016 
     UMFS-26 82 0.9001 0.0999 
     UMFS-38 83 0.9647 0.0353 
      NEH1-2 84 0.7969 0.2031 
     NEH1-11 85 0.8225 0.1775 
     NEH1-20 86 0.8710 0.1290 
     NEH1-29 87 0.8927 0.1073 
      NEH2-2 88 0.8695 0.1305 
     NEH2-10 89 0.9249 0.0751 
     NEH2-18 90 0.7681 0.2319 
     NEH2-26 91 0.8643 0.1357 
      NEH1-3 92 0.9173 0.0827 
     NEH1-12 93 0.7478 0.2522 
     NEH1-21 94 0.8762 0.1238 
     NEH1-30 95 0.8397 0.1603 
      NEH2-3 96 0.8748 0.1252 
     NEH2-11 97 0.8078 0.1922 
     NEH2-19 98 0.8852 0.1148 
     NEH2-27 99 0.8378 0.1622 
      NEH1-4 100 0.7559 0.2441 
     NEH1-13 101 0.8891 0.1109 
     NEH1-22 102 0.8868 0.1132 
     NEH1-31 103 0.8822 0.1178 
      NEH2-4 104 0.8723 0.1277 
     NEH2-12 105 0.7854 0.2146 
     NEH2-20 106 0.9632 0.0368 
     NEH2-28 107 0.8521 0.1479 
      NEH1-5 108 0.8412 0.1588 
     NEH1-14 109 0.8132 0.1868 
     NEH1-23 110 0.9159 0.0841 
     NEH1-32 111 0.8298 0.1702 
      NEH2-5 112 0.8836 0.1164 
     NEH2-13 113 0.8307 0.1693 
     NEH2-22 114 0.8494 0.1506 
     NEH2-29 115 0.8823 0.1177 
      NEH1-6 116 0.8389 0.1611 
     NEH1-15 117 0.7869 0.2131 
     NEH1-24 118 0.7908 0.2092 
     NEH1-33 119 0.9130 0.0870 
      NEH2-6 120 0.9275 0.0725 
     NEH2-14 121 0.8466 0.1534 
     NEH2-21 122 0.9262 0.0738 
     NEH2-30 123 0.8656 0.1344 
      NEH1-7 124 0.7998 0.2002 
     NEH1-16 125 0.8573 0.1427 
     NEH1-25 126 0.8970 0.1030 
     NEH1-34 127 0.8646 0.1354 
      NEH2-7 128 0.8589 0.1411 
     NEH2-15 129 0.8375 0.1625 
     NEH2-23 130 0.7654 0.2346 
     NEH2-31 131 0.8681 0.1319 
      NEH1-8 132 0.8295 0.1705 
     NEH1-17 133 0.7193 0.2807 
     NEH1-26 134 0.8977 0.1023 
     NEH1-35 135 0.8812 0.1188 
      NEH2-8 136 0.9060 0.0940 
     NEH2-16 137 0.8917 0.1083 
     NEH2-24 138 0.8722 0.1278 
     NEH2-32 139 0.7391 0.2609 
      NEH1-1 140 0.7606 0.2394 
     NEH1-10 141 0.8295 0.1705 
     NEH1-19 142 0.8594 0.1406 
     NEH1-28 143 0.7881 0.2119 
      NEH2-1 144 0.8313 0.1687 
      NEH2-9 145 0.8861 0.1139 
     NEH2-17 146 0.8126 0.1874 
     NEH2-25 147 0.7884 0.2116 
      LIW1-1 148 0.8817 0.1183 
      LIW1-9 149 0.8337 0.1663 
     LIW1-17 150 0.9975 0.0025 
     LIW1-25 151 0.9985 0.0015 
      LIW2-9 152 0.9303 0.0697 
     LIW2-17 153 0.9951 0.0049 
     LIW2-25 154 0.9974 0.0026 
      LIW1-2 155 0.9974 0.0026 
     LIW1-10 156 0.9879 0.0121 
     LIW1-18 157 0.9908 0.0092 
     LIW1-26 158 0.9974 0.0026 
      LIW2-2 159 0.9985 0.0015 
     LIW2-10 160 0.9960 0.0040 
     LIW2-18 161 0.9363 0.0637 
     LIW2-26 162 0.9966 0.0034 
      LIW1-3 163 0.9818 0.0182 
     LIW1-11 164 0.9769 0.0231 
     LIW1-19 165 0.9324 0.0676 
     LIW1-27 166 0.9863 0.0137 
      LIW2-3 167 0.9753 0.0247 
     LIW2-11 168 0.9988 0.0012 
     LIW2-19 169 0.9937 0.0063 
     LIW2-27 170 0.9987 0.0013 
      LIW1-4 171 0.9975 0.0025 
     LIW1-12 172 0.9593 0.0407 
     LIW1-20 173 0.9930 0.0070 
     LIW1-28 174 0.9918 0.0082 
        001s 175 0.9925 0.0075 
        002s 175 0.9261 0.0739 
        003s 175 0.9986 0.0014 
        004s 175 0.9544 0.0456 
        005s 175 0.9952 0.0048 
        006s 175 0.8402 0.1598 
        007s 175 0.9985 0.0015 
        008s 175 0.9937 0.0063 
        009s 175 0.8831 0.1169 
        010s 175 0.9969 0.0031 
        011s 175 0.9918 0.0082 
        012s 175 0.9985 0.0015 
        013s 175 0.9923 0.0077 
        014s 175 0.9188 0.0812 
        015s 175 0.9956 0.0044 
        016s 175 0.9789 0.0211 
        017s 175 0.9779 0.0221 
        018s 175 0.9884 0.0116 
        019s 175 0.9964 0.0036 
        020s 175 0.9959 0.0041 
        021s 175 0.9969 0.0031 
        022s 175 0.9748 0.0252 
        023s 175 0.9848 0.0152 
        024s 175 0.9566 0.0434 
        025s 175 0.9438 0.0562 
        026s 175 0.9905 0.0095 
        027s 175 0.9944 0.0056 
        028s 175 0.9962 0.0038 
        029s 175 0.9980 0.0020 
        030s 175 0.9006 0.0994 
        031s 175 0.9954 0.0046 
        032s 175 0.9945 0.0055 
        033s 175 0.9662 0.0338 
        034s 175 0.9918 0.0082 
        035s 175 0.9855 0.0145 
        036s 175 0.9978 0.0022 
        037s 175 0.9966 0.0034 
        038s 175 0.9799 0.0201 
        039s 175 0.9953 0.0047 
        040s 175 0.9974 0.0026 
        041s 175 0.9928 0.0072 
        042s 175 0.9941 0.0059 
        043s 175 0.9900 0.0100 
        044s 175 0.9975 0.0025 
        045s 175 0.9273 0.0727 
        046s 175 0.9953 0.0047 
        047s 175 0.9981 0.0019 
        048s 175 0.9879 0.0121 
        049s 175 0.9648 0.0352 
        050s 175 0.9204 0.0796 
        001s 176 0.9113 0.0887 
        002s 176 0.9689 0.0311 
        003s 176 0.9962 0.0038 
        004s 176 0.9944 0.0056 
        005s 176 0.9979 0.0021 
        006s 176 0.9974 0.0026 
        007s 176 0.9244 0.0756 
        008s 176 0.9985 0.0015 
        009s 176 0.9980 0.0020 
        010s 176 0.9976 0.0024 
        011s 176 0.9983 0.0017 
        012s 176 0.9304 0.0696 
        013s 176 0.9695 0.0305 
        014s 176 0.9922 0.0078 
        015s 176 0.9974 0.0026 
        016s 176 0.9981 0.0019 
        017s 176 0.9992 0.0008 
        018s 176 0.9983 0.0017 
        019s 176 0.9409 0.0591 
        020s 176 0.9962 0.0038 
        021s 176 0.9897 0.0103 
        022s 176 0.9959 0.0041 
        023s 176 0.9979 0.0021 
        024s 176 0.9434 0.0566 
        025s 176 0.9799 0.0201 
        026s 176 0.9811 0.0189 
        027s 176 0.9986 0.0014 
        028s 176 0.9949 0.0051 
        029s 176 0.9964 0.0036 
        030s 176 0.9424 0.0576 
        031s 176 0.9837 0.0163 
        032s 176 0.9595 0.0405 
        033s 176 0.8688 0.1312 
        034s 176 0.9970 0.0030 
        035s 176 0.9685 0.0315 
        036s 176 0.9969 0.0031 
        037s 176 0.9244 0.0756 
        038s 176 0.9977 0.0023 
        039s 176 0.9983 0.0017 
        040s 176 0.9986 0.0014 
        041s 176 0.9971 0.0029 
        042s 176 0.9984 0.0016 
        043s 176 0.9649 0.0351 
        044s 176 0.9941 0.0059 
        045s 176 0.9750 0.0250 
        046s 176 0.9965 0.0035 
        047s 176 0.9982 0.0018 
        048s 176 0.9851 0.0149 
        050s 176 0.9962 0.0038 
        001s 177 0.9388 0.0612 
        002s 177 0.9985 0.0015 
        003s 177 0.9389 0.0611 
        004s 177 0.9974 0.0026 
        005s 177 0.9956 0.0044 
        006s 177 0.9936 0.0064 
        007s 177 0.9885 0.0115 
        008s 177 0.8498 0.1502 
        009s 177 0.9989 0.0011 
        010s 177 0.9611 0.0389 
        011s 177 0.9968 0.0032 
        012s 177 0.9938 0.0062 
        013s 177 0.9972 0.0028 
        014s 177 0.9562 0.0438 
        015s 177 0.9919 0.0081 
        016s 177 0.9990 0.0010 
        017s 177 0.9498 0.0502 
        018s 177 0.9828 0.0172 
        019s 177 0.9972 0.0028 
        020s 177 0.9931 0.0069 
        021s 177 0.9984 0.0016 
        022s 177 0.9856 0.0144 
        023s 177 0.9742 0.0258 
        024s 177 0.9981 0.0019 
        025s 177 0.9914 0.0086 
        026s 177 0.9977 0.0023 
        027s 177 0.9985 0.0015 
        028s 177 0.9986 0.0014 
        029s 177 0.9040 0.0960 
        030s 177 0.9806 0.0194 
        031s 177 0.9967 0.0033 
        032s 177 0.9620 0.0380 
        033s 177 0.9984 0.0016 
        034s 177 0.9957 0.0043 
        035s 177 0.9990 0.0010 
        036s 177 0.9683 0.0317 
        037s 177 0.9522 0.0478 
        038s 177 0.9798 0.0202 
        039s 177 0.9962 0.0038 
        040s 177 0.9577 0.0423 
        041s 177 0.8895 0.1105 
        042s 177 0.9561 0.0439 
        043s 177 0.9990 0.0010 
        044s 177 0.9976 0.0024 
        045s 177 0.9744 0.0256 
        046s 177 0.9978 0.0022 
        047s 177 0.9942 0.0058 
        048s 177 0.9848 0.0152 
        049s 177 0.9393 0.0607 
        050s 177 0.9986 0.0014 
        001s 178 0.9586 0.0414 
        002s 178 0.9897 0.0103 
        003s 178 0.9902 0.0098 
        004s 178 0.9923 0.0077 
        005s 178 0.9957 0.0043 
        006s 178 0.9242 0.0758 
        007s 178 0.9972 0.0028 
        008s 178 0.9105 0.0895 
        009s 178 0.9903 0.0097 
        010s 178 0.9983 0.0017 
        011s 178 0.9971 0.0029 
        012s 178 0.9942 0.0058 
        013s 178 0.9990 0.0010 
        014s 178 0.9542 0.0458 
        015s 178 0.9882 0.0118 
        016s 178 0.9744 0.0256 
        017s 178 0.9556 0.0444 
        018s 178 0.9959 0.0041 
        019s 178 0.9951 0.0049 
        020s 178 0.9986 0.0014 
        021s 178 0.9558 0.0442 
        022s 178 0.9956 0.0044 
        023s 178 0.8903 0.1097 
        024s 178 0.9981 0.0019 
        025s 178 0.9611 0.0389 
        026s 178 0.9985 0.0015 
        027s 178 0.9481 0.0519 
        028s 178 0.9475 0.0525 
        029s 178 0.9922 0.0078 
        030s 178 0.9790 0.0210 
        031s 178 0.9991 0.0009 
        032s 178 0.9983 0.0017 
        033s 178 0.9459 0.0541 
        034s 178 0.9987 0.0013 
        035s 178 0.9967 0.0033 
        036s 178 0.9988 0.0012 
        037s 178 0.9987 0.0013 
        039s 178 0.9664 0.0336 
        040s 178 0.9212 0.0788 
        041s 178 0.9983 0.0017 
        042s 178 0.9489 0.0511 
        043s 178 0.9482 0.0518 
        044s 178 0.8805 0.1195 
        045s 178 0.9966 0.0034 
        046s 178 0.9969 0.0031 
        047s 178 0.9667 0.0333 
        048s 178 0.9593 0.0407 
        049s 178 0.9878 0.0122 
        050s 178 0.9019 0.0981 
          01 179 0.9141 0.0859 
          02 179 0.9969 0.0031 
          03 179 0.8586 0.1414 
          04 179 0.9930 0.0070 
          05 179 0.9334 0.0666 
          06 179 0.9971 0.0029 
          07 179 0.9921 0.0079 
          08 179 0.9982 0.0018 
          09 179 0.9986 0.0014 
          10 179 0.9786 0.0214 
          11 179 0.9084 0.0916 
          12 179 0.9971 0.0029 
          13 179 0.9981 0.0019 
          14 179 0.9117 0.0883 
          15 179 0.9745 0.0255 
          16 179 0.9739 0.0261 
          17 179 0.9954 0.0046 
          18 179 0.9978 0.0022 
          19 179 0.9574 0.0426 
          20 179 0.9296 0.0704 
          21 179 0.9994 0.0006 
          22 179 0.9711 0.0289 
          23 179 0.9951 0.0049 
        001s 180 0.9491 0.0509 
        002s 180 0.9960 0.0040 
        003s 180 0.9971 0.0029 
        004s 180 0.9979 0.0021 
        005s 180 0.9801 0.0199 
        006s 180 0.9069 0.0931 
        007s 180 0.9977 0.0023 
        008s 180 0.9925 0.0075 
        009s 180 0.9976 0.0024 
        010s 180 0.9976 0.0024 
        011s 180 0.9954 0.0046 
        012s 180 0.9832 0.0168 
        013s 180 0.9959 0.0041 
        014s 180 0.9848 0.0152 
        015s 180 0.9967 0.0033 
        016s 180 0.9705 0.0295 
        017s 180 0.9964 0.0036 
        018s 180 0.9272 0.0728 
        019s 180 0.9956 0.0044 
        020s 180 0.9923 0.0077 
        021s 180 0.9936 0.0064 
        022s 180 0.9836 0.0164 
        023s 180 0.9986 0.0014 
        024s 180 0.9914 0.0086 
        025s 180 0.9819 0.0181 
        026s 180 0.9938 0.0062 
        027s 180 0.9888 0.0112 
        028s 180 0.9933 0.0067 
        029s 180 0.9565 0.0435 
        030s 180 0.9962 0.0038 
        031s 180 0.9982 0.0018 
        032s 180 0.9937 0.0063 
        033s 180 0.9944 0.0056 
        034s 180 0.9890 0.0110 
        035s 180 0.9771 0.0229 
        036s 180 0.9985 0.0015 
        037s 180 0.9957 0.0043 
        038s 180 0.9941 0.0059 
        039s 180 0.9947 0.0053 
        041s 180 0.9972 0.0028 
        042s 180 0.9948 0.0052 
        043s 180 0.9895 0.0105 
        044s 180 0.9978 0.0022 
        045s 180 0.9898 0.0102 
        046s 180 0.9752 0.0248 
        047s 180 0.9815 0.0185 
        048s 180 0.9968 0.0032 
        049s 180 0.9978 0.0022 
        050s 180 0.9977 0.0023 
         001 181 0.0005 0.9995 
         002 181 0.0002 0.9998 
         003 181 0.0004 0.9996 
         004 181 0.0148 0.9852 
         005 181 0.0039 0.9961 
         006 181 0.0003 0.9997 
         007 181 0.0004 0.9996 
         008 181 0.0005 0.9995 
         009 181 0.0002 0.9998 
         010 181 0.0025 0.9975 
         011 181 0.0003 0.9997 
         012 181 0.0008 0.9992 
         013 181 0.0017 0.9983 
         014 181 0.0005 0.9995 
         015 181 0.0003 0.9997 
         016 181 0.0007 0.9993 
         017 181 0.0003 0.9997 
         018 181 0.0007 0.9993 
         019 181 0.0035 0.9965 
         020 181 0.0004 0.9996 
         021 181 0.0003 0.9997 
         022 181 0.0002 0.9998 
         023 181 0.0003 0.9997 
         024 181 0.0068 0.9932 
         025 181 0.0004 0.9996 
         026 181 0.0003 0.9997 
         027 181 0.0002 0.9998 
         028 181 0.0002 0.9998 
         029 181 0.0004 0.9996 
         030 181 0.0005 0.9995 
         001 182 0.0003 0.9997 
         002 182 0.0008 0.9992 
         003 182 0.0159 0.9841 
         004 182 0.0005 0.9995 
         005 182 0.0027 0.9973 
         006 182 0.1197 0.8803 
         007 182 0.0078 0.9922 
         008 182 0.0018 0.9982 
         009 182 0.0007 0.9993 
         010 182 0.1029 0.8971 
         011 182 0.0008 0.9992 
         012 182 0.0765 0.9235 
         013 182 0.0039 0.9961 
         014 182 0.1051 0.8949 
         015 182 0.0004 0.9996 
         016 182 0.0007 0.9993 
         017 182 0.0693 0.9307 
         018 182 0.0009 0.9991 
         019 182 0.0005 0.9995 
         020 182 0.0002 0.9998 
         021 182 0.0696 0.9304 
         022 182 0.0007 0.9993 
         023 182 0.0006 0.9994 
         024 182 0.0007 0.9993 
         025 182 0.0005 0.9995 
         026 182 0.0003 0.9997 
         027 182 0.0020 0.9980 
         028 182 0.0011 0.9989 
         029 182 0.0026 0.9974 
         030 182 0.0003 0.9997 
          10 183 0.9990 0.0010 
          11 183 0.9986 0.0014 
          12 183 0.9986 0.0014 
          13 183 0.9418 0.0582 
          14 183 0.9990 0.0010 
          15 183 0.9728 0.0272 
          16 183 0.9235 0.0765 
          17 183 0.9980 0.0020 
          18 183 0.9988 0.0012 
          19 183 0.9991 0.0009 
          20 183 0.9659 0.0341 
          21 183 0.9956 0.0044 
          22 183 0.9816 0.0184 
          23 183 0.9827 0.0173 
          24 183 0.9989 0.0011 
          25 183 0.9952 0.0048 
          26 183 0.9880 0.0120 
          27 183 0.9682 0.0318 
          28 183 0.9932 0.0068 
          29 183 0.3067 0.6933 
          30 183 0.1688 0.8312 
          31 183 0.9975 0.0025 
          32 183 0.9991 0.0009 
          33 183 0.9930 0.0070 
          34 183 0.9987 0.0013 
          35 183 0.9720 0.0280 
          36 183 0.9986 0.0014 
          37 183 0.2136 0.7864 
          54 183 0.9301 0.0699 
          55 183 0.8805 0.1195 
           6 183 0.9853 0.0147 
           7 183 0.8807 0.1193 
           8 183 0.9467 0.0533 
           9 183 0.9895 0.0105 
           4 184 0.9929 0.0071 
           9 184 0.9976 0.0024 
          12 184 0.9766 0.0234 
          14 184 0.9968 0.0032 
          15 184 0.9986 0.0014 
          16 184 0.9972 0.0028 
          17 184 0.9915 0.0085 
          18 184 0.9036 0.0964 
          22 184 0.9983 0.0017 
          25 184 0.9879 0.0121 
          26 184 0.9968 0.0032 
          27 184 0.9975 0.0025 
          28 184 0.9985 0.0015 
          29 184 0.9991 0.0009 
          31 184 0.9938 0.0062 
          32 184 0.9869 0.0131 
          33 184 0.9974 0.0026 
          34 184 0.9988 0.0012 
          36 184 0.6226 0.3774 
          37 184 0.9902 0.0098 
          39 184 0.9648 0.0352 
          40 184 0.9907 0.0093 
          41 184 0.9880 0.0120 
          42 184 0.9958 0.0042 
          43 184 0.9977 0.0023 
          44 184 0.9171 0.0829 
          45 184 0.9990 0.0010 
          46 184 0.9960 0.0040 
          47 184 0.9993 0.0007 
          48 184 0.9984 0.0016 
          52 184 0.9102 0.0898 
          54 184 0.9975 0.0025 
          57 184 0.9970 0.0030 
          58 184 0.9958 0.0042 
          59 184 0.9250 0.0750 
          60 184 0.9980 0.0020 
           3 185 0.9564 0.0436 
           4 185 0.9969 0.0031 
           5 185 0.9963 0.0037 
           6 185 0.9977 0.0023 
           7 185 0.9082 0.0918 
           8 185 0.9167 0.0833 
           9 185 0.9945 0.0055 
          10 185 0.9964 0.0036 
          11 185 0.9308 0.0692 
          12 185 0.8939 0.1061 
          13 185 0.9982 0.0018 
          14 185 0.9972 0.0028 
          15 185 0.9429 0.0571 
          16 185 0.9957 0.0043 
          17 185 0.9901 0.0099 
          18 185 0.9987 0.0013 
          19 185 0.9989 0.0011 
          20 185 0.8641 0.1359 
          21 185 0.9883 0.0117 
          22 185 0.9822 0.0178 
          23 185 0.9592 0.0408 
          24 185 0.9983 0.0017 
          25 185 0.9158 0.0842 
          26 185 0.9949 0.0051 
          27 185 0.9986 0.0014 
          28 185 0.9977 0.0023 
          29 185 0.8564 0.1436 
          30 185 0.9826 0.0174 
          31 185 0.9822 0.0178 
          32 185 0.9899 0.0101 
          33 185 0.9701 0.0299 
          34 185 0.9982 0.0018 
          35 185 0.9954 0.0046 
          36 185 0.9962 0.0038 
          37 185 0.9615 0.0385 
          38 185 0.8909 0.1091 
          39 185 0.9366 0.0634 
          40 185 0.9976 0.0024 
          41 185 0.9981 0.0019 
          42 185 0.9981 0.0019 
           5 186 0.9979 0.0021 
           6 186 0.9964 0.0036 
           7 186 0.9931 0.0069 
           9 186 0.9099 0.0901 
          10 186 0.9371 0.0629 
          11 186 0.9919 0.0081 
          12 186 0.9960 0.0040 
          29 186 0.9953 0.0047 
          30 186 0.9990 0.0010 
          31 186 0.8883 0.1117 
          32 186 0.9327 0.0673 
          33 186 0.9987 0.0013 
          34 186 0.9604 0.0396 
          35 186 0.9991 0.0009 
          36 186 0.9964 0.0036 
          37 186 0.9539 0.0461 
          38 186 0.9585 0.0415 
          39 186 0.9978 0.0022 
          40 186 0.9981 0.0019 
          41 186 0.9895 0.0105 
          42 186 0.9980 0.0020 
          43 186 0.9804 0.0196 
          44 186 0.9988 0.0012 
          45 186 0.9986 0.0014 
          46 186 0.9984 0.0016 
          47 186 0.9906 0.0094 
          48 186 0.9980 0.0020 
          49 186 0.9990 0.0010 
          50 186 0.9697 0.0303 
          51 186 0.9984 0.0016 
          52 186 0.9971 0.0029 
          53 186 0.9985 0.0015 
          54 186 0.9979 0.0021 
          55 186 0.9948 0.0052 
          56 186 0.9959 0.0041 
          57 186 0.9767 0.0233 
          58 186 0.9974 0.0026 
          59 186 0.9887 0.0113 
          60 186 0.9990 0.0010 
           1 187 0.9597 0.0403 
           2 187 0.9902 0.0098 
           3 187 0.9657 0.0343 
           4 187 0.8729 0.1271 
           5 187 0.9985 0.0015 
           6 187 0.9919 0.0081 
           7 187 0.8474 0.1526 
           8 187 0.9955 0.0045 
           9 187 0.9991 0.0009 
          10 187 0.9516 0.0484 
          11 187 0.9973 0.0027 
          12 187 0.9979 0.0021 
          13 187 0.9857 0.0143 
          14 187 0.9972 0.0028 
          15 187 0.9915 0.0085 
          16 187 0.9713 0.0287 
          17 187 0.9209 0.0791 
          18 187 0.9964 0.0036 
          19 187 0.9986 0.0014 
          20 187 0.9975 0.0025 
          21 187 0.8974 0.1026 
          22 187 0.9952 0.0048 
          23 187 0.9990 0.0010 
          24 187 0.8972 0.1028 
          25 187 0.9961 0.0039 
          26 187 0.9988 0.0012 
          27 187 0.9990 0.0010 
          28 187 0.9895 0.0105 
          29 187 0.9872 0.0128 
          30 187 0.9947 0.0053 
          32 187 0.9032 0.0968 
          33 187 0.9646 0.0354 
          34 187 0.9974 0.0026 
          35 187 0.9792 0.0208 
          36 187 0.9981 0.0019 
          37 187 0.9893 0.0107 
          38 187 0.8739 0.1261 
           1 188 0.9860 0.0140 
           2 188 0.9640 0.0360 
           3 188 0.9442 0.0558 
           4 188 0.9300 0.0700 
           5 188 0.9946 0.0054 
           6 188 0.9989 0.0011 
           7 188 0.9987 0.0013 
           8 188 0.9386 0.0614 
           9 188 0.9973 0.0027 
          10 188 0.9896 0.0104 
          11 188 0.9989 0.0011 
          12 188 0.9952 0.0048 
          13 188 0.8864 0.1136 
          14 188 0.9081 0.0919 
          15 188 0.9984 0.0016 
          16 188 0.9618 0.0382 
          17 188 0.9950 0.0050 
          18 188 0.9932 0.0068 
          19 188 0.9959 0.0041 
          20 188 0.8782 0.1218 
          21 188 0.9902 0.0098 
          22 188 0.9935 0.0065 
          23 188 0.9847 0.0153 
          24 188 0.9993 0.0007 
          25 188 0.9969 0.0031 
          26 188 0.9130 0.0870 
          27 188 0.9336 0.0664 
          28 188 0.9961 0.0039 
          29 188 0.9427 0.0573 
          30 188 0.8956 0.1044 
          31 188 0.9894 0.0106 
          32 188 0.9979 0.0021 
          33 188 0.9978 0.0022 
          34 188 0.9983 0.0017 
          35 188 0.9633 0.0367 
          36 188 0.8833 0.1167 
          37 188 0.9969 0.0031 
          38 188 0.9066 0.0934 
          39 188 0.9544 0.0456 
          40 188 0.9970 0.0030 
           7 189 0.9908 0.0092 
           8 189 0.9944 0.0056 
           9 189 0.9900 0.0100 
          10 189 0.9886 0.0114 
          11 189 0.9960 0.0040 
          12 189 0.9226 0.0774 
          13 189 0.9985 0.0015 
          14 189 0.9463 0.0537 
          16 189 0.8491 0.1509 
          17 189 0.9987 0.0013 
          18 189 0.9431 0.0569 
          19 189 0.9954 0.0046 
          20 189 0.9264 0.0736 
          21 189 0.9747 0.0253 
          23 189 0.9982 0.0018 
          24 189 0.9479 0.0521 
          25 189 0.9864 0.0136 
          26 189 0.9608 0.0392 
          27 189 0.9959 0.0041 
          28 189 0.9994 0.0006 
          29 189 0.9936 0.0064 
          30 189 0.9937 0.0063 
          31 189 0.9987 0.0013 
          32 189 0.9162 0.0838 
          33 189 0.9974 0.0026 
          34 189 0.9990 0.0010 
          35 189 0.9985 0.0015 
          36 189 0.9448 0.0552 
          37 189 0.9983 0.0017 
          38 189 0.9900 0.0100 
          39 189 0.9776 0.0224 
          40 189 0.8523 0.1477 
          41 189 0.9653 0.0347 
          42 189 0.8196 0.1804 
          43 189 0.9963 0.0037 
           1 190 0.8775 0.1225 
           3 190 0.9975 0.0025 
           4 190 0.9974 0.0026 
           5 190 0.9738 0.0262 
           6 190 0.9983 0.0017 
           7 190 0.9970 0.0030 
           8 190 0.9682 0.0318 
           9 190 0.6283 0.3717 
          10 190 0.9965 0.0035 
          11 190 0.9525 0.0475 
          12 190 0.9981 0.0019 
          13 190 0.9968 0.0032 
          14 190 0.9952 0.0048 
          15 190 0.9852 0.0148 
          16 190 0.9875 0.0125 
          17 190 0.9906 0.0094 
          18 190 0.9621 0.0379 
          19 190 0.9977 0.0023 
          20 190 0.9984 0.0016 
          22 190 0.8690 0.1310 
          23 190 0.9848 0.0152 
          24 190 0.9360 0.0640 
          25 190 0.9887 0.0113 
          26 190 0.9990 0.0010 
          27 190 0.9967 0.0033 
          28 190 0.9884 0.0116 
          29 190 0.9717 0.0283 
          31 190 0.9379 0.0621 
           7 191 0.9987 0.0013 
           8 191 0.9931 0.0069 
           9 191 0.9986 0.0014 
          10 191 0.9977 0.0023 
          11 191 0.9910 0.0090 
          12 191 0.9668 0.0332 
          13 191 0.9931 0.0069 
          14 191 0.9821 0.0179 
          15 191 0.9329 0.0671 
          16 191 0.9958 0.0042 
          17 191 0.9039 0.0961 
          18 191 0.9967 0.0033 
          19 191 0.9562 0.0438 
          20 191 0.9639 0.0361 
          21 191 0.9562 0.0438 
          22 191 0.9947 0.0053 
          23 191 0.9953 0.0047 
          24 191 0.9960 0.0040 
          25 191 0.9646 0.0354 
          26 191 0.8899 0.1101 
          27 191 0.9966 0.0034 
          28 191 0.9967 0.0033 
          29 191 0.9962 0.0038 
          30 191 0.9986 0.0014 
          39 191 0.9951 0.0049 
          40 191 0.9970 0.0030 
          41 191 0.9360 0.0640 
          42 191 0.9990 0.0010 
          43 191 0.9773 0.0227 
          44 191 0.9715 0.0285 
          45 191 0.9974 0.0026 
          46 191 0.8693 0.1307 
          47 191 0.9830 0.0170 
          48 191 0.9980 0.0020 
          49 191 0.9865 0.0135 
          50 191 0.9961 0.0039 
           9 192 0.9988 0.0012 
          10 192 0.9933 0.0067 
          11 192 0.9946 0.0054 
          12 192 0.9952 0.0048 
          13 192 0.9002 0.0998 
          14 192 0.9776 0.0224 
          15 192 0.9985 0.0015 
          16 192 0.9923 0.0077 
          17 192 0.9470 0.0530 
          18 192 0.9925 0.0075 
          19 192 0.9882 0.0118 
          20 192 0.9859 0.0141 
          21 192 0.9988 0.0012 
          22 192 0.9606 0.0394 
          23 192 0.9115 0.0885 
          24 192 0.9949 0.0051 
          33 192 0.9417 0.0583 
          35 192 0.9978 0.0022 
          36 192 0.9987 0.0013 
          37 192 0.9980 0.0020 
          38 192 0.9425 0.0575 
          39 192 0.9950 0.0050 
          40 192 0.9166 0.0834 
          41 192 0.9271 0.0729 
          42 192 0.9379 0.0621 
          43 192 0.9978 0.0022 
          45 192 0.9983 0.0017 
          46 192 0.9937 0.0063 
          47 192 0.9970 0.0030 
          48 192 0.9980 0.0020 
          49 192 0.9354 0.0646 
          50 192 0.9981 0.0019 
