        001s  1 0.0003 0.0004 0.6514 0.0012 0.0005 0.3462 
        002s  1 0.0019 0.0005 0.0578 0.0005 0.0008 0.9384 
        003s  1 0.0007 0.0014 0.0039 0.0110 0.0017 0.9814 
        004s  1 0.0314 0.0035 0.2450 0.0004 0.0035 0.7162 
        005s  1 0.2075 0.2189 0.0147 0.0004 0.0006 0.5579 
        006s  1 0.0010 0.0004 0.9941 0.0004 0.0004 0.0036 
        007s  1 0.0005 0.0030 0.9561 0.0008 0.0029 0.0366 
        008s  1 0.0009 0.0032 0.3017 0.0010 0.0012 0.6919 
        009s  1 0.0062 0.0513 0.4906 0.0032 0.0070 0.4416 
        010s  1 0.0008 0.0069 0.9853 0.0008 0.0004 0.0059 
        011s  1 0.0019 0.0016 0.9817 0.0038 0.0023 0.0086 
        012s  1 0.0052 0.1211 0.7037 0.0089 0.0013 0.1599 
        013s  1 0.0262 0.0024 0.9454 0.0008 0.0073 0.0180 
        014s  1 0.0016 0.0258 0.9458 0.0184 0.0061 0.0024 
        015s  1 0.0004 0.0005 0.9903 0.0008 0.0007 0.0074 
        016s  1 0.0004 0.0030 0.9439 0.0011 0.0071 0.0445 
        018s  1 0.0015 0.1475 0.7320 0.0011 0.0012 0.1167 
        019s  1 0.0005 0.0179 0.8377 0.0047 0.0009 0.1383 
        020s  1 0.0002 0.0007 0.9770 0.0102 0.0070 0.0049 
        021s  1 0.0100 0.0003 0.9633 0.0008 0.0057 0.0199 
        022s  1 0.0002 0.0002 0.0094 0.0005 0.0009 0.9888 
        023s  1 0.0004 0.0004 0.8505 0.0010 0.0126 0.1351 
        024s  1 0.0008 0.0012 0.9921 0.0005 0.0008 0.0046 
        025s  1 0.0022 0.0044 0.9839 0.0004 0.0010 0.0080 
        026s  1 0.0006 0.0010 0.9766 0.0039 0.0111 0.0067 
        027s  1 0.0082 0.0017 0.9648 0.0004 0.0027 0.0222 
        028s  1 0.0538 0.0537 0.8840 0.0014 0.0007 0.0065 
        029s  1 0.0004 0.0011 0.9830 0.0069 0.0006 0.0080 
        030s  1 0.0032 0.0011 0.9848 0.0085 0.0006 0.0019 
        031s  1 0.0002 0.0003 0.9660 0.0005 0.0011 0.0318 
        032s  1 0.0004 0.0005 0.9930 0.0012 0.0007 0.0042 
        033s  1 0.0008 0.0052 0.9840 0.0009 0.0010 0.0080 
        034s  1 0.0007 0.0011 0.3244 0.0043 0.0529 0.6167 
        035s  1 0.0016 0.0014 0.9924 0.0016 0.0010 0.0021 
        036s  1 0.0008 0.0861 0.3846 0.0003 0.0011 0.5272 
        037s  1 0.0157 0.1087 0.7486 0.0018 0.0405 0.0848 
        038s  1 0.0007 0.0017 0.9847 0.0008 0.0007 0.0115 
        039s  1 0.0210 0.0004 0.9660 0.0009 0.0004 0.0113 
        040s  1 0.0035 0.0006 0.8965 0.0006 0.0028 0.0959 
        041s  1 0.0003 0.0033 0.9830 0.0007 0.0027 0.0101 
        042s  1 0.0002 0.0779 0.7760 0.0011 0.0823 0.0624 
        043s  1 0.0009 0.0084 0.0069 0.0010 0.0006 0.9822 
        044s  1 0.0120 0.0889 0.6305 0.0018 0.0085 0.2583 
        045s  1 0.0011 0.0059 0.9893 0.0011 0.0008 0.0018 
        046s  1 0.0003 0.0012 0.9827 0.0017 0.0006 0.0134 
        047s  1 0.0002 0.0007 0.9890 0.0012 0.0051 0.0038 
        048s  1 0.0003 0.0555 0.2171 0.0003 0.0009 0.7259 
        049s  1 0.0007 0.0004 0.0099 0.0005 0.0005 0.9879 
        050s  1 0.0023 0.1025 0.8658 0.0005 0.0005 0.0285 
        051s  1 0.0004 0.0003 0.9557 0.0304 0.0012 0.0119 
        052s  1 0.0069 0.0077 0.9496 0.0163 0.0015 0.0181 
        053s  1 0.0004 0.0013 0.9939 0.0003 0.0006 0.0035 
        054s  1 0.0028 0.0003 0.9905 0.0028 0.0010 0.0026 
        055s  1 0.0015 0.0899 0.8318 0.0035 0.0729 0.0004 
          01  2 0.0010 0.1247 0.8379 0.0245 0.0015 0.0103 
          02  2 0.0030 0.0182 0.9724 0.0013 0.0009 0.0043 
          03  2 0.0008 0.0011 0.9890 0.0004 0.0012 0.0074 
          04  2 0.0180 0.0032 0.9317 0.0009 0.0096 0.0366 
          05  2 0.0003 0.1170 0.0067 0.0002 0.0003 0.8754 
          06  2 0.0018 0.0362 0.9510 0.0003 0.0008 0.0098 
          07  2 0.0024 0.0078 0.8219 0.0013 0.0006 0.1661 
          08  2 0.0004 0.0762 0.1147 0.0009 0.0004 0.8074 
          09  2 0.0003 0.0005 0.9529 0.0098 0.0004 0.0362 
          10  2 0.0005 0.0013 0.9866 0.0007 0.0004 0.0104 
          11  2 0.0010 0.0089 0.9344 0.0108 0.0018 0.0431 
          12  2 0.0009 0.0008 0.9821 0.0015 0.0004 0.0143 
          13  2 0.0004 0.0006 0.8534 0.0008 0.0005 0.1443 
          14  2 0.0034 0.0003 0.5173 0.0031 0.0255 0.4505 
          15  2 0.0004 0.0005 0.6184 0.0016 0.0011 0.3779 
          16  2 0.0559 0.0009 0.9226 0.0045 0.0090 0.0072 
          17  2 0.0010 0.0017 0.9260 0.0010 0.0010 0.0692 
          18  2 0.0027 0.0201 0.9716 0.0013 0.0009 0.0034 
          19  2 0.0003 0.0014 0.9846 0.0016 0.0037 0.0084 
          20  2 0.0042 0.0605 0.9228 0.0017 0.0050 0.0058 
          21  2 0.0005 0.0011 0.9742 0.0167 0.0006 0.0069 
          22  2 0.0037 0.0020 0.9804 0.0050 0.0055 0.0033 
          23  2 0.0018 0.0011 0.9909 0.0008 0.0023 0.0031 
          24  2 0.0007 0.0005 0.9943 0.0012 0.0007 0.0026 
          25  2 0.0252 0.0033 0.8378 0.0018 0.0010 0.1310 
          26  2 0.0003 0.0005 0.0006 0.0006 0.0002 0.9978 
          27  2 0.0283 0.0008 0.9164 0.0011 0.0022 0.0511 
          28  2 0.0002 0.0014 0.8821 0.0008 0.0044 0.1111 
          29  2 0.0008 0.0008 0.9923 0.0006 0.0003 0.0051 
          30  2 0.0004 0.1585 0.6996 0.0076 0.0829 0.0509 
          01  3 0.2185 0.4317 0.3375 0.0004 0.0104 0.0014 
          02  3 0.4619 0.3321 0.1256 0.0735 0.0032 0.0038 
          03  3 0.3129 0.3185 0.3622 0.0005 0.0012 0.0048 
          04  3 0.3512 0.4651 0.1811 0.0007 0.0010 0.0010 
          05  3 0.4008 0.3620 0.0006 0.1149 0.1212 0.0006 
          06  3 0.4970 0.4244 0.0758 0.0002 0.0016 0.0011 
          07  3 0.2504 0.3770 0.3669 0.0008 0.0005 0.0044 
          08  3 0.3219 0.3752 0.2886 0.0043 0.0053 0.0047 
          09  3 0.2675 0.4285 0.2993 0.0003 0.0029 0.0015 
          10  3 0.4178 0.2022 0.0116 0.2194 0.1338 0.0152 
          11  3 0.3052 0.4142 0.2788 0.0003 0.0003 0.0012 
          12  3 0.3147 0.4210 0.2524 0.0006 0.0005 0.0109 
          13  3 0.5218 0.4594 0.0031 0.0142 0.0002 0.0013 
          14  3 0.4570 0.3346 0.0098 0.0413 0.1548 0.0025 
          15  3 0.2748 0.3817 0.3393 0.0003 0.0014 0.0026 
          16  3 0.6008 0.3123 0.0533 0.0051 0.0031 0.0254 
          17  3 0.1779 0.4204 0.3957 0.0007 0.0007 0.0045 
          18  3 0.3355 0.2068 0.0115 0.1643 0.2778 0.0041 
          19  3 0.4634 0.3723 0.0819 0.0007 0.0040 0.0778 
          20  3 0.3096 0.4590 0.1509 0.0003 0.0543 0.0259 
          21  3 0.3752 0.3724 0.2323 0.0011 0.0063 0.0127 
          22  3 0.2296 0.4869 0.0115 0.0003 0.0023 0.2694 
          23  3 0.3561 0.4124 0.2270 0.0002 0.0010 0.0033 
          24  3 0.2835 0.4890 0.0081 0.1657 0.0019 0.0518 
          25  3 0.3048 0.3136 0.0006 0.2498 0.1309 0.0003 
          26  3 0.3409 0.4368 0.2202 0.0005 0.0008 0.0009 
          27  3 0.3700 0.2610 0.0365 0.1331 0.1763 0.0231 
          28  3 0.4636 0.4505 0.0340 0.0018 0.0003 0.0499 
          29  3 0.4198 0.3950 0.1529 0.0039 0.0062 0.0221 
          30  3 0.2467 0.4444 0.0068 0.0010 0.0003 0.3007 
         001  4 0.0001 0.9995 0.0001 0.0001 0.0001 0.0001 
         002  4 0.0003 0.9989 0.0003 0.0002 0.0001 0.0002 
         003  4 0.0001 0.9996 0.0001 0.0001 0.0001 0.0001 
         004  4 0.0002 0.9995 0.0001 0.0001 0.0001 0.0001 
         005  4 0.0001 0.9991 0.0001 0.0004 0.0001 0.0001 
         006  4 0.0729 0.9254 0.0005 0.0003 0.0002 0.0006 
         007  4 0.0534 0.9403 0.0016 0.0002 0.0005 0.0040 
         008  4 0.0003 0.9897 0.0006 0.0025 0.0059 0.0010 
         009  4 0.0002 0.9993 0.0001 0.0001 0.0001 0.0001 
         010  4 0.0047 0.9950 0.0001 0.0001 0.0001 0.0001 
         011  4 0.0216 0.9427 0.0007 0.0003 0.0339 0.0008 
         012  4 0.0001 0.9996 0.0001 0.0001 0.0001 0.0001 
         013  4 0.0001 0.9997 0.0001 0.0000 0.0001 0.0001 
         014  4 0.0001 0.9993 0.0002 0.0001 0.0002 0.0002 
         015  4 0.0001 0.9997 0.0001 0.0001 0.0001 0.0001 
         016  4 0.0001 0.9995 0.0001 0.0001 0.0001 0.0001 
         017  4 0.0001 0.9994 0.0001 0.0001 0.0001 0.0001 
         019  4 0.0840 0.9142 0.0002 0.0003 0.0009 0.0003 
         020  4 0.0001 0.9992 0.0002 0.0003 0.0001 0.0002 
         021  4 0.0099 0.9887 0.0003 0.0004 0.0003 0.0004 
         001  5 0.0003 0.9619 0.0007 0.0015 0.0354 0.0002 
         002  5 0.0003 0.9540 0.0129 0.0010 0.0022 0.0295 
         003  5 0.0727 0.7553 0.1660 0.0003 0.0030 0.0027 
         004  5 0.0006 0.9368 0.0407 0.0002 0.0041 0.0175 
         005  5 0.0015 0.9973 0.0002 0.0002 0.0005 0.0003 
         006  5 0.1008 0.8977 0.0003 0.0004 0.0002 0.0005 
         007  5 0.0883 0.9106 0.0002 0.0003 0.0003 0.0004 
         008  5 0.0045 0.9950 0.0001 0.0002 0.0001 0.0001 
         009  5 0.0034 0.9316 0.0533 0.0002 0.0018 0.0098 
         010  5 0.0678 0.9253 0.0021 0.0003 0.0028 0.0017 
         011  5 0.0008 0.9918 0.0019 0.0003 0.0045 0.0008 
         012  5 0.0803 0.8684 0.0346 0.0006 0.0032 0.0129 
         013  5 0.0506 0.7524 0.1948 0.0005 0.0007 0.0010 
         014  5 0.0941 0.7029 0.1636 0.0158 0.0194 0.0042 
         015  5 0.0301 0.9692 0.0002 0.0001 0.0002 0.0002 
         016  5 0.0582 0.9381 0.0020 0.0006 0.0003 0.0008 
         017  5 0.0815 0.8821 0.0252 0.0033 0.0003 0.0076 
         018  5 0.0374 0.8743 0.0233 0.0259 0.0258 0.0133 
         019  5 0.0002 0.9908 0.0004 0.0065 0.0018 0.0003 
         020  5 0.0001 0.9993 0.0001 0.0001 0.0001 0.0001 
         021  5 0.0004 0.8587 0.1183 0.0004 0.0053 0.0170 
         022  5 0.0058 0.9240 0.0118 0.0026 0.0529 0.0029 
         023  5 0.0290 0.9661 0.0011 0.0003 0.0025 0.0010 
         024  5 0.0675 0.8919 0.0328 0.0003 0.0006 0.0069 
         025  5 0.0694 0.8865 0.0195 0.0007 0.0004 0.0235 
         026  5 0.0154 0.8398 0.1429 0.0002 0.0003 0.0014 
         027  5 0.0002 0.9992 0.0002 0.0001 0.0001 0.0001 
         028  5 0.0504 0.9253 0.0078 0.0009 0.0126 0.0029 
         029  5 0.0023 0.9962 0.0004 0.0003 0.0002 0.0005 
         030  5 0.0010 0.9899 0.0011 0.0054 0.0019 0.0007 
        001s  6 0.0286 0.0011 0.7649 0.0009 0.0155 0.1890 
        002s  6 0.0006 0.0427 0.9294 0.0214 0.0008 0.0051 
        003s  6 0.0003 0.0167 0.7677 0.0004 0.0011 0.2139 
        004s  6 0.0003 0.0004 0.9867 0.0004 0.0006 0.0117 
        006s  6 0.0158 0.0610 0.9111 0.0017 0.0091 0.0012 
        007s  6 0.0025 0.0006 0.9919 0.0008 0.0004 0.0039 
        008s  6 0.0006 0.0031 0.9784 0.0027 0.0048 0.0104 
        009s  6 0.0005 0.0003 0.9932 0.0010 0.0008 0.0042 
        010s  6 0.0051 0.0102 0.9602 0.0095 0.0125 0.0025 
        011s  6 0.0022 0.0006 0.9932 0.0003 0.0010 0.0028 
        012s  6 0.0042 0.0004 0.9839 0.0025 0.0015 0.0076 
        013s  6 0.0007 0.0012 0.9945 0.0005 0.0004 0.0027 
        014s  6 0.0004 0.0781 0.4688 0.0002 0.0005 0.4520 
        015s  6 0.0064 0.0098 0.9750 0.0007 0.0058 0.0021 
        016s  6 0.0011 0.0004 0.9131 0.0007 0.0008 0.0839 
        018s  6 0.0012 0.2679 0.7134 0.0005 0.0017 0.0154 
        019s  6 0.0016 0.0080 0.9002 0.0007 0.0024 0.0871 
        020s  6 0.0006 0.0003 0.9791 0.0010 0.0006 0.0184 
        021s  6 0.0128 0.0010 0.9768 0.0016 0.0034 0.0044 
        022s  6 0.0004 0.0009 0.9637 0.0004 0.0034 0.0312 
        023s  6 0.0004 0.0184 0.3423 0.0002 0.0009 0.6378 
        024s  6 0.0020 0.0348 0.9446 0.0016 0.0008 0.0163 
        025s  6 0.0006 0.0029 0.9111 0.0005 0.0704 0.0144 
        026s  6 0.0007 0.0005 0.9741 0.0020 0.0003 0.0224 
        027s  6 0.0004 0.0010 0.9777 0.0017 0.0005 0.0187 
        028s  6 0.0088 0.0122 0.9230 0.0462 0.0084 0.0015 
        029s  6 0.0003 0.0003 0.9933 0.0018 0.0011 0.0031 
        030s  6 0.0008 0.0710 0.9161 0.0018 0.0083 0.0020 
        031s  6 0.0028 0.0013 0.2678 0.0003 0.0003 0.7274 
        032s  6 0.0014 0.0077 0.9823 0.0006 0.0006 0.0075 
        033s  6 0.0002 0.0936 0.8995 0.0006 0.0009 0.0052 
        034s  6 0.0024 0.0015 0.9736 0.0004 0.0138 0.0084 
        035s  6 0.0003 0.1246 0.0012 0.0009 0.0005 0.8724 
        036s  6 0.0049 0.0006 0.9890 0.0002 0.0012 0.0040 
        037s  6 0.0008 0.0008 0.9902 0.0020 0.0017 0.0045 
        038s  6 0.0022 0.0004 0.8302 0.0012 0.0006 0.1655 
        039s  6 0.0004 0.0002 0.9945 0.0006 0.0005 0.0037 
        040s  6 0.0027 0.0004 0.8193 0.0004 0.0004 0.1768 
        041s  6 0.0003 0.0330 0.1679 0.0045 0.0042 0.7901 
        042s  6 0.0008 0.0105 0.9257 0.0046 0.0516 0.0067 
        043s  6 0.0012 0.0008 0.9881 0.0002 0.0061 0.0037 
        044s  6 0.0004 0.0011 0.8121 0.0032 0.0007 0.1825 
        045s  6 0.0004 0.0046 0.9811 0.0007 0.0023 0.0109 
        001s  7 0.0005 0.0007 0.0246 0.0003 0.0009 0.9731 
        002s  7 0.0011 0.0145 0.4572 0.0012 0.0017 0.5243 
        003s  7 0.0012 0.0008 0.0061 0.0010 0.0008 0.9901 
        004s  7 0.0030 0.0008 0.9735 0.0010 0.0005 0.0211 
        005s  7 0.0023 0.0135 0.9666 0.0005 0.0023 0.0147 
        006s  7 0.0013 0.0567 0.9340 0.0004 0.0045 0.0031 
        007s  7 0.0057 0.0066 0.9604 0.0181 0.0017 0.0075 
        008s  7 0.0004 0.0096 0.0026 0.0019 0.0009 0.9846 
        009s  7 0.0020 0.0027 0.9628 0.0006 0.0083 0.0236 
        010s  7 0.0002 0.0008 0.0020 0.0008 0.0009 0.9953 
        011s  7 0.0007 0.0005 0.9880 0.0009 0.0008 0.0091 
        012s  7 0.0004 0.0007 0.9942 0.0004 0.0007 0.0036 
        013s  7 0.0083 0.0002 0.9735 0.0008 0.0042 0.0130 
        014s  7 0.0007 0.0246 0.3794 0.0007 0.0003 0.5943 
        015s  7 0.0015 0.0133 0.9753 0.0014 0.0011 0.0074 
        016s  7 0.0001 0.0852 0.0009 0.0003 0.0007 0.9129 
        017s  7 0.0007 0.0010 0.9887 0.0003 0.0006 0.0086 
        018s  7 0.0005 0.0025 0.9895 0.0036 0.0006 0.0032 
        019s  7 0.0020 0.0015 0.9729 0.0034 0.0117 0.0085 
        020s  7 0.0014 0.0005 0.9831 0.0003 0.0004 0.0143 
        021s  7 0.0006 0.0019 0.9912 0.0010 0.0009 0.0044 
        022s  7 0.0026 0.0019 0.9904 0.0004 0.0007 0.0041 
        023s  7 0.0008 0.0099 0.9308 0.0011 0.0178 0.0396 
        024s  7 0.0005 0.0012 0.9916 0.0017 0.0005 0.0045 
        025s  7 0.0047 0.0006 0.9898 0.0011 0.0011 0.0026 
        026s  7 0.0003 0.0010 0.0031 0.0010 0.0010 0.9937 
        027s  7 0.0006 0.0018 0.4306 0.0021 0.0005 0.5645 
        028s  7 0.0008 0.0053 0.9876 0.0002 0.0005 0.0056 
        029s  7 0.0008 0.0074 0.9522 0.0009 0.0019 0.0367 
        030s  7 0.0006 0.0003 0.8738 0.0046 0.0031 0.1176 
        031s  7 0.0012 0.0017 0.9697 0.0006 0.0103 0.0164 
        032s  7 0.0004 0.1003 0.8887 0.0055 0.0002 0.0049 
        033s  7 0.0008 0.0386 0.9518 0.0031 0.0020 0.0037 
        034s  7 0.0424 0.0011 0.9513 0.0010 0.0005 0.0037 
        035s  7 0.0003 0.0004 0.9947 0.0005 0.0012 0.0029 
        036s  7 0.0026 0.0005 0.9250 0.0006 0.0078 0.0636 
        037s  7 0.0060 0.0637 0.9077 0.0006 0.0050 0.0170 
        038s  7 0.0006 0.0103 0.9842 0.0009 0.0015 0.0025 
        039s  7 0.0003 0.0004 0.7700 0.0003 0.0003 0.2287 
        040s  7 0.0155 0.0035 0.0018 0.0003 0.0005 0.9784 
        041s  7 0.0006 0.0274 0.7925 0.0014 0.0011 0.1770 
        042s  7 0.0008 0.0023 0.0099 0.0003 0.0004 0.9862 
        043s  7 0.0003 0.0011 0.9853 0.0005 0.0025 0.0102 
        044s  7 0.0178 0.0567 0.9029 0.0017 0.0196 0.0014 
         003  8 0.0015 0.0045 0.9810 0.0088 0.0005 0.0037 
         009  8 0.0006 0.0011 0.9877 0.0006 0.0016 0.0084 
         010  8 0.0003 0.0004 0.9900 0.0004 0.0021 0.0069 
         017  8 0.0007 0.0005 0.9904 0.0014 0.0038 0.0032 
         002  9 0.0006 0.0003 0.9845 0.0005 0.0009 0.0131 
         003  9 0.0004 0.0002 0.9953 0.0003 0.0004 0.0034 
         004  9 0.0002 0.0004 0.9926 0.0004 0.0009 0.0055 
         005  9 0.0008 0.0004 0.9895 0.0009 0.0050 0.0034 
         006  9 0.0007 0.0010 0.9921 0.0006 0.0017 0.0040 
         007  9 0.0003 0.0029 0.9870 0.0011 0.0010 0.0077 
         009  9 0.0002 0.0011 0.9840 0.0015 0.0022 0.0110 
         010  9 0.0004 0.0003 0.9922 0.0018 0.0019 0.0035 
         013  9 0.0008 0.0011 0.9721 0.0004 0.0015 0.0241 
         014  9 0.0002 0.0003 0.9846 0.0054 0.0013 0.0082 
         016  9 0.0002 0.0002 0.9956 0.0012 0.0004 0.0025 
         018  9 0.0008 0.0006 0.9908 0.0043 0.0016 0.0019 
         019  9 0.0005 0.0006 0.9912 0.0040 0.0005 0.0032 
         020  9 0.0003 0.0003 0.9968 0.0004 0.0003 0.0018 
         021  9 0.0002 0.0005 0.9957 0.0003 0.0007 0.0024 
         022  9 0.0003 0.0003 0.9901 0.0010 0.0006 0.0076 
         024  9 0.0004 0.0004 0.9845 0.0024 0.0033 0.0090 
         028  9 0.0007 0.0004 0.9919 0.0006 0.0014 0.0050 
         029  9 0.0004 0.0003 0.9928 0.0008 0.0006 0.0051 
         030  9 0.0004 0.0004 0.9942 0.0008 0.0008 0.0035 
         031  9 0.0003 0.0015 0.9842 0.0011 0.0003 0.0126 
         033  9 0.0004 0.0055 0.9821 0.0005 0.0009 0.0105 
         001 10 0.0005 0.0004 0.9909 0.0009 0.0002 0.0070 
         002 10 0.0002 0.0004 0.9896 0.0019 0.0007 0.0072 
         003 10 0.0007 0.0004 0.9854 0.0006 0.0115 0.0015 
         004 10 0.0003 0.0003 0.8709 0.0005 0.0017 0.1263 
         005 10 0.0005 0.0003 0.9910 0.0013 0.0008 0.0062 
         006 10 0.0004 0.0018 0.9924 0.0007 0.0007 0.0041 
         007 10 0.0002 0.0006 0.9891 0.0003 0.0026 0.0071 
         008 10 0.0007 0.0007 0.9938 0.0007 0.0026 0.0016 
         009 10 0.0012 0.0006 0.9864 0.0040 0.0006 0.0071 
         010 10 0.0004 0.0004 0.9748 0.0030 0.0009 0.0205 
         011 10 0.0009 0.0006 0.9507 0.0004 0.0390 0.0084 
         012 10 0.0009 0.0005 0.9897 0.0006 0.0045 0.0037 
         013 10 0.0017 0.0003 0.9927 0.0008 0.0006 0.0039 
         014 10 0.0009 0.0007 0.7991 0.0007 0.0007 0.1978 
         016 10 0.0011 0.0005 0.9898 0.0019 0.0007 0.0061 
         017 10 0.0010 0.0007 0.9943 0.0010 0.0007 0.0023 
         018 10 0.0006 0.0066 0.9875 0.0023 0.0006 0.0024 
         019 10 0.0005 0.0004 0.9895 0.0044 0.0011 0.0041 
         020 10 0.0006 0.0010 0.9707 0.0064 0.0022 0.0190 
         021 10 0.0002 0.0009 0.9634 0.0025 0.0004 0.0326 
         022 10 0.0004 0.0003 0.9484 0.0003 0.0011 0.0495 
         023 10 0.0006 0.0003 0.9949 0.0004 0.0011 0.0027 
         024 10 0.0002 0.0004 0.9933 0.0012 0.0016 0.0033 
         026 10 0.0003 0.0005 0.9963 0.0006 0.0006 0.0016 
        001s 11 0.0003 0.0876 0.7049 0.0007 0.0080 0.1985 
        002s 11 0.0068 0.0006 0.9814 0.0032 0.0014 0.0067 
        003s 11 0.0003 0.0062 0.9722 0.0016 0.0005 0.0192 
        004s 11 0.0013 0.0003 0.9845 0.0003 0.0014 0.0122 
        005s 11 0.0006 0.0017 0.9305 0.0056 0.0006 0.0609 
        006s 11 0.0109 0.0014 0.9669 0.0014 0.0025 0.0169 
        007s 11 0.0376 0.0094 0.9007 0.0021 0.0007 0.0495 
        008s 11 0.0004 0.0006 0.9909 0.0006 0.0005 0.0070 
        009s 11 0.0004 0.0004 0.9840 0.0130 0.0004 0.0018 
        010s 11 0.0003 0.0017 0.8282 0.0007 0.0012 0.1680 
        011s 11 0.0023 0.0966 0.0066 0.0004 0.0084 0.8857 
        012s 11 0.0004 0.1114 0.8773 0.0006 0.0002 0.0101 
        013s 11 0.0006 0.0011 0.7752 0.0002 0.0007 0.2222 
        014s 11 0.0051 0.0018 0.0267 0.0014 0.0015 0.9634 
        015s 11 0.0015 0.0021 0.9716 0.0014 0.0038 0.0196 
        016s 11 0.0005 0.0422 0.5819 0.0055 0.0582 0.3117 
        017s 11 0.0006 0.0916 0.8669 0.0009 0.0011 0.0389 
        018s 11 0.0011 0.0022 0.0122 0.0010 0.0007 0.9827 
        019s 11 0.0008 0.0009 0.9701 0.0003 0.0209 0.0069 
        020s 11 0.0014 0.0007 0.2146 0.0027 0.0011 0.7796 
        021s 11 0.0007 0.0004 0.9935 0.0005 0.0012 0.0036 
        022s 11 0.0319 0.0013 0.9449 0.0007 0.0005 0.0208 
        023s 11 0.0003 0.0250 0.0486 0.0006 0.0196 0.9058 
        025s 11 0.0005 0.0004 0.9925 0.0002 0.0006 0.0057 
        026s 11 0.0005 0.0314 0.9085 0.0004 0.0561 0.0030 
        027s 11 0.0021 0.0008 0.9924 0.0005 0.0007 0.0034 
        028s 11 0.0009 0.0055 0.9882 0.0003 0.0011 0.0041 
        029s 11 0.0004 0.0548 0.9417 0.0014 0.0003 0.0014 
        030s 11 0.0009 0.0460 0.9489 0.0006 0.0010 0.0026 
        031s 11 0.0010 0.0003 0.9917 0.0007 0.0003 0.0059 
        032s 11 0.0003 0.0007 0.9201 0.0009 0.0023 0.0757 
        033s 11 0.0007 0.0044 0.8082 0.0014 0.0006 0.1846 
        034s 11 0.0020 0.0011 0.0351 0.0004 0.0005 0.9609 
        035s 11 0.0011 0.0012 0.4016 0.0012 0.0002 0.5947 
        036s 11 0.0021 0.0159 0.9712 0.0011 0.0005 0.0093 
        037s 11 0.0003 0.0010 0.0088 0.0009 0.0012 0.9877 
        038s 11 0.0006 0.0013 0.6919 0.0007 0.0005 0.3049 
        039s 11 0.0003 0.0020 0.9889 0.0005 0.0007 0.0077 
        040s 11 0.0022 0.0724 0.9220 0.0005 0.0007 0.0022 
        041s 11 0.0013 0.0011 0.9663 0.0239 0.0032 0.0043 
        042s 11 0.0006 0.0005 0.4703 0.0011 0.0090 0.5185 
        043s 11 0.0004 0.0350 0.9328 0.0005 0.0241 0.0071 
        044s 11 0.0059 0.0005 0.9641 0.0009 0.0046 0.0239 
        045s 11 0.0027 0.0003 0.9768 0.0003 0.0089 0.0110 
        046s 11 0.0011 0.0153 0.1363 0.0012 0.0307 0.8155 
        047s 11 0.0012 0.0005 0.9936 0.0004 0.0011 0.0032 
        048s 11 0.0016 0.0050 0.9566 0.0019 0.0331 0.0018 
        049s 11 0.0004 0.0010 0.9907 0.0010 0.0011 0.0058 
        050s 11 0.0013 0.0003 0.9933 0.0003 0.0011 0.0037 
        051s 11 0.0209 0.0005 0.9009 0.0005 0.0495 0.0277 
        052s 11 0.0020 0.0014 0.0346 0.0012 0.0019 0.9588 
        053s 11 0.0004 0.0004 0.9879 0.0015 0.0010 0.0089 
        054s 11 0.0072 0.0007 0.9796 0.0004 0.0007 0.0115 
        055s 11 0.0008 0.0588 0.0255 0.0003 0.0004 0.9143 
        001s 12 0.0042 0.0019 0.9788 0.0012 0.0010 0.0130 
        002s 12 0.0004 0.0009 0.9930 0.0028 0.0009 0.0020 
        003s 12 0.0007 0.0003 0.9894 0.0008 0.0003 0.0086 
        004s 12 0.0006 0.0547 0.9309 0.0025 0.0058 0.0055 
        005s 12 0.0005 0.0003 0.3435 0.0008 0.0006 0.6543 
        006s 12 0.0025 0.0369 0.9479 0.0005 0.0009 0.0113 
        007s 12 0.0012 0.0011 0.9906 0.0029 0.0016 0.0026 
        008s 12 0.0010 0.0113 0.9826 0.0008 0.0005 0.0038 
        009s 12 0.0012 0.0230 0.9277 0.0200 0.0047 0.0233 
        010s 12 0.0318 0.0067 0.9285 0.0010 0.0004 0.0316 
        011s 12 0.0027 0.0012 0.9855 0.0011 0.0009 0.0086 
        012s 12 0.0058 0.0012 0.9870 0.0005 0.0027 0.0029 
        013s 12 0.0004 0.0009 0.9626 0.0005 0.0318 0.0038 
        014s 12 0.0341 0.0015 0.3407 0.0043 0.0440 0.5753 
        015s 12 0.0007 0.0053 0.9880 0.0016 0.0010 0.0035 
        016s 12 0.0006 0.0004 0.9933 0.0005 0.0037 0.0016 
        017s 12 0.0007 0.0042 0.9564 0.0004 0.0010 0.0373 
        018s 12 0.0002 0.0023 0.9841 0.0025 0.0014 0.0095 
        019s 12 0.0004 0.0056 0.9568 0.0028 0.0004 0.0340 
        020s 12 0.0004 0.0824 0.9114 0.0002 0.0006 0.0051 
        021s 12 0.0005 0.0026 0.9901 0.0004 0.0024 0.0040 
        022s 12 0.0009 0.0493 0.9299 0.0033 0.0027 0.0140 
        023s 12 0.0004 0.0003 0.9861 0.0010 0.0011 0.0111 
        024s 12 0.0003 0.0006 0.5337 0.0003 0.0006 0.4645 
        025s 12 0.0027 0.0031 0.9834 0.0051 0.0012 0.0045 
        026s 12 0.0004 0.0275 0.9025 0.0133 0.0008 0.0555 
        027s 12 0.0009 0.0025 0.9909 0.0004 0.0004 0.0049 
        028s 12 0.0003 0.0007 0.0034 0.0097 0.0030 0.9829 
        029s 12 0.0003 0.0005 0.6647 0.0005 0.0016 0.3323 
        030s 12 0.0012 0.0007 0.9922 0.0004 0.0005 0.0050 
        031s 12 0.0008 0.0027 0.9906 0.0010 0.0024 0.0025 
        032s 12 0.0004 0.0004 0.0511 0.0101 0.0008 0.9372 
        033s 12 0.0067 0.0012 0.9841 0.0005 0.0005 0.0071 
        034s 12 0.0003 0.0003 0.0360 0.0006 0.0004 0.9624 
        035s 12 0.0007 0.0130 0.9065 0.0006 0.0004 0.0787 
        036s 12 0.0080 0.0034 0.9442 0.0032 0.0007 0.0405 
        037s 12 0.0003 0.0012 0.9945 0.0008 0.0007 0.0025 
        001s 13 0.0005 0.0134 0.9743 0.0008 0.0025 0.0084 
        002s 13 0.0005 0.0769 0.0039 0.0003 0.0005 0.9177 
        003s 13 0.0003 0.0009 0.9909 0.0011 0.0015 0.0053 
        004s 13 0.0004 0.0008 0.9747 0.0130 0.0030 0.0082 
        005s 13 0.0052 0.0033 0.9821 0.0027 0.0020 0.0047 
        006s 13 0.0013 0.0010 0.9905 0.0010 0.0006 0.0056 
        007s 13 0.0279 0.0008 0.9660 0.0005 0.0011 0.0037 
        008s 13 0.0011 0.0551 0.9383 0.0015 0.0007 0.0034 
        009s 13 0.0022 0.1280 0.8560 0.0072 0.0006 0.0060 
        010s 13 0.0006 0.0684 0.9209 0.0012 0.0010 0.0078 
        011s 13 0.0225 0.0039 0.7011 0.0080 0.0029 0.2616 
        012s 13 0.0027 0.0575 0.9198 0.0018 0.0103 0.0080 
        013s 13 0.0119 0.0093 0.1936 0.0009 0.0058 0.7785 
        014s 13 0.0343 0.0009 0.9590 0.0011 0.0027 0.0020 
        015s 13 0.0005 0.0073 0.9395 0.0129 0.0078 0.0320 
        016s 13 0.0005 0.0003 0.9922 0.0008 0.0011 0.0051 
        017s 13 0.0128 0.0193 0.9537 0.0051 0.0004 0.0087 
        018s 13 0.0003 0.0005 0.9871 0.0007 0.0008 0.0106 
        019s 13 0.0014 0.0005 0.9676 0.0004 0.0011 0.0291 
        020s 13 0.0033 0.0009 0.0083 0.0019 0.0003 0.9853 
        021s 13 0.0002 0.0008 0.9866 0.0004 0.0013 0.0107 
        022s 13 0.0004 0.0016 0.9950 0.0004 0.0007 0.0019 
        023s 13 0.0003 0.0014 0.9708 0.0007 0.0003 0.0266 
        024s 13 0.0042 0.0196 0.9182 0.0010 0.0372 0.0199 
        025s 13 0.0005 0.0006 0.9924 0.0011 0.0026 0.0028 
        026s 13 0.0053 0.0916 0.8911 0.0005 0.0054 0.0061 
        027s 13 0.0016 0.0488 0.9395 0.0037 0.0010 0.0053 
        028s 13 0.0090 0.0074 0.4975 0.0103 0.0018 0.4739 
        029s 13 0.0010 0.0096 0.0357 0.0006 0.0013 0.9519 
        030s 13 0.0005 0.0565 0.2098 0.0006 0.0283 0.7042 
        031s 13 0.0016 0.0024 0.8890 0.0007 0.1026 0.0037 
        032s 13 0.0026 0.0005 0.9895 0.0005 0.0003 0.0066 
        033s 13 0.0352 0.0019 0.9563 0.0005 0.0009 0.0052 
        034s 13 0.0051 0.0174 0.0050 0.0024 0.0009 0.9691 
        035s 13 0.0006 0.0007 0.8060 0.0018 0.0041 0.1868 
        036s 13 0.0004 0.0021 0.7967 0.0007 0.0006 0.1995 
        037s 13 0.0007 0.0005 0.9860 0.0007 0.0022 0.0100 
        038s 13 0.0012 0.0004 0.4444 0.0010 0.0016 0.5514 
        039s 13 0.0012 0.1022 0.8101 0.0007 0.0736 0.0122 
        040s 13 0.0010 0.0008 0.9909 0.0006 0.0015 0.0052 
        041s 13 0.0035 0.0607 0.9293 0.0003 0.0013 0.0048 
        042s 13 0.0007 0.0002 0.0049 0.0007 0.0010 0.9924 
        001s 14 0.0009 0.0146 0.1149 0.0022 0.0007 0.8668 
        002s 14 0.0014 0.0653 0.9272 0.0028 0.0015 0.0018 
        003s 14 0.0004 0.0006 0.0043 0.0005 0.0006 0.9937 
        004s 14 0.0080 0.0098 0.9754 0.0006 0.0026 0.0037 
        005s 14 0.0002 0.0003 0.7652 0.0006 0.0006 0.2330 
        006s 14 0.0007 0.0005 0.9811 0.0003 0.0003 0.0171 
        007s 14 0.0008 0.0008 0.9836 0.0005 0.0012 0.0132 
        008s 14 0.0017 0.0817 0.0022 0.0192 0.0013 0.8939 
        009s 14 0.0006 0.0017 0.9593 0.0062 0.0012 0.0310 
        010s 14 0.0005 0.0425 0.4951 0.0188 0.0017 0.4414 
        011s 14 0.0307 0.0055 0.5112 0.0005 0.0009 0.4511 
        012s 14 0.0008 0.0004 0.0131 0.0016 0.0014 0.9827 
        013s 14 0.0026 0.0009 0.9244 0.0005 0.0046 0.0670 
        014s 14 0.0007 0.0394 0.9367 0.0070 0.0009 0.0153 
        015s 14 0.0007 0.0006 0.9633 0.0064 0.0024 0.0266 
        016s 14 0.0002 0.0016 0.9876 0.0005 0.0080 0.0020 
        017s 14 0.0087 0.0522 0.9322 0.0003 0.0005 0.0061 
        018s 14 0.0004 0.0007 0.9917 0.0009 0.0011 0.0052 
        019s 14 0.0017 0.0011 0.9909 0.0004 0.0005 0.0055 
        020s 14 0.0002 0.0007 0.0493 0.0084 0.0010 0.9403 
        021s 14 0.0003 0.0054 0.9795 0.0095 0.0005 0.0047 
        022s 14 0.0023 0.0058 0.9700 0.0014 0.0011 0.0194 
        023s 14 0.0008 0.0044 0.9651 0.0029 0.0023 0.0246 
        024s 14 0.0015 0.0528 0.6784 0.0020 0.0007 0.2646 
        025s 14 0.0003 0.0620 0.8903 0.0003 0.0003 0.0468 
        026s 14 0.0003 0.0008 0.9899 0.0022 0.0010 0.0058 
        027s 14 0.0006 0.0019 0.9415 0.0006 0.0029 0.0526 
        028s 14 0.0020 0.0006 0.9649 0.0026 0.0006 0.0293 
        029s 14 0.0002 0.0003 0.9931 0.0006 0.0012 0.0046 
        030s 14 0.0089 0.0010 0.9204 0.0004 0.0004 0.0688 
        031s 14 0.0161 0.0005 0.6552 0.0006 0.0019 0.3258 
        032s 14 0.0007 0.0008 0.6309 0.0004 0.0016 0.3655 
        033s 14 0.0487 0.0005 0.5230 0.0011 0.0005 0.4263 
        034s 14 0.0004 0.0003 0.9955 0.0006 0.0006 0.0025 
        035s 14 0.0813 0.0817 0.8272 0.0003 0.0008 0.0087 
        036s 14 0.0365 0.0592 0.0417 0.0023 0.0029 0.8573 
        037s 14 0.0003 0.0014 0.9797 0.0009 0.0023 0.0153 
        038s 14 0.0009 0.0007 0.9823 0.0006 0.0005 0.0150 
        039s 14 0.0016 0.0025 0.9699 0.0036 0.0042 0.0183 
        040s 14 0.0006 0.0127 0.9714 0.0004 0.0011 0.0137 
        041s 14 0.0011 0.0006 0.6971 0.0007 0.0007 0.2999 
        042s 14 0.0005 0.0734 0.9058 0.0011 0.0016 0.0176 
        001s 15 0.0005 0.0006 0.4689 0.0011 0.0014 0.5275 
        002s 15 0.0020 0.0934 0.6333 0.0084 0.0090 0.2538 
        003s 15 0.0006 0.0085 0.9789 0.0009 0.0065 0.0047 
        004s 15 0.0003 0.0007 0.9875 0.0085 0.0003 0.0027 
        005s 15 0.0022 0.0152 0.9736 0.0014 0.0042 0.0035 
        006s 15 0.0012 0.0148 0.9729 0.0008 0.0012 0.0091 
        007s 15 0.0004 0.0003 0.9787 0.0010 0.0005 0.0190 
        008s 15 0.0004 0.0003 0.9871 0.0007 0.0003 0.0111 
        009s 15 0.0029 0.0307 0.9305 0.0007 0.0310 0.0041 
        010s 15 0.0005 0.0004 0.0262 0.0003 0.0012 0.9714 
        011s 15 0.0621 0.0006 0.9322 0.0003 0.0009 0.0040 
        012s 15 0.0019 0.0030 0.9875 0.0013 0.0020 0.0042 
        013s 15 0.0003 0.0006 0.0102 0.0040 0.0011 0.9837 
        014s 15 0.0008 0.0021 0.9835 0.0038 0.0048 0.0050 
        015s 15 0.0039 0.0765 0.9128 0.0017 0.0025 0.0025 
        016s 15 0.0627 0.0029 0.0470 0.0377 0.0007 0.8491 
        017s 15 0.0005 0.0017 0.9745 0.0147 0.0012 0.0074 
        018s 15 0.0003 0.0028 0.4297 0.0022 0.0006 0.5644 
        019s 15 0.0004 0.0040 0.3723 0.0009 0.0055 0.6168 
        020s 15 0.0003 0.0005 0.4659 0.0004 0.0008 0.5321 
        021s 15 0.0010 0.0792 0.9030 0.0017 0.0030 0.0121 
        022s 15 0.0015 0.0008 0.9810 0.0008 0.0005 0.0154 
        023s 15 0.0030 0.0256 0.9614 0.0005 0.0013 0.0082 
        024s 15 0.0016 0.0011 0.9931 0.0006 0.0009 0.0028 
        025s 15 0.0007 0.0060 0.9316 0.0011 0.0304 0.0302 
        026s 15 0.0006 0.0008 0.9466 0.0047 0.0238 0.0237 
        027s 15 0.0095 0.0033 0.9476 0.0105 0.0010 0.0281 
        028s 15 0.0011 0.0003 0.9856 0.0021 0.0012 0.0096 
        029s 15 0.0008 0.0007 0.9908 0.0013 0.0011 0.0054 
        030s 15 0.0003 0.0004 0.9926 0.0014 0.0009 0.0043 
        031s 15 0.0010 0.0685 0.9018 0.0016 0.0078 0.0193 
        032s 15 0.0002 0.0006 0.9941 0.0009 0.0015 0.0026 
        033s 15 0.0010 0.0303 0.0065 0.0010 0.0003 0.9609 
        035s 15 0.0026 0.0018 0.9891 0.0019 0.0008 0.0038 
        036s 15 0.0011 0.0005 0.4919 0.0003 0.0039 0.5022 
        037s 15 0.0100 0.0008 0.9770 0.0005 0.0011 0.0106 
        038s 15 0.0010 0.0041 0.9896 0.0009 0.0003 0.0041 
        039s 15 0.0002 0.0736 0.4825 0.0005 0.0003 0.4429 
        040s 15 0.0014 0.0023 0.9736 0.0035 0.0007 0.0185 
        041s 15 0.0044 0.0709 0.9003 0.0004 0.0035 0.0205 
        042s 15 0.0004 0.0038 0.9850 0.0027 0.0007 0.0075 
        043s 15 0.0018 0.0047 0.5227 0.0003 0.0016 0.4689 
        044s 15 0.0004 0.0054 0.9892 0.0008 0.0010 0.0032 
        045s 15 0.0318 0.0038 0.8829 0.0015 0.0764 0.0035 
        046s 15 0.0060 0.0210 0.9487 0.0006 0.0012 0.0226 
        047s 15 0.0020 0.0262 0.9659 0.0005 0.0006 0.0047 
        048s 15 0.0004 0.0005 0.6245 0.0009 0.0177 0.3560 
        049s 15 0.0017 0.0117 0.9601 0.0005 0.0006 0.0255 
        050s 15 0.0005 0.1348 0.8335 0.0105 0.0032 0.0175 
         001 16 0.0105 0.1617 0.0225 0.0045 0.0004 0.8004 
         002 16 0.0009 0.0455 0.9424 0.0003 0.0006 0.0102 
         003 16 0.0057 0.0040 0.9816 0.0026 0.0016 0.0044 
         004 16 0.0011 0.0009 0.9949 0.0004 0.0009 0.0019 
         005 16 0.0034 0.0563 0.8858 0.0035 0.0256 0.0253 
         006 16 0.0012 0.0131 0.9718 0.0011 0.0104 0.0024 
         007 16 0.0007 0.0050 0.9743 0.0006 0.0013 0.0180 
         008 16 0.0071 0.1397 0.6625 0.0011 0.0005 0.1891 
         009 16 0.0004 0.0018 0.3792 0.0012 0.0005 0.6169 
         010 16 0.0006 0.0252 0.7874 0.0004 0.0006 0.1859 
         011 16 0.0010 0.0039 0.0252 0.0005 0.0014 0.9680 
         012 16 0.0025 0.0006 0.9324 0.0011 0.0011 0.0623 
         013 16 0.0009 0.0005 0.9915 0.0005 0.0005 0.0062 
         014 16 0.0009 0.0374 0.9546 0.0016 0.0003 0.0052 
         015 16 0.0016 0.0003 0.6265 0.0022 0.3677 0.0017 
         016 16 0.0003 0.0014 0.9767 0.0045 0.0129 0.0043 
         017 16 0.0060 0.0031 0.2443 0.0007 0.0018 0.7442 
         018 16 0.0031 0.0374 0.9272 0.0047 0.0266 0.0010 
         019 16 0.0036 0.0392 0.0174 0.0010 0.0003 0.9386 
         020 16 0.0006 0.0003 0.9898 0.0010 0.0007 0.0076 
         021 16 0.0287 0.0965 0.8456 0.0063 0.0009 0.0221 
         022 16 0.0002 0.0340 0.9610 0.0007 0.0019 0.0022 
         023 16 0.0005 0.0132 0.0077 0.0005 0.0080 0.9701 
         024 16 0.0005 0.0067 0.3749 0.0014 0.0207 0.5959 
         025 16 0.0203 0.0216 0.0203 0.0008 0.0037 0.9332 
         026 16 0.0020 0.1081 0.8842 0.0002 0.0029 0.0027 
         027 16 0.0006 0.0120 0.9632 0.0110 0.0014 0.0118 
         028 16 0.0342 0.1448 0.7797 0.0166 0.0003 0.0244 
         029 16 0.0356 0.0032 0.9547 0.0012 0.0007 0.0047 
         030 16 0.0036 0.0003 0.4129 0.0004 0.0004 0.5823 
         031 16 0.0009 0.0013 0.9802 0.0133 0.0004 0.0039 
         032 16 0.0008 0.0882 0.8801 0.0009 0.0060 0.0240 
         033 16 0.0010 0.0005 0.9908 0.0003 0.0003 0.0070 
         034 16 0.0018 0.0019 0.3311 0.0004 0.0011 0.6637 
         035 16 0.0008 0.0002 0.9913 0.0006 0.0002 0.0068 
         036 16 0.0005 0.0007 0.8616 0.0018 0.0020 0.1333 
         037 16 0.0124 0.0109 0.4824 0.0008 0.0036 0.4899 
         038 16 0.0008 0.0022 0.8903 0.0017 0.0063 0.0988 
         039 16 0.0003 0.0018 0.6001 0.0017 0.0005 0.3956 
         040 16 0.0012 0.0009 0.9822 0.0007 0.0014 0.0136 
         041 16 0.0008 0.0007 0.9911 0.0004 0.0013 0.0057 
         042 16 0.0009 0.0012 0.8685 0.0020 0.0006 0.1268 
         043 16 0.0004 0.0013 0.9770 0.0009 0.0008 0.0196 
         044 16 0.0008 0.0039 0.1787 0.0016 0.0014 0.8135 
         045 16 0.0058 0.0025 0.9836 0.0019 0.0002 0.0059 
         047 16 0.0377 0.0018 0.9383 0.0041 0.0009 0.0174 
         048 16 0.0044 0.0016 0.9868 0.0007 0.0005 0.0061 
         049 16 0.0029 0.0004 0.8607 0.0007 0.0045 0.1309 
         050 16 0.0009 0.0004 0.9912 0.0003 0.0004 0.0068 
         051 16 0.0017 0.0009 0.9620 0.0018 0.0007 0.0329 
         052 16 0.0004 0.0002 0.9675 0.0003 0.0008 0.0308 
         053 16 0.0009 0.0003 0.9729 0.0007 0.0007 0.0245 
         054 16 0.0005 0.0624 0.4746 0.0008 0.0002 0.4616 
         055 16 0.0531 0.0102 0.8826 0.0004 0.0003 0.0534 
         056 16 0.0004 0.0017 0.9849 0.0006 0.0082 0.0040 
         057 16 0.0006 0.0774 0.0058 0.0005 0.0002 0.9155 
         058 16 0.0080 0.0900 0.5163 0.0002 0.0091 0.3763 
         059 16 0.0122 0.0844 0.6076 0.0034 0.0849 0.2075 
         060 16 0.0006 0.0023 0.7614 0.0016 0.0087 0.2254 
         061 16 0.0006 0.0008 0.4433 0.0007 0.0011 0.5534 
         062 16 0.0075 0.0008 0.9822 0.0015 0.0003 0.0075 
         063 16 0.0007 0.0039 0.9762 0.0005 0.0005 0.0182 
         064 16 0.0005 0.0003 0.9898 0.0005 0.0021 0.0068 
         065 16 0.0031 0.0009 0.5450 0.0014 0.0022 0.4474 
         066 16 0.0004 0.0005 0.9940 0.0010 0.0005 0.0036 
         067 16 0.0033 0.0010 0.8963 0.0007 0.0776 0.0211 
         068 16 0.0017 0.0054 0.9595 0.0007 0.0278 0.0049 
         069 16 0.0006 0.0008 0.9846 0.0053 0.0005 0.0081 
         070 16 0.0005 0.0043 0.9132 0.0022 0.0004 0.0794 
         071 16 0.0135 0.0739 0.9091 0.0005 0.0005 0.0024 
         072 16 0.0010 0.0083 0.9776 0.0012 0.0012 0.0107 
         073 16 0.0035 0.0011 0.8452 0.0005 0.0004 0.1493 
         074 16 0.0006 0.0004 0.9935 0.0005 0.0003 0.0047 
         075 16 0.0038 0.0242 0.9519 0.0007 0.0009 0.0185 
         076 16 0.0007 0.0011 0.9938 0.0006 0.0004 0.0034 
         077 16 0.0038 0.0159 0.8940 0.0355 0.0495 0.0014 
         078 16 0.0003 0.0031 0.0007 0.0005 0.0009 0.9945 
         079 16 0.0021 0.0897 0.9015 0.0011 0.0008 0.0048 
         080 16 0.0003 0.0044 0.2544 0.0004 0.0013 0.7391 
         081 16 0.0366 0.0030 0.0021 0.0013 0.0006 0.9565 
         082 16 0.0089 0.0171 0.8825 0.0004 0.0004 0.0907 
         083 16 0.0007 0.0005 0.9943 0.0008 0.0017 0.0020 
         084 16 0.0020 0.0013 0.8258 0.0030 0.0014 0.1665 
         085 16 0.0007 0.0010 0.9708 0.0022 0.0123 0.0130 
         086 16 0.0024 0.1075 0.8863 0.0004 0.0005 0.0029 
         087 16 0.0025 0.0068 0.0716 0.0019 0.0003 0.9169 
         088 16 0.0005 0.0006 0.1178 0.0006 0.0034 0.8772 
         089 16 0.0085 0.0010 0.9754 0.0013 0.0010 0.0127 
         090 16 0.0007 0.0064 0.9822 0.0016 0.0004 0.0087 
         091 16 0.0016 0.0008 0.9621 0.0009 0.0006 0.0338 
         092 16 0.0007 0.0187 0.0164 0.0006 0.0005 0.9630 
         093 16 0.0004 0.0014 0.9657 0.0021 0.0006 0.0298 
         094 16 0.0010 0.0050 0.9357 0.0062 0.0412 0.0109 
         095 16 0.0002 0.0006 0.9457 0.0012 0.0005 0.0518 
         096 16 0.0289 0.0013 0.9562 0.0004 0.0020 0.0112 
         097 16 0.0848 0.0102 0.8782 0.0028 0.0058 0.0182 
         098 16 0.0006 0.0009 0.9810 0.0069 0.0038 0.0068 
         099 16 0.0003 0.0006 0.9913 0.0009 0.0043 0.0027 
         100 16 0.0004 0.0009 0.9736 0.0009 0.0018 0.0224 
         101 16 0.0006 0.0120 0.0022 0.0006 0.0027 0.9818 
         102 16 0.0013 0.0007 0.0184 0.0006 0.0021 0.9770 
         103 16 0.0022 0.0011 0.9858 0.0029 0.0026 0.0055 
         104 16 0.0006 0.0032 0.9879 0.0004 0.0027 0.0053 
         105 16 0.0302 0.0778 0.8786 0.0043 0.0030 0.0060 
         106 16 0.0003 0.0018 0.4714 0.0004 0.0028 0.5233 
         107 16 0.0007 0.0115 0.8165 0.0464 0.0041 0.1208 
         108 16 0.0007 0.1227 0.6444 0.0675 0.1628 0.0019 
         109 16 0.0046 0.0169 0.8882 0.0005 0.0005 0.0893 
         110 16 0.0006 0.0003 0.9759 0.0003 0.0013 0.0215 
         111 16 0.0004 0.0569 0.6474 0.0008 0.0011 0.2934 
         112 16 0.0004 0.0467 0.9354 0.0010 0.0009 0.0156 
         113 16 0.0066 0.0506 0.9398 0.0004 0.0008 0.0019 
         114 16 0.0005 0.0175 0.9359 0.0035 0.0011 0.0415 
         115 16 0.0011 0.0003 0.9947 0.0005 0.0007 0.0028 
         116 16 0.0007 0.0066 0.0396 0.0005 0.0009 0.9516 
         117 16 0.0032 0.0078 0.9778 0.0031 0.0005 0.0075 
         118 16 0.0003 0.0063 0.9730 0.0009 0.0125 0.0070 
         119 16 0.0013 0.0015 0.5870 0.0021 0.0007 0.4075 
         120 16 0.0168 0.0004 0.9680 0.0015 0.0006 0.0127 
         121 16 0.0075 0.0003 0.8498 0.0003 0.0309 0.1111 
         122 16 0.0006 0.0003 0.9498 0.0003 0.0005 0.0485 
         123 16 0.0011 0.0029 0.5483 0.0028 0.0005 0.4443 
         124 16 0.0008 0.0131 0.9748 0.0004 0.0014 0.0095 
         126 16 0.0009 0.1629 0.8281 0.0035 0.0025 0.0022 
         001 17 0.0024 0.0010 0.9729 0.0105 0.0006 0.0126 
         002 17 0.0005 0.0024 0.9161 0.0004 0.0004 0.0803 
         003 17 0.0005 0.0007 0.9958 0.0009 0.0005 0.0016 
         005 17 0.0007 0.0004 0.9644 0.0228 0.0005 0.0111 
         006 17 0.0469 0.0011 0.9463 0.0010 0.0003 0.0043 
         007 17 0.0175 0.1039 0.0047 0.0034 0.0151 0.8555 
         008 17 0.0142 0.1064 0.8716 0.0007 0.0007 0.0064 
         009 17 0.0003 0.0002 0.9960 0.0006 0.0006 0.0022 
         010 17 0.0010 0.0006 0.9477 0.0008 0.0014 0.0485 
         011 17 0.0013 0.1380 0.4765 0.0012 0.3779 0.0052 
         012 17 0.0005 0.0044 0.9846 0.0006 0.0017 0.0081 
         013 17 0.0003 0.0004 0.9961 0.0006 0.0003 0.0023 
         014 17 0.0004 0.0003 0.0346 0.0015 0.0004 0.9629 
         015 17 0.0054 0.0006 0.2253 0.0005 0.0003 0.7680 
         016 17 0.0008 0.0010 0.9895 0.0006 0.0004 0.0077 
         017 17 0.0017 0.0011 0.9925 0.0007 0.0010 0.0030 
         018 17 0.0010 0.0310 0.9018 0.0201 0.0005 0.0455 
         019 17 0.0002 0.0003 0.5152 0.0013 0.0016 0.4814 
         020 17 0.0011 0.0012 0.9902 0.0004 0.0008 0.0063 
         021 17 0.0008 0.0002 0.9957 0.0005 0.0010 0.0018 
         022 17 0.0055 0.0365 0.9241 0.0135 0.0016 0.0188 
         023 17 0.0003 0.0106 0.9597 0.0022 0.0007 0.0265 
         024 17 0.0404 0.0168 0.9336 0.0014 0.0040 0.0037 
         025 17 0.0006 0.0004 0.9720 0.0004 0.0003 0.0263 
         002 18 0.0008 0.0003 0.9767 0.0052 0.0023 0.0147 
         003 18 0.0003 0.0003 0.9948 0.0005 0.0011 0.0030 
         004 18 0.0004 0.0590 0.9343 0.0017 0.0007 0.0038 
         005 18 0.0006 0.0023 0.4478 0.0008 0.0417 0.5068 
         006 18 0.0002 0.0005 0.9939 0.0004 0.0006 0.0044 
         007 18 0.0047 0.0012 0.9689 0.0024 0.0004 0.0223 
         008 18 0.0012 0.0003 0.2330 0.0004 0.0024 0.7628 
         009 18 0.0036 0.0108 0.9739 0.0010 0.0022 0.0085 
         010 18 0.0024 0.0004 0.9648 0.0029 0.0080 0.0216 
         011 18 0.0006 0.0008 0.9879 0.0020 0.0018 0.0068 
         012 18 0.0008 0.0040 0.0017 0.0006 0.0016 0.9914 
         015 18 0.0005 0.0010 0.8475 0.0004 0.0025 0.1481 
         016 18 0.0042 0.0022 0.4783 0.0006 0.0003 0.5143 
         018 18 0.0004 0.0004 0.9778 0.0059 0.0059 0.0095 
         026 18 0.0149 0.0004 0.2919 0.0034 0.0004 0.6889 
         027 18 0.0005 0.0002 0.9918 0.0023 0.0015 0.0037 
         028 18 0.0007 0.0007 0.0044 0.0318 0.0002 0.9622 
         029 18 0.0005 0.0010 0.9896 0.0007 0.0006 0.0076 
         031 18 0.0026 0.0580 0.1130 0.0422 0.0799 0.7043 
         032 18 0.0005 0.0004 0.9733 0.0011 0.0002 0.0244 
         033 18 0.0004 0.0014 0.9857 0.0013 0.0010 0.0102 
         035 18 0.0005 0.0006 0.0014 0.0004 0.0004 0.9967 
         036 18 0.0005 0.0004 0.9858 0.0007 0.0081 0.0045 
         037 18 0.0143 0.0012 0.9404 0.0119 0.0112 0.0211 
         038 18 0.0188 0.0022 0.9171 0.0532 0.0037 0.0049 
         039 18 0.0004 0.0005 0.9817 0.0003 0.0013 0.0158 
         044 18 0.0107 0.1161 0.7681 0.0015 0.0006 0.1029 
         046 18 0.0003 0.0035 0.9614 0.0059 0.0255 0.0034 
         049 18 0.0004 0.0004 0.4057 0.0011 0.0004 0.5920 
         053 18 0.0004 0.0013 0.0908 0.0013 0.0008 0.9054 
         054 18 0.0101 0.0010 0.9829 0.0010 0.0013 0.0038 
         056 18 0.0003 0.0672 0.9217 0.0037 0.0025 0.0046 
         057 18 0.0036 0.0003 0.0863 0.0008 0.0034 0.9057 
         058 18 0.0005 0.0012 0.9865 0.0043 0.0034 0.0040 
        001s 19 0.0008 0.0707 0.9231 0.0004 0.0007 0.0043 
        002s 19 0.0005 0.0042 0.3121 0.0005 0.0009 0.6819 
        003s 19 0.0004 0.0295 0.9573 0.0005 0.0005 0.0117 
        004s 19 0.0010 0.0013 0.9497 0.0044 0.0241 0.0194 
        005s 19 0.0222 0.0056 0.8873 0.0072 0.0749 0.0028 
        006s 19 0.0017 0.0012 0.9878 0.0012 0.0020 0.0061 
        007s 19 0.0231 0.0012 0.3473 0.0003 0.0170 0.6111 
        008s 19 0.0023 0.0416 0.9408 0.0010 0.0119 0.0025 
        009s 19 0.0008 0.0009 0.0076 0.0007 0.0018 0.9883 
        010s 19 0.0045 0.0023 0.9686 0.0161 0.0006 0.0078 
        011s 19 0.0066 0.0005 0.9727 0.0058 0.0010 0.0134 
        012s 19 0.0016 0.0018 0.8788 0.0016 0.0003 0.1159 
        013s 19 0.0053 0.0017 0.3229 0.0008 0.0007 0.6686 
        014s 19 0.0069 0.0370 0.0074 0.0007 0.0165 0.9315 
        015s 19 0.0025 0.0006 0.9882 0.0006 0.0004 0.0077 
        016s 19 0.0017 0.0008 0.6539 0.0210 0.0428 0.2798 
        017s 19 0.0005 0.0555 0.7017 0.0020 0.0027 0.2377 
        018s 19 0.0009 0.0017 0.9883 0.0012 0.0026 0.0054 
        019s 19 0.0046 0.0844 0.9049 0.0006 0.0020 0.0035 
        020s 19 0.0035 0.0733 0.9049 0.0005 0.0007 0.0171 
        021s 19 0.0017 0.0043 0.4076 0.0017 0.0004 0.5842 
        022s 19 0.0008 0.0191 0.9714 0.0011 0.0008 0.0068 
        023s 19 0.0045 0.0007 0.9881 0.0020 0.0023 0.0024 
        024s 19 0.0003 0.0007 0.9905 0.0018 0.0024 0.0042 
        025s 19 0.0002 0.1304 0.8558 0.0010 0.0023 0.0104 
        026s 19 0.0037 0.0046 0.9814 0.0030 0.0037 0.0037 
        027s 19 0.0008 0.0022 0.6522 0.0007 0.0007 0.3432 
        028s 19 0.0011 0.0067 0.9869 0.0007 0.0004 0.0043 
        029s 19 0.0008 0.0002 0.8867 0.0020 0.0006 0.1096 
        030s 19 0.0017 0.0011 0.0041 0.0029 0.0005 0.9897 
        031s 19 0.0013 0.0023 0.9689 0.0005 0.0006 0.0264 
        032s 19 0.0015 0.0004 0.0081 0.0003 0.0004 0.9892 
        033s 19 0.0010 0.0002 0.9834 0.0012 0.0043 0.0099 
        034s 19 0.0013 0.0008 0.6945 0.0006 0.0010 0.3018 
        035s 19 0.0017 0.0144 0.9724 0.0031 0.0043 0.0040 
        036s 19 0.0011 0.0006 0.5591 0.0002 0.0014 0.4376 
        037s 19 0.0004 0.0005 0.4023 0.0007 0.0004 0.5956 
        038s 19 0.0013 0.0015 0.9805 0.0017 0.0017 0.0132 
        039s 19 0.0006 0.0006 0.8286 0.0008 0.0005 0.1689 
        040s 19 0.0277 0.0005 0.9596 0.0004 0.0003 0.0115 
        041s 19 0.0007 0.0003 0.9824 0.0003 0.0007 0.0156 
        042s 19 0.0007 0.0036 0.9717 0.0104 0.0124 0.0012 
        043s 19 0.0012 0.0332 0.8617 0.0024 0.0006 0.1009 
        044s 19 0.0008 0.0004 0.9193 0.0012 0.0014 0.0769 
        045s 19 0.0002 0.0007 0.9868 0.0009 0.0010 0.0104 
        046s 19 0.0012 0.0019 0.9836 0.0015 0.0052 0.0066 
        047s 19 0.0080 0.0006 0.6393 0.0008 0.0003 0.3510 
        048s 19 0.0057 0.0894 0.8801 0.0009 0.0006 0.0231 
        049s 19 0.0066 0.0070 0.9719 0.0005 0.0065 0.0075 
        050s 19 0.0002 0.0019 0.9832 0.0004 0.0004 0.0139 
        051s 19 0.0416 0.0066 0.5001 0.0012 0.0073 0.4432 
        052s 19 0.0009 0.0010 0.9451 0.0014 0.0009 0.0507 
      LIW2-4 20 0.0017 0.0006 0.9788 0.0021 0.0019 0.0149 
     LIW2-12 21 0.0002 0.0014 0.7743 0.0098 0.0783 0.1360 
     LIW2-20 22 0.0004 0.0032 0.9714 0.0053 0.0011 0.0186 
     LIW2-28 23 0.0009 0.0557 0.8780 0.0022 0.0610 0.0021 
      LIW1-5 24 0.0006 0.0010 0.9892 0.0018 0.0037 0.0036 
     LIW1-13 25 0.0115 0.0563 0.9029 0.0005 0.0171 0.0119 
     LIW1-21 26 0.0004 0.0075 0.9186 0.0077 0.0358 0.0301 
     LIW1-29 27 0.0028 0.0228 0.9445 0.0028 0.0159 0.0112 
      LIW2-5 28 0.0009 0.0006 0.9820 0.0075 0.0019 0.0071 
     LIW2-34 29 0.0010 0.0003 0.9757 0.0100 0.0028 0.0103 
     LIW2-21 30 0.0009 0.0964 0.4647 0.0018 0.0084 0.4278 
     LIW2-29 31 0.0046 0.1857 0.8043 0.0033 0.0013 0.0008 
      LIW1-6 32 0.0005 0.0009 0.9345 0.0012 0.0026 0.0604 
     LIW1-14 33 0.0017 0.0438 0.0128 0.0304 0.0005 0.9108 
     LIW1-22 34 0.0004 0.0008 0.9598 0.0284 0.0054 0.0052 
     LIW1-30 35 0.0003 0.0020 0.9868 0.0011 0.0039 0.0059 
      LIW2-6 36 0.0125 0.0019 0.9400 0.0037 0.0242 0.0176 
     LIW2-14 37 0.0004 0.0025 0.8585 0.0004 0.0040 0.1343 
     LIW2-22 38 0.0004 0.0747 0.8438 0.0010 0.0756 0.0046 
     LIW2-30 39 0.0004 0.0010 0.9271 0.0431 0.0045 0.0240 
      LIW1-7 40 0.0013 0.0294 0.8981 0.0128 0.0518 0.0065 
     LIW1-15 41 0.0006 0.0004 0.8966 0.0056 0.0134 0.0835 
     LIW1-23 42 0.0017 0.0047 0.8503 0.0049 0.0071 0.1314 
     LIW1-31 43 0.0009 0.0013 0.0033 0.0021 0.0028 0.9895 
      LIW2-7 44 0.0008 0.0874 0.9025 0.0041 0.0007 0.0045 
     LIW2-15 45 0.0004 0.0009 0.9313 0.0553 0.0027 0.0093 
     LIW2-23 46 0.0045 0.0003 0.9037 0.0009 0.0868 0.0037 
      LIW1-8 47 0.0011 0.0005 0.9875 0.0009 0.0027 0.0073 
     LIW1-16 48 0.0007 0.0004 0.9884 0.0010 0.0024 0.0072 
      LIW2-8 49 0.0005 0.0005 0.9894 0.0037 0.0029 0.0030 
     LIW2-16 50 0.0309 0.3032 0.0024 0.0032 0.0124 0.6480 
     LIW2-24 51 0.0194 0.1768 0.7495 0.0012 0.0138 0.0393 
     LIW2-32 52 0.0019 0.0059 0.9188 0.0084 0.0533 0.0118 
     LIW1-47 53 0.0054 0.0017 0.4143 0.0016 0.0180 0.5590 
      UMFS-1 54 0.0004 0.0002 0.0003 0.9986 0.0002 0.0003 
     UMFS-19 55 0.0002 0.0003 0.0001 0.9991 0.0001 0.0002 
     UMFS-31 56 0.0003 0.0002 0.1531 0.8092 0.0009 0.0363 
      UMFS-2 57 0.0004 0.0001 0.0428 0.9388 0.0003 0.0175 
     UMFS-10 58 0.0004 0.0003 0.0970 0.8933 0.0008 0.0082 
     UMFS-20 59 0.0008 0.0049 0.1398 0.8438 0.0004 0.0105 
     UMFS-32 60 0.0004 0.0005 0.0004 0.9981 0.0002 0.0004 
      UMFS-3 61 0.0001 0.0001 0.0001 0.9996 0.0001 0.0001 
     UMFS-11 62 0.1433 0.2343 0.0003 0.0002 0.0007 0.6212 
     UMFS-21 63 0.0011 0.0298 0.0089 0.9347 0.0102 0.0152 
     UMFS-33 64 0.0000 0.0000 0.0000 0.9998 0.0000 0.0001 
      UMFS-4 65 0.0000 0.0000 0.0001 0.9997 0.0001 0.0001 
     UMFS-22 66 0.0019 0.0010 0.0176 0.9485 0.0005 0.0305 
     UMFS-34 67 0.0024 0.0050 0.2986 0.5865 0.0847 0.0227 
      UMFS-5 68 0.0036 0.0008 0.0572 0.9173 0.0014 0.0197 
     UMFS-13 69 0.0009 0.0010 0.0009 0.9937 0.0026 0.0008 
     UMFS-23 70 0.0014 0.0009 0.1998 0.7685 0.0011 0.0282 
     UMFS-35 71 0.0001 0.0002 0.0001 0.9994 0.0001 0.0001 
      UMFS-6 72 0.0001 0.0001 0.0001 0.9997 0.0001 0.0001 
     UMFS-14 73 0.0000 0.0000 0.0000 0.9998 0.0000 0.0000 
     UMFS-24 74 0.0010 0.0058 0.1717 0.7515 0.0003 0.0697 
     UMFS-36 75 0.0000 0.0000 0.0000 0.9998 0.0000 0.0000 
      UMFS-7 76 0.2661 0.2679 0.0005 0.0002 0.0671 0.3981 
     UMFS-15 77 0.0001 0.0001 0.0001 0.9996 0.0001 0.0001 
     UMFS-25 78 0.0039 0.0058 0.1688 0.7913 0.0004 0.0298 
     UMFS-37 79 0.0001 0.0001 0.0001 0.9997 0.0000 0.0001 
      UMFS-8 80 0.0008 0.0029 0.0084 0.9833 0.0011 0.0035 
     UMFS-16 81 0.0001 0.0002 0.0001 0.9994 0.0001 0.0001 
     UMFS-26 82 0.0015 0.0174 0.2494 0.4830 0.1385 0.1101 
     UMFS-38 83 0.0001 0.0001 0.0001 0.9994 0.0001 0.0001 
      NEH1-2 84 0.0027 0.0285 0.0010 0.0013 0.9654 0.0011 
     NEH1-11 85 0.0008 0.0489 0.0010 0.0005 0.9479 0.0010 
     NEH1-20 86 0.0019 0.0005 0.0835 0.0068 0.8772 0.0301 
     NEH1-29 87 0.0002 0.0005 0.0008 0.0002 0.9975 0.0008 
      NEH2-2 88 0.0002 0.0003 0.0002 0.0003 0.9985 0.0004 
     NEH2-10 89 0.0003 0.0006 0.0057 0.0003 0.9862 0.0069 
     NEH2-18 90 0.0003 0.0030 0.0002 0.0002 0.9961 0.0002 
     NEH2-26 91 0.0003 0.0029 0.0011 0.0003 0.9943 0.0011 
      NEH1-3 92 0.0007 0.0005 0.1176 0.0003 0.8422 0.0387 
     NEH1-12 93 0.0508 0.0031 0.0002 0.0007 0.9448 0.0003 
     NEH1-21 94 0.0288 0.0004 0.0220 0.0003 0.9383 0.0103 
     NEH1-30 95 0.0002 0.0715 0.0048 0.0003 0.9135 0.0096 
      NEH2-3 96 0.0002 0.0001 0.0001 0.0002 0.9992 0.0001 
     NEH2-11 97 0.0004 0.0302 0.0004 0.0023 0.9663 0.0004 
     NEH2-19 98 0.0009 0.0022 0.0031 0.0039 0.9864 0.0034 
     NEH2-27 99 0.0002 0.0001 0.0001 0.0001 0.9994 0.0001 
      NEH1-4 100 0.0001 0.0029 0.0001 0.0002 0.9965 0.0001 
     NEH1-13 101 0.0014 0.0014 0.0090 0.0005 0.7653 0.2222 
     NEH1-22 102 0.0008 0.0005 0.0998 0.0006 0.7971 0.1011 
     NEH1-31 103 0.0002 0.0025 0.0006 0.0001 0.9962 0.0004 
      NEH2-4 104 0.0006 0.0020 0.0033 0.0028 0.9885 0.0027 
     NEH2-12 105 0.0006 0.0588 0.0005 0.0077 0.9318 0.0006 
     NEH2-20 106 0.0002 0.0004 0.1573 0.0012 0.8018 0.0391 
     NEH2-28 107 0.0103 0.0010 0.0017 0.0004 0.9851 0.0015 
      NEH1-5 108 0.0002 0.0225 0.0316 0.0005 0.8532 0.0919 
     NEH1-14 109 0.0097 0.0606 0.0767 0.0008 0.7628 0.0895 
     NEH1-23 110 0.0003 0.0004 0.1762 0.0053 0.7678 0.0500 
     NEH1-32 111 0.0028 0.0013 0.0010 0.0003 0.9929 0.0017 
      NEH2-5 112 0.0001 0.0002 0.0002 0.0001 0.9992 0.0002 
     NEH2-13 113 0.0007 0.0248 0.0012 0.0003 0.9717 0.0014 
     NEH2-22 114 0.0005 0.0004 0.0006 0.0008 0.9970 0.0007 
     NEH2-29 115 0.0004 0.0003 0.0205 0.0005 0.9496 0.0288 
      NEH1-6 116 0.0004 0.0002 0.0002 0.0001 0.9990 0.0001 
     NEH1-15 117 0.0397 0.0024 0.0018 0.0002 0.9534 0.0025 
     NEH1-24 118 0.0205 0.0004 0.0006 0.0013 0.9767 0.0006 
     NEH1-33 119 0.0004 0.0009 0.1130 0.0007 0.8697 0.0153 
      NEH2-6 120 0.0007 0.0004 0.0113 0.0082 0.9744 0.0051 
     NEH2-14 121 0.0021 0.0019 0.0035 0.0013 0.9885 0.0027 
     NEH2-21 122 0.0002 0.0003 0.0349 0.0014 0.9471 0.0160 
     NEH2-30 123 0.0001 0.0003 0.0002 0.0002 0.9989 0.0002 
      NEH1-7 124 0.0016 0.0949 0.0620 0.0005 0.8349 0.0062 
     NEH1-16 125 0.0002 0.0002 0.0002 0.0002 0.9989 0.0002 
     NEH1-25 126 0.0010 0.0005 0.0065 0.0031 0.8709 0.1179 
     NEH1-34 127 0.0009 0.0248 0.0230 0.0011 0.9279 0.0223 
      NEH2-7 128 0.0008 0.0014 0.0017 0.0033 0.9900 0.0029 
     NEH2-15 129 0.0001 0.0001 0.0001 0.0001 0.9995 0.0001 
     NEH2-23 130 0.0038 0.0461 0.0050 0.0022 0.9346 0.0084 
     NEH2-31 131 0.0002 0.0001 0.0002 0.0003 0.9991 0.0002 
      NEH1-8 132 0.0009 0.0784 0.0517 0.0003 0.8250 0.0437 
     NEH1-17 133 0.0017 0.1143 0.0012 0.0005 0.8813 0.0010 
     NEH1-26 134 0.0049 0.0003 0.0485 0.0017 0.8472 0.0973 
     NEH1-35 135 0.0023 0.0028 0.1689 0.0005 0.8079 0.0176 
      NEH2-8 136 0.0001 0.0001 0.0001 0.0001 0.9994 0.0001 
     NEH2-16 137 0.0010 0.0002 0.0008 0.0010 0.9963 0.0008 
     NEH2-24 138 0.0001 0.0001 0.0001 0.0004 0.9991 0.0001 
     NEH2-32 139 0.0010 0.0724 0.0003 0.0006 0.9254 0.0004 
      NEH1-1 140 0.0002 0.1176 0.0004 0.0010 0.8802 0.0005 
     NEH1-10 141 0.0007 0.0003 0.0002 0.0001 0.9985 0.0002 
     NEH1-19 142 0.0021 0.0016 0.0492 0.0003 0.8743 0.0724 
     NEH1-28 143 0.0024 0.0454 0.0003 0.0003 0.9507 0.0008 
      NEH2-1 144 0.0003 0.0175 0.0016 0.0005 0.9788 0.0015 
      NEH2-9 145 0.0003 0.0002 0.0005 0.0004 0.9981 0.0005 
     NEH2-17 146 0.0365 0.0023 0.0025 0.0004 0.9561 0.0022 
     NEH2-25 147 0.0002 0.0324 0.0004 0.0001 0.9667 0.0003 
      LIW1-1 148 0.0042 0.0864 0.8000 0.0041 0.1039 0.0013 
      LIW1-9 149 0.0709 0.0855 0.7492 0.0008 0.0715 0.0221 
     LIW1-17 150 0.0002 0.0009 0.0040 0.0015 0.0481 0.9453 
     LIW1-25 151 0.0012 0.0004 0.9851 0.0082 0.0020 0.0032 
      LIW2-9 152 0.0048 0.0527 0.9319 0.0011 0.0016 0.0078 
     LIW2-17 153 0.0018 0.0008 0.9880 0.0016 0.0029 0.0049 
     LIW2-25 154 0.0004 0.0008 0.0025 0.0022 0.0023 0.9917 
      LIW1-2 155 0.0003 0.0038 0.9817 0.0016 0.0100 0.0026 
     LIW1-10 156 0.0011 0.0053 0.9700 0.0050 0.0037 0.0149 
     LIW1-18 157 0.0004 0.0038 0.0135 0.0023 0.0068 0.9732 
     LIW1-26 158 0.0026 0.0004 0.9609 0.0009 0.0257 0.0095 
      LIW2-2 159 0.0007 0.0003 0.9859 0.0045 0.0036 0.0050 
     LIW2-10 160 0.0004 0.0023 0.5519 0.0011 0.0019 0.4423 
     LIW2-18 161 0.0126 0.0065 0.9106 0.0060 0.0627 0.0016 
     LIW2-26 162 0.0007 0.0007 0.9366 0.0506 0.0011 0.0104 
      LIW1-3 163 0.0003 0.0080 0.1599 0.0431 0.0111 0.7776 
     LIW1-11 164 0.0016 0.0096 0.9274 0.0072 0.0072 0.0470 
     LIW1-19 165 0.0012 0.0538 0.8580 0.0067 0.0638 0.0165 
     LIW1-27 166 0.0004 0.0064 0.0032 0.0014 0.0003 0.9883 
      LIW2-3 167 0.0064 0.0027 0.9663 0.0082 0.0030 0.0135 
     LIW2-11 168 0.0005 0.0004 0.9944 0.0012 0.0009 0.0026 
     LIW2-19 169 0.0011 0.0010 0.9629 0.0008 0.0261 0.0080 
     LIW2-27 170 0.0004 0.0003 0.9547 0.0108 0.0164 0.0175 
      LIW1-4 171 0.0008 0.0005 0.8927 0.0020 0.0060 0.0980 
     LIW1-12 172 0.0014 0.0199 0.9260 0.0330 0.0038 0.0159 
     LIW1-20 173 0.0026 0.0008 0.0206 0.0008 0.0012 0.9740 
     LIW1-28 174 0.0006 0.0039 0.9791 0.0035 0.0096 0.0033 
        001s 175 0.0139 0.0006 0.8686 0.0004 0.0021 0.1145 
        002s 175 0.0007 0.0836 0.9126 0.0006 0.0011 0.0013 
        003s 175 0.0006 0.0002 0.0111 0.0009 0.0005 0.9866 
        004s 175 0.0038 0.0195 0.8897 0.0050 0.0010 0.0811 
        005s 175 0.0005 0.0025 0.9650 0.0041 0.0015 0.0264 
        006s 175 0.0023 0.1590 0.0665 0.0076 0.0006 0.7640 
        007s 175 0.0003 0.0008 0.9817 0.0007 0.0007 0.0158 
        008s 175 0.0012 0.0017 0.9909 0.0023 0.0005 0.0035 
        009s 175 0.0018 0.1169 0.8735 0.0030 0.0009 0.0039 
        010s 175 0.0008 0.0006 0.0253 0.0005 0.0007 0.9721 
        011s 175 0.0008 0.0045 0.9317 0.0006 0.0008 0.0616 
        012s 175 0.0058 0.0002 0.9810 0.0006 0.0005 0.0118 
        013s 175 0.0007 0.0040 0.9672 0.0004 0.0002 0.0275 
        014s 175 0.0007 0.0904 0.9060 0.0006 0.0003 0.0020 
        015s 175 0.0013 0.0010 0.9873 0.0005 0.0022 0.0076 
        016s 175 0.0004 0.0420 0.9549 0.0005 0.0004 0.0018 
        017s 175 0.0072 0.0011 0.0185 0.0013 0.0048 0.9670 
        018s 175 0.0010 0.0040 0.9703 0.0078 0.0013 0.0157 
        019s 175 0.0008 0.0010 0.9644 0.0221 0.0046 0.0071 
        020s 175 0.0010 0.0004 0.4133 0.0005 0.0012 0.5836 
        021s 175 0.0014 0.0006 0.9906 0.0005 0.0026 0.0042 
        022s 175 0.0476 0.0004 0.9457 0.0005 0.0021 0.0037 
        023s 175 0.0079 0.0016 0.9761 0.0070 0.0024 0.0049 
        024s 175 0.0047 0.0262 0.9143 0.0013 0.0006 0.0530 
        025s 175 0.0153 0.0166 0.9627 0.0034 0.0011 0.0009 
        026s 175 0.0008 0.0071 0.9876 0.0007 0.0014 0.0024 
        027s 175 0.0021 0.0011 0.9447 0.0008 0.0017 0.0496 
        028s 175 0.0005 0.0011 0.9268 0.0005 0.0620 0.0091 
        029s 175 0.0009 0.0005 0.9706 0.0017 0.0005 0.0258 
        030s 175 0.0011 0.1088 0.8844 0.0005 0.0022 0.0030 
        031s 175 0.0011 0.0009 0.9777 0.0091 0.0006 0.0105 
        032s 175 0.0007 0.0013 0.0157 0.0030 0.0149 0.9643 
        033s 175 0.0033 0.0150 0.9716 0.0023 0.0006 0.0073 
        034s 175 0.0008 0.0035 0.0078 0.0003 0.0005 0.9871 
        035s 175 0.0008 0.0028 0.0019 0.0006 0.0004 0.9934 
        036s 175 0.0006 0.0005 0.9729 0.0032 0.0005 0.0223 
        037s 175 0.0131 0.0003 0.8590 0.0003 0.0147 0.1126 
        038s 175 0.0013 0.0078 0.9742 0.0003 0.0007 0.0157 
        039s 175 0.0006 0.0022 0.8427 0.0009 0.0023 0.1514 
        040s 175 0.0008 0.0007 0.9937 0.0005 0.0020 0.0023 
        041s 175 0.0005 0.0010 0.0038 0.0006 0.0007 0.9934 
        042s 175 0.0017 0.0009 0.9742 0.0192 0.0009 0.0030 
        043s 175 0.0011 0.0037 0.9858 0.0007 0.0028 0.0059 
        044s 175 0.0005 0.0011 0.3896 0.0004 0.0020 0.6063 
        045s 175 0.0006 0.0806 0.8920 0.0006 0.0008 0.0253 
        046s 175 0.0012 0.0009 0.7342 0.0009 0.0018 0.2609 
        047s 175 0.0007 0.0005 0.9212 0.0038 0.0091 0.0646 
        048s 175 0.0022 0.0022 0.9877 0.0014 0.0005 0.0061 
        049s 175 0.0007 0.0456 0.9347 0.0016 0.0005 0.0169 
        050s 175 0.0007 0.0759 0.8383 0.0013 0.0820 0.0017 
        001s 176 0.0180 0.0191 0.0028 0.0017 0.0005 0.9579 
        002s 176 0.0097 0.0025 0.9764 0.0004 0.0024 0.0085 
        003s 176 0.0004 0.0032 0.9924 0.0006 0.0008 0.0026 
        004s 176 0.0007 0.0022 0.9792 0.0023 0.0020 0.0135 
        005s 176 0.0003 0.0010 0.9738 0.0007 0.0187 0.0055 
        006s 176 0.0047 0.0003 0.9809 0.0020 0.0008 0.0113 
        007s 176 0.0004 0.0844 0.9070 0.0025 0.0012 0.0046 
        008s 176 0.0010 0.0004 0.9526 0.0013 0.0003 0.0445 
        009s 176 0.0004 0.0007 0.8826 0.0012 0.0077 0.1074 
        010s 176 0.0004 0.0009 0.4604 0.0010 0.0004 0.5369 
        011s 176 0.0024 0.0003 0.9869 0.0004 0.0036 0.0064 
        012s 176 0.0007 0.0734 0.7585 0.0007 0.0009 0.1660 
        013s 176 0.0033 0.0025 0.3421 0.0013 0.0035 0.6473 
        014s 176 0.0065 0.0009 0.9864 0.0011 0.0006 0.0045 
        015s 176 0.0004 0.0020 0.9772 0.0072 0.0015 0.0117 
        016s 176 0.0004 0.0013 0.9649 0.0058 0.0010 0.0267 
        017s 176 0.0004 0.0002 0.9955 0.0006 0.0004 0.0028 
        018s 176 0.0005 0.0004 0.9603 0.0018 0.0106 0.0264 
        019s 176 0.0186 0.0085 0.8620 0.0011 0.0007 0.1091 
        020s 176 0.0006 0.0032 0.9467 0.0011 0.0011 0.0473 
        021s 176 0.0034 0.0019 0.9881 0.0006 0.0012 0.0048 
        022s 176 0.0148 0.0003 0.9764 0.0017 0.0007 0.0061 
        023s 176 0.0018 0.0003 0.9147 0.0770 0.0002 0.0059 
        024s 176 0.0206 0.0012 0.0021 0.0012 0.0009 0.9738 
        025s 176 0.0027 0.0031 0.9770 0.0015 0.0030 0.0128 
        026s 176 0.0127 0.0012 0.9784 0.0008 0.0017 0.0052 
        027s 176 0.0003 0.0007 0.9958 0.0005 0.0007 0.0020 
        028s 176 0.0018 0.0008 0.9877 0.0012 0.0007 0.0077 
        029s 176 0.0079 0.0003 0.9838 0.0007 0.0023 0.0049 
        030s 176 0.0008 0.0566 0.0274 0.0007 0.0005 0.9140 
        031s 176 0.0031 0.0044 0.9838 0.0003 0.0007 0.0077 
        032s 176 0.0003 0.0423 0.3387 0.0010 0.0160 0.6016 
        033s 176 0.0398 0.0754 0.1427 0.0042 0.0145 0.7235 
        034s 176 0.0004 0.0009 0.9848 0.0002 0.0005 0.0132 
        035s 176 0.0006 0.0163 0.9189 0.0007 0.0608 0.0028 
        036s 176 0.0021 0.0004 0.9904 0.0003 0.0006 0.0062 
        037s 176 0.0032 0.0591 0.9167 0.0022 0.0154 0.0033 
        038s 176 0.0006 0.0006 0.9883 0.0014 0.0009 0.0081 
        039s 176 0.0004 0.0006 0.7411 0.0005 0.0003 0.2571 
        040s 176 0.0003 0.0006 0.9942 0.0004 0.0007 0.0039 
        041s 176 0.0005 0.0009 0.9803 0.0047 0.0005 0.0130 
        042s 176 0.0007 0.0004 0.9915 0.0010 0.0004 0.0060 
        043s 176 0.0208 0.0013 0.9658 0.0019 0.0069 0.0033 
        044s 176 0.0011 0.0012 0.0103 0.0004 0.0003 0.9866 
        045s 176 0.0030 0.0062 0.9843 0.0008 0.0008 0.0049 
        046s 176 0.0006 0.0015 0.9944 0.0007 0.0002 0.0025 
        047s 176 0.0018 0.0004 0.9169 0.0041 0.0013 0.0754 
        048s 176 0.0018 0.0018 0.0106 0.0078 0.0004 0.9776 
        050s 176 0.0004 0.0021 0.9793 0.0004 0.0110 0.0068 
        001s 177 0.0034 0.0329 0.4715 0.0080 0.0147 0.4695 
        002s 177 0.0005 0.0004 0.6046 0.0009 0.0016 0.3920 
        003s 177 0.0039 0.0162 0.5704 0.0465 0.0065 0.3564 
        004s 177 0.0022 0.0004 0.9910 0.0003 0.0013 0.0048 
        005s 177 0.0004 0.0059 0.6427 0.0004 0.0004 0.3502 
        006s 177 0.0003 0.0259 0.9399 0.0021 0.0021 0.0297 
        007s 177 0.0007 0.0071 0.4344 0.0005 0.0005 0.5568 
        008s 177 0.0453 0.1021 0.2264 0.0099 0.0008 0.6154 
        009s 177 0.0007 0.0002 0.9772 0.0006 0.0006 0.0207 
        010s 177 0.0015 0.0302 0.9626 0.0012 0.0012 0.0032 
        011s 177 0.0011 0.0010 0.9492 0.0003 0.0004 0.0480 
        012s 177 0.0006 0.0038 0.9905 0.0005 0.0006 0.0040 
        013s 177 0.0008 0.0008 0.9628 0.0074 0.0019 0.0263 
        014s 177 0.0004 0.0614 0.9231 0.0007 0.0013 0.0131 
        015s 177 0.0040 0.0011 0.9838 0.0007 0.0021 0.0082 
        016s 177 0.0002 0.0002 0.0010 0.0005 0.0004 0.9978 
        017s 177 0.0346 0.0021 0.9574 0.0009 0.0012 0.0037 
        018s 177 0.0005 0.0073 0.0042 0.0029 0.0003 0.9848 
        019s 177 0.0006 0.0010 0.9435 0.0005 0.0042 0.0501 
        020s 177 0.0009 0.0017 0.9878 0.0011 0.0033 0.0052 
        021s 177 0.0007 0.0003 0.0403 0.0005 0.0019 0.9563 
        022s 177 0.0028 0.0022 0.7444 0.0007 0.0200 0.2299 
        023s 177 0.0507 0.0005 0.9360 0.0021 0.0018 0.0089 
        024s 177 0.0005 0.0004 0.9926 0.0006 0.0019 0.0041 
        025s 177 0.0024 0.0012 0.9879 0.0005 0.0007 0.0073 
        026s 177 0.0004 0.0013 0.9908 0.0006 0.0027 0.0042 
        027s 177 0.0005 0.0006 0.9857 0.0010 0.0008 0.0115 
        028s 177 0.0005 0.0003 0.9242 0.0016 0.0007 0.0727 
        029s 177 0.0408 0.0338 0.9135 0.0003 0.0011 0.0104 
        030s 177 0.0011 0.0139 0.9717 0.0016 0.0013 0.0105 
        031s 177 0.0015 0.0006 0.6101 0.0008 0.0121 0.3750 
        032s 177 0.0015 0.0122 0.3054 0.0006 0.0004 0.6799 
        033s 177 0.0004 0.0013 0.9894 0.0005 0.0025 0.0058 
        034s 177 0.0008 0.0014 0.9737 0.0005 0.0006 0.0230 
        035s 177 0.0003 0.0003 0.9919 0.0007 0.0003 0.0063 
        036s 177 0.0037 0.0023 0.9288 0.0006 0.0609 0.0036 
        037s 177 0.0097 0.0098 0.9557 0.0006 0.0026 0.0215 
        038s 177 0.0009 0.0163 0.7238 0.0028 0.0015 0.2548 
        039s 177 0.0007 0.0007 0.1556 0.0062 0.0018 0.8351 
        040s 177 0.0355 0.0014 0.9563 0.0003 0.0015 0.0050 
        041s 177 0.0247 0.0727 0.2368 0.0003 0.0003 0.6650 
        042s 177 0.0005 0.0494 0.0511 0.0007 0.0006 0.8978 
        043s 177 0.0002 0.0004 0.6448 0.0006 0.0004 0.3535 
        044s 177 0.0005 0.0012 0.9523 0.0005 0.0007 0.0448 
        045s 177 0.0013 0.0177 0.9646 0.0110 0.0015 0.0040 
        046s 177 0.0031 0.0003 0.9839 0.0004 0.0008 0.0115 
        047s 177 0.0022 0.0012 0.9048 0.0009 0.0042 0.0867 
        048s 177 0.0149 0.0009 0.9245 0.0005 0.0005 0.0586 
        049s 177 0.0203 0.0040 0.0148 0.0002 0.0009 0.9597 
        050s 177 0.0009 0.0004 0.9610 0.0045 0.0008 0.0325 
        001s 178 0.0005 0.0590 0.2032 0.0020 0.0009 0.7344 
        002s 178 0.0022 0.0025 0.9384 0.0004 0.0039 0.0525 
        003s 178 0.0012 0.0050 0.9853 0.0009 0.0007 0.0069 
        004s 178 0.0008 0.0026 0.9721 0.0110 0.0004 0.0132 
        005s 178 0.0013 0.0007 0.9938 0.0017 0.0005 0.0021 
        006s 178 0.0060 0.0356 0.8897 0.0101 0.0543 0.0043 
        007s 178 0.0040 0.0003 0.9737 0.0004 0.0007 0.0209 
        008s 178 0.0003 0.0984 0.0038 0.0034 0.0005 0.8935 
        009s 178 0.0117 0.0006 0.9799 0.0015 0.0013 0.0051 
        010s 178 0.0003 0.0011 0.9950 0.0004 0.0009 0.0024 
        011s 178 0.0007 0.0007 0.0621 0.0012 0.0006 0.9347 
        012s 178 0.0010 0.0017 0.9064 0.0005 0.0004 0.0900 
        013s 178 0.0004 0.0004 0.0772 0.0060 0.0034 0.9126 
        014s 178 0.0013 0.0499 0.9282 0.0003 0.0124 0.0079 
        015s 178 0.0012 0.0042 0.9877 0.0007 0.0006 0.0056 
        016s 178 0.0020 0.0036 0.0214 0.0043 0.0017 0.9670 
        017s 178 0.0009 0.0501 0.9406 0.0016 0.0024 0.0044 
        018s 178 0.0013 0.0011 0.6789 0.0011 0.0019 0.3157 
        019s 178 0.0007 0.0019 0.9428 0.0005 0.0003 0.0538 
        020s 178 0.0002 0.0009 0.9871 0.0012 0.0002 0.0103 
        021s 178 0.0094 0.0075 0.9744 0.0010 0.0008 0.0070 
        022s 178 0.0009 0.0014 0.9932 0.0005 0.0003 0.0036 
        023s 178 0.0064 0.0877 0.8369 0.0005 0.0247 0.0438 
        024s 178 0.0004 0.0010 0.9819 0.0008 0.0007 0.0152 
        025s 178 0.0007 0.0337 0.0029 0.0004 0.0012 0.9611 
        026s 178 0.0008 0.0003 0.9915 0.0025 0.0006 0.0043 
        027s 178 0.0024 0.0269 0.3070 0.0007 0.0006 0.6623 
        028s 178 0.0428 0.0017 0.9261 0.0087 0.0075 0.0132 
        029s 178 0.0268 0.0004 0.0611 0.0005 0.0010 0.9103 
        030s 178 0.0084 0.0016 0.9686 0.0008 0.0060 0.0146 
        031s 178 0.0003 0.0003 0.9583 0.0166 0.0004 0.0241 
        032s 178 0.0008 0.0004 0.9902 0.0017 0.0004 0.0064 
        033s 178 0.0039 0.0247 0.9340 0.0019 0.0005 0.0349 
        034s 178 0.0004 0.0004 0.3431 0.0010 0.0004 0.6546 
        035s 178 0.0005 0.0012 0.9912 0.0010 0.0032 0.0030 
        036s 178 0.0008 0.0002 0.9921 0.0005 0.0006 0.0057 
        037s 178 0.0003 0.0005 0.9888 0.0005 0.0056 0.0044 
        039s 178 0.0141 0.0016 0.9749 0.0016 0.0057 0.0021 
        040s 178 0.0010 0.0861 0.6148 0.0011 0.0022 0.2948 
        041s 178 0.0025 0.0002 0.9867 0.0006 0.0006 0.0094 
        042s 178 0.0018 0.0366 0.9100 0.0190 0.0037 0.0289 
        043s 178 0.0209 0.0025 0.9165 0.0457 0.0091 0.0054 
        044s 178 0.0886 0.0034 0.1574 0.0002 0.0008 0.7496 
        045s 178 0.0013 0.0007 0.9892 0.0006 0.0009 0.0074 
        046s 178 0.0008 0.0011 0.9893 0.0007 0.0003 0.0078 
        047s 178 0.0120 0.0029 0.9716 0.0007 0.0008 0.0121 
        048s 178 0.0017 0.0105 0.0413 0.0024 0.0201 0.9241 
        049s 178 0.0026 0.0020 0.9680 0.0004 0.0044 0.0226 
        050s 178 0.0097 0.0726 0.8699 0.0093 0.0030 0.0355 
          01 179 0.0208 0.0458 0.8459 0.0006 0.0212 0.0657 
          02 179 0.0014 0.0007 0.8417 0.0011 0.0021 0.1530 
          03 179 0.0033 0.1327 0.8535 0.0003 0.0010 0.0091 
          04 179 0.0016 0.0013 0.9718 0.0006 0.0084 0.0164 
          05 179 0.0019 0.0436 0.0152 0.0031 0.0009 0.9353 
          06 179 0.0002 0.0045 0.9829 0.0086 0.0003 0.0034 
          07 179 0.0016 0.0021 0.7814 0.0003 0.0056 0.2089 
          08 179 0.0008 0.0003 0.9861 0.0015 0.0050 0.0062 
          09 179 0.0003 0.0009 0.9908 0.0007 0.0008 0.0066 
          10 179 0.0007 0.0138 0.0448 0.0003 0.0040 0.9364 
          11 179 0.0020 0.0573 0.0010 0.0003 0.0004 0.9389 
          12 179 0.0003 0.0011 0.0068 0.0022 0.0027 0.9870 
          13 179 0.0018 0.0004 0.9920 0.0020 0.0004 0.0034 
          14 179 0.0005 0.1139 0.8799 0.0006 0.0032 0.0018 
          15 179 0.0078 0.0008 0.0017 0.0007 0.0006 0.9885 
          16 179 0.0006 0.0260 0.9645 0.0031 0.0008 0.0050 
          17 179 0.0005 0.0014 0.9725 0.0007 0.0218 0.0030 
          18 179 0.0006 0.0007 0.9827 0.0014 0.0030 0.0116 
          19 179 0.0036 0.0056 0.0173 0.0022 0.0007 0.9706 
          20 179 0.0017 0.0367 0.8562 0.0035 0.0901 0.0118 
          21 179 0.0003 0.0002 0.9944 0.0002 0.0007 0.0042 
          22 179 0.0006 0.0200 0.2671 0.0235 0.0006 0.6883 
          23 179 0.0007 0.0028 0.9831 0.0004 0.0008 0.0122 
        001s 180 0.0011 0.0408 0.9290 0.0009 0.0268 0.0014 
        002s 180 0.0007 0.0010 0.3004 0.0004 0.0019 0.6957 
        003s 180 0.0005 0.0005 0.1052 0.0043 0.0012 0.8884 
        004s 180 0.0014 0.0003 0.0310 0.0003 0.0005 0.9664 
        005s 180 0.0031 0.0037 0.9583 0.0002 0.0251 0.0096 
        006s 180 0.0015 0.1004 0.8946 0.0008 0.0004 0.0022 
        007s 180 0.0008 0.0004 0.9854 0.0007 0.0005 0.0122 
        008s 180 0.0016 0.0020 0.9830 0.0005 0.0007 0.0122 
        009s 180 0.0002 0.0018 0.6608 0.0008 0.0015 0.3348 
        010s 180 0.0004 0.0018 0.9823 0.0112 0.0009 0.0033 
        011s 180 0.0012 0.0008 0.5224 0.0007 0.0003 0.4746 
        012s 180 0.0011 0.0102 0.9663 0.0008 0.0007 0.0210 
        013s 180 0.0011 0.0009 0.9636 0.0019 0.0069 0.0256 
        014s 180 0.0006 0.0144 0.6798 0.0003 0.0017 0.3032 
        015s 180 0.0005 0.0017 0.3819 0.0003 0.0021 0.6135 
        016s 180 0.0006 0.0397 0.9106 0.0022 0.0105 0.0363 
        017s 180 0.0014 0.0009 0.7152 0.0006 0.0011 0.2809 
        018s 180 0.0005 0.0808 0.2390 0.0011 0.0005 0.6782 
        019s 180 0.0008 0.0011 0.9667 0.0010 0.0010 0.0294 
        020s 180 0.0019 0.0013 0.9806 0.0024 0.0076 0.0062 
        021s 180 0.0008 0.0040 0.9480 0.0009 0.0022 0.0442 
        022s 180 0.0009 0.0055 0.0121 0.0003 0.0008 0.9804 
        023s 180 0.0001 0.0007 0.0056 0.0003 0.0028 0.9905 
        024s 180 0.0003 0.0256 0.9651 0.0006 0.0057 0.0027 
        025s 180 0.0047 0.0026 0.0560 0.0008 0.0004 0.9354 
        026s 180 0.0034 0.0011 0.9842 0.0042 0.0006 0.0065 
        027s 180 0.0006 0.0071 0.9869 0.0009 0.0009 0.0036 
        028s 180 0.0015 0.0015 0.9861 0.0012 0.0010 0.0089 
        029s 180 0.0027 0.0047 0.9193 0.0071 0.0637 0.0025 
        030s 180 0.0039 0.0005 0.9674 0.0054 0.0007 0.0222 
        031s 180 0.0003 0.0007 0.4465 0.0004 0.0006 0.5515 
        032s 180 0.0015 0.0014 0.9210 0.0157 0.0008 0.0595 
        033s 180 0.0006 0.0056 0.9776 0.0036 0.0002 0.0123 
        034s 180 0.0039 0.0013 0.9846 0.0019 0.0008 0.0076 
        035s 180 0.0008 0.0269 0.9423 0.0008 0.0125 0.0166 
        036s 180 0.0003 0.0008 0.9712 0.0045 0.0010 0.0222 
        037s 180 0.0005 0.0024 0.9861 0.0039 0.0014 0.0057 
        038s 180 0.0012 0.0016 0.9929 0.0010 0.0004 0.0029 
        039s 180 0.0021 0.0009 0.9821 0.0009 0.0011 0.0129 
        041s 180 0.0008 0.0006 0.9887 0.0003 0.0004 0.0092 
        042s 180 0.0022 0.0009 0.9629 0.0010 0.0052 0.0278 
        043s 180 0.0017 0.0022 0.9714 0.0091 0.0016 0.0139 
        044s 180 0.0005 0.0006 0.9917 0.0008 0.0004 0.0059 
        045s 180 0.0250 0.0004 0.7452 0.0029 0.0038 0.2227 
        046s 180 0.0029 0.0066 0.9467 0.0024 0.0014 0.0401 
        047s 180 0.0009 0.0245 0.4569 0.0010 0.0017 0.5150 
        048s 180 0.0009 0.0006 0.0303 0.0007 0.0007 0.9668 
        049s 180 0.0015 0.0004 0.9943 0.0008 0.0004 0.0027 
        050s 180 0.0024 0.0003 0.9843 0.0023 0.0004 0.0104 
         001 181 0.7963 0.2026 0.0002 0.0005 0.0002 0.0002 
         002 181 0.9997 0.0001 0.0001 0.0001 0.0001 0.0001 
         003 181 0.9997 0.0001 0.0001 0.0001 0.0001 0.0001 
         004 181 0.7648 0.2232 0.0035 0.0035 0.0003 0.0047 
         005 181 0.8546 0.1352 0.0051 0.0004 0.0032 0.0016 
         006 181 0.9997 0.0001 0.0001 0.0001 0.0001 0.0001 
         007 181 0.9997 0.0001 0.0001 0.0001 0.0001 0.0000 
         008 181 0.9992 0.0002 0.0002 0.0002 0.0001 0.0002 
         009 181 0.9998 0.0000 0.0000 0.0000 0.0000 0.0000 
         010 181 0.8188 0.1295 0.0002 0.0512 0.0002 0.0002 
         011 181 0.9995 0.0001 0.0001 0.0001 0.0001 0.0001 
         012 181 0.8540 0.1410 0.0003 0.0002 0.0042 0.0004 
         013 181 0.8873 0.1065 0.0040 0.0006 0.0004 0.0013 
         014 181 0.8550 0.1441 0.0003 0.0002 0.0002 0.0003 
         015 181 0.9997 0.0001 0.0000 0.0001 0.0001 0.0001 
         016 181 0.8612 0.1360 0.0004 0.0002 0.0004 0.0018 
         017 181 0.9997 0.0001 0.0001 0.0001 0.0001 0.0001 
         018 181 0.8020 0.1965 0.0005 0.0004 0.0002 0.0004 
         019 181 0.8451 0.1343 0.0018 0.0002 0.0007 0.0179 
         020 181 0.9998 0.0000 0.0000 0.0000 0.0000 0.0001 
         021 181 0.9997 0.0001 0.0001 0.0001 0.0001 0.0001 
         022 181 0.9998 0.0000 0.0001 0.0000 0.0000 0.0001 
         023 181 0.9996 0.0001 0.0001 0.0001 0.0001 0.0001 
         024 181 0.9705 0.0005 0.0156 0.0010 0.0013 0.0111 
         025 181 0.9642 0.0352 0.0001 0.0002 0.0001 0.0001 
         026 181 0.9996 0.0001 0.0001 0.0001 0.0001 0.0001 
         027 181 0.9998 0.0001 0.0000 0.0000 0.0000 0.0000 
         028 181 0.9998 0.0000 0.0000 0.0000 0.0000 0.0000 
         029 181 0.9994 0.0001 0.0001 0.0001 0.0001 0.0001 
         030 181 0.9994 0.0002 0.0001 0.0001 0.0001 0.0001 
         001 182 0.5590 0.4406 0.0001 0.0001 0.0001 0.0001 
         002 182 0.5069 0.4920 0.0003 0.0003 0.0002 0.0003 
         003 182 0.4532 0.4851 0.0007 0.0606 0.0002 0.0002 
         004 182 0.4619 0.5372 0.0002 0.0002 0.0003 0.0002 
         005 182 0.5097 0.4850 0.0015 0.0026 0.0001 0.0010 
         006 182 0.4028 0.4813 0.0026 0.0003 0.0012 0.1117 
         007 182 0.4560 0.5224 0.0024 0.0180 0.0004 0.0009 
         008 182 0.5165 0.4818 0.0004 0.0006 0.0001 0.0006 
         009 182 0.5244 0.4745 0.0003 0.0005 0.0001 0.0002 
         010 182 0.4277 0.4730 0.0051 0.0003 0.0003 0.0936 
         011 182 0.4256 0.5736 0.0002 0.0001 0.0001 0.0002 
         012 182 0.4785 0.4381 0.0041 0.0003 0.0014 0.0776 
         013 182 0.3539 0.6434 0.0013 0.0004 0.0006 0.0004 
         014 182 0.3959 0.5078 0.0020 0.0004 0.0021 0.0918 
         015 182 0.5604 0.4391 0.0001 0.0001 0.0001 0.0001 
         016 182 0.4910 0.5074 0.0003 0.0010 0.0001 0.0002 
         017 182 0.5157 0.4166 0.0135 0.0004 0.0003 0.0535 
         018 182 0.5509 0.4483 0.0003 0.0002 0.0001 0.0003 
         019 182 0.5360 0.4634 0.0002 0.0001 0.0001 0.0002 
         020 182 0.5932 0.4065 0.0001 0.0001 0.0001 0.0001 
         021 182 0.4437 0.4820 0.0011 0.0712 0.0006 0.0014 
         022 182 0.5579 0.4408 0.0004 0.0003 0.0003 0.0003 
         023 182 0.4368 0.5625 0.0002 0.0001 0.0001 0.0002 
         024 182 0.4029 0.5965 0.0002 0.0002 0.0001 0.0002 
         025 182 0.5395 0.4590 0.0002 0.0009 0.0001 0.0002 
         026 182 0.4876 0.5119 0.0001 0.0002 0.0001 0.0001 
         027 182 0.5037 0.4944 0.0006 0.0002 0.0005 0.0006 
         028 182 0.4612 0.5378 0.0002 0.0003 0.0002 0.0003 
         029 182 0.4556 0.5362 0.0007 0.0064 0.0006 0.0004 
         030 182 0.5378 0.4616 0.0002 0.0001 0.0001 0.0002 
          10 183 0.0005 0.0003 0.9747 0.0016 0.0031 0.0198 
          11 183 0.0001 0.0046 0.8943 0.0002 0.0716 0.0291 
          12 183 0.0003 0.0005 0.9529 0.0015 0.0053 0.0394 
          13 183 0.0076 0.0219 0.9423 0.0009 0.0005 0.0267 
          14 183 0.0003 0.0003 0.9325 0.0220 0.0129 0.0319 
          15 183 0.0018 0.0058 0.8356 0.0005 0.0400 0.1164 
          16 183 0.0417 0.0121 0.8736 0.0032 0.0011 0.0683 
          17 183 0.0018 0.0004 0.9734 0.0004 0.0026 0.0214 
          18 183 0.0003 0.0004 0.6932 0.0008 0.0010 0.3043 
          19 183 0.0004 0.0003 0.7647 0.0002 0.0011 0.2334 
          20 183 0.0013 0.0253 0.9480 0.0005 0.0007 0.0242 
          21 183 0.0006 0.0012 0.9222 0.0001 0.0120 0.0638 
          22 183 0.0012 0.0030 0.1237 0.0032 0.0254 0.8434 
          23 183 0.0169 0.0010 0.9601 0.0055 0.0005 0.0160 
          24 183 0.0002 0.0002 0.0097 0.0006 0.0111 0.9781 
          25 183 0.0007 0.0018 0.9500 0.0008 0.0124 0.0342 
          26 183 0.0009 0.0013 0.0029 0.0005 0.0006 0.9938 
          27 183 0.0004 0.0536 0.9092 0.0002 0.0117 0.0249 
          28 183 0.0004 0.0049 0.8579 0.0004 0.0227 0.1136 
          29 183 0.3859 0.2926 0.0015 0.0004 0.0088 0.3109 
          30 183 0.3885 0.4443 0.0664 0.0007 0.0636 0.0365 
          31 183 0.0013 0.0004 0.9333 0.0004 0.0061 0.0585 
          32 183 0.0003 0.0002 0.9756 0.0011 0.0003 0.0225 
          33 183 0.0002 0.0022 0.0007 0.0009 0.0007 0.9952 
          34 183 0.0002 0.0007 0.9655 0.0027 0.0220 0.0089 
          35 183 0.0012 0.0042 0.1225 0.0008 0.0133 0.8580 
          36 183 0.0003 0.0005 0.9403 0.0010 0.0051 0.0527 
          37 183 0.3748 0.4132 0.0019 0.0003 0.0151 0.1946 
          54 183 0.0058 0.0412 0.9213 0.0005 0.0022 0.0290 
          55 183 0.0021 0.1065 0.7940 0.0045 0.0670 0.0260 
           6 183 0.0012 0.0059 0.0136 0.0012 0.0010 0.9771 
           7 183 0.0153 0.0847 0.2256 0.0004 0.0051 0.6687 
           8 183 0.0036 0.0066 0.0366 0.0026 0.0027 0.9479 
           9 183 0.0026 0.0010 0.9758 0.0013 0.0165 0.0028 
           4 184 0.0017 0.0015 0.9622 0.0006 0.0007 0.0334 
           9 184 0.0005 0.0012 0.9895 0.0030 0.0003 0.0055 
          12 184 0.0306 0.0008 0.9219 0.0005 0.0002 0.0460 
          14 184 0.0006 0.0009 0.9895 0.0010 0.0048 0.0033 
          15 184 0.0005 0.0004 0.9923 0.0008 0.0022 0.0039 
          16 184 0.0024 0.0004 0.6435 0.0024 0.0013 0.3499 
          17 184 0.0031 0.0009 0.9829 0.0023 0.0009 0.0099 
          18 184 0.0008 0.0794 0.0024 0.0004 0.0008 0.9161 
          22 184 0.0007 0.0004 0.9272 0.0008 0.0003 0.0706 
          25 184 0.0007 0.0138 0.9505 0.0007 0.0006 0.0337 
          26 184 0.0030 0.0004 0.8279 0.0199 0.0027 0.1461 
          27 184 0.0019 0.0003 0.5618 0.0003 0.0003 0.4353 
          28 184 0.0006 0.0004 0.9911 0.0004 0.0009 0.0066 
          29 184 0.0004 0.0002 0.9945 0.0002 0.0006 0.0040 
          31 184 0.0017 0.0015 0.8662 0.0006 0.0006 0.1294 
          32 184 0.0022 0.0018 0.9639 0.0008 0.0028 0.0285 
          33 184 0.0004 0.0010 0.9886 0.0019 0.0021 0.0059 
          34 184 0.0005 0.0004 0.9927 0.0005 0.0005 0.0055 
          36 184 0.0659 0.3287 0.0009 0.0003 0.0002 0.6041 
          37 184 0.0006 0.0023 0.0031 0.0012 0.0004 0.9925 
          39 184 0.0094 0.0034 0.9072 0.0008 0.0134 0.0658 
          40 184 0.0023 0.0020 0.9219 0.0008 0.0030 0.0702 
          41 184 0.0005 0.0108 0.5156 0.0010 0.0017 0.4704 
          42 184 0.0011 0.0012 0.9804 0.0034 0.0005 0.0134 
          43 184 0.0006 0.0007 0.9928 0.0005 0.0008 0.0046 
          44 184 0.0011 0.0833 0.8838 0.0004 0.0039 0.0275 
          45 184 0.0004 0.0003 0.9948 0.0017 0.0008 0.0019 
          46 184 0.0087 0.0003 0.0465 0.0009 0.0004 0.9432 
          47 184 0.0003 0.0003 0.9357 0.0003 0.0008 0.0627 
          48 184 0.0011 0.0005 0.9590 0.0004 0.0018 0.0372 
          52 184 0.0034 0.0822 0.8692 0.0008 0.0006 0.0438 
          54 184 0.0004 0.0012 0.9910 0.0021 0.0002 0.0051 
          57 184 0.0012 0.0005 0.9942 0.0006 0.0004 0.0030 
          58 184 0.0008 0.0011 0.8722 0.0004 0.0011 0.1244 
          59 184 0.0411 0.0097 0.9335 0.0002 0.0007 0.0148 
          60 184 0.0003 0.0014 0.9855 0.0019 0.0086 0.0023 
           3 185 0.0034 0.0135 0.9347 0.0008 0.0109 0.0367 
           4 185 0.0010 0.0007 0.9880 0.0009 0.0020 0.0075 
           5 185 0.0022 0.0006 0.9563 0.0065 0.0005 0.0340 
           6 185 0.0005 0.0015 0.9943 0.0007 0.0004 0.0027 
           7 185 0.0010 0.0941 0.3973 0.0050 0.0005 0.5021 
           8 185 0.0200 0.0387 0.9206 0.0004 0.0008 0.0194 
           9 185 0.0012 0.0019 0.8985 0.0006 0.0019 0.0959 
          10 185 0.0005 0.0022 0.9882 0.0012 0.0036 0.0043 
          11 185 0.0161 0.0223 0.9469 0.0009 0.0035 0.0104 
          12 185 0.0034 0.0981 0.8838 0.0008 0.0012 0.0127 
          13 185 0.0006 0.0007 0.9753 0.0005 0.0003 0.0225 
          14 185 0.0015 0.0004 0.9936 0.0007 0.0005 0.0033 
          15 185 0.0002 0.0307 0.6900 0.0403 0.2325 0.0063 
          16 185 0.0007 0.0021 0.9748 0.0006 0.0016 0.0201 
          17 185 0.0011 0.0011 0.9427 0.0009 0.0511 0.0031 
          18 185 0.0002 0.0010 0.2321 0.0044 0.0006 0.7618 
          19 185 0.0003 0.0007 0.8940 0.0006 0.0208 0.0836 
          20 185 0.0324 0.0946 0.8562 0.0003 0.0007 0.0159 
          21 185 0.0014 0.0036 0.9837 0.0017 0.0069 0.0029 
          22 185 0.0013 0.0053 0.8899 0.0004 0.0510 0.0520 
          23 185 0.0002 0.0855 0.8991 0.0003 0.0014 0.0135 
          24 185 0.0048 0.0003 0.9733 0.0004 0.0005 0.0206 
          25 185 0.0031 0.0735 0.9094 0.0002 0.0062 0.0075 
          26 185 0.0017 0.0007 0.6173 0.0008 0.0013 0.3782 
          27 185 0.0003 0.0008 0.9907 0.0023 0.0007 0.0051 
          28 185 0.0004 0.0016 0.9923 0.0004 0.0003 0.0050 
          29 185 0.0078 0.1140 0.0400 0.0135 0.0532 0.7715 
          30 185 0.0059 0.0010 0.0121 0.0005 0.0008 0.9796 
          31 185 0.0009 0.0159 0.8853 0.0003 0.0005 0.0971 
          32 185 0.0040 0.0014 0.9907 0.0008 0.0004 0.0027 
          33 185 0.0050 0.0064 0.9653 0.0005 0.0006 0.0222 
          34 185 0.0016 0.0004 0.9919 0.0003 0.0020 0.0039 
          35 185 0.0008 0.0018 0.9526 0.0418 0.0010 0.0019 
          36 185 0.0012 0.0010 0.9913 0.0015 0.0008 0.0042 
          37 185 0.0082 0.0084 0.9805 0.0004 0.0005 0.0020 
          38 185 0.0416 0.0612 0.8951 0.0006 0.0003 0.0012 
          39 185 0.0002 0.1038 0.8746 0.0003 0.0042 0.0170 
          40 185 0.0012 0.0005 0.9820 0.0013 0.0011 0.0139 
          41 185 0.0004 0.0012 0.9395 0.0014 0.0009 0.0566 
          42 185 0.0008 0.0003 0.9768 0.0005 0.0005 0.0211 
           5 186 0.0003 0.0010 0.9864 0.0045 0.0005 0.0072 
           6 186 0.0004 0.0014 0.4153 0.0041 0.0003 0.5785 
           7 186 0.0073 0.0006 0.9846 0.0005 0.0004 0.0066 
           9 186 0.0008 0.0919 0.0342 0.0007 0.0018 0.8706 
          10 186 0.0179 0.0102 0.6509 0.0011 0.0013 0.3186 
          11 186 0.0023 0.0009 0.0288 0.0003 0.0005 0.9672 
          12 186 0.0006 0.0015 0.9664 0.0012 0.0005 0.0299 
          29 186 0.0013 0.0010 0.9849 0.0005 0.0081 0.0042 
          30 186 0.0003 0.0003 0.4340 0.0027 0.0006 0.5622 
          31 186 0.0073 0.0421 0.5782 0.0131 0.1587 0.2006 
          32 186 0.0005 0.0560 0.0036 0.0006 0.0193 0.9199 
          33 186 0.0003 0.0010 0.9895 0.0007 0.0032 0.0053 
          34 186 0.0137 0.0056 0.9327 0.0206 0.0029 0.0246 
          35 186 0.0006 0.0001 0.9912 0.0004 0.0013 0.0063 
          36 186 0.0003 0.0029 0.5246 0.0005 0.0018 0.4699 
          37 186 0.0119 0.0078 0.9706 0.0004 0.0008 0.0085 
          38 186 0.0093 0.0047 0.9582 0.0009 0.0129 0.0140 
          39 186 0.0006 0.0007 0.9926 0.0019 0.0003 0.0038 
          40 186 0.0004 0.0008 0.9940 0.0003 0.0007 0.0038 
          41 186 0.0098 0.0009 0.9753 0.0016 0.0005 0.0119 
          42 186 0.0003 0.0008 0.9939 0.0005 0.0005 0.0041 
          43 186 0.0020 0.0057 0.9208 0.0026 0.0010 0.0680 
          44 186 0.0003 0.0005 0.9850 0.0032 0.0016 0.0094 
          45 186 0.0004 0.0006 0.6142 0.0005 0.0004 0.3839 
          46 186 0.0009 0.0005 0.9833 0.0077 0.0005 0.0071 
          47 186 0.0005 0.0081 0.9847 0.0005 0.0012 0.0050 
          48 186 0.0002 0.0021 0.9903 0.0010 0.0010 0.0054 
          49 186 0.0003 0.0002 0.6099 0.0006 0.0002 0.3888 
          50 186 0.0026 0.0128 0.8635 0.0006 0.0022 0.1183 
          51 186 0.0005 0.0004 0.9088 0.0010 0.0005 0.0888 
          52 186 0.0007 0.0007 0.9513 0.0023 0.0009 0.0440 
          53 186 0.0006 0.0004 0.4374 0.0005 0.0014 0.5597 
          54 186 0.0003 0.0007 0.9835 0.0048 0.0009 0.0097 
          55 186 0.0005 0.0045 0.9791 0.0053 0.0008 0.0097 
          56 186 0.0019 0.0004 0.0020 0.0004 0.0007 0.9947 
          57 186 0.0004 0.0275 0.8911 0.0055 0.0685 0.0070 
          58 186 0.0005 0.0007 0.9929 0.0009 0.0004 0.0046 
          59 186 0.0048 0.0016 0.9908 0.0003 0.0006 0.0019 
          60 186 0.0004 0.0003 0.9920 0.0013 0.0021 0.0039 
           1 187 0.0014 0.0270 0.9559 0.0009 0.0042 0.0106 
           2 187 0.0009 0.0036 0.5429 0.0007 0.0010 0.4510 
           3 187 0.0016 0.0061 0.0125 0.0014 0.0083 0.9701 
           4 187 0.0039 0.1108 0.7364 0.0004 0.0035 0.1450 
           5 187 0.0002 0.0008 0.9825 0.0032 0.0008 0.0124 
           6 187 0.0015 0.0014 0.9732 0.0033 0.0008 0.0198 
           7 187 0.0046 0.1370 0.8338 0.0067 0.0008 0.0171 
           8 187 0.0008 0.0012 0.9871 0.0029 0.0004 0.0076 
           9 187 0.0003 0.0003 0.0036 0.0003 0.0008 0.9947 
          10 187 0.0157 0.0042 0.9704 0.0013 0.0011 0.0073 
          11 187 0.0064 0.0003 0.9861 0.0004 0.0002 0.0064 
          12 187 0.0005 0.0006 0.4492 0.0003 0.0006 0.5488 
          13 187 0.0005 0.0268 0.9500 0.0005 0.0014 0.0208 
          14 187 0.0008 0.0006 0.8364 0.0019 0.0024 0.1579 
          15 187 0.0051 0.0009 0.6160 0.0083 0.0006 0.3691 
          16 187 0.0020 0.0029 0.0020 0.0016 0.0015 0.9900 
          17 187 0.0005 0.0899 0.8791 0.0006 0.0026 0.0274 
          18 187 0.0007 0.0017 0.9706 0.0004 0.0010 0.0255 
          19 187 0.0009 0.0004 0.9912 0.0013 0.0004 0.0058 
          20 187 0.0006 0.0008 0.9882 0.0072 0.0007 0.0024 
          21 187 0.0265 0.0630 0.8925 0.0034 0.0038 0.0108 
          22 187 0.0015 0.0007 0.5412 0.0006 0.0030 0.4531 
          23 187 0.0003 0.0007 0.9886 0.0004 0.0005 0.0095 
          24 187 0.0410 0.0287 0.0044 0.0013 0.0018 0.9229 
          25 187 0.0010 0.0010 0.9909 0.0038 0.0019 0.0014 
          26 187 0.0003 0.0003 0.9647 0.0009 0.0038 0.0299 
          27 187 0.0002 0.0003 0.3871 0.0004 0.0008 0.6112 
          28 187 0.0273 0.0003 0.9566 0.0021 0.0045 0.0093 
          29 187 0.0038 0.0020 0.9712 0.0006 0.0015 0.0209 
          30 187 0.0023 0.0007 0.9477 0.0008 0.0402 0.0083 
          32 187 0.0558 0.0155 0.8435 0.0007 0.0002 0.0843 
          33 187 0.0052 0.0049 0.7089 0.0005 0.0010 0.2796 
          34 187 0.0004 0.0023 0.9866 0.0024 0.0006 0.0077 
          35 187 0.0009 0.0139 0.9465 0.0017 0.0052 0.0317 
          36 187 0.0005 0.0006 0.9936 0.0014 0.0012 0.0027 
          37 187 0.0019 0.0017 0.9399 0.0009 0.0065 0.0493 
          38 187 0.0018 0.0994 0.8133 0.0233 0.0500 0.0122 
           1 188 0.0041 0.0024 0.8803 0.0005 0.0011 0.1116 
           2 188 0.0063 0.0043 0.9825 0.0015 0.0006 0.0047 
           3 188 0.0049 0.0163 0.0219 0.0069 0.0017 0.9484 
           4 188 0.0083 0.0355 0.9282 0.0112 0.0005 0.0163 
           5 188 0.0017 0.0008 0.9742 0.0011 0.0027 0.0195 
           6 188 0.0002 0.0004 0.0062 0.0004 0.0007 0.9921 
           7 188 0.0003 0.0007 0.9933 0.0007 0.0005 0.0045 
           8 188 0.0215 0.0105 0.9349 0.0009 0.0003 0.0319 
           9 188 0.0006 0.0016 0.9706 0.0201 0.0003 0.0067 
          10 188 0.0004 0.0271 0.9279 0.0005 0.0013 0.0428 
          11 188 0.0005 0.0003 0.9951 0.0013 0.0003 0.0024 
          12 188 0.0013 0.0005 0.9509 0.0010 0.0438 0.0024 
          13 188 0.0076 0.0915 0.8846 0.0010 0.0079 0.0073 
          14 188 0.0063 0.0732 0.9087 0.0004 0.0044 0.0071 
          15 188 0.0004 0.0006 0.9926 0.0022 0.0004 0.0038 
          16 188 0.0004 0.0566 0.9143 0.0004 0.0007 0.0277 
          17 188 0.0009 0.0007 0.0040 0.0003 0.0006 0.9935 
          18 188 0.0003 0.0020 0.7599 0.0005 0.0474 0.1899 
          19 188 0.0006 0.0024 0.9854 0.0009 0.0027 0.0080 
          20 188 0.0031 0.1239 0.8553 0.0011 0.0060 0.0106 
          21 188 0.0006 0.0149 0.9106 0.0026 0.0060 0.0654 
          22 188 0.0025 0.0007 0.9792 0.0042 0.0103 0.0030 
          23 188 0.0016 0.0030 0.9411 0.0002 0.0491 0.0050 
          24 188 0.0002 0.0003 0.9551 0.0004 0.0338 0.0102 
          25 188 0.0005 0.0010 0.6265 0.0051 0.0420 0.3250 
          26 188 0.0034 0.0706 0.0957 0.0009 0.0014 0.8279 
          27 188 0.0491 0.0020 0.9319 0.0004 0.0012 0.0153 
          28 188 0.0011 0.0009 0.4854 0.0009 0.0004 0.5114 
          29 188 0.0002 0.0798 0.0040 0.0010 0.0014 0.9135 
          30 188 0.0051 0.0834 0.9046 0.0005 0.0015 0.0049 
          31 188 0.0010 0.0037 0.9876 0.0007 0.0034 0.0035 
          32 188 0.0005 0.0009 0.9791 0.0006 0.0005 0.0184 
          33 188 0.0003 0.0045 0.9823 0.0002 0.0041 0.0087 
          34 188 0.0010 0.0003 0.9817 0.0010 0.0066 0.0095 
          35 188 0.0014 0.0169 0.9249 0.0042 0.0487 0.0039 
          36 188 0.0584 0.0421 0.0424 0.0016 0.0015 0.8540 
          37 188 0.0006 0.0010 0.9857 0.0015 0.0005 0.0108 
          38 188 0.0512 0.0217 0.9148 0.0007 0.0009 0.0107 
          39 188 0.0006 0.0624 0.9267 0.0040 0.0011 0.0052 
          40 188 0.0021 0.0005 0.9925 0.0004 0.0005 0.0041 
           7 189 0.0028 0.0012 0.9849 0.0005 0.0004 0.0102 
           8 189 0.0084 0.0006 0.9806 0.0005 0.0008 0.0091 
           9 189 0.0036 0.0011 0.8732 0.0008 0.0017 0.1196 
          10 189 0.0055 0.0007 0.2721 0.0005 0.0003 0.7210 
          11 189 0.0012 0.0006 0.9520 0.0209 0.0048 0.0205 
          12 189 0.0097 0.0460 0.9390 0.0012 0.0006 0.0035 
          13 189 0.0004 0.0004 0.9943 0.0010 0.0019 0.0020 
          14 189 0.0048 0.0139 0.0483 0.0002 0.0057 0.9270 
          16 189 0.0010 0.1623 0.8238 0.0044 0.0015 0.0070 
          17 189 0.0003 0.0009 0.9920 0.0011 0.0008 0.0050 
          18 189 0.0044 0.0393 0.9442 0.0005 0.0015 0.0101 
          19 189 0.0021 0.0006 0.9775 0.0027 0.0067 0.0103 
          20 189 0.0115 0.0214 0.0054 0.0003 0.0007 0.9605 
          21 189 0.0028 0.0045 0.9838 0.0008 0.0011 0.0070 
          23 189 0.0006 0.0003 0.9727 0.0014 0.0026 0.0223 
          24 189 0.0445 0.0035 0.9487 0.0008 0.0007 0.0018 
          25 189 0.0015 0.0061 0.9817 0.0007 0.0022 0.0078 
          26 189 0.0053 0.0078 0.9781 0.0026 0.0015 0.0046 
          27 189 0.0009 0.0010 0.9386 0.0033 0.0029 0.0534 
          28 189 0.0002 0.0002 0.3532 0.0015 0.0004 0.6445 
          29 189 0.0118 0.0004 0.6981 0.0008 0.0015 0.2874 
          30 189 0.0031 0.0006 0.9643 0.0020 0.0146 0.0154 
          31 189 0.0007 0.0004 0.9912 0.0005 0.0027 0.0046 
          32 189 0.0312 0.0273 0.9117 0.0018 0.0002 0.0278 
          33 189 0.0011 0.0005 0.9804 0.0024 0.0068 0.0088 
          34 189 0.0002 0.0006 0.9706 0.0025 0.0003 0.0257 
          35 189 0.0005 0.0003 0.9939 0.0006 0.0007 0.0040 
          36 189 0.0091 0.0191 0.9438 0.0005 0.0016 0.0259 
          37 189 0.0005 0.0004 0.9870 0.0016 0.0047 0.0058 
          38 189 0.0003 0.0238 0.9614 0.0045 0.0031 0.0069 
          39 189 0.0268 0.0005 0.9620 0.0008 0.0014 0.0086 
          40 189 0.0012 0.1540 0.8339 0.0012 0.0020 0.0076 
          41 189 0.0044 0.0060 0.9656 0.0003 0.0045 0.0191 
          42 189 0.0039 0.1662 0.0322 0.0202 0.0027 0.7747 
          43 189 0.0004 0.0021 0.0048 0.0011 0.0007 0.9909 
           1 190 0.0006 0.1303 0.8589 0.0022 0.0009 0.0071 
           3 190 0.0002 0.0044 0.9423 0.0012 0.0134 0.0385 
           4 190 0.0005 0.0010 0.8981 0.0018 0.0006 0.0980 
           5 190 0.0007 0.0352 0.9556 0.0005 0.0007 0.0073 
           6 190 0.0007 0.0005 0.9763 0.0009 0.0009 0.0208 
           7 190 0.0010 0.0006 0.9921 0.0003 0.0020 0.0041 
           8 190 0.0048 0.0045 0.9543 0.0012 0.0311 0.0040 
           9 190 0.1088 0.2469 0.0013 0.0080 0.0786 0.5564 
          10 190 0.0007 0.0012 0.9885 0.0009 0.0003 0.0085 
          11 190 0.0070 0.0079 0.9356 0.0158 0.0004 0.0333 
          12 190 0.0011 0.0005 0.6964 0.0020 0.0006 0.2994 
          13 190 0.0004 0.0006 0.0036 0.0011 0.0003 0.9940 
          14 190 0.0012 0.0011 0.9902 0.0024 0.0006 0.0045 
          15 190 0.0007 0.0049 0.0482 0.0424 0.0015 0.9023 
          16 190 0.0027 0.0012 0.9914 0.0003 0.0007 0.0037 
          17 190 0.0039 0.0007 0.9143 0.0049 0.0012 0.0751 
          18 190 0.0023 0.0221 0.0667 0.0005 0.0035 0.9049 
          19 190 0.0006 0.0006 0.9904 0.0008 0.0010 0.0066 
          20 190 0.0003 0.0008 0.9809 0.0010 0.0091 0.0080 
          22 190 0.0418 0.0869 0.7005 0.0008 0.0008 0.1692 
          23 190 0.0090 0.0018 0.9826 0.0006 0.0010 0.0050 
          24 190 0.0007 0.0754 0.7798 0.0005 0.0008 0.1428 
          25 190 0.0022 0.0027 0.9823 0.0006 0.0003 0.0119 
          26 190 0.0002 0.0003 0.9943 0.0015 0.0011 0.0026 
          27 190 0.0003 0.0013 0.0038 0.0162 0.0009 0.9775 
          28 190 0.0014 0.0022 0.9471 0.0056 0.0006 0.0432 
          29 190 0.0018 0.0011 0.0007 0.0003 0.0002 0.9958 
          31 190 0.0191 0.0022 0.0015 0.0006 0.0003 0.9762 
           7 191 0.0003 0.0007 0.9860 0.0003 0.0007 0.0120 
           8 191 0.0034 0.0007 0.9825 0.0004 0.0005 0.0125 
           9 191 0.0005 0.0004 0.9948 0.0004 0.0005 0.0034 
          10 191 0.0005 0.0010 0.9880 0.0004 0.0038 0.0063 
          11 191 0.0044 0.0007 0.9728 0.0006 0.0007 0.0208 
          12 191 0.0006 0.0307 0.8910 0.0730 0.0005 0.0042 
          13 191 0.0011 0.0020 0.0384 0.0010 0.0011 0.9565 
          14 191 0.0032 0.0033 0.9806 0.0014 0.0004 0.0112 
          15 191 0.0004 0.0789 0.8977 0.0009 0.0015 0.0206 
          16 191 0.0010 0.0010 0.9851 0.0006 0.0022 0.0101 
          17 191 0.0095 0.0432 0.8856 0.0010 0.0457 0.0151 
          18 191 0.0033 0.0005 0.8650 0.0006 0.0005 0.1301 
          19 191 0.0103 0.0063 0.9755 0.0012 0.0044 0.0023 
          20 191 0.0027 0.0143 0.9713 0.0003 0.0021 0.0092 
          21 191 0.0016 0.0345 0.8555 0.0047 0.0251 0.0786 
          22 191 0.0013 0.0008 0.9659 0.0004 0.0005 0.0311 
          23 191 0.0004 0.0088 0.9685 0.0008 0.0007 0.0208 
          24 191 0.0005 0.0022 0.9703 0.0004 0.0004 0.0262 
          25 191 0.0017 0.0207 0.8608 0.0008 0.0005 0.1155 
          26 191 0.0123 0.0960 0.8641 0.0006 0.0021 0.0248 
          27 191 0.0007 0.0008 0.4632 0.0007 0.0006 0.5340 
          28 191 0.0042 0.0003 0.0097 0.0009 0.0040 0.9809 
          29 191 0.0008 0.0009 0.8114 0.0004 0.0154 0.1711 
          30 191 0.0002 0.0008 0.9862 0.0007 0.0003 0.0118 
          39 191 0.0025 0.0012 0.9726 0.0176 0.0005 0.0056 
          40 191 0.0012 0.0007 0.9915 0.0006 0.0004 0.0055 
          41 191 0.0014 0.0634 0.8808 0.0004 0.0036 0.0503 
          42 191 0.0004 0.0005 0.9948 0.0006 0.0003 0.0034 
          43 191 0.0004 0.0590 0.9304 0.0007 0.0007 0.0087 
          44 191 0.0065 0.0037 0.9703 0.0002 0.0039 0.0155 
          45 191 0.0012 0.0005 0.9662 0.0049 0.0035 0.0237 
          46 191 0.0013 0.1291 0.8464 0.0005 0.0176 0.0051 
          47 191 0.0014 0.0036 0.9909 0.0010 0.0017 0.0014 
          48 191 0.0007 0.0004 0.9898 0.0029 0.0010 0.0051 
          49 191 0.0073 0.0011 0.9776 0.0043 0.0078 0.0019 
          50 191 0.0010 0.0009 0.9115 0.0008 0.0008 0.0851 
           9 192 0.0004 0.0003 0.9940 0.0004 0.0003 0.0046 
          10 192 0.0026 0.0015 0.9875 0.0017 0.0002 0.0066 
          11 192 0.0002 0.0408 0.7649 0.0009 0.0070 0.1862 
          12 192 0.0008 0.0011 0.5352 0.0007 0.0008 0.4614 
          13 192 0.0348 0.0576 0.9042 0.0009 0.0010 0.0015 
          14 192 0.0010 0.0161 0.9106 0.0004 0.0665 0.0052 
          15 192 0.0010 0.0003 0.9924 0.0015 0.0015 0.0034 
          16 192 0.0074 0.0007 0.9873 0.0004 0.0006 0.0036 
          17 192 0.0105 0.0103 0.9690 0.0067 0.0012 0.0023 
          18 192 0.0005 0.0026 0.0456 0.0004 0.0009 0.9499 
          19 192 0.0041 0.0011 0.9872 0.0026 0.0004 0.0047 
          20 192 0.0006 0.0138 0.6490 0.0269 0.0007 0.3090 
          21 192 0.0005 0.0004 0.9844 0.0079 0.0005 0.0063 
          22 192 0.0130 0.0040 0.9633 0.0023 0.0137 0.0036 
          23 192 0.0005 0.0887 0.0066 0.0007 0.0032 0.9002 
          24 192 0.0034 0.0007 0.9878 0.0026 0.0004 0.0052 
          33 192 0.0006 0.0594 0.0117 0.0158 0.0010 0.9114 
          35 192 0.0007 0.0009 0.9860 0.0071 0.0019 0.0034 
          36 192 0.0004 0.0006 0.9837 0.0014 0.0004 0.0134 
          37 192 0.0007 0.0005 0.5156 0.0008 0.0009 0.4816 
          38 192 0.0032 0.0231 0.2905 0.0004 0.0008 0.6820 
          39 192 0.0011 0.0015 0.9891 0.0006 0.0006 0.0070 
          40 192 0.0024 0.0753 0.9109 0.0003 0.0003 0.0107 
          41 192 0.0091 0.0418 0.8455 0.0002 0.0020 0.1014 
          42 192 0.0044 0.0273 0.3022 0.0005 0.0047 0.6608 
          43 192 0.0014 0.0005 0.9814 0.0033 0.0030 0.0104 
          45 192 0.0004 0.0005 0.9908 0.0029 0.0008 0.0046 
          46 192 0.0032 0.0006 0.8312 0.0227 0.0010 0.1413 
          47 192 0.0006 0.0011 0.9414 0.0003 0.0008 0.0558 
          48 192 0.0006 0.0006 0.9896 0.0003 0.0010 0.0079 
          49 192 0.0453 0.0048 0.9379 0.0038 0.0005 0.0077 
          50 192 0.0004 0.0011 0.9824 0.0008 0.0004 0.0149 
