        001s  1 0.9988 0.0012 
        002s  1 0.9955 0.0045 
        003s  1 0.9920 0.0080 
        004s  1 0.9440 0.0560 
        005s  1 0.5719 0.4281 
        006s  1 0.9983 0.0017 
        007s  1 0.9964 0.0036 
        008s  1 0.9912 0.0088 
        009s  1 0.9235 0.0765 
        010s  1 0.9898 0.0102 
        011s  1 0.9927 0.0073 
        012s  1 0.8646 0.1354 
        013s  1 0.9551 0.0449 
        014s  1 0.9592 0.0408 
        015s  1 0.9985 0.0015 
        016s  1 0.9958 0.0042 
        018s  1 0.8577 0.1423 
        019s  1 0.9899 0.0101 
        020s  1 0.9987 0.0013 
        021s  1 0.9971 0.0029 
        022s  1 0.9993 0.0007 
        023s  1 0.9987 0.0013 
        024s  1 0.9965 0.0035 
        025s  1 0.9805 0.0195 
        026s  1 0.9969 0.0031 
        027s  1 0.9795 0.0205 
        028s  1 0.8865 0.1135 
        029s  1 0.9978 0.0022 
        030s  1 0.9914 0.0086 
        031s  1 0.9991 0.0009 
        032s  1 0.9981 0.0019 
        033s  1 0.9887 0.0113 
        034s  1 0.9935 0.0065 
        035s  1 0.9937 0.0063 
        036s  1 0.9205 0.0795 
        037s  1 0.8614 0.1386 
        038s  1 0.9964 0.0036 
        039s  1 0.9915 0.0085 
        040s  1 0.9936 0.0064 
        041s  1 0.9966 0.0034 
        042s  1 0.9256 0.0744 
        043s  1 0.9709 0.0291 
        044s  1 0.8817 0.1183 
        045s  1 0.9888 0.0112 
        046s  1 0.9974 0.0026 
        047s  1 0.9988 0.0012 
        048s  1 0.9871 0.0129 
        049s  1 0.9975 0.0025 
        050s  1 0.8983 0.1017 
        051s  1 0.9985 0.0015 
        052s  1 0.9600 0.0400 
        053s  1 0.9969 0.0031 
        054s  1 0.9983 0.0017 
        055s  1 0.8976 0.1024 
          01  2 0.8773 0.1227 
          02  2 0.9658 0.0342 
          03  2 0.9962 0.0038 
          04  2 0.9531 0.0469 
          05  2 0.9025 0.0975 
          06  2 0.9550 0.0450 
          07  2 0.9749 0.0251 
          08  2 0.9438 0.0562 
          09  2 0.9989 0.0011 
          10  2 0.9969 0.0031 
          11  2 0.9878 0.0122 
          12  2 0.9977 0.0023 
          13  2 0.9986 0.0014 
          14  2 0.9967 0.0033 
          15  2 0.9983 0.0017 
          16  2 0.9423 0.0577 
          17  2 0.9928 0.0072 
          18  2 0.9576 0.0424 
          19  2 0.9980 0.0020 
          20  2 0.9213 0.0787 
          21  2 0.9974 0.0026 
          22  2 0.9867 0.0133 
          23  2 0.9939 0.0061 
          24  2 0.9983 0.0017 
          25  2 0.9499 0.0501 
          26  2 0.9979 0.0021 
          27  2 0.9733 0.0267 
          28  2 0.9984 0.0016 
          29  2 0.9973 0.0027 
          30  2 0.8503 0.1497 
          01  3 0.3720 0.6280 
          02  3 0.2033 0.7967 
          03  3 0.3856 0.6144 
          04  3 0.2076 0.7924 
          05  3 0.2274 0.7726 
          06  3 0.0920 0.9080 
          07  3 0.4026 0.5974 
          08  3 0.3203 0.6797 
          09  3 0.3344 0.6656 
          10  3 0.3755 0.6245 
          11  3 0.3060 0.6940 
          12  3 0.2922 0.7078 
          13  3 0.0373 0.9627 
          14  3 0.2241 0.7759 
          15  3 0.3639 0.6361 
          16  3 0.0849 0.9151 
          17  3 0.4376 0.5624 
          18  3 0.4463 0.5537 
          19  3 0.1742 0.8258 
          20  3 0.2483 0.7517 
          21  3 0.2605 0.7395 
          22  3 0.3195 0.6805 
          23  3 0.2503 0.7497 
          24  3 0.2477 0.7523 
          25  3 0.3444 0.6556 
          26  3 0.2481 0.7519 
          27  3 0.3697 0.6303 
          28  3 0.1080 0.8920 
          29  3 0.1966 0.8034 
          30  3 0.3315 0.6685 
         001  4 0.0819 0.9181 
         002  4 0.1382 0.8618 
         003  4 0.1250 0.8750 
         004  4 0.0226 0.9774 
         005  4 0.1141 0.8859 
         006  4 0.1167 0.8833 
         007  4 0.1691 0.8309 
         008  4 0.1719 0.8281 
         009  4 0.0831 0.9169 
         010  4 0.0013 0.9987 
         011  4 0.1595 0.8405 
         012  4 0.1390 0.8610 
         013  4 0.0507 0.9493 
         014  4 0.1264 0.8736 
         015  4 0.0019 0.9981 
         016  4 0.0505 0.9495 
         017  4 0.0948 0.9052 
         019  4 0.0963 0.9037 
         020  4 0.1541 0.8459 
         021  4 0.1098 0.8902 
         001  5 0.1518 0.8482 
         002  5 0.2073 0.7927 
         003  5 0.2960 0.7040 
         004  5 0.2232 0.7768 
         005  5 0.1328 0.8672 
         006  5 0.1084 0.8916 
         007  5 0.0866 0.9134 
         008  5 0.0790 0.9210 
         009  5 0.2217 0.7783 
         010  5 0.1447 0.8553 
         011  5 0.1487 0.8513 
         012  5 0.1678 0.8322 
         013  5 0.3162 0.6838 
         014  5 0.3245 0.6755 
         015  5 0.0714 0.9286 
         016  5 0.1223 0.8777 
         017  5 0.1883 0.8117 
         018  5 0.2289 0.7711 
         019  5 0.1492 0.8508 
         020  5 0.1343 0.8657 
         021  5 0.3174 0.6826 
         022  5 0.2307 0.7693 
         023  5 0.0724 0.9276 
         024  5 0.2237 0.7763 
         025  5 0.1851 0.8149 
         026  5 0.2851 0.7149 
         027  5 0.0984 0.9016 
         028  5 0.1804 0.8196 
         029  5 0.1245 0.8755 
         030  5 0.1728 0.8272 
        001s  6 0.9623 0.0377 
        002s  6 0.9707 0.0293 
        003s  6 0.9898 0.0102 
        004s  6 0.9988 0.0012 
        006s  6 0.9025 0.0975 
        007s  6 0.9971 0.0029 
        008s  6 0.9955 0.0045 
        009s  6 0.9990 0.0010 
        010s  6 0.9522 0.0478 
        011s  6 0.9958 0.0042 
        012s  6 0.9957 0.0043 
        013s  6 0.9968 0.0032 
        014s  6 0.9433 0.0567 
        015s  6 0.9581 0.0419 
        016s  6 0.9978 0.0022 
        018s  6 0.7587 0.2413 
        019s  6 0.9726 0.0274 
        020s  6 0.9987 0.0013 
        021s  6 0.9756 0.0244 
        022s  6 0.9983 0.0017 
        023s  6 0.9878 0.0122 
        024s  6 0.9599 0.0401 
        025s  6 0.9908 0.0092 
        026s  6 0.9983 0.0017 
        027s  6 0.9980 0.0020 
        028s  6 0.9366 0.0634 
        029s  6 0.9988 0.0012 
        030s  6 0.9340 0.0660 
        031s  6 0.9897 0.0103 
        032s  6 0.9793 0.0207 
        033s  6 0.9526 0.0474 
        034s  6 0.9920 0.0080 
        035s  6 0.8790 0.1210 
        036s  6 0.9919 0.0081 
        037s  6 0.9971 0.0029 
        038s  6 0.9980 0.0020 
        039s  6 0.9991 0.0009 
        040s  6 0.9979 0.0021 
        041s  6 0.9955 0.0045 
        042s  6 0.9809 0.0191 
        043s  6 0.9972 0.0028 
        044s  6 0.9978 0.0022 
        045s  6 0.9957 0.0043 
        001s  7 0.9972 0.0028 
        002s  7 0.9758 0.0242 
        003s  7 0.9922 0.0078 
        004s  7 0.9927 0.0073 
        005s  7 0.9724 0.0276 
        006s  7 0.9432 0.0568 
        007s  7 0.9693 0.0307 
        008s  7 0.9924 0.0076 
        009s  7 0.9876 0.0124 
        010s  7 0.9982 0.0018 
        011s  7 0.9982 0.0018 
        012s  7 0.9985 0.0015 
        013s  7 0.9960 0.0040 
        014s  7 0.9799 0.0201 
        015s  7 0.9773 0.0227 
        016s  7 0.9386 0.0614 
        017s  7 0.9971 0.0029 
        018s  7 0.9961 0.0039 
        019s  7 0.9925 0.0075 
        020s  7 0.9974 0.0026 
        021s  7 0.9967 0.0033 
        022s  7 0.9901 0.0099 
        023s  7 0.9789 0.0211 
        024s  7 0.9969 0.0031 
        025s  7 0.9920 0.0080 
        026s  7 0.9980 0.0020 
        027s  7 0.9958 0.0042 
        028s  7 0.9911 0.0089 
        029s  7 0.9880 0.0120 
        030s  7 0.9987 0.0013 
        031s  7 0.9916 0.0084 
        032s  7 0.9309 0.0691 
        033s  7 0.9655 0.0345 
        034s  7 0.9566 0.0434 
        035s  7 0.9989 0.0011 
        036s  7 0.9958 0.0042 
        037s  7 0.9178 0.0822 
        038s  7 0.9897 0.0103 
        039s  7 0.9990 0.0010 
        040s  7 0.9282 0.0718 
        041s  7 0.9828 0.0172 
        042s  7 0.9934 0.0066 
        043s  7 0.9987 0.0013 
        044s  7 0.9124 0.0876 
         003  8 0.9886 0.0114 
         009  8 0.9975 0.0025 
         010  8 0.9991 0.0009 
         017  8 0.9974 0.0026 
         002  9 0.9987 0.0013 
         003  9 0.9994 0.0006 
         004  9 0.9993 0.0007 
         005  9 0.9982 0.0018 
         006  9 0.9970 0.0030 
         007  9 0.9975 0.0025 
         009  9 0.9985 0.0015 
         010  9 0.9990 0.0010 
         013  9 0.9968 0.0032 
         014  9 0.9990 0.0010 
         016  9 0.9994 0.0006 
         018  9 0.9971 0.0029 
         019  9 0.9976 0.0024 
         020  9 0.9988 0.0012 
         021  9 0.9990 0.0010 
         022  9 0.9990 0.0010 
         024  9 0.9985 0.0015 
         028  9 0.9983 0.0017 
         029  9 0.9990 0.0010 
         030  9 0.9989 0.0011 
         031  9 0.9979 0.0021 
         033  9 0.9959 0.0041 
         001 10 0.9989 0.0011 
         002 10 0.9992 0.0008 
         003 10 0.9984 0.0016 
         004 10 0.9989 0.0011 
         005 10 0.9988 0.0012 
         006 10 0.9977 0.0023 
         007 10 0.9986 0.0014 
         008 10 0.9976 0.0024 
         009 10 0.9974 0.0026 
         010 10 0.9985 0.0015 
         011 10 0.9973 0.0027 
         012 10 0.9973 0.0027 
         013 10 0.9981 0.0019 
         014 10 0.9979 0.0021 
         016 10 0.9977 0.0023 
         017 10 0.9978 0.0022 
         018 10 0.9932 0.0068 
         019 10 0.9987 0.0013 
         020 10 0.9963 0.0037 
         021 10 0.9984 0.0016 
         022 10 0.9988 0.0012 
         023 10 0.9988 0.0012 
         024 10 0.9993 0.0007 
         026 10 0.9987 0.0013 
        001s 11 0.9259 0.0741 
        002s 11 0.9940 0.0060 
        003s 11 0.9944 0.0056 
        004s 11 0.9978 0.0022 
        005s 11 0.9966 0.0034 
        006s 11 0.9807 0.0193 
        007s 11 0.9306 0.0694 
        008s 11 0.9985 0.0015 
        009s 11 0.9990 0.0010 
        010s 11 0.9975 0.0025 
        011s 11 0.8796 0.1204 
        012s 11 0.9195 0.0805 
        013s 11 0.9975 0.0025 
        014s 11 0.9685 0.0315 
        015s 11 0.9909 0.0091 
        016s 11 0.9713 0.0287 
        017s 11 0.9284 0.0716 
        018s 11 0.9892 0.0108 
        019s 11 0.9967 0.0033 
        020s 11 0.9951 0.0049 
        021s 11 0.9983 0.0017 
        022s 11 0.9682 0.0318 
        023s 11 0.9793 0.0207 
        025s 11 0.9987 0.0013 
        026s 11 0.9764 0.0236 
        027s 11 0.9953 0.0047 
        028s 11 0.9905 0.0095 
        029s 11 0.9782 0.0218 
        030s 11 0.9545 0.0455 
        031s 11 0.9986 0.0014 
        032s 11 0.9981 0.0019 
        033s 11 0.9950 0.0050 
        034s 11 0.9943 0.0057 
        035s 11 0.9909 0.0091 
        036s 11 0.9733 0.0267 
        037s 11 0.9967 0.0033 
        038s 11 0.9957 0.0043 
        039s 11 0.9981 0.0019 
        040s 11 0.9184 0.0816 
        041s 11 0.9964 0.0036 
        042s 11 0.9969 0.0031 
        043s 11 0.9660 0.0340 
        044s 11 0.9967 0.0033 
        045s 11 0.9971 0.0029 
        046s 11 0.9600 0.0400 
        047s 11 0.9966 0.0034 
        048s 11 0.9775 0.0225 
        049s 11 0.9978 0.0022 
        050s 11 0.9983 0.0017 
        051s 11 0.9874 0.0126 
        052s 11 0.9869 0.0131 
        053s 11 0.9989 0.0011 
        054s 11 0.9899 0.0101 
        055s 11 0.9427 0.0573 
        001s 12 0.9875 0.0125 
        002s 12 0.9978 0.0022 
        003s 12 0.9987 0.0013 
        004s 12 0.9767 0.0233 
        005s 12 0.9985 0.0015 
        006s 12 0.9494 0.0506 
        007s 12 0.9955 0.0045 
        008s 12 0.9810 0.0190 
        009s 12 0.9674 0.0326 
        010s 12 0.9380 0.0620 
        011s 12 0.9926 0.0074 
        012s 12 0.9863 0.0137 
        013s 12 0.9979 0.0021 
        014s 12 0.9374 0.0626 
        015s 12 0.9926 0.0074 
        016s 12 0.9984 0.0016 
        017s 12 0.9926 0.0074 
        018s 12 0.9979 0.0021 
        019s 12 0.9961 0.0039 
        020s 12 0.9433 0.0567 
        021s 12 0.9956 0.0044 
        022s 12 0.9532 0.0468 
        023s 12 0.9989 0.0011 
        024s 12 0.9986 0.0014 
        025s 12 0.9836 0.0164 
        026s 12 0.9823 0.0177 
        027s 12 0.9932 0.0068 
        028s 12 0.9969 0.0031 
        029s 12 0.9984 0.0016 
        030s 12 0.9968 0.0032 
        031s 12 0.9919 0.0081 
        032s 12 0.9987 0.0013 
        033s 12 0.9868 0.0132 
        034s 12 0.9988 0.0012 
        035s 12 0.9832 0.0168 
        036s 12 0.9720 0.0280 
        037s 12 0.9982 0.0018 
        001s 13 0.9908 0.0092 
        002s 13 0.9290 0.0710 
        003s 13 0.9981 0.0019 
        004s 13 0.9982 0.0018 
        005s 13 0.9785 0.0215 
        006s 13 0.9957 0.0043 
        007s 13 0.9670 0.0330 
        008s 13 0.9423 0.0577 
        009s 13 0.8796 0.1204 
        010s 13 0.9418 0.0582 
        011s 13 0.9438 0.0562 
        012s 13 0.9329 0.0671 
        013s 13 0.9380 0.0620 
        014s 13 0.9689 0.0311 
        015s 13 0.9930 0.0070 
        016s 13 0.9989 0.0011 
        017s 13 0.9412 0.0588 
        018s 13 0.9988 0.0012 
        019s 13 0.9973 0.0027 
        020s 13 0.9869 0.0131 
        021s 13 0.9985 0.0015 
        022s 13 0.9964 0.0036 
        023s 13 0.9980 0.0020 
        024s 13 0.9496 0.0504 
        025s 13 0.9975 0.0025 
        026s 13 0.8902 0.1098 
        027s 13 0.9527 0.0473 
        028s 13 0.9499 0.0501 
        029s 13 0.9756 0.0244 
        030s 13 0.9420 0.0580 
        031s 13 0.9582 0.0418 
        032s 13 0.9968 0.0032 
        033s 13 0.9413 0.0587 
        034s 13 0.9371 0.0629 
        035s 13 0.9977 0.0023 
        036s 13 0.9959 0.0041 
        037s 13 0.9987 0.0013 
        038s 13 0.9935 0.0065 
        039s 13 0.8905 0.1095 
        040s 13 0.9962 0.0038 
        041s 13 0.9265 0.0735 
        042s 13 0.9978 0.0022 
        001s 14 0.9785 0.0215 
        002s 14 0.9273 0.0727 
        003s 14 0.9979 0.0021 
        004s 14 0.9584 0.0416 
        005s 14 0.9993 0.0007 
        006s 14 0.9985 0.0015 
        007s 14 0.9973 0.0027 
        008s 14 0.9049 0.0951 
        009s 14 0.9959 0.0041 
        010s 14 0.9769 0.0231 
        011s 14 0.9322 0.0678 
        012s 14 0.9961 0.0039 
        013s 14 0.9931 0.0069 
        014s 14 0.9784 0.0216 
        015s 14 0.9977 0.0023 
        016s 14 0.9982 0.0018 
        017s 14 0.9198 0.0802 
        018s 14 0.9980 0.0020 
        019s 14 0.9937 0.0063 
        020s 14 0.9985 0.0015 
        021s 14 0.9968 0.0032 
        022s 14 0.9782 0.0218 
        023s 14 0.9929 0.0071 
        024s 14 0.9412 0.0588 
        025s 14 0.9897 0.0103 
        026s 14 0.9987 0.0013 
        027s 14 0.9961 0.0039 
        028s 14 0.9959 0.0041 
        029s 14 0.9992 0.0008 
        030s 14 0.9884 0.0116 
        031s 14 0.9922 0.0078 
        032s 14 0.9961 0.0039 
        033s 14 0.9621 0.0379 
        034s 14 0.9991 0.0009 
        035s 14 0.8366 0.1634 
        036s 14 0.8816 0.1184 
        037s 14 0.9979 0.0021 
        038s 14 0.9975 0.0025 
        039s 14 0.9904 0.0096 
        040s 14 0.9896 0.0104 
        041s 14 0.9967 0.0033 
        042s 14 0.9579 0.0421 
        001s 15 0.9980 0.0020 
        002s 15 0.8982 0.1018 
        003s 15 0.9862 0.0138 
        004s 15 0.9984 0.0016 
        005s 15 0.9707 0.0293 
        006s 15 0.9800 0.0200 
        007s 15 0.9987 0.0013 
        008s 15 0.9987 0.0013 
        009s 15 0.9335 0.0665 
        010s 15 0.9979 0.0021 
        011s 15 0.9342 0.0658 
        012s 15 0.9884 0.0116 
        013s 15 0.9983 0.0017 
        014s 15 0.9934 0.0066 
        015s 15 0.9100 0.0900 
        016s 15 0.9046 0.0954 
        017s 15 0.9960 0.0040 
        018s 15 0.9984 0.0016 
        019s 15 0.9934 0.0066 
        020s 15 0.9979 0.0021 
        021s 15 0.9282 0.0718 
        022s 15 0.9957 0.0043 
        023s 15 0.9554 0.0446 
        024s 15 0.9939 0.0061 
        025s 15 0.9773 0.0227 
        026s 15 0.9952 0.0048 
        027s 15 0.9747 0.0253 
        028s 15 0.9977 0.0023 
        029s 15 0.9975 0.0025 
        030s 15 0.9989 0.0011 
        031s 15 0.9329 0.0671 
        032s 15 0.9991 0.0009 
        033s 15 0.9473 0.0527 
        035s 15 0.9884 0.0116 
        036s 15 0.9960 0.0040 
        037s 15 0.9899 0.0101 
        038s 15 0.9929 0.0071 
        039s 15 0.9567 0.0433 
        040s 15 0.9858 0.0142 
        041s 15 0.9114 0.0886 
        042s 15 0.9960 0.0040 
        043s 15 0.9811 0.0189 
        044s 15 0.9915 0.0085 
        045s 15 0.9304 0.0696 
        046s 15 0.9532 0.0468 
        047s 15 0.9600 0.0400 
        048s 15 0.9979 0.0021 
        049s 15 0.9734 0.0266 
        050s 15 0.8878 0.1122 
         001 16 0.8093 0.1907 
         002 16 0.9586 0.0414 
         003 16 0.9745 0.0255 
         004 16 0.9970 0.0030 
         005 16 0.9244 0.0756 
         006 16 0.9627 0.0373 
         007 16 0.9932 0.0068 
         008 16 0.8581 0.1419 
         009 16 0.9974 0.0026 
         010 16 0.9864 0.0136 
         011 16 0.9833 0.0167 
         012 16 0.9954 0.0046 
         013 16 0.9981 0.0019 
         014 16 0.9672 0.0328 
         015 16 0.9541 0.0459 
         016 16 0.9977 0.0023 
         017 16 0.9641 0.0359 
         018 16 0.9373 0.0627 
         019 16 0.9224 0.0776 
         020 16 0.9986 0.0014 
         021 16 0.8672 0.1328 
         022 16 0.9932 0.0068 
         023 16 0.9801 0.0199 
         024 16 0.9925 0.0075 
         025 16 0.9181 0.0819 
         026 16 0.8912 0.1088 
         027 16 0.9932 0.0068 
         028 16 0.8332 0.1668 
         029 16 0.9496 0.0504 
         030 16 0.9938 0.0062 
         031 16 0.9958 0.0042 
         032 16 0.9200 0.0800 
         033 16 0.9978 0.0022 
         034 16 0.9851 0.0149 
         035 16 0.9989 0.0011 
         036 16 0.9985 0.0015 
         037 16 0.9337 0.0663 
         038 16 0.9937 0.0063 
         039 16 0.9977 0.0023 
         040 16 0.9951 0.0049 
         041 16 0.9977 0.0023 
         042 16 0.9962 0.0038 
         043 16 0.9979 0.0021 
         044 16 0.9910 0.0090 
         045 16 0.9791 0.0209 
         047 16 0.9443 0.0557 
         048 16 0.9870 0.0130 
         049 16 0.9967 0.0033 
         050 16 0.9980 0.0020 
         051 16 0.9941 0.0059 
         052 16 0.9991 0.0009 
         053 16 0.9986 0.0014 
         054 16 0.9422 0.0578 
         055 16 0.9152 0.0848 
         056 16 0.9978 0.0022 
         057 16 0.9407 0.0593 
         058 16 0.8858 0.1142 
         059 16 0.8703 0.1297 
         060 16 0.9936 0.0064 
         061 16 0.9942 0.0058 
         062 16 0.9921 0.0079 
         063 16 0.9949 0.0051 
         064 16 0.9986 0.0014 
         065 16 0.9904 0.0096 
         066 16 0.9988 0.0012 
         067 16 0.9853 0.0147 
         068 16 0.9846 0.0154 
         069 16 0.9977 0.0023 
         070 16 0.9913 0.0087 
         071 16 0.9001 0.0999 
         072 16 0.9901 0.0099 
         073 16 0.9941 0.0059 
         074 16 0.9985 0.0015 
         075 16 0.9473 0.0527 
         076 16 0.9971 0.0029 
         077 16 0.9326 0.0674 
         078 16 0.9848 0.0152 
         079 16 0.9034 0.0966 
         080 16 0.9977 0.0023 
         081 16 0.9355 0.0645 
         082 16 0.9522 0.0478 
         083 16 0.9976 0.0024 
         084 16 0.9917 0.0083 
         085 16 0.9972 0.0028 
         086 16 0.8786 0.1214 
         087 16 0.9721 0.0279 
         088 16 0.9986 0.0014 
         089 16 0.9874 0.0126 
         090 16 0.9916 0.0084 
         091 16 0.9955 0.0045 
         092 16 0.9756 0.0244 
         093 16 0.9973 0.0027 
         094 16 0.9837 0.0163 
         095 16 0.9989 0.0011 
         096 16 0.9706 0.0294 
         097 16 0.8781 0.1219 
         098 16 0.9973 0.0027 
         099 16 0.9986 0.0014 
         100 16 0.9980 0.0020 
         101 16 0.9784 0.0216 
         102 16 0.9926 0.0074 
         103 16 0.9928 0.0072 
         104 16 0.9952 0.0048 
         105 16 0.8858 0.1142 
         106 16 0.9967 0.0033 
         107 16 0.9911 0.0089 
         108 16 0.8669 0.1331 
         109 16 0.9573 0.0427 
         110 16 0.9988 0.0012 
         111 16 0.9655 0.0345 
         112 16 0.9746 0.0254 
         113 16 0.9328 0.0672 
         114 16 0.9905 0.0095 
         115 16 0.9982 0.0018 
         116 16 0.9852 0.0148 
         117 16 0.9651 0.0349 
         118 16 0.9960 0.0040 
         119 16 0.9933 0.0067 
         120 16 0.9942 0.0058 
         121 16 0.9904 0.0096 
         122 16 0.9989 0.0011 
         123 16 0.9906 0.0094 
         124 16 0.9861 0.0139 
         126 16 0.8579 0.1421 
         001 17 0.9946 0.0054 
         002 17 0.9964 0.0036 
         003 17 0.9981 0.0019 
         005 17 0.9987 0.0013 
         006 17 0.9447 0.0553 
         007 17 0.8515 0.1485 
         008 17 0.8711 0.1289 
         009 17 0.9993 0.0007 
         010 17 0.9970 0.0030 
         011 17 0.8173 0.1827 
         012 17 0.9950 0.0050 
         013 17 0.9991 0.0009 
         014 17 0.9985 0.0015 
         015 17 0.9916 0.0084 
         016 17 0.9973 0.0027 
         017 17 0.9931 0.0069 
         018 17 0.9598 0.0402 
         019 17 0.9991 0.0009 
         020 17 0.9967 0.0033 
         021 17 0.9985 0.0015 
         022 17 0.9376 0.0624 
         023 17 0.9955 0.0045 
         024 17 0.9138 0.0862 
         025 17 0.9981 0.0019 
         002 18 0.9987 0.0013 
         003 18 0.9991 0.0009 
         004 18 0.9661 0.0339 
         005 18 0.9916 0.0084 
         006 18 0.9989 0.0011 
         007 18 0.9897 0.0103 
         008 18 0.9984 0.0016 
         009 18 0.9636 0.0364 
         010 18 0.9970 0.0030 
         011 18 0.9975 0.0025 
         012 18 0.9855 0.0145 
         015 18 0.9963 0.0037 
         016 18 0.9862 0.0138 
         018 18 0.9989 0.0011 
         026 18 0.9942 0.0058 
         027 18 0.9989 0.0011 
         028 18 0.9964 0.0036 
         029 18 0.9969 0.0031 
         031 18 0.8981 0.1019 
         032 18 0.9985 0.0015 
         033 18 0.9977 0.0023 
         035 18 0.9971 0.0029 
         036 18 0.9980 0.0020 
         037 18 0.9803 0.0197 
         038 18 0.9531 0.0469 
         039 18 0.9988 0.0012 
         044 18 0.8663 0.1337 
         046 18 0.9961 0.0039 
         049 18 0.9982 0.0018 
         053 18 0.9946 0.0054 
         054 18 0.9809 0.0191 
         056 18 0.9818 0.0182 
         057 18 0.9976 0.0024 
         058 18 0.9969 0.0031 
        001s 19 0.9354 0.0646 
        002s 19 0.9944 0.0056 
        003s 19 0.9912 0.0088 
        004s 19 0.9928 0.0072 
        005s 19 0.9281 0.0719 
        006s 19 0.9945 0.0055 
        007s 19 0.9566 0.0434 
        008s 19 0.9410 0.0590 
        009s 19 0.9949 0.0051 
        010s 19 0.9839 0.0161 
        011s 19 0.9965 0.0035 
        012s 19 0.9903 0.0097 
        013s 19 0.9699 0.0301 
        014s 19 0.9173 0.0827 
        015s 19 0.9947 0.0053 
        016s 19 0.9919 0.0081 
        017s 19 0.9539 0.0461 
        018s 19 0.9944 0.0056 
        019s 19 0.9054 0.0946 
        020s 19 0.9176 0.0824 
        021s 19 0.9877 0.0123 
        022s 19 0.9767 0.0233 
        023s 19 0.9936 0.0064 
        024s 19 0.9985 0.0015 
        025s 19 0.9036 0.0964 
        026s 19 0.9736 0.0264 
        027s 19 0.9936 0.0064 
        028s 19 0.9857 0.0143 
        029s 19 0.9988 0.0012 
        030s 19 0.9912 0.0088 
        031s 19 0.9921 0.0079 
        032s 19 0.9967 0.0033 
        033s 19 0.9985 0.0015 
        034s 19 0.9969 0.0031 
        035s 19 0.9711 0.0289 
        036s 19 0.9978 0.0022 
        037s 19 0.9987 0.0013 
        038s 19 0.9933 0.0067 
        039s 19 0.9978 0.0022 
        040s 19 0.9843 0.0157 
        041s 19 0.9987 0.0013 
        042s 19 0.9904 0.0096 
        043s 19 0.9491 0.0509 
        044s 19 0.9988 0.0012 
        045s 19 0.9988 0.0012 
        046s 19 0.9911 0.0089 
        047s 19 0.9905 0.0095 
        048s 19 0.8990 0.1010 
        049s 19 0.9599 0.0401 
        050s 19 0.9985 0.0015 
        051s 19 0.9244 0.0756 
        052s 19 0.9970 0.0030 
      LIW2-4 20 0.9950 0.0050 
     LIW2-12 21 0.9964 0.0036 
     LIW2-20 22 0.9965 0.0035 
     LIW2-28 23 0.9330 0.0670 
      LIW1-5 24 0.9966 0.0034 
     LIW1-13 25 0.9170 0.0830 
     LIW1-21 26 0.9906 0.0094 
     LIW1-29 27 0.9550 0.0450 
      LIW2-5 28 0.9977 0.0023 
     LIW2-34 29 0.9989 0.0011 
     LIW2-21 30 0.9015 0.0985 
     LIW2-29 31 0.8159 0.1841 
      LIW1-6 32 0.9980 0.0020 
     LIW1-14 33 0.9386 0.0614 
     LIW1-22 34 0.9978 0.0022 
     LIW1-30 35 0.9971 0.0029 
      LIW2-6 36 0.9703 0.0297 
     LIW2-14 37 0.9962 0.0038 
     LIW2-22 38 0.9265 0.0735 
     LIW2-30 39 0.9981 0.0019 
      LIW1-7 40 0.9549 0.0451 
     LIW1-15 41 0.9987 0.0013 
     LIW1-23 42 0.9875 0.0125 
     LIW1-31 43 0.9910 0.0090 
      LIW2-7 44 0.9135 0.0865 
     LIW2-15 45 0.9976 0.0024 
     LIW2-23 46 0.9875 0.0125 
      LIW1-8 47 0.9980 0.0020 
     LIW1-16 48 0.9981 0.0019 
      LIW2-8 49 0.9984 0.0016 
     LIW2-16 50 0.6777 0.3223 
     LIW2-24 51 0.8073 0.1927 
     LIW2-32 52 0.9671 0.0329 
     LIW1-47 53 0.9761 0.0239 
      UMFS-1 54 0.9277 0.0723 
     UMFS-19 55 0.8551 0.1449 
     UMFS-31 56 0.9980 0.0020 
      UMFS-2 57 0.9969 0.0031 
     UMFS-10 58 0.9632 0.0368 
     UMFS-20 59 0.9249 0.0751 
     UMFS-32 60 0.9024 0.0976 
      UMFS-3 61 0.8833 0.1167 
     UMFS-11 62 0.5894 0.4106 
     UMFS-21 63 0.8957 0.1043 
     UMFS-33 64 0.9406 0.0594 
      UMFS-4 65 0.9454 0.0546 
     UMFS-22 66 0.9447 0.0553 
     UMFS-34 67 0.9113 0.0887 
      UMFS-5 68 0.9570 0.0430 
     UMFS-13 69 0.9068 0.0932 
     UMFS-23 70 0.9377 0.0623 
     UMFS-35 71 0.9294 0.0706 
      UMFS-6 72 0.9369 0.0631 
     UMFS-14 73 0.9508 0.0492 
     UMFS-24 74 0.9416 0.0584 
     UMFS-36 75 0.8984 0.1016 
      UMFS-7 76 0.4190 0.5810 
     UMFS-15 77 0.8955 0.1045 
     UMFS-25 78 0.8923 0.1077 
     UMFS-37 79 0.8985 0.1015 
      UMFS-8 80 0.9302 0.0698 
     UMFS-16 81 0.8980 0.1020 
     UMFS-26 82 0.9012 0.0988 
     UMFS-38 83 0.9626 0.0374 
      NEH1-2 84 0.7971 0.2029 
     NEH1-11 85 0.8214 0.1786 
     NEH1-20 86 0.8712 0.1288 
     NEH1-29 87 0.8927 0.1073 
      NEH2-2 88 0.8701 0.1299 
     NEH2-10 89 0.9263 0.0737 
     NEH2-18 90 0.7682 0.2318 
     NEH2-26 91 0.8647 0.1353 
      NEH1-3 92 0.9185 0.0815 
     NEH1-12 93 0.7487 0.2513 
     NEH1-21 94 0.8758 0.1242 
     NEH1-30 95 0.8388 0.1612 
      NEH2-3 96 0.8742 0.1258 
     NEH2-11 97 0.8081 0.1919 
     NEH2-19 98 0.8863 0.1137 
     NEH2-27 99 0.8370 0.1630 
      NEH1-4 100 0.7568 0.2432 
     NEH1-13 101 0.8889 0.1111 
     NEH1-22 102 0.8852 0.1148 
     NEH1-31 103 0.8819 0.1181 
      NEH2-4 104 0.8740 0.1260 
     NEH2-12 105 0.7850 0.2150 
     NEH2-20 106 0.9638 0.0362 
     NEH2-28 107 0.8536 0.1464 
      NEH1-5 108 0.8398 0.1602 
     NEH1-14 109 0.8133 0.1867 
     NEH1-23 110 0.9158 0.0842 
     NEH1-32 111 0.8295 0.1705 
      NEH2-5 112 0.8829 0.1171 
     NEH2-13 113 0.8306 0.1694 
     NEH2-22 114 0.8493 0.1507 
     NEH2-29 115 0.8821 0.1179 
      NEH1-6 116 0.8400 0.1600 
     NEH1-15 117 0.7867 0.2133 
     NEH1-24 118 0.7925 0.2075 
     NEH1-33 119 0.9153 0.0847 
      NEH2-6 120 0.9274 0.0726 
     NEH2-14 121 0.8464 0.1536 
     NEH2-21 122 0.9249 0.0751 
     NEH2-30 123 0.8658 0.1342 
      NEH1-7 124 0.7995 0.2005 
     NEH1-16 125 0.8570 0.1430 
     NEH1-25 126 0.8962 0.1038 
     NEH1-34 127 0.8628 0.1372 
      NEH2-7 128 0.8592 0.1408 
     NEH2-15 129 0.8380 0.1620 
     NEH2-23 130 0.7636 0.2364 
     NEH2-31 131 0.8693 0.1307 
      NEH1-8 132 0.8298 0.1702 
     NEH1-17 133 0.7173 0.2827 
     NEH1-26 134 0.8967 0.1033 
     NEH1-35 135 0.8809 0.1191 
      NEH2-8 136 0.9058 0.0942 
     NEH2-16 137 0.8915 0.1085 
     NEH2-24 138 0.8727 0.1273 
     NEH2-32 139 0.7389 0.2611 
      NEH1-1 140 0.7604 0.2396 
     NEH1-10 141 0.8283 0.1717 
     NEH1-19 142 0.8594 0.1406 
     NEH1-28 143 0.7886 0.2114 
      NEH2-1 144 0.8310 0.1690 
      NEH2-9 145 0.8857 0.1143 
     NEH2-17 146 0.8130 0.1870 
     NEH2-25 147 0.7875 0.2125 
      LIW1-1 148 0.8827 0.1173 
      LIW1-9 149 0.8344 0.1656 
     LIW1-17 150 0.9976 0.0024 
     LIW1-25 151 0.9985 0.0015 
      LIW2-9 152 0.9298 0.0702 
     LIW2-17 153 0.9954 0.0046 
     LIW2-25 154 0.9973 0.0027 
      LIW1-2 155 0.9973 0.0027 
     LIW1-10 156 0.9881 0.0119 
     LIW1-18 157 0.9912 0.0088 
     LIW1-26 158 0.9973 0.0027 
      LIW2-2 159 0.9986 0.0014 
     LIW2-10 160 0.9958 0.0042 
     LIW2-18 161 0.9390 0.0610 
     LIW2-26 162 0.9966 0.0034 
      LIW1-3 163 0.9822 0.0178 
     LIW1-11 164 0.9760 0.0240 
     LIW1-19 165 0.9308 0.0692 
     LIW1-27 166 0.9873 0.0127 
      LIW2-3 167 0.9738 0.0262 
     LIW2-11 168 0.9988 0.0012 
     LIW2-19 169 0.9944 0.0056 
     LIW2-27 170 0.9989 0.0011 
      LIW1-4 171 0.9978 0.0022 
     LIW1-12 172 0.9605 0.0395 
     LIW1-20 173 0.9932 0.0068 
     LIW1-28 174 0.9918 0.0082 
        001s 175 0.9928 0.0072 
        002s 175 0.9266 0.0734 
        003s 175 0.9985 0.0015 
        004s 175 0.9540 0.0460 
        005s 175 0.9954 0.0046 
        006s 175 0.8387 0.1613 
        007s 175 0.9984 0.0016 
        008s 175 0.9941 0.0059 
        009s 175 0.8836 0.1164 
        010s 175 0.9968 0.0032 
        011s 175 0.9918 0.0082 
        012s 175 0.9983 0.0017 
        013s 175 0.9921 0.0079 
        014s 175 0.9179 0.0821 
        015s 175 0.9955 0.0045 
        016s 175 0.9754 0.0246 
        017s 175 0.9774 0.0226 
        018s 175 0.9880 0.0120 
        019s 175 0.9963 0.0037 
        020s 175 0.9959 0.0041 
        021s 175 0.9971 0.0029 
        022s 175 0.9757 0.0243 
        023s 175 0.9855 0.0145 
        024s 175 0.9570 0.0430 
        025s 175 0.9434 0.0566 
        026s 175 0.9913 0.0087 
        027s 175 0.9941 0.0059 
        028s 175 0.9960 0.0040 
        029s 175 0.9980 0.0020 
        030s 175 0.9008 0.0992 
        031s 175 0.9950 0.0050 
        032s 175 0.9946 0.0054 
        033s 175 0.9658 0.0342 
        034s 175 0.9913 0.0087 
        035s 175 0.9848 0.0152 
        036s 175 0.9979 0.0021 
        037s 175 0.9967 0.0033 
        038s 175 0.9798 0.0202 
        039s 175 0.9952 0.0048 
        040s 175 0.9972 0.0028 
        041s 175 0.9934 0.0066 
        042s 175 0.9946 0.0054 
        043s 175 0.9894 0.0106 
        044s 175 0.9975 0.0025 
        045s 175 0.9262 0.0738 
        046s 175 0.9951 0.0049 
        047s 175 0.9981 0.0019 
        048s 175 0.9869 0.0131 
        049s 175 0.9656 0.0344 
        050s 175 0.9212 0.0788 
        001s 176 0.9119 0.0881 
        002s 176 0.9691 0.0309 
        003s 176 0.9962 0.0038 
        004s 176 0.9947 0.0053 
        005s 176 0.9980 0.0020 
        006s 176 0.9972 0.0028 
        007s 176 0.9223 0.0777 
        008s 176 0.9985 0.0015 
        009s 176 0.9978 0.0022 
        010s 176 0.9975 0.0025 
        011s 176 0.9982 0.0018 
        012s 176 0.9310 0.0690 
        013s 176 0.9690 0.0310 
        014s 176 0.9926 0.0074 
        015s 176 0.9976 0.0024 
        016s 176 0.9980 0.0020 
        017s 176 0.9993 0.0007 
        018s 176 0.9982 0.0018 
        019s 176 0.9416 0.0584 
        020s 176 0.9956 0.0044 
        021s 176 0.9896 0.0104 
        022s 176 0.9962 0.0038 
        023s 176 0.9977 0.0023 
        024s 176 0.9437 0.0563 
        025s 176 0.9787 0.0213 
        026s 176 0.9816 0.0184 
        027s 176 0.9986 0.0014 
        028s 176 0.9957 0.0043 
        029s 176 0.9965 0.0035 
        030s 176 0.9401 0.0599 
        031s 176 0.9836 0.0164 
        032s 176 0.9606 0.0394 
        033s 176 0.8689 0.1311 
        034s 176 0.9969 0.0031 
        035s 176 0.9701 0.0299 
        036s 176 0.9968 0.0032 
        037s 176 0.9240 0.0760 
        038s 176 0.9979 0.0021 
        039s 176 0.9983 0.0017 
        040s 176 0.9987 0.0013 
        041s 176 0.9970 0.0030 
        042s 176 0.9984 0.0016 
        043s 176 0.9641 0.0359 
        044s 176 0.9939 0.0061 
        045s 176 0.9756 0.0244 
        046s 176 0.9964 0.0036 
        047s 176 0.9983 0.0017 
        048s 176 0.9842 0.0158 
        050s 176 0.9960 0.0040 
        001s 177 0.9407 0.0593 
        002s 177 0.9984 0.0016 
        003s 177 0.9393 0.0607 
        004s 177 0.9973 0.0027 
        005s 177 0.9957 0.0043 
        006s 177 0.9937 0.0063 
        007s 177 0.9886 0.0114 
        008s 177 0.8481 0.1519 
        009s 177 0.9988 0.0012 
        010s 177 0.9619 0.0381 
        011s 177 0.9967 0.0033 
        012s 177 0.9940 0.0060 
        013s 177 0.9972 0.0028 
        014s 177 0.9554 0.0446 
        015s 177 0.9918 0.0082 
        016s 177 0.9990 0.0010 
        017s 177 0.9502 0.0498 
        018s 177 0.9822 0.0178 
        019s 177 0.9972 0.0028 
        020s 177 0.9935 0.0065 
        021s 177 0.9987 0.0013 
        022s 177 0.9852 0.0148 
        023s 177 0.9749 0.0251 
        024s 177 0.9978 0.0022 
        025s 177 0.9927 0.0073 
        026s 177 0.9979 0.0021 
        027s 177 0.9985 0.0015 
        028s 177 0.9985 0.0015 
        029s 177 0.9049 0.0951 
        030s 177 0.9823 0.0177 
        031s 177 0.9970 0.0030 
        032s 177 0.9618 0.0382 
        033s 177 0.9983 0.0017 
        034s 177 0.9958 0.0042 
        035s 177 0.9990 0.0010 
        036s 177 0.9681 0.0319 
        037s 177 0.9543 0.0457 
        038s 177 0.9797 0.0203 
        039s 177 0.9964 0.0036 
        040s 177 0.9565 0.0435 
        041s 177 0.8905 0.1095 
        042s 177 0.9584 0.0416 
        043s 177 0.9991 0.0009 
        044s 177 0.9975 0.0025 
        045s 177 0.9747 0.0253 
        046s 177 0.9975 0.0025 
        047s 177 0.9948 0.0052 
        048s 177 0.9852 0.0148 
        049s 177 0.9395 0.0605 
        050s 177 0.9986 0.0014 
        001s 178 0.9578 0.0422 
        002s 178 0.9894 0.0106 
        003s 178 0.9895 0.0105 
        004s 178 0.9928 0.0072 
        005s 178 0.9955 0.0045 
        006s 178 0.9245 0.0755 
        007s 178 0.9971 0.0029 
        008s 178 0.9119 0.0881 
        009s 178 0.9905 0.0095 
        010s 178 0.9982 0.0018 
        011s 178 0.9969 0.0031 
        012s 178 0.9942 0.0058 
        013s 178 0.9989 0.0011 
        014s 178 0.9553 0.0447 
        015s 178 0.9886 0.0114 
        016s 178 0.9757 0.0243 
        017s 178 0.9560 0.0440 
        018s 178 0.9959 0.0041 
        019s 178 0.9947 0.0053 
        020s 178 0.9985 0.0015 
        021s 178 0.9579 0.0421 
        022s 178 0.9956 0.0044 
        023s 178 0.8905 0.1095 
        024s 178 0.9981 0.0019 
        025s 178 0.9614 0.0386 
        026s 178 0.9984 0.0016 
        027s 178 0.9506 0.0494 
        028s 178 0.9454 0.0546 
        029s 178 0.9923 0.0077 
        030s 178 0.9784 0.0216 
        031s 178 0.9990 0.0010 
        032s 178 0.9982 0.0018 
        033s 178 0.9485 0.0515 
        034s 178 0.9987 0.0013 
        035s 178 0.9965 0.0035 
        036s 178 0.9989 0.0011 
        037s 178 0.9988 0.0012 
        039s 178 0.9655 0.0345 
        040s 178 0.9230 0.0770 
        041s 178 0.9981 0.0019 
        042s 178 0.9486 0.0514 
        043s 178 0.9462 0.0538 
        044s 178 0.8817 0.1183 
        045s 178 0.9968 0.0032 
        046s 178 0.9967 0.0033 
        047s 178 0.9652 0.0348 
        048s 178 0.9602 0.0398 
        049s 178 0.9880 0.0120 
        050s 178 0.8999 0.1001 
          01 179 0.9123 0.0877 
          02 179 0.9966 0.0034 
          03 179 0.8587 0.1413 
          04 179 0.9937 0.0063 
          05 179 0.9338 0.0662 
          06 179 0.9969 0.0031 
          07 179 0.9914 0.0086 
          08 179 0.9982 0.0018 
          09 179 0.9987 0.0013 
          10 179 0.9798 0.0202 
          11 179 0.9085 0.0915 
          12 179 0.9973 0.0027 
          13 179 0.9982 0.0018 
          14 179 0.9141 0.0859 
          15 179 0.9753 0.0247 
          16 179 0.9746 0.0254 
          17 179 0.9952 0.0048 
          18 179 0.9977 0.0023 
          19 179 0.9568 0.0432 
          20 179 0.9302 0.0698 
          21 179 0.9994 0.0006 
          22 179 0.9720 0.0280 
          23 179 0.9948 0.0052 
        001s 180 0.9499 0.0501 
        002s 180 0.9960 0.0040 
        003s 180 0.9970 0.0030 
        004s 180 0.9979 0.0021 
        005s 180 0.9810 0.0190 
        006s 180 0.9067 0.0933 
        007s 180 0.9979 0.0021 
        008s 180 0.9922 0.0078 
        009s 180 0.9974 0.0026 
        010s 180 0.9976 0.0024 
        011s 180 0.9957 0.0043 
        012s 180 0.9837 0.0163 
        013s 180 0.9960 0.0040 
        014s 180 0.9838 0.0162 
        015s 180 0.9964 0.0036 
        016s 180 0.9691 0.0309 
        017s 180 0.9964 0.0036 
        018s 180 0.9282 0.0718 
        019s 180 0.9961 0.0039 
        020s 180 0.9930 0.0070 
        021s 180 0.9939 0.0061 
        022s 180 0.9827 0.0173 
        023s 180 0.9986 0.0014 
        024s 180 0.9907 0.0093 
        025s 180 0.9823 0.0177 
        026s 180 0.9936 0.0064 
        027s 180 0.9882 0.0118 
        028s 180 0.9929 0.0071 
        029s 180 0.9574 0.0426 
        030s 180 0.9963 0.0037 
        031s 180 0.9982 0.0018 
        032s 180 0.9929 0.0071 
        033s 180 0.9941 0.0059 
        034s 180 0.9889 0.0111 
        035s 180 0.9762 0.0238 
        036s 180 0.9984 0.0016 
        037s 180 0.9955 0.0045 
        038s 180 0.9944 0.0056 
        039s 180 0.9943 0.0057 
        041s 180 0.9971 0.0029 
        042s 180 0.9944 0.0056 
        043s 180 0.9890 0.0110 
        044s 180 0.9977 0.0023 
        045s 180 0.9896 0.0104 
        046s 180 0.9752 0.0248 
        047s 180 0.9798 0.0202 
        048s 180 0.9964 0.0036 
        049s 180 0.9977 0.0023 
        050s 180 0.9977 0.0023 
         001 181 0.0005 0.9995 
         002 181 0.0003 0.9997 
         003 181 0.0004 0.9996 
         004 181 0.0149 0.9851 
         005 181 0.0042 0.9958 
         006 181 0.0003 0.9997 
         007 181 0.0005 0.9995 
         008 181 0.0005 0.9995 
         009 181 0.0002 0.9998 
         010 181 0.0024 0.9976 
         011 181 0.0003 0.9997 
         012 181 0.0007 0.9993 
         013 181 0.0016 0.9984 
         014 181 0.0005 0.9995 
         015 181 0.0003 0.9997 
         016 181 0.0006 0.9994 
         017 181 0.0003 0.9997 
         018 181 0.0008 0.9992 
         019 181 0.0035 0.9965 
         020 181 0.0004 0.9996 
         021 181 0.0003 0.9997 
         022 181 0.0003 0.9997 
         023 181 0.0003 0.9997 
         024 181 0.0068 0.9932 
         025 181 0.0004 0.9996 
         026 181 0.0003 0.9997 
         027 181 0.0002 0.9998 
         028 181 0.0002 0.9998 
         029 181 0.0004 0.9996 
         030 181 0.0005 0.9995 
         001 182 0.0003 0.9997 
         002 182 0.0008 0.9992 
         003 182 0.0177 0.9823 
         004 182 0.0006 0.9994 
         005 182 0.0027 0.9973 
         006 182 0.1193 0.8807 
         007 182 0.0078 0.9922 
         008 182 0.0015 0.9985 
         009 182 0.0007 0.9993 
         010 182 0.1030 0.8970 
         011 182 0.0009 0.9991 
         012 182 0.0760 0.9240 
         013 182 0.0042 0.9958 
         014 182 0.1039 0.8961 
         015 182 0.0003 0.9997 
         016 182 0.0007 0.9993 
         017 182 0.0680 0.9320 
         018 182 0.0008 0.9992 
         019 182 0.0005 0.9995 
         020 182 0.0002 0.9998 
         021 182 0.0722 0.9278 
         022 182 0.0007 0.9993 
         023 182 0.0007 0.9993 
         024 182 0.0007 0.9993 
         025 182 0.0006 0.9994 
         026 182 0.0003 0.9997 
         027 182 0.0018 0.9982 
         028 182 0.0011 0.9989 
         029 182 0.0027 0.9973 
         030 182 0.0003 0.9997 
          10 183 0.9988 0.0012 
          11 183 0.9985 0.0015 
          12 183 0.9985 0.0015 
          13 183 0.9429 0.0571 
          14 183 0.9990 0.0010 
          15 183 0.9734 0.0266 
          16 183 0.9239 0.0761 
          17 183 0.9978 0.0022 
          18 183 0.9987 0.0013 
          19 183 0.9992 0.0008 
          20 183 0.9658 0.0342 
          21 183 0.9958 0.0042 
          22 183 0.9810 0.0190 
          23 183 0.9836 0.0164 
          24 183 0.9991 0.0009 
          25 183 0.9953 0.0047 
          26 183 0.9887 0.0113 
          27 183 0.9668 0.0332 
          28 183 0.9934 0.0066 
          29 183 0.3066 0.6934 
          30 183 0.1691 0.8309 
          31 183 0.9975 0.0025 
          32 183 0.9992 0.0008 
          33 183 0.9925 0.0075 
          34 183 0.9986 0.0014 
          35 183 0.9741 0.0259 
          36 183 0.9986 0.0014 
          37 183 0.2132 0.7868 
          54 183 0.9307 0.0693 
          55 183 0.8816 0.1184 
           6 183 0.9855 0.0145 
           7 183 0.8803 0.1197 
           8 183 0.9476 0.0524 
           9 183 0.9895 0.0105 
           4 184 0.9930 0.0070 
           9 184 0.9977 0.0023 
          12 184 0.9777 0.0223 
          14 184 0.9966 0.0034 
          15 184 0.9986 0.0014 
          16 184 0.9970 0.0030 
          17 184 0.9917 0.0083 
          18 184 0.9043 0.0957 
          22 184 0.9985 0.0015 
          25 184 0.9885 0.0115 
          26 184 0.9966 0.0034 
          27 184 0.9975 0.0025 
          28 184 0.9984 0.0016 
          29 184 0.9992 0.0008 
          31 184 0.9936 0.0064 
          32 184 0.9877 0.0123 
          33 184 0.9976 0.0024 
          34 184 0.9986 0.0014 
          36 184 0.6222 0.3778 
          37 184 0.9909 0.0091 
          39 184 0.9646 0.0354 
          40 184 0.9903 0.0097 
          41 184 0.9871 0.0129 
          42 184 0.9957 0.0043 
          43 184 0.9979 0.0021 
          44 184 0.9177 0.0823 
          45 184 0.9990 0.0010 
          46 184 0.9961 0.0039 
          47 184 0.9992 0.0008 
          48 184 0.9982 0.0018 
          52 184 0.9122 0.0878 
          54 184 0.9978 0.0022 
          57 184 0.9971 0.0029 
          58 184 0.9962 0.0038 
          59 184 0.9247 0.0753 
          60 184 0.9979 0.0021 
           3 185 0.9580 0.0420 
           4 185 0.9968 0.0032 
           5 185 0.9961 0.0039 
           6 185 0.9977 0.0023 
           7 185 0.9087 0.0913 
           8 185 0.9179 0.0821 
           9 185 0.9944 0.0056 
          10 185 0.9961 0.0039 
          11 185 0.9303 0.0697 
          12 185 0.8937 0.1063 
          13 185 0.9982 0.0018 
          14 185 0.9971 0.0029 
          15 185 0.9424 0.0576 
          16 185 0.9957 0.0043 
          17 185 0.9903 0.0097 
          18 185 0.9988 0.0012 
          19 185 0.9989 0.0011 
          20 185 0.8637 0.1363 
          21 185 0.9875 0.0125 
          22 185 0.9829 0.0171 
          23 185 0.9610 0.0390 
          24 185 0.9983 0.0017 
          25 185 0.9188 0.0812 
          26 185 0.9947 0.0053 
          27 185 0.9985 0.0015 
          28 185 0.9977 0.0023 
          29 185 0.8572 0.1428 
          30 185 0.9833 0.0167 
          31 185 0.9836 0.0164 
          32 185 0.9892 0.0108 
          33 185 0.9713 0.0287 
          34 185 0.9982 0.0018 
          35 185 0.9953 0.0047 
          36 185 0.9966 0.0034 
          37 185 0.9616 0.0384 
          38 185 0.8917 0.1083 
          39 185 0.9358 0.0642 
          40 185 0.9975 0.0025 
          41 185 0.9984 0.0016 
          42 185 0.9980 0.0020 
           5 186 0.9981 0.0019 
           6 186 0.9968 0.0032 
           7 186 0.9937 0.0063 
           9 186 0.9097 0.0903 
          10 186 0.9400 0.0600 
          11 186 0.9919 0.0081 
          12 186 0.9959 0.0041 
          29 186 0.9949 0.0051 
          30 186 0.9990 0.0010 
          31 186 0.8883 0.1117 
          32 186 0.9311 0.0689 
          33 186 0.9988 0.0012 
          34 186 0.9587 0.0413 
          35 186 0.9991 0.0009 
          36 186 0.9962 0.0038 
          37 186 0.9522 0.0478 
          38 186 0.9568 0.0432 
          39 186 0.9977 0.0023 
          40 186 0.9984 0.0016 
          41 186 0.9891 0.0109 
          42 186 0.9977 0.0023 
          43 186 0.9798 0.0202 
          44 186 0.9989 0.0011 
          45 186 0.9987 0.0013 
          46 186 0.9982 0.0018 
          47 186 0.9911 0.0089 
          48 186 0.9980 0.0020 
          49 186 0.9992 0.0008 
          50 186 0.9702 0.0298 
          51 186 0.9986 0.0014 
          52 186 0.9971 0.0029 
          53 186 0.9982 0.0018 
          54 186 0.9982 0.0018 
          55 186 0.9951 0.0049 
          56 186 0.9954 0.0046 
          57 186 0.9767 0.0233 
          58 186 0.9977 0.0023 
          59 186 0.9877 0.0123 
          60 186 0.9990 0.0010 
           1 187 0.9581 0.0419 
           2 187 0.9900 0.0100 
           3 187 0.9639 0.0361 
           4 187 0.8734 0.1266 
           5 187 0.9984 0.0016 
           6 187 0.9919 0.0081 
           7 187 0.8478 0.1522 
           8 187 0.9956 0.0044 
           9 187 0.9991 0.0009 
          10 187 0.9508 0.0492 
          11 187 0.9974 0.0026 
          12 187 0.9978 0.0022 
          13 187 0.9854 0.0146 
          14 187 0.9973 0.0027 
          15 187 0.9915 0.0085 
          16 187 0.9714 0.0286 
          17 187 0.9189 0.0811 
          18 187 0.9964 0.0036 
          19 187 0.9985 0.0015 
          20 187 0.9975 0.0025 
          21 187 0.8964 0.1036 
          22 187 0.9956 0.0044 
          23 187 0.9989 0.0011 
          24 187 0.8986 0.1014 
          25 187 0.9961 0.0039 
          26 187 0.9989 0.0011 
          27 187 0.9990 0.0010 
          28 187 0.9885 0.0115 
          29 187 0.9860 0.0140 
          30 187 0.9946 0.0054 
          32 187 0.9032 0.0968 
          33 187 0.9661 0.0339 
          34 187 0.9973 0.0027 
          35 187 0.9772 0.0228 
          36 187 0.9981 0.0019 
          37 187 0.9889 0.0111 
          38 187 0.8721 0.1279 
           1 188 0.9857 0.0143 
           2 188 0.9632 0.0368 
           3 188 0.9442 0.0558 
           4 188 0.9279 0.0721 
           5 188 0.9943 0.0057 
           6 188 0.9988 0.0012 
           7 188 0.9987 0.0013 
           8 188 0.9397 0.0603 
           9 188 0.9973 0.0027 
          10 188 0.9896 0.0104 
          11 188 0.9989 0.0011 
          12 188 0.9959 0.0041 
          13 188 0.8860 0.1140 
          14 188 0.9085 0.0915 
          15 188 0.9984 0.0016 
          16 188 0.9625 0.0375 
          17 188 0.9946 0.0054 
          18 188 0.9929 0.0071 
          19 188 0.9960 0.0040 
          20 188 0.8783 0.1217 
          21 188 0.9909 0.0091 
          22 188 0.9937 0.0063 
          23 188 0.9830 0.0170 
          24 188 0.9993 0.0007 
          25 188 0.9970 0.0030 
          26 188 0.9123 0.0877 
          27 188 0.9352 0.0648 
          28 188 0.9964 0.0036 
          29 188 0.9413 0.0587 
          30 188 0.8956 0.1044 
          31 188 0.9896 0.0104 
          32 188 0.9981 0.0019 
          33 188 0.9976 0.0024 
          34 188 0.9983 0.0017 
          35 188 0.9646 0.0354 
          36 188 0.8837 0.1163 
          37 188 0.9969 0.0031 
          38 188 0.9063 0.0937 
          39 188 0.9550 0.0450 
          40 188 0.9967 0.0033 
           7 189 0.9906 0.0094 
           8 189 0.9942 0.0058 
           9 189 0.9903 0.0097 
          10 189 0.9876 0.0124 
          11 189 0.9962 0.0038 
          12 189 0.9235 0.0765 
          13 189 0.9985 0.0015 
          14 189 0.9473 0.0527 
          16 189 0.8500 0.1500 
          17 189 0.9986 0.0014 
          18 189 0.9424 0.0576 
          19 189 0.9952 0.0048 
          20 189 0.9267 0.0733 
          21 189 0.9743 0.0257 
          23 189 0.9982 0.0018 
          24 189 0.9474 0.0526 
          25 189 0.9865 0.0135 
          26 189 0.9615 0.0385 
          27 189 0.9964 0.0036 
          28 189 0.9993 0.0007 
          29 189 0.9936 0.0064 
          30 189 0.9934 0.0066 
          31 189 0.9987 0.0013 
          32 189 0.9158 0.0842 
          33 189 0.9975 0.0025 
          34 189 0.9991 0.0009 
          35 189 0.9985 0.0015 
          36 189 0.9464 0.0536 
          37 189 0.9984 0.0016 
          38 189 0.9892 0.0108 
          39 189 0.9775 0.0225 
          40 189 0.8541 0.1459 
          41 189 0.9655 0.0345 
          42 189 0.8193 0.1807 
          43 189 0.9963 0.0037 
           1 190 0.8785 0.1215 
           3 190 0.9976 0.0024 
           4 190 0.9975 0.0025 
           5 190 0.9740 0.0260 
           6 190 0.9983 0.0017 
           7 190 0.9970 0.0030 
           8 190 0.9671 0.0329 
           9 190 0.6291 0.3709 
          10 190 0.9966 0.0034 
          11 190 0.9544 0.0456 
          12 190 0.9982 0.0018 
          13 190 0.9966 0.0034 
          14 190 0.9955 0.0045 
          15 190 0.9863 0.0137 
          16 190 0.9883 0.0117 
          17 190 0.9913 0.0087 
          18 190 0.9622 0.0378 
          19 190 0.9977 0.0023 
          20 190 0.9984 0.0016 
          22 190 0.8711 0.1289 
          23 190 0.9856 0.0144 
          24 190 0.9373 0.0627 
          25 190 0.9892 0.0108 
          26 190 0.9990 0.0010 
          27 190 0.9966 0.0034 
          28 190 0.9897 0.0103 
          29 190 0.9696 0.0304 
          31 190 0.9388 0.0612 
           7 191 0.9985 0.0015 
           8 191 0.9926 0.0074 
           9 191 0.9986 0.0014 
          10 191 0.9977 0.0023 
          11 191 0.9913 0.0087 
          12 191 0.9649 0.0351 
          13 191 0.9932 0.0068 
          14 191 0.9822 0.0178 
          15 191 0.9333 0.0667 
          16 191 0.9958 0.0042 
          17 191 0.9058 0.0942 
          18 191 0.9966 0.0034 
          19 191 0.9534 0.0466 
          20 191 0.9656 0.0344 
          21 191 0.9544 0.0456 
          22 191 0.9950 0.0050 
          23 191 0.9955 0.0045 
          24 191 0.9962 0.0038 
          25 191 0.9640 0.0360 
          26 191 0.8887 0.1113 
          27 191 0.9971 0.0029 
          28 191 0.9969 0.0031 
          29 191 0.9965 0.0035 
          30 191 0.9985 0.0015 
          39 191 0.9950 0.0050 
          40 191 0.9967 0.0033 
          41 191 0.9368 0.0632 
          42 191 0.9989 0.0011 
          43 191 0.9776 0.0224 
          44 191 0.9732 0.0268 
          45 191 0.9976 0.0024 
          46 191 0.8675 0.1325 
          47 191 0.9837 0.0163 
          48 191 0.9979 0.0021 
          49 191 0.9869 0.0131 
          50 191 0.9963 0.0037 
           9 192 0.9990 0.0010 
          10 192 0.9944 0.0056 
          11 192 0.9944 0.0056 
          12 192 0.9951 0.0049 
          13 192 0.9038 0.0962 
          14 192 0.9764 0.0236 
          15 192 0.9985 0.0015 
          16 192 0.9925 0.0075 
          17 192 0.9462 0.0538 
          18 192 0.9928 0.0072 
          19 192 0.9880 0.0120 
          20 192 0.9848 0.0152 
          21 192 0.9986 0.0014 
          22 192 0.9606 0.0394 
          23 192 0.9098 0.0902 
          24 192 0.9952 0.0048 
          33 192 0.9430 0.0570 
          35 192 0.9977 0.0023 
          36 192 0.9985 0.0015 
          37 192 0.9979 0.0021 
          38 192 0.9427 0.0573 
          39 192 0.9950 0.0050 
          40 192 0.9161 0.0839 
          41 192 0.9284 0.0716 
          42 192 0.9392 0.0608 
          43 192 0.9977 0.0023 
          45 192 0.9986 0.0014 
          46 192 0.9934 0.0066 
          47 192 0.9969 0.0031 
          48 192 0.9977 0.0023 
          49 192 0.9345 0.0655 
          50 192 0.9982 0.0018 
