        001s  1 0.9989 0.0011 
        002s  1 0.9950 0.0050 
        003s  1 0.9921 0.0079 
        004s  1 0.9437 0.0563 
        005s  1 0.5722 0.4278 
        006s  1 0.9980 0.0020 
        007s  1 0.9966 0.0034 
        008s  1 0.9914 0.0086 
        009s  1 0.9215 0.0785 
        010s  1 0.9885 0.0115 
        011s  1 0.9930 0.0070 
        012s  1 0.8631 0.1369 
        013s  1 0.9561 0.0439 
        014s  1 0.9591 0.0409 
        015s  1 0.9985 0.0015 
        016s  1 0.9958 0.0042 
        018s  1 0.8575 0.1425 
        019s  1 0.9897 0.0103 
        020s  1 0.9987 0.0013 
        021s  1 0.9973 0.0027 
        022s  1 0.9992 0.0008 
        023s  1 0.9988 0.0012 
        024s  1 0.9961 0.0039 
        025s  1 0.9808 0.0192 
        026s  1 0.9969 0.0031 
        027s  1 0.9788 0.0212 
        028s  1 0.8861 0.1139 
        029s  1 0.9979 0.0021 
        030s  1 0.9919 0.0081 
        031s  1 0.9992 0.0008 
        032s  1 0.9980 0.0020 
        033s  1 0.9885 0.0115 
        034s  1 0.9932 0.0068 
        035s  1 0.9936 0.0064 
        036s  1 0.9180 0.0820 
        037s  1 0.8612 0.1388 
        038s  1 0.9962 0.0038 
        039s  1 0.9911 0.0089 
        040s  1 0.9940 0.0060 
        041s  1 0.9963 0.0037 
        042s  1 0.9266 0.0734 
        043s  1 0.9696 0.0304 
        044s  1 0.8831 0.1169 
        045s  1 0.9885 0.0115 
        046s  1 0.9974 0.0026 
        047s  1 0.9988 0.0012 
        048s  1 0.9874 0.0126 
        049s  1 0.9971 0.0029 
        050s  1 0.8991 0.1009 
        051s  1 0.9985 0.0015 
        052s  1 0.9604 0.0396 
        053s  1 0.9971 0.0029 
        054s  1 0.9982 0.0018 
        055s  1 0.8990 0.1010 
          01  2 0.8792 0.1208 
          02  2 0.9656 0.0344 
          03  2 0.9964 0.0036 
          04  2 0.9545 0.0455 
          05  2 0.9033 0.0967 
          06  2 0.9556 0.0444 
          07  2 0.9741 0.0259 
          08  2 0.9440 0.0560 
          09  2 0.9988 0.0012 
          10  2 0.9964 0.0036 
          11  2 0.9867 0.0133 
          12  2 0.9975 0.0025 
          13  2 0.9984 0.0016 
          14  2 0.9964 0.0036 
          15  2 0.9982 0.0018 
          16  2 0.9441 0.0559 
          17  2 0.9928 0.0072 
          18  2 0.9570 0.0430 
          19  2 0.9981 0.0019 
          20  2 0.9206 0.0794 
          21  2 0.9974 0.0026 
          22  2 0.9851 0.0149 
          23  2 0.9935 0.0065 
          24  2 0.9983 0.0017 
          25  2 0.9492 0.0508 
          26  2 0.9980 0.0020 
          27  2 0.9723 0.0277 
          28  2 0.9985 0.0015 
          29  2 0.9972 0.0028 
          30  2 0.8509 0.1491 
          01  3 0.3723 0.6277 
          02  3 0.2033 0.7967 
          03  3 0.3851 0.6149 
          04  3 0.2060 0.7940 
          05  3 0.2277 0.7723 
          06  3 0.0909 0.9091 
          07  3 0.4019 0.5981 
          08  3 0.3202 0.6798 
          09  3 0.3337 0.6663 
          10  3 0.3765 0.6235 
          11  3 0.3050 0.6950 
          12  3 0.2931 0.7069 
          13  3 0.0362 0.9638 
          14  3 0.2244 0.7756 
          15  3 0.3637 0.6363 
          16  3 0.0839 0.9161 
          17  3 0.4361 0.5639 
          18  3 0.4468 0.5532 
          19  3 0.1741 0.8259 
          20  3 0.2473 0.7527 
          21  3 0.2594 0.7406 
          22  3 0.3204 0.6796 
          23  3 0.2513 0.7487 
          24  3 0.2467 0.7533 
          25  3 0.3439 0.6561 
          26  3 0.2462 0.7538 
          27  3 0.3700 0.6300 
          28  3 0.1070 0.8930 
          29  3 0.1962 0.8038 
          30  3 0.3311 0.6689 
         001  4 0.0802 0.9198 
         002  4 0.1374 0.8626 
         003  4 0.1247 0.8753 
         004  4 0.0225 0.9775 
         005  4 0.1148 0.8852 
         006  4 0.1155 0.8845 
         007  4 0.1699 0.8301 
         008  4 0.1699 0.8301 
         009  4 0.0832 0.9168 
         010  4 0.0012 0.9988 
         011  4 0.1596 0.8404 
         012  4 0.1382 0.8618 
         013  4 0.0489 0.9511 
         014  4 0.1268 0.8732 
         015  4 0.0018 0.9982 
         016  4 0.0502 0.9498 
         017  4 0.0940 0.9060 
         019  4 0.0949 0.9051 
         020  4 0.1553 0.8447 
         021  4 0.1088 0.8912 
         001  5 0.1518 0.8482 
         002  5 0.2092 0.7908 
         003  5 0.2956 0.7044 
         004  5 0.2221 0.7779 
         005  5 0.1316 0.8684 
         006  5 0.1080 0.8920 
         007  5 0.0862 0.9138 
         008  5 0.0789 0.9211 
         009  5 0.2213 0.7787 
         010  5 0.1438 0.8562 
         011  5 0.1483 0.8517 
         012  5 0.1678 0.8322 
         013  5 0.3157 0.6843 
         014  5 0.3250 0.6750 
         015  5 0.0717 0.9283 
         016  5 0.1217 0.8783 
         017  5 0.1881 0.8119 
         018  5 0.2280 0.7720 
         019  5 0.1486 0.8514 
         020  5 0.1335 0.8665 
         021  5 0.3178 0.6822 
         022  5 0.2309 0.7691 
         023  5 0.0718 0.9282 
         024  5 0.2225 0.7775 
         025  5 0.1856 0.8144 
         026  5 0.2845 0.7155 
         027  5 0.0980 0.9020 
         028  5 0.1797 0.8203 
         029  5 0.1236 0.8764 
         030  5 0.1708 0.8292 
        001s  6 0.9637 0.0363 
        002s  6 0.9700 0.0300 
        003s  6 0.9889 0.0111 
        004s  6 0.9988 0.0012 
        006s  6 0.9038 0.0962 
        007s  6 0.9968 0.0032 
        008s  6 0.9951 0.0049 
        009s  6 0.9988 0.0012 
        010s  6 0.9547 0.0453 
        011s  6 0.9954 0.0046 
        012s  6 0.9961 0.0039 
        013s  6 0.9968 0.0032 
        014s  6 0.9413 0.0587 
        015s  6 0.9593 0.0407 
        016s  6 0.9979 0.0021 
        018s  6 0.7600 0.2400 
        019s  6 0.9712 0.0288 
        020s  6 0.9986 0.0014 
        021s  6 0.9740 0.0260 
        022s  6 0.9982 0.0018 
        023s  6 0.9858 0.0142 
        024s  6 0.9617 0.0383 
        025s  6 0.9907 0.0093 
        026s  6 0.9982 0.0018 
        027s  6 0.9980 0.0020 
        028s  6 0.9373 0.0627 
        029s  6 0.9988 0.0012 
        030s  6 0.9337 0.0663 
        031s  6 0.9899 0.0101 
        032s  6 0.9796 0.0204 
        033s  6 0.9533 0.0467 
        034s  6 0.9923 0.0077 
        035s  6 0.8796 0.1204 
        036s  6 0.9920 0.0080 
        037s  6 0.9969 0.0031 
        038s  6 0.9980 0.0020 
        039s  6 0.9990 0.0010 
        040s  6 0.9979 0.0021 
        041s  6 0.9956 0.0044 
        042s  6 0.9812 0.0188 
        043s  6 0.9972 0.0028 
        044s  6 0.9977 0.0023 
        045s  6 0.9960 0.0040 
        001s  7 0.9972 0.0028 
        002s  7 0.9758 0.0242 
        003s  7 0.9924 0.0076 
        004s  7 0.9924 0.0076 
        005s  7 0.9734 0.0266 
        006s  7 0.9428 0.0572 
        007s  7 0.9688 0.0312 
        008s  7 0.9923 0.0077 
        009s  7 0.9872 0.0128 
        010s  7 0.9981 0.0019 
        011s  7 0.9983 0.0017 
        012s  7 0.9983 0.0017 
        013s  7 0.9964 0.0036 
        014s  7 0.9788 0.0212 
        015s  7 0.9754 0.0246 
        016s  7 0.9349 0.0651 
        017s  7 0.9972 0.0028 
        018s  7 0.9960 0.0040 
        019s  7 0.9926 0.0074 
        020s  7 0.9972 0.0028 
        021s  7 0.9968 0.0032 
        022s  7 0.9887 0.0113 
        023s  7 0.9780 0.0220 
        024s  7 0.9973 0.0027 
        025s  7 0.9925 0.0075 
        026s  7 0.9979 0.0021 
        027s  7 0.9955 0.0045 
        028s  7 0.9909 0.0091 
        029s  7 0.9876 0.0124 
        030s  7 0.9986 0.0014 
        031s  7 0.9915 0.0085 
        032s  7 0.9303 0.0697 
        033s  7 0.9661 0.0339 
        034s  7 0.9574 0.0426 
        035s  7 0.9990 0.0010 
        036s  7 0.9960 0.0040 
        037s  7 0.9175 0.0825 
        038s  7 0.9892 0.0108 
        039s  7 0.9989 0.0011 
        040s  7 0.9294 0.0706 
        041s  7 0.9826 0.0174 
        042s  7 0.9930 0.0070 
        043s  7 0.9986 0.0014 
        044s  7 0.9118 0.0882 
         003  8 0.9881 0.0119 
         009  8 0.9971 0.0029 
         010  8 0.9990 0.0010 
         017  8 0.9975 0.0025 
         002  9 0.9986 0.0014 
         003  9 0.9993 0.0007 
         004  9 0.9993 0.0007 
         005  9 0.9981 0.0019 
         006  9 0.9969 0.0031 
         007  9 0.9976 0.0024 
         009  9 0.9984 0.0016 
         010  9 0.9990 0.0010 
         013  9 0.9968 0.0032 
         014  9 0.9991 0.0009 
         016  9 0.9994 0.0006 
         018  9 0.9970 0.0030 
         019  9 0.9978 0.0022 
         020  9 0.9989 0.0011 
         021  9 0.9990 0.0010 
         022  9 0.9990 0.0010 
         024  9 0.9985 0.0015 
         028  9 0.9982 0.0018 
         029  9 0.9991 0.0009 
         030  9 0.9989 0.0011 
         031  9 0.9978 0.0022 
         033  9 0.9953 0.0047 
         001 10 0.9989 0.0011 
         002 10 0.9991 0.0009 
         003 10 0.9985 0.0015 
         004 10 0.9989 0.0011 
         005 10 0.9988 0.0012 
         006 10 0.9974 0.0026 
         007 10 0.9984 0.0016 
         008 10 0.9977 0.0023 
         009 10 0.9975 0.0025 
         010 10 0.9985 0.0015 
         011 10 0.9974 0.0026 
         012 10 0.9973 0.0027 
         013 10 0.9982 0.0018 
         014 10 0.9980 0.0020 
         016 10 0.9975 0.0025 
         017 10 0.9977 0.0023 
         018 10 0.9934 0.0066 
         019 10 0.9987 0.0013 
         020 10 0.9963 0.0037 
         021 10 0.9984 0.0016 
         022 10 0.9987 0.0013 
         023 10 0.9988 0.0012 
         024 10 0.9992 0.0008 
         026 10 0.9987 0.0013 
        001s 11 0.9258 0.0742 
        002s 11 0.9943 0.0057 
        003s 11 0.9945 0.0055 
        004s 11 0.9981 0.0019 
        005s 11 0.9967 0.0033 
        006s 11 0.9806 0.0194 
        007s 11 0.9308 0.0692 
        008s 11 0.9987 0.0013 
        009s 11 0.9990 0.0010 
        010s 11 0.9976 0.0024 
        011s 11 0.8788 0.1212 
        012s 11 0.9193 0.0807 
        013s 11 0.9971 0.0029 
        014s 11 0.9687 0.0313 
        015s 11 0.9910 0.0090 
        016s 11 0.9715 0.0285 
        017s 11 0.9275 0.0725 
        018s 11 0.9883 0.0117 
        019s 11 0.9969 0.0031 
        020s 11 0.9948 0.0052 
        021s 11 0.9985 0.0015 
        022s 11 0.9700 0.0300 
        023s 11 0.9784 0.0216 
        025s 11 0.9988 0.0012 
        026s 11 0.9745 0.0255 
        027s 11 0.9950 0.0050 
        028s 11 0.9901 0.0099 
        029s 11 0.9771 0.0229 
        030s 11 0.9555 0.0445 
        031s 11 0.9986 0.0014 
        032s 11 0.9982 0.0018 
        033s 11 0.9952 0.0048 
        034s 11 0.9939 0.0061 
        035s 11 0.9909 0.0091 
        036s 11 0.9727 0.0273 
        037s 11 0.9968 0.0032 
        038s 11 0.9955 0.0045 
        039s 11 0.9982 0.0018 
        040s 11 0.9151 0.0849 
        041s 11 0.9964 0.0036 
        042s 11 0.9967 0.0033 
        043s 11 0.9640 0.0360 
        044s 11 0.9965 0.0035 
        045s 11 0.9970 0.0030 
        046s 11 0.9593 0.0407 
        047s 11 0.9967 0.0033 
        048s 11 0.9759 0.0241 
        049s 11 0.9978 0.0022 
        050s 11 0.9980 0.0020 
        051s 11 0.9884 0.0116 
        052s 11 0.9872 0.0128 
        053s 11 0.9989 0.0011 
        054s 11 0.9896 0.0104 
        055s 11 0.9419 0.0581 
        001s 12 0.9867 0.0133 
        002s 12 0.9977 0.0023 
        003s 12 0.9986 0.0014 
        004s 12 0.9754 0.0246 
        005s 12 0.9983 0.0017 
        006s 12 0.9479 0.0521 
        007s 12 0.9954 0.0046 
        008s 12 0.9797 0.0203 
        009s 12 0.9676 0.0324 
        010s 12 0.9374 0.0626 
        011s 12 0.9925 0.0075 
        012s 12 0.9870 0.0130 
        013s 12 0.9976 0.0024 
        014s 12 0.9378 0.0622 
        015s 12 0.9925 0.0075 
        016s 12 0.9982 0.0018 
        017s 12 0.9926 0.0074 
        018s 12 0.9976 0.0024 
        019s 12 0.9954 0.0046 
        020s 12 0.9419 0.0581 
        021s 12 0.9955 0.0045 
        022s 12 0.9533 0.0467 
        023s 12 0.9989 0.0011 
        024s 12 0.9986 0.0014 
        025s 12 0.9831 0.0169 
        026s 12 0.9816 0.0184 
        027s 12 0.9930 0.0070 
        028s 12 0.9969 0.0031 
        029s 12 0.9983 0.0017 
        030s 12 0.9967 0.0033 
        031s 12 0.9923 0.0077 
        032s 12 0.9987 0.0013 
        033s 12 0.9875 0.0125 
        034s 12 0.9986 0.0014 
        035s 12 0.9822 0.0178 
        036s 12 0.9717 0.0283 
        037s 12 0.9984 0.0016 
        001s 13 0.9897 0.0103 
        002s 13 0.9285 0.0715 
        003s 13 0.9979 0.0021 
        004s 13 0.9983 0.0017 
        005s 13 0.9782 0.0218 
        006s 13 0.9959 0.0041 
        007s 13 0.9673 0.0327 
        008s 13 0.9442 0.0558 
        009s 13 0.8792 0.1208 
        010s 13 0.9393 0.0607 
        011s 13 0.9435 0.0565 
        012s 13 0.9332 0.0668 
        013s 13 0.9385 0.0615 
        014s 13 0.9698 0.0302 
        015s 13 0.9929 0.0071 
        016s 13 0.9989 0.0011 
        017s 13 0.9426 0.0574 
        018s 13 0.9987 0.0013 
        019s 13 0.9970 0.0030 
        020s 13 0.9866 0.0134 
        021s 13 0.9985 0.0015 
        022s 13 0.9961 0.0039 
        023s 13 0.9980 0.0020 
        024s 13 0.9485 0.0515 
        025s 13 0.9977 0.0023 
        026s 13 0.8886 0.1114 
        027s 13 0.9516 0.0484 
        028s 13 0.9484 0.0516 
        029s 13 0.9752 0.0248 
        030s 13 0.9432 0.0568 
        031s 13 0.9581 0.0419 
        032s 13 0.9967 0.0033 
        033s 13 0.9428 0.0572 
        034s 13 0.9360 0.0640 
        035s 13 0.9978 0.0022 
        036s 13 0.9962 0.0038 
        037s 13 0.9985 0.0015 
        038s 13 0.9939 0.0061 
        039s 13 0.8893 0.1107 
        040s 13 0.9961 0.0039 
        041s 13 0.9268 0.0732 
        042s 13 0.9979 0.0021 
        001s 14 0.9786 0.0214 
        002s 14 0.9276 0.0724 
        003s 14 0.9980 0.0020 
        004s 14 0.9601 0.0399 
        005s 14 0.9992 0.0008 
        006s 14 0.9985 0.0015 
        007s 14 0.9973 0.0027 
        008s 14 0.9065 0.0935 
        009s 14 0.9956 0.0044 
        010s 14 0.9766 0.0234 
        011s 14 0.9337 0.0663 
        012s 14 0.9957 0.0043 
        013s 14 0.9928 0.0072 
        014s 14 0.9778 0.0222 
        015s 14 0.9976 0.0024 
        016s 14 0.9982 0.0018 
        017s 14 0.9206 0.0794 
        018s 14 0.9980 0.0020 
        019s 14 0.9930 0.0070 
        020s 14 0.9984 0.0016 
        021s 14 0.9967 0.0033 
        022s 14 0.9782 0.0218 
        023s 14 0.9932 0.0068 
        024s 14 0.9432 0.0568 
        025s 14 0.9898 0.0102 
        026s 14 0.9989 0.0011 
        027s 14 0.9965 0.0035 
        028s 14 0.9957 0.0043 
        029s 14 0.9992 0.0008 
        030s 14 0.9893 0.0107 
        031s 14 0.9921 0.0079 
        032s 14 0.9962 0.0038 
        033s 14 0.9612 0.0388 
        034s 14 0.9990 0.0010 
        035s 14 0.8340 0.1660 
        036s 14 0.8828 0.1172 
        037s 14 0.9982 0.0018 
        038s 14 0.9976 0.0024 
        039s 14 0.9904 0.0096 
        040s 14 0.9901 0.0099 
        041s 14 0.9969 0.0031 
        042s 14 0.9564 0.0436 
        001s 15 0.9980 0.0020 
        002s 15 0.8977 0.1023 
        003s 15 0.9858 0.0142 
        004s 15 0.9985 0.0015 
        005s 15 0.9689 0.0311 
        006s 15 0.9775 0.0225 
        007s 15 0.9988 0.0012 
        008s 15 0.9984 0.0016 
        009s 15 0.9355 0.0645 
        010s 15 0.9978 0.0022 
        011s 15 0.9333 0.0667 
        012s 15 0.9884 0.0116 
        013s 15 0.9985 0.0015 
        014s 15 0.9940 0.0060 
        015s 15 0.9099 0.0901 
        016s 15 0.9058 0.0942 
        017s 15 0.9964 0.0036 
        018s 15 0.9983 0.0017 
        019s 15 0.9934 0.0066 
        020s 15 0.9980 0.0020 
        021s 15 0.9287 0.0713 
        022s 15 0.9952 0.0048 
        023s 15 0.9563 0.0437 
        024s 15 0.9936 0.0064 
        025s 15 0.9760 0.0240 
        026s 15 0.9952 0.0048 
        027s 15 0.9727 0.0273 
        028s 15 0.9976 0.0024 
        029s 15 0.9976 0.0024 
        030s 15 0.9989 0.0011 
        031s 15 0.9328 0.0672 
        032s 15 0.9990 0.0010 
        033s 15 0.9453 0.0547 
        035s 15 0.9875 0.0125 
        036s 15 0.9958 0.0042 
        037s 15 0.9902 0.0098 
        038s 15 0.9931 0.0069 
        039s 15 0.9563 0.0437 
        040s 15 0.9866 0.0134 
        041s 15 0.9123 0.0877 
        042s 15 0.9958 0.0042 
        043s 15 0.9801 0.0199 
        044s 15 0.9915 0.0085 
        045s 15 0.9292 0.0708 
        046s 15 0.9515 0.0485 
        047s 15 0.9588 0.0412 
        048s 15 0.9978 0.0022 
        049s 15 0.9737 0.0263 
        050s 15 0.8874 0.1126 
         001 16 0.8093 0.1907 
         002 16 0.9582 0.0418 
         003 16 0.9718 0.0282 
         004 16 0.9967 0.0033 
         005 16 0.9228 0.0772 
         006 16 0.9621 0.0379 
         007 16 0.9927 0.0073 
         008 16 0.8588 0.1412 
         009 16 0.9973 0.0027 
         010 16 0.9847 0.0153 
         011 16 0.9837 0.0163 
         012 16 0.9954 0.0046 
         013 16 0.9978 0.0022 
         014 16 0.9659 0.0341 
         015 16 0.9544 0.0456 
         016 16 0.9978 0.0022 
         017 16 0.9647 0.0353 
         018 16 0.9374 0.0626 
         019 16 0.9224 0.0776 
         020 16 0.9987 0.0013 
         021 16 0.8687 0.1313 
         022 16 0.9928 0.0072 
         023 16 0.9798 0.0202 
         024 16 0.9929 0.0071 
         025 16 0.9173 0.0827 
         026 16 0.8905 0.1095 
         027 16 0.9927 0.0073 
         028 16 0.8324 0.1676 
         029 16 0.9486 0.0514 
         030 16 0.9937 0.0063 
         031 16 0.9960 0.0040 
         032 16 0.9203 0.0797 
         033 16 0.9980 0.0020 
         034 16 0.9840 0.0160 
         035 16 0.9989 0.0011 
         036 16 0.9985 0.0015 
         037 16 0.9351 0.0649 
         038 16 0.9933 0.0067 
         039 16 0.9978 0.0022 
         040 16 0.9951 0.0049 
         041 16 0.9974 0.0026 
         042 16 0.9963 0.0037 
         043 16 0.9975 0.0025 
         044 16 0.9897 0.0103 
         045 16 0.9787 0.0213 
         047 16 0.9454 0.0546 
         048 16 0.9872 0.0128 
         049 16 0.9965 0.0035 
         050 16 0.9981 0.0019 
         051 16 0.9941 0.0059 
         052 16 0.9991 0.0009 
         053 16 0.9985 0.0015 
         054 16 0.9416 0.0584 
         055 16 0.9157 0.0843 
         056 16 0.9978 0.0022 
         057 16 0.9381 0.0619 
         058 16 0.8864 0.1136 
         059 16 0.8697 0.1303 
         060 16 0.9927 0.0073 
         061 16 0.9945 0.0055 
         062 16 0.9922 0.0078 
         063 16 0.9952 0.0048 
         064 16 0.9983 0.0017 
         065 16 0.9895 0.0105 
         066 16 0.9989 0.0011 
         067 16 0.9847 0.0153 
         068 16 0.9834 0.0166 
         069 16 0.9975 0.0025 
         070 16 0.9911 0.0089 
         071 16 0.9005 0.0995 
         072 16 0.9898 0.0102 
         073 16 0.9941 0.0059 
         074 16 0.9984 0.0016 
         075 16 0.9481 0.0519 
         076 16 0.9969 0.0031 
         077 16 0.9312 0.0688 
         078 16 0.9869 0.0131 
         079 16 0.9029 0.0971 
         080 16 0.9978 0.0022 
         081 16 0.9342 0.0658 
         082 16 0.9502 0.0498 
         083 16 0.9975 0.0025 
         084 16 0.9920 0.0080 
         085 16 0.9968 0.0032 
         086 16 0.8784 0.1216 
         087 16 0.9729 0.0271 
         088 16 0.9987 0.0013 
         089 16 0.9870 0.0130 
         090 16 0.9914 0.0086 
         091 16 0.9954 0.0046 
         092 16 0.9735 0.0265 
         093 16 0.9972 0.0028 
         094 16 0.9851 0.0149 
         095 16 0.9989 0.0011 
         096 16 0.9704 0.0296 
         097 16 0.8777 0.1223 
         098 16 0.9972 0.0028 
         099 16 0.9986 0.0014 
         100 16 0.9980 0.0020 
         101 16 0.9797 0.0203 
         102 16 0.9932 0.0068 
         103 16 0.9916 0.0084 
         104 16 0.9952 0.0048 
         105 16 0.8875 0.1125 
         106 16 0.9965 0.0035 
         107 16 0.9910 0.0090 
         108 16 0.8662 0.1338 
         109 16 0.9568 0.0432 
         110 16 0.9988 0.0012 
         111 16 0.9641 0.0359 
         112 16 0.9739 0.0261 
         113 16 0.9328 0.0672 
         114 16 0.9907 0.0093 
         115 16 0.9984 0.0016 
         116 16 0.9843 0.0157 
         117 16 0.9655 0.0345 
         118 16 0.9961 0.0039 
         119 16 0.9935 0.0065 
         120 16 0.9944 0.0056 
         121 16 0.9915 0.0085 
         122 16 0.9988 0.0012 
         123 16 0.9907 0.0093 
         124 16 0.9857 0.0143 
         126 16 0.8562 0.1438 
         001 17 0.9946 0.0054 
         002 17 0.9964 0.0036 
         003 17 0.9983 0.0017 
         005 17 0.9986 0.0014 
         006 17 0.9432 0.0568 
         007 17 0.8517 0.1483 
         008 17 0.8722 0.1278 
         009 17 0.9991 0.0009 
         010 17 0.9969 0.0031 
         011 17 0.8182 0.1818 
         012 17 0.9951 0.0049 
         013 17 0.9991 0.0009 
         014 17 0.9988 0.0012 
         015 17 0.9917 0.0083 
         016 17 0.9971 0.0029 
         017 17 0.9923 0.0077 
         018 17 0.9607 0.0393 
         019 17 0.9992 0.0008 
         020 17 0.9967 0.0033 
         021 17 0.9985 0.0015 
         022 17 0.9363 0.0637 
         023 17 0.9957 0.0043 
         024 17 0.9134 0.0866 
         025 17 0.9980 0.0020 
         002 18 0.9987 0.0013 
         003 18 0.9990 0.0010 
         004 18 0.9676 0.0324 
         005 18 0.9915 0.0085 
         006 18 0.9989 0.0011 
         007 18 0.9900 0.0100 
         008 18 0.9986 0.0014 
         009 18 0.9634 0.0366 
         010 18 0.9973 0.0027 
         011 18 0.9976 0.0024 
         012 18 0.9843 0.0157 
         015 18 0.9966 0.0034 
         016 18 0.9848 0.0152 
         018 18 0.9987 0.0013 
         026 18 0.9943 0.0057 
         027 18 0.9990 0.0010 
         028 18 0.9962 0.0038 
         029 18 0.9966 0.0034 
         031 18 0.8993 0.1007 
         032 18 0.9987 0.0013 
         033 18 0.9977 0.0023 
         035 18 0.9972 0.0028 
         036 18 0.9980 0.0020 
         037 18 0.9791 0.0209 
         038 18 0.9520 0.0480 
         039 18 0.9986 0.0014 
         044 18 0.8664 0.1336 
         046 18 0.9962 0.0038 
         049 18 0.9983 0.0017 
         053 18 0.9943 0.0057 
         054 18 0.9807 0.0193 
         056 18 0.9808 0.0192 
         057 18 0.9978 0.0022 
         058 18 0.9968 0.0032 
        001s 19 0.9355 0.0645 
        002s 19 0.9946 0.0054 
        003s 19 0.9912 0.0088 
        004s 19 0.9924 0.0076 
        005s 19 0.9272 0.0728 
        006s 19 0.9947 0.0053 
        007s 19 0.9566 0.0434 
        008s 19 0.9411 0.0589 
        009s 19 0.9948 0.0052 
        010s 19 0.9843 0.0157 
        011s 19 0.9963 0.0037 
        012s 19 0.9903 0.0097 
        013s 19 0.9705 0.0295 
        014s 19 0.9152 0.0848 
        015s 19 0.9951 0.0049 
        016s 19 0.9919 0.0081 
        017s 19 0.9535 0.0465 
        018s 19 0.9940 0.0060 
        019s 19 0.9068 0.0932 
        020s 19 0.9162 0.0838 
        021s 19 0.9869 0.0131 
        022s 19 0.9770 0.0230 
        023s 19 0.9943 0.0057 
        024s 19 0.9986 0.0014 
        025s 19 0.9042 0.0958 
        026s 19 0.9744 0.0256 
        027s 19 0.9938 0.0062 
        028s 19 0.9855 0.0145 
        029s 19 0.9988 0.0012 
        030s 19 0.9906 0.0094 
        031s 19 0.9904 0.0096 
        032s 19 0.9967 0.0033 
        033s 19 0.9984 0.0016 
        034s 19 0.9969 0.0031 
        035s 19 0.9720 0.0280 
        036s 19 0.9978 0.0022 
        037s 19 0.9989 0.0011 
        038s 19 0.9930 0.0070 
        039s 19 0.9979 0.0021 
        040s 19 0.9847 0.0153 
        041s 19 0.9988 0.0012 
        042s 19 0.9898 0.0102 
        043s 19 0.9475 0.0525 
        044s 19 0.9988 0.0012 
        045s 19 0.9990 0.0010 
        046s 19 0.9913 0.0087 
        047s 19 0.9904 0.0096 
        048s 19 0.8980 0.1020 
        049s 19 0.9581 0.0419 
        050s 19 0.9984 0.0016 
        051s 19 0.9251 0.0749 
        052s 19 0.9966 0.0034 
      LIW2-4 20 0.9956 0.0044 
     LIW2-12 21 0.9961 0.0039 
     LIW2-20 22 0.9963 0.0037 
     LIW2-28 23 0.9341 0.0659 
      LIW1-5 24 0.9969 0.0031 
     LIW1-13 25 0.9174 0.0826 
     LIW1-21 26 0.9905 0.0095 
     LIW1-29 27 0.9554 0.0446 
      LIW2-5 28 0.9975 0.0025 
     LIW2-34 29 0.9989 0.0011 
     LIW2-21 30 0.9022 0.0978 
     LIW2-29 31 0.8157 0.1843 
      LIW1-6 32 0.9981 0.0019 
     LIW1-14 33 0.9382 0.0618 
     LIW1-22 34 0.9977 0.0023 
     LIW1-30 35 0.9973 0.0027 
      LIW2-6 36 0.9716 0.0284 
     LIW2-14 37 0.9963 0.0037 
     LIW2-22 38 0.9263 0.0737 
     LIW2-30 39 0.9980 0.0020 
      LIW1-7 40 0.9552 0.0448 
     LIW1-15 41 0.9984 0.0016 
     LIW1-23 42 0.9873 0.0127 
     LIW1-31 43 0.9908 0.0092 
      LIW2-7 44 0.9140 0.0860 
     LIW2-15 45 0.9974 0.0026 
     LIW2-23 46 0.9874 0.0126 
      LIW1-8 47 0.9979 0.0021 
     LIW1-16 48 0.9980 0.0020 
      LIW2-8 49 0.9983 0.0017 
     LIW2-16 50 0.6777 0.3223 
     LIW2-24 51 0.8063 0.1937 
     LIW2-32 52 0.9673 0.0327 
     LIW1-47 53 0.9750 0.0250 
      UMFS-1 54 0.9282 0.0718 
     UMFS-19 55 0.8554 0.1446 
     UMFS-31 56 0.9981 0.0019 
      UMFS-2 57 0.9968 0.0032 
     UMFS-10 58 0.9645 0.0355 
     UMFS-20 59 0.9260 0.0740 
     UMFS-32 60 0.9024 0.0976 
      UMFS-3 61 0.8839 0.1161 
     UMFS-11 62 0.5890 0.4110 
     UMFS-21 63 0.8970 0.1030 
     UMFS-33 64 0.9407 0.0593 
      UMFS-4 65 0.9449 0.0551 
     UMFS-22 66 0.9444 0.0556 
     UMFS-34 67 0.9115 0.0885 
      UMFS-5 68 0.9587 0.0413 
     UMFS-13 69 0.9071 0.0929 
     UMFS-23 70 0.9382 0.0618 
     UMFS-35 71 0.9290 0.0710 
      UMFS-6 72 0.9352 0.0648 
     UMFS-14 73 0.9502 0.0498 
     UMFS-24 74 0.9393 0.0607 
     UMFS-36 75 0.8993 0.1007 
      UMFS-7 76 0.4181 0.5819 
     UMFS-15 77 0.8963 0.1037 
     UMFS-25 78 0.8921 0.1079 
     UMFS-37 79 0.8984 0.1016 
      UMFS-8 80 0.9310 0.0690 
     UMFS-16 81 0.8988 0.1012 
     UMFS-26 82 0.9012 0.0988 
     UMFS-38 83 0.9644 0.0356 
      NEH1-2 84 0.7969 0.2031 
     NEH1-11 85 0.8223 0.1777 
     NEH1-20 86 0.8702 0.1298 
     NEH1-29 87 0.8919 0.1081 
      NEH2-2 88 0.8708 0.1292 
     NEH2-10 89 0.9269 0.0731 
     NEH2-18 90 0.7680 0.2320 
     NEH2-26 91 0.8639 0.1361 
      NEH1-3 92 0.9182 0.0818 
     NEH1-12 93 0.7468 0.2532 
     NEH1-21 94 0.8768 0.1232 
     NEH1-30 95 0.8382 0.1618 
      NEH2-3 96 0.8742 0.1258 
     NEH2-11 97 0.8083 0.1917 
     NEH2-19 98 0.8866 0.1134 
     NEH2-27 99 0.8371 0.1629 
      NEH1-4 100 0.7568 0.2432 
     NEH1-13 101 0.8882 0.1118 
     NEH1-22 102 0.8859 0.1141 
     NEH1-31 103 0.8827 0.1173 
      NEH2-4 104 0.8728 0.1272 
     NEH2-12 105 0.7848 0.2152 
     NEH2-20 106 0.9637 0.0363 
     NEH2-28 107 0.8526 0.1474 
      NEH1-5 108 0.8411 0.1589 
     NEH1-14 109 0.8142 0.1858 
     NEH1-23 110 0.9149 0.0851 
     NEH1-32 111 0.8300 0.1700 
      NEH2-5 112 0.8826 0.1174 
     NEH2-13 113 0.8319 0.1681 
     NEH2-22 114 0.8496 0.1504 
     NEH2-29 115 0.8819 0.1181 
      NEH1-6 116 0.8404 0.1596 
     NEH1-15 117 0.7874 0.2126 
     NEH1-24 118 0.7915 0.2085 
     NEH1-33 119 0.9152 0.0848 
      NEH2-6 120 0.9268 0.0732 
     NEH2-14 121 0.8458 0.1542 
     NEH2-21 122 0.9254 0.0746 
     NEH2-30 123 0.8658 0.1342 
      NEH1-7 124 0.7989 0.2011 
     NEH1-16 125 0.8585 0.1415 
     NEH1-25 126 0.8975 0.1025 
     NEH1-34 127 0.8631 0.1369 
      NEH2-7 128 0.8609 0.1391 
     NEH2-15 129 0.8376 0.1624 
     NEH2-23 130 0.7646 0.2354 
     NEH2-31 131 0.8691 0.1309 
      NEH1-8 132 0.8297 0.1703 
     NEH1-17 133 0.7188 0.2812 
     NEH1-26 134 0.8982 0.1018 
     NEH1-35 135 0.8799 0.1201 
      NEH2-8 136 0.9050 0.0950 
     NEH2-16 137 0.8930 0.1070 
     NEH2-24 138 0.8722 0.1278 
     NEH2-32 139 0.7403 0.2597 
      NEH1-1 140 0.7603 0.2397 
     NEH1-10 141 0.8289 0.1711 
     NEH1-19 142 0.8607 0.1393 
     NEH1-28 143 0.7875 0.2125 
      NEH2-1 144 0.8313 0.1687 
      NEH2-9 145 0.8870 0.1130 
     NEH2-17 146 0.8134 0.1866 
     NEH2-25 147 0.7870 0.2130 
      LIW1-1 148 0.8831 0.1169 
      LIW1-9 149 0.8333 0.1667 
     LIW1-17 150 0.9976 0.0024 
     LIW1-25 151 0.9986 0.0014 
      LIW2-9 152 0.9303 0.0697 
     LIW2-17 153 0.9955 0.0045 
     LIW2-25 154 0.9971 0.0029 
      LIW1-2 155 0.9973 0.0027 
     LIW1-10 156 0.9878 0.0122 
     LIW1-18 157 0.9917 0.0083 
     LIW1-26 158 0.9971 0.0029 
      LIW2-2 159 0.9986 0.0014 
     LIW2-10 160 0.9963 0.0037 
     LIW2-18 161 0.9391 0.0609 
     LIW2-26 162 0.9964 0.0036 
      LIW1-3 163 0.9813 0.0187 
     LIW1-11 164 0.9770 0.0230 
     LIW1-19 165 0.9328 0.0672 
     LIW1-27 166 0.9863 0.0137 
      LIW2-3 167 0.9755 0.0245 
     LIW2-11 168 0.9988 0.0012 
     LIW2-19 169 0.9943 0.0057 
     LIW2-27 170 0.9988 0.0012 
      LIW1-4 171 0.9976 0.0024 
     LIW1-12 172 0.9600 0.0400 
     LIW1-20 173 0.9924 0.0076 
     LIW1-28 174 0.9915 0.0085 
        001s 175 0.9930 0.0070 
        002s 175 0.9259 0.0741 
        003s 175 0.9983 0.0017 
        004s 175 0.9557 0.0443 
        005s 175 0.9955 0.0045 
        006s 175 0.8388 0.1612 
        007s 175 0.9983 0.0017 
        008s 175 0.9938 0.0062 
        009s 175 0.8838 0.1162 
        010s 175 0.9969 0.0031 
        011s 175 0.9921 0.0079 
        012s 175 0.9983 0.0017 
        013s 175 0.9921 0.0079 
        014s 175 0.9194 0.0806 
        015s 175 0.9956 0.0044 
        016s 175 0.9766 0.0234 
        017s 175 0.9774 0.0226 
        018s 175 0.9887 0.0113 
        019s 175 0.9962 0.0038 
        020s 175 0.9957 0.0043 
        021s 175 0.9971 0.0029 
        022s 175 0.9761 0.0239 
        023s 175 0.9856 0.0144 
        024s 175 0.9565 0.0435 
        025s 175 0.9428 0.0572 
        026s 175 0.9903 0.0097 
        027s 175 0.9943 0.0057 
        028s 175 0.9958 0.0042 
        029s 175 0.9979 0.0021 
        030s 175 0.9017 0.0983 
        031s 175 0.9953 0.0047 
        032s 175 0.9952 0.0048 
        033s 175 0.9660 0.0340 
        034s 175 0.9905 0.0095 
        035s 175 0.9854 0.0146 
        036s 175 0.9978 0.0022 
        037s 175 0.9964 0.0036 
        038s 175 0.9790 0.0210 
        039s 175 0.9949 0.0051 
        040s 175 0.9974 0.0026 
        041s 175 0.9930 0.0070 
        042s 175 0.9939 0.0061 
        043s 175 0.9896 0.0104 
        044s 175 0.9972 0.0028 
        045s 175 0.9282 0.0718 
        046s 175 0.9956 0.0044 
        047s 175 0.9981 0.0019 
        048s 175 0.9878 0.0122 
        049s 175 0.9638 0.0362 
        050s 175 0.9219 0.0781 
        001s 176 0.9125 0.0875 
        002s 176 0.9674 0.0326 
        003s 176 0.9960 0.0040 
        004s 176 0.9941 0.0059 
        005s 176 0.9982 0.0018 
        006s 176 0.9973 0.0027 
        007s 176 0.9226 0.0774 
        008s 176 0.9985 0.0015 
        009s 176 0.9979 0.0021 
        010s 176 0.9975 0.0025 
        011s 176 0.9984 0.0016 
        012s 176 0.9315 0.0685 
        013s 176 0.9690 0.0310 
        014s 176 0.9915 0.0085 
        015s 176 0.9974 0.0026 
        016s 176 0.9979 0.0021 
        017s 176 0.9991 0.0009 
        018s 176 0.9981 0.0019 
        019s 176 0.9400 0.0600 
        020s 176 0.9960 0.0040 
        021s 176 0.9898 0.0102 
        022s 176 0.9959 0.0041 
        023s 176 0.9975 0.0025 
        024s 176 0.9415 0.0585 
        025s 176 0.9790 0.0210 
        026s 176 0.9809 0.0191 
        027s 176 0.9988 0.0012 
        028s 176 0.9952 0.0048 
        029s 176 0.9963 0.0037 
        030s 176 0.9396 0.0604 
        031s 176 0.9819 0.0181 
        032s 176 0.9595 0.0405 
        033s 176 0.8680 0.1320 
        034s 176 0.9973 0.0027 
        035s 176 0.9692 0.0308 
        036s 176 0.9969 0.0031 
        037s 176 0.9252 0.0748 
        038s 176 0.9976 0.0024 
        039s 176 0.9984 0.0016 
        040s 176 0.9987 0.0013 
        041s 176 0.9973 0.0027 
        042s 176 0.9982 0.0018 
        043s 176 0.9646 0.0354 
        044s 176 0.9940 0.0060 
        045s 176 0.9757 0.0243 
        046s 176 0.9964 0.0036 
        047s 176 0.9983 0.0017 
        048s 176 0.9838 0.0162 
        050s 176 0.9961 0.0039 
        001s 177 0.9397 0.0603 
        002s 177 0.9986 0.0014 
        003s 177 0.9407 0.0593 
        004s 177 0.9972 0.0028 
        005s 177 0.9957 0.0043 
        006s 177 0.9934 0.0066 
        007s 177 0.9888 0.0112 
        008s 177 0.8487 0.1513 
        009s 177 0.9988 0.0012 
        010s 177 0.9612 0.0388 
        011s 177 0.9970 0.0030 
        012s 177 0.9942 0.0058 
        013s 177 0.9968 0.0032 
        014s 177 0.9548 0.0452 
        015s 177 0.9914 0.0086 
        016s 177 0.9990 0.0010 
        017s 177 0.9514 0.0486 
        018s 177 0.9813 0.0187 
        019s 177 0.9974 0.0026 
        020s 177 0.9928 0.0072 
        021s 177 0.9983 0.0017 
        022s 177 0.9853 0.0147 
        023s 177 0.9737 0.0263 
        024s 177 0.9979 0.0021 
        025s 177 0.9918 0.0082 
        026s 177 0.9979 0.0021 
        027s 177 0.9984 0.0016 
        028s 177 0.9987 0.0013 
        029s 177 0.9051 0.0949 
        030s 177 0.9801 0.0199 
        031s 177 0.9967 0.0033 
        032s 177 0.9607 0.0393 
        033s 177 0.9984 0.0016 
        034s 177 0.9956 0.0044 
        035s 177 0.9990 0.0010 
        036s 177 0.9682 0.0318 
        037s 177 0.9518 0.0482 
        038s 177 0.9798 0.0202 
        039s 177 0.9966 0.0034 
        040s 177 0.9574 0.0426 
        041s 177 0.8896 0.1104 
        042s 177 0.9584 0.0416 
        043s 177 0.9991 0.0009 
        044s 177 0.9975 0.0025 
        045s 177 0.9744 0.0256 
        046s 177 0.9977 0.0023 
        047s 177 0.9946 0.0054 
        048s 177 0.9829 0.0171 
        049s 177 0.9380 0.0620 
        050s 177 0.9987 0.0013 
        001s 178 0.9568 0.0432 
        002s 178 0.9893 0.0107 
        003s 178 0.9902 0.0098 
        004s 178 0.9926 0.0074 
        005s 178 0.9956 0.0044 
        006s 178 0.9245 0.0755 
        007s 178 0.9971 0.0029 
        008s 178 0.9115 0.0885 
        009s 178 0.9905 0.0095 
        010s 178 0.9981 0.0019 
        011s 178 0.9968 0.0032 
        012s 178 0.9940 0.0060 
        013s 178 0.9990 0.0010 
        014s 178 0.9551 0.0449 
        015s 178 0.9885 0.0115 
        016s 178 0.9760 0.0240 
        017s 178 0.9553 0.0447 
        018s 178 0.9956 0.0044 
        019s 178 0.9953 0.0047 
        020s 178 0.9986 0.0014 
        021s 178 0.9564 0.0436 
        022s 178 0.9955 0.0045 
        023s 178 0.8890 0.1110 
        024s 178 0.9981 0.0019 
        025s 178 0.9596 0.0404 
        026s 178 0.9985 0.0015 
        027s 178 0.9483 0.0517 
        028s 178 0.9453 0.0547 
        029s 178 0.9928 0.0072 
        030s 178 0.9782 0.0218 
        031s 178 0.9989 0.0011 
        032s 178 0.9982 0.0018 
        033s 178 0.9469 0.0531 
        034s 178 0.9987 0.0013 
        035s 178 0.9966 0.0034 
        036s 178 0.9988 0.0012 
        037s 178 0.9986 0.0014 
        039s 178 0.9674 0.0326 
        040s 178 0.9226 0.0774 
        041s 178 0.9982 0.0018 
        042s 178 0.9488 0.0512 
        043s 178 0.9459 0.0541 
        044s 178 0.8795 0.1205 
        045s 178 0.9967 0.0033 
        046s 178 0.9967 0.0033 
        047s 178 0.9657 0.0343 
        048s 178 0.9597 0.0403 
        049s 178 0.9874 0.0126 
        050s 178 0.9001 0.0999 
          01 179 0.9132 0.0868 
          02 179 0.9967 0.0033 
          03 179 0.8585 0.1415 
          04 179 0.9928 0.0072 
          05 179 0.9344 0.0656 
          06 179 0.9969 0.0031 
          07 179 0.9916 0.0084 
          08 179 0.9981 0.0019 
          09 179 0.9987 0.0013 
          10 179 0.9806 0.0194 
          11 179 0.9098 0.0902 
          12 179 0.9974 0.0026 
          13 179 0.9983 0.0017 
          14 179 0.9112 0.0888 
          15 179 0.9730 0.0270 
          16 179 0.9750 0.0250 
          17 179 0.9954 0.0046 
          18 179 0.9977 0.0023 
          19 179 0.9575 0.0425 
          20 179 0.9299 0.0701 
          21 179 0.9994 0.0006 
          22 179 0.9717 0.0283 
          23 179 0.9947 0.0053 
        001s 180 0.9492 0.0508 
        002s 180 0.9962 0.0038 
        003s 180 0.9970 0.0030 
        004s 180 0.9978 0.0022 
        005s 180 0.9811 0.0189 
        006s 180 0.9073 0.0927 
        007s 180 0.9979 0.0021 
        008s 180 0.9923 0.0077 
        009s 180 0.9977 0.0023 
        010s 180 0.9978 0.0022 
        011s 180 0.9955 0.0045 
        012s 180 0.9814 0.0186 
        013s 180 0.9956 0.0044 
        014s 180 0.9835 0.0165 
        015s 180 0.9966 0.0034 
        016s 180 0.9705 0.0295 
        017s 180 0.9963 0.0037 
        018s 180 0.9268 0.0732 
        019s 180 0.9956 0.0044 
        020s 180 0.9927 0.0073 
        021s 180 0.9935 0.0065 
        022s 180 0.9839 0.0161 
        023s 180 0.9986 0.0014 
        024s 180 0.9907 0.0093 
        025s 180 0.9821 0.0179 
        026s 180 0.9934 0.0066 
        027s 180 0.9884 0.0116 
        028s 180 0.9925 0.0075 
        029s 180 0.9550 0.0450 
        030s 180 0.9963 0.0037 
        031s 180 0.9983 0.0017 
        032s 180 0.9928 0.0072 
        033s 180 0.9949 0.0051 
        034s 180 0.9890 0.0110 
        035s 180 0.9772 0.0228 
        036s 180 0.9985 0.0015 
        037s 180 0.9957 0.0043 
        038s 180 0.9939 0.0061 
        039s 180 0.9943 0.0057 
        041s 180 0.9974 0.0026 
        042s 180 0.9947 0.0053 
        043s 180 0.9881 0.0119 
        044s 180 0.9976 0.0024 
        045s 180 0.9897 0.0103 
        046s 180 0.9753 0.0247 
        047s 180 0.9785 0.0215 
        048s 180 0.9963 0.0037 
        049s 180 0.9978 0.0022 
        050s 180 0.9979 0.0021 
         001 181 0.0005 0.9995 
         002 181 0.0003 0.9997 
         003 181 0.0004 0.9996 
         004 181 0.0141 0.9859 
         005 181 0.0035 0.9965 
         006 181 0.0003 0.9997 
         007 181 0.0004 0.9996 
         008 181 0.0005 0.9995 
         009 181 0.0002 0.9998 
         010 181 0.0022 0.9978 
         011 181 0.0003 0.9997 
         012 181 0.0007 0.9993 
         013 181 0.0017 0.9983 
         014 181 0.0005 0.9995 
         015 181 0.0003 0.9997 
         016 181 0.0007 0.9993 
         017 181 0.0003 0.9997 
         018 181 0.0007 0.9993 
         019 181 0.0037 0.9963 
         020 181 0.0003 0.9997 
         021 181 0.0003 0.9997 
         022 181 0.0002 0.9998 
         023 181 0.0003 0.9997 
         024 181 0.0069 0.9931 
         025 181 0.0004 0.9996 
         026 181 0.0003 0.9997 
         027 181 0.0002 0.9998 
         028 181 0.0002 0.9998 
         029 181 0.0004 0.9996 
         030 181 0.0005 0.9995 
         001 182 0.0003 0.9997 
         002 182 0.0009 0.9991 
         003 182 0.0167 0.9833 
         004 182 0.0005 0.9995 
         005 182 0.0029 0.9971 
         006 182 0.1186 0.8814 
         007 182 0.0076 0.9924 
         008 182 0.0016 0.9984 
         009 182 0.0007 0.9993 
         010 182 0.1032 0.8968 
         011 182 0.0008 0.9992 
         012 182 0.0761 0.9239 
         013 182 0.0044 0.9956 
         014 182 0.1042 0.8958 
         015 182 0.0004 0.9996 
         016 182 0.0006 0.9994 
         017 182 0.0686 0.9314 
         018 182 0.0008 0.9992 
         019 182 0.0004 0.9996 
         020 182 0.0002 0.9998 
         021 182 0.0704 0.9296 
         022 182 0.0007 0.9993 
         023 182 0.0007 0.9993 
         024 182 0.0007 0.9993 
         025 182 0.0005 0.9995 
         026 182 0.0003 0.9997 
         027 182 0.0018 0.9982 
         028 182 0.0012 0.9988 
         029 182 0.0028 0.9972 
         030 182 0.0003 0.9997 
          10 183 0.9989 0.0011 
          11 183 0.9985 0.0015 
          12 183 0.9987 0.0013 
          13 183 0.9418 0.0582 
          14 183 0.9990 0.0010 
          15 183 0.9745 0.0255 
          16 183 0.9252 0.0748 
          17 183 0.9978 0.0022 
          18 183 0.9986 0.0014 
          19 183 0.9992 0.0008 
          20 183 0.9664 0.0336 
          21 183 0.9956 0.0044 
          22 183 0.9812 0.0188 
          23 183 0.9841 0.0159 
          24 183 0.9991 0.0009 
          25 183 0.9954 0.0046 
          26 183 0.9871 0.0129 
          27 183 0.9657 0.0343 
          28 183 0.9932 0.0068 
          29 183 0.3071 0.6929 
          30 183 0.1694 0.8306 
          31 183 0.9975 0.0025 
          32 183 0.9992 0.0008 
          33 183 0.9926 0.0074 
          34 183 0.9986 0.0014 
          35 183 0.9719 0.0281 
          36 183 0.9985 0.0015 
          37 183 0.2129 0.7871 
          54 183 0.9293 0.0707 
          55 183 0.8809 0.1191 
           6 183 0.9839 0.0161 
           7 183 0.8803 0.1197 
           8 183 0.9455 0.0545 
           9 183 0.9888 0.0112 
           4 184 0.9928 0.0072 
           9 184 0.9975 0.0025 
          12 184 0.9770 0.0230 
          14 184 0.9965 0.0035 
          15 184 0.9985 0.0015 
          16 184 0.9968 0.0032 
          17 184 0.9917 0.0083 
          18 184 0.9030 0.0970 
          22 184 0.9985 0.0015 
          25 184 0.9882 0.0118 
          26 184 0.9969 0.0031 
          27 184 0.9974 0.0026 
          28 184 0.9986 0.0014 
          29 184 0.9991 0.0009 
          31 184 0.9940 0.0060 
          32 184 0.9876 0.0124 
          33 184 0.9974 0.0026 
          34 184 0.9986 0.0014 
          36 184 0.6225 0.3775 
          37 184 0.9910 0.0090 
          39 184 0.9644 0.0356 
          40 184 0.9901 0.0099 
          41 184 0.9867 0.0133 
          42 184 0.9960 0.0040 
          43 184 0.9981 0.0019 
          44 184 0.9188 0.0812 
          45 184 0.9991 0.0009 
          46 184 0.9960 0.0040 
          47 184 0.9992 0.0008 
          48 184 0.9982 0.0018 
          52 184 0.9103 0.0897 
          54 184 0.9977 0.0023 
          57 184 0.9971 0.0029 
          58 184 0.9961 0.0039 
          59 184 0.9254 0.0746 
          60 184 0.9978 0.0022 
           3 185 0.9561 0.0439 
           4 185 0.9967 0.0033 
           5 185 0.9961 0.0039 
           6 185 0.9976 0.0024 
           7 185 0.9067 0.0933 
           8 185 0.9152 0.0848 
           9 185 0.9948 0.0052 
          10 185 0.9959 0.0041 
          11 185 0.9293 0.0707 
          12 185 0.8924 0.1076 
          13 185 0.9982 0.0018 
          14 185 0.9971 0.0029 
          15 185 0.9418 0.0582 
          16 185 0.9959 0.0041 
          17 185 0.9907 0.0093 
          18 185 0.9987 0.0013 
          19 185 0.9988 0.0012 
          20 185 0.8633 0.1367 
          21 185 0.9874 0.0126 
          22 185 0.9840 0.0160 
          23 185 0.9600 0.0400 
          24 185 0.9983 0.0017 
          25 185 0.9151 0.0849 
          26 185 0.9946 0.0054 
          27 185 0.9986 0.0014 
          28 185 0.9978 0.0022 
          29 185 0.8559 0.1441 
          30 185 0.9829 0.0171 
          31 185 0.9834 0.0166 
          32 185 0.9896 0.0104 
          33 185 0.9708 0.0292 
          34 185 0.9982 0.0018 
          35 185 0.9950 0.0050 
          36 185 0.9965 0.0035 
          37 185 0.9618 0.0382 
          38 185 0.8923 0.1077 
          39 185 0.9377 0.0623 
          40 185 0.9977 0.0023 
          41 185 0.9981 0.0019 
          42 185 0.9982 0.0018 
           5 186 0.9977 0.0023 
           6 186 0.9967 0.0033 
           7 186 0.9931 0.0069 
           9 186 0.9092 0.0908 
          10 186 0.9390 0.0610 
          11 186 0.9931 0.0069 
          12 186 0.9959 0.0041 
          29 186 0.9951 0.0049 
          30 186 0.9991 0.0009 
          31 186 0.8875 0.1125 
          32 186 0.9307 0.0693 
          33 186 0.9986 0.0014 
          34 186 0.9592 0.0408 
          35 186 0.9991 0.0009 
          36 186 0.9962 0.0038 
          37 186 0.9524 0.0476 
          38 186 0.9572 0.0428 
          39 186 0.9979 0.0021 
          40 186 0.9984 0.0016 
          41 186 0.9885 0.0115 
          42 186 0.9981 0.0019 
          43 186 0.9790 0.0210 
          44 186 0.9989 0.0011 
          45 186 0.9985 0.0015 
          46 186 0.9983 0.0017 
          47 186 0.9913 0.0087 
          48 186 0.9980 0.0020 
          49 186 0.9989 0.0011 
          50 186 0.9696 0.0304 
          51 186 0.9986 0.0014 
          52 186 0.9970 0.0030 
          53 186 0.9981 0.0019 
          54 186 0.9983 0.0017 
          55 186 0.9946 0.0054 
          56 186 0.9950 0.0050 
          57 186 0.9756 0.0244 
          58 186 0.9976 0.0024 
          59 186 0.9887 0.0113 
          60 186 0.9990 0.0010 
           1 187 0.9607 0.0393 
           2 187 0.9900 0.0100 
           3 187 0.9652 0.0348 
           4 187 0.8710 0.1290 
           5 187 0.9985 0.0015 
           6 187 0.9921 0.0079 
           7 187 0.8491 0.1509 
           8 187 0.9955 0.0045 
           9 187 0.9989 0.0011 
          10 187 0.9504 0.0496 
          11 187 0.9972 0.0028 
          12 187 0.9977 0.0023 
          13 187 0.9856 0.0144 
          14 187 0.9973 0.0027 
          15 187 0.9912 0.0088 
          16 187 0.9708 0.0292 
          17 187 0.9199 0.0801 
          18 187 0.9961 0.0039 
          19 187 0.9985 0.0015 
          20 187 0.9974 0.0026 
          21 187 0.8972 0.1028 
          22 187 0.9956 0.0044 
          23 187 0.9989 0.0011 
          24 187 0.8986 0.1014 
          25 187 0.9961 0.0039 
          26 187 0.9989 0.0011 
          27 187 0.9991 0.0009 
          28 187 0.9889 0.0111 
          29 187 0.9862 0.0138 
          30 187 0.9946 0.0054 
          32 187 0.9042 0.0958 
          33 187 0.9644 0.0356 
          34 187 0.9974 0.0026 
          35 187 0.9789 0.0211 
          36 187 0.9983 0.0017 
          37 187 0.9876 0.0124 
          38 187 0.8726 0.1274 
           1 188 0.9856 0.0144 
           2 188 0.9627 0.0373 
           3 188 0.9432 0.0568 
           4 188 0.9276 0.0724 
           5 188 0.9946 0.0054 
           6 188 0.9988 0.0012 
           7 188 0.9987 0.0013 
           8 188 0.9397 0.0603 
           9 188 0.9973 0.0027 
          10 188 0.9895 0.0105 
          11 188 0.9989 0.0011 
          12 188 0.9953 0.0047 
          13 188 0.8856 0.1144 
          14 188 0.9073 0.0927 
          15 188 0.9983 0.0017 
          16 188 0.9632 0.0368 
          17 188 0.9948 0.0052 
          18 188 0.9930 0.0070 
          19 188 0.9960 0.0040 
          20 188 0.8773 0.1227 
          21 188 0.9900 0.0100 
          22 188 0.9938 0.0062 
          23 188 0.9840 0.0160 
          24 188 0.9993 0.0007 
          25 188 0.9973 0.0027 
          26 188 0.9119 0.0881 
          27 188 0.9337 0.0663 
          28 188 0.9963 0.0037 
          29 188 0.9409 0.0591 
          30 188 0.8944 0.1056 
          31 188 0.9891 0.0109 
          32 188 0.9980 0.0020 
          33 188 0.9976 0.0024 
          34 188 0.9982 0.0018 
          35 188 0.9628 0.0372 
          36 188 0.8825 0.1175 
          37 188 0.9970 0.0030 
          38 188 0.9070 0.0930 
          39 188 0.9542 0.0458 
          40 188 0.9971 0.0029 
           7 189 0.9898 0.0102 
           8 189 0.9939 0.0061 
           9 189 0.9901 0.0099 
          10 189 0.9875 0.0125 
          11 189 0.9962 0.0038 
          12 189 0.9221 0.0779 
          13 189 0.9987 0.0013 
          14 189 0.9474 0.0526 
          16 189 0.8502 0.1498 
          17 189 0.9986 0.0014 
          18 189 0.9428 0.0572 
          19 189 0.9955 0.0045 
          20 189 0.9243 0.0757 
          21 189 0.9739 0.0261 
          23 189 0.9983 0.0017 
          24 189 0.9438 0.0562 
          25 189 0.9867 0.0133 
          26 189 0.9594 0.0406 
          27 189 0.9963 0.0037 
          28 189 0.9993 0.0007 
          29 189 0.9934 0.0066 
          30 189 0.9937 0.0063 
          31 189 0.9987 0.0013 
          32 189 0.9169 0.0831 
          33 189 0.9972 0.0028 
          34 189 0.9990 0.0010 
          35 189 0.9985 0.0015 
          36 189 0.9446 0.0554 
          37 189 0.9984 0.0016 
          38 189 0.9900 0.0100 
          39 189 0.9762 0.0238 
          40 189 0.8525 0.1475 
          41 189 0.9674 0.0326 
          42 189 0.8195 0.1805 
          43 189 0.9961 0.0039 
           1 190 0.8782 0.1218 
           3 190 0.9977 0.0023 
           4 190 0.9977 0.0023 
           5 190 0.9740 0.0260 
           6 190 0.9982 0.0018 
           7 190 0.9970 0.0030 
           8 190 0.9659 0.0341 
           9 190 0.6279 0.3721 
          10 190 0.9966 0.0034 
          11 190 0.9532 0.0468 
          12 190 0.9982 0.0018 
          13 190 0.9967 0.0033 
          14 190 0.9954 0.0046 
          15 190 0.9852 0.0148 
          16 190 0.9874 0.0126 
          17 190 0.9918 0.0082 
          18 190 0.9641 0.0359 
          19 190 0.9978 0.0022 
          20 190 0.9983 0.0017 
          22 190 0.8712 0.1288 
          23 190 0.9843 0.0157 
          24 190 0.9367 0.0633 
          25 190 0.9877 0.0123 
          26 190 0.9989 0.0011 
          27 190 0.9971 0.0029 
          28 190 0.9887 0.0113 
          29 190 0.9695 0.0305 
          31 190 0.9365 0.0635 
           7 191 0.9985 0.0015 
           8 191 0.9930 0.0070 
           9 191 0.9986 0.0014 
          10 191 0.9979 0.0021 
          11 191 0.9907 0.0093 
          12 191 0.9655 0.0345 
          13 191 0.9934 0.0066 
          14 191 0.9833 0.0167 
          15 191 0.9318 0.0682 
          16 191 0.9957 0.0043 
          17 191 0.9045 0.0955 
          18 191 0.9967 0.0033 
          19 191 0.9552 0.0448 
          20 191 0.9636 0.0364 
          21 191 0.9555 0.0445 
          22 191 0.9950 0.0050 
          23 191 0.9949 0.0051 
          24 191 0.9957 0.0043 
          25 191 0.9631 0.0369 
          26 191 0.8901 0.1099 
          27 191 0.9969 0.0031 
          28 191 0.9969 0.0031 
          29 191 0.9963 0.0037 
          30 191 0.9986 0.0014 
          39 191 0.9951 0.0049 
          40 191 0.9970 0.0030 
          41 191 0.9361 0.0639 
          42 191 0.9989 0.0011 
          43 191 0.9791 0.0209 
          44 191 0.9736 0.0264 
          45 191 0.9974 0.0026 
          46 191 0.8699 0.1301 
          47 191 0.9826 0.0174 
          48 191 0.9980 0.0020 
          49 191 0.9863 0.0137 
          50 191 0.9964 0.0036 
           9 192 0.9988 0.0012 
          10 192 0.9942 0.0058 
          11 192 0.9945 0.0055 
          12 192 0.9953 0.0047 
          13 192 0.9028 0.0972 
          14 192 0.9759 0.0241 
          15 192 0.9983 0.0017 
          16 192 0.9919 0.0081 
          17 192 0.9469 0.0531 
          18 192 0.9931 0.0069 
          19 192 0.9887 0.0113 
          20 192 0.9854 0.0146 
          21 192 0.9987 0.0013 
          22 192 0.9624 0.0376 
          23 192 0.9090 0.0910 
          24 192 0.9951 0.0049 
          33 192 0.9425 0.0575 
          35 192 0.9978 0.0022 
          36 192 0.9982 0.0018 
          37 192 0.9977 0.0023 
          38 192 0.9405 0.0595 
          39 192 0.9950 0.0050 
          40 192 0.9178 0.0822 
          41 192 0.9279 0.0721 
          42 192 0.9380 0.0620 
          43 192 0.9977 0.0023 
          45 192 0.9982 0.0018 
          46 192 0.9933 0.0067 
          47 192 0.9968 0.0032 
          48 192 0.9978 0.0022 
          49 192 0.9337 0.0663 
          50 192 0.9982 0.0018 
