        001s  1 0.9987 0.0013 
        002s  1 0.9954 0.0046 
        003s  1 0.9925 0.0075 
        004s  1 0.9445 0.0555 
        005s  1 0.5716 0.4284 
        006s  1 0.9980 0.0020 
        007s  1 0.9966 0.0034 
        008s  1 0.9914 0.0086 
        009s  1 0.9216 0.0784 
        010s  1 0.9898 0.0102 
        011s  1 0.9927 0.0073 
        012s  1 0.8637 0.1363 
        013s  1 0.9582 0.0418 
        014s  1 0.9602 0.0398 
        015s  1 0.9984 0.0016 
        016s  1 0.9957 0.0043 
        018s  1 0.8595 0.1405 
        019s  1 0.9905 0.0095 
        020s  1 0.9987 0.0013 
        021s  1 0.9972 0.0028 
        022s  1 0.9993 0.0007 
        023s  1 0.9988 0.0012 
        024s  1 0.9962 0.0038 
        025s  1 0.9800 0.0200 
        026s  1 0.9969 0.0031 
        027s  1 0.9776 0.0224 
        028s  1 0.8867 0.1133 
        029s  1 0.9980 0.0020 
        030s  1 0.9918 0.0082 
        031s  1 0.9991 0.0009 
        032s  1 0.9981 0.0019 
        033s  1 0.9890 0.0110 
        034s  1 0.9931 0.0069 
        035s  1 0.9938 0.0062 
        036s  1 0.9193 0.0807 
        037s  1 0.8615 0.1385 
        038s  1 0.9965 0.0035 
        039s  1 0.9918 0.0082 
        040s  1 0.9938 0.0062 
        041s  1 0.9964 0.0036 
        042s  1 0.9268 0.0732 
        043s  1 0.9700 0.0300 
        044s  1 0.8831 0.1169 
        045s  1 0.9883 0.0117 
        046s  1 0.9974 0.0026 
        047s  1 0.9987 0.0013 
        048s  1 0.9873 0.0127 
        049s  1 0.9975 0.0025 
        050s  1 0.8979 0.1021 
        051s  1 0.9985 0.0015 
        052s  1 0.9595 0.0405 
        053s  1 0.9971 0.0029 
        054s  1 0.9983 0.0017 
        055s  1 0.8984 0.1016 
          01  2 0.8779 0.1221 
          02  2 0.9667 0.0333 
          03  2 0.9958 0.0042 
          04  2 0.9542 0.0458 
          05  2 0.9030 0.0970 
          06  2 0.9542 0.0458 
          07  2 0.9746 0.0254 
          08  2 0.9412 0.0588 
          09  2 0.9988 0.0012 
          10  2 0.9967 0.0033 
          11  2 0.9877 0.0123 
          12  2 0.9976 0.0024 
          13  2 0.9985 0.0015 
          14  2 0.9964 0.0036 
          15  2 0.9982 0.0018 
          16  2 0.9444 0.0556 
          17  2 0.9926 0.0074 
          18  2 0.9584 0.0416 
          19  2 0.9982 0.0018 
          20  2 0.9199 0.0801 
          21  2 0.9972 0.0028 
          22  2 0.9845 0.0155 
          23  2 0.9934 0.0066 
          24  2 0.9982 0.0018 
          25  2 0.9501 0.0499 
          26  2 0.9979 0.0021 
          27  2 0.9736 0.0264 
          28  2 0.9986 0.0014 
          29  2 0.9974 0.0026 
          30  2 0.8498 0.1502 
          01  3 0.3719 0.6281 
          02  3 0.2048 0.7952 
          03  3 0.3847 0.6153 
          04  3 0.2063 0.7937 
          05  3 0.2274 0.7726 
          06  3 0.0919 0.9081 
          07  3 0.4008 0.5992 
          08  3 0.3197 0.6803 
          09  3 0.3337 0.6663 
          10  3 0.3775 0.6225 
          11  3 0.3061 0.6939 
          12  3 0.2930 0.7070 
          13  3 0.0384 0.9616 
          14  3 0.2245 0.7755 
          15  3 0.3631 0.6369 
          16  3 0.0849 0.9151 
          17  3 0.4368 0.5632 
          18  3 0.4464 0.5536 
          19  3 0.1740 0.8260 
          20  3 0.2484 0.7516 
          21  3 0.2601 0.7399 
          22  3 0.3203 0.6797 
          23  3 0.2507 0.7493 
          24  3 0.2468 0.7532 
          25  3 0.3447 0.6553 
          26  3 0.2472 0.7528 
          27  3 0.3710 0.6290 
          28  3 0.1087 0.8913 
          29  3 0.1967 0.8033 
          30  3 0.3322 0.6678 
         001  4 0.0838 0.9162 
         002  4 0.1377 0.8623 
         003  4 0.1261 0.8739 
         004  4 0.0244 0.9756 
         005  4 0.1150 0.8850 
         006  4 0.1174 0.8826 
         007  4 0.1698 0.8302 
         008  4 0.1729 0.8271 
         009  4 0.0829 0.9171 
         010  4 0.0011 0.9989 
         011  4 0.1589 0.8411 
         012  4 0.1390 0.8610 
         013  4 0.0504 0.9496 
         014  4 0.1271 0.8729 
         015  4 0.0017 0.9983 
         016  4 0.0522 0.9478 
         017  4 0.0947 0.9053 
         019  4 0.0967 0.9033 
         020  4 0.1557 0.8443 
         021  4 0.1107 0.8893 
         001  5 0.1520 0.8480 
         002  5 0.2079 0.7921 
         003  5 0.2955 0.7045 
         004  5 0.2222 0.7778 
         005  5 0.1327 0.8673 
         006  5 0.1088 0.8912 
         007  5 0.0870 0.9130 
         008  5 0.0809 0.9191 
         009  5 0.2211 0.7789 
         010  5 0.1451 0.8549 
         011  5 0.1498 0.8502 
         012  5 0.1683 0.8317 
         013  5 0.3158 0.6842 
         014  5 0.3236 0.6764 
         015  5 0.0721 0.9279 
         016  5 0.1236 0.8764 
         017  5 0.1883 0.8117 
         018  5 0.2284 0.7716 
         019  5 0.1490 0.8510 
         020  5 0.1351 0.8649 
         021  5 0.3194 0.6806 
         022  5 0.2312 0.7688 
         023  5 0.0721 0.9279 
         024  5 0.2240 0.7760 
         025  5 0.1866 0.8134 
         026  5 0.2868 0.7132 
         027  5 0.0994 0.9006 
         028  5 0.1813 0.8187 
         029  5 0.1243 0.8757 
         030  5 0.1730 0.8270 
        001s  6 0.9623 0.0377 
        002s  6 0.9689 0.0311 
        003s  6 0.9901 0.0099 
        004s  6 0.9989 0.0011 
        006s  6 0.9031 0.0969 
        007s  6 0.9966 0.0034 
        008s  6 0.9958 0.0042 
        009s  6 0.9989 0.0011 
        010s  6 0.9537 0.0463 
        011s  6 0.9958 0.0042 
        012s  6 0.9959 0.0041 
        013s  6 0.9969 0.0031 
        014s  6 0.9444 0.0556 
        015s  6 0.9557 0.0443 
        016s  6 0.9982 0.0018 
        018s  6 0.7589 0.2411 
        019s  6 0.9720 0.0280 
        020s  6 0.9987 0.0013 
        021s  6 0.9753 0.0247 
        022s  6 0.9982 0.0018 
        023s  6 0.9872 0.0128 
        024s  6 0.9614 0.0386 
        025s  6 0.9912 0.0088 
        026s  6 0.9981 0.0019 
        027s  6 0.9977 0.0023 
        028s  6 0.9378 0.0622 
        029s  6 0.9988 0.0012 
        030s  6 0.9322 0.0678 
        031s  6 0.9893 0.0107 
        032s  6 0.9779 0.0221 
        033s  6 0.9529 0.0471 
        034s  6 0.9923 0.0077 
        035s  6 0.8792 0.1208 
        036s  6 0.9918 0.0082 
        037s  6 0.9973 0.0027 
        038s  6 0.9979 0.0021 
        039s  6 0.9990 0.0010 
        040s  6 0.9979 0.0021 
        041s  6 0.9955 0.0045 
        042s  6 0.9810 0.0190 
        043s  6 0.9970 0.0030 
        044s  6 0.9979 0.0021 
        045s  6 0.9958 0.0042 
        001s  7 0.9975 0.0025 
        002s  7 0.9760 0.0240 
        003s  7 0.9930 0.0070 
        004s  7 0.9921 0.0079 
        005s  7 0.9723 0.0277 
        006s  7 0.9430 0.0570 
        007s  7 0.9700 0.0300 
        008s  7 0.9918 0.0082 
        009s  7 0.9880 0.0120 
        010s  7 0.9983 0.0017 
        011s  7 0.9983 0.0017 
        012s  7 0.9986 0.0014 
        013s  7 0.9963 0.0037 
        014s  7 0.9807 0.0193 
        015s  7 0.9765 0.0235 
        016s  7 0.9362 0.0638 
        017s  7 0.9971 0.0029 
        018s  7 0.9962 0.0038 
        019s  7 0.9922 0.0078 
        020s  7 0.9974 0.0026 
        021s  7 0.9968 0.0032 
        022s  7 0.9888 0.0112 
        023s  7 0.9785 0.0215 
        024s  7 0.9971 0.0029 
        025s  7 0.9920 0.0080 
        026s  7 0.9980 0.0020 
        027s  7 0.9954 0.0046 
        028s  7 0.9916 0.0084 
        029s  7 0.9880 0.0120 
        030s  7 0.9988 0.0012 
        031s  7 0.9918 0.0082 
        032s  7 0.9304 0.0696 
        033s  7 0.9675 0.0325 
        034s  7 0.9572 0.0428 
        035s  7 0.9989 0.0011 
        036s  7 0.9957 0.0043 
        037s  7 0.9176 0.0824 
        038s  7 0.9890 0.0110 
        039s  7 0.9989 0.0011 
        040s  7 0.9273 0.0727 
        041s  7 0.9827 0.0173 
        042s  7 0.9934 0.0066 
        043s  7 0.9987 0.0013 
        044s  7 0.9110 0.0890 
         003  8 0.9883 0.0117 
         009  8 0.9972 0.0028 
         010  8 0.9990 0.0010 
         017  8 0.9973 0.0027 
         002  9 0.9987 0.0013 
         003  9 0.9992 0.0008 
         004  9 0.9993 0.0007 
         005  9 0.9981 0.0019 
         006  9 0.9968 0.0032 
         007  9 0.9973 0.0027 
         009  9 0.9986 0.0014 
         010  9 0.9992 0.0008 
         013  9 0.9973 0.0027 
         014  9 0.9991 0.0009 
         016  9 0.9994 0.0006 
         018  9 0.9967 0.0033 
         019  9 0.9976 0.0024 
         020  9 0.9988 0.0012 
         021  9 0.9991 0.0009 
         022  9 0.9990 0.0010 
         024  9 0.9984 0.0016 
         028  9 0.9984 0.0016 
         029  9 0.9991 0.0009 
         030  9 0.9990 0.0010 
         031  9 0.9977 0.0023 
         033  9 0.9958 0.0042 
         001 10 0.9987 0.0013 
         002 10 0.9991 0.0009 
         003 10 0.9985 0.0015 
         004 10 0.9989 0.0011 
         005 10 0.9988 0.0012 
         006 10 0.9975 0.0025 
         007 10 0.9985 0.0015 
         008 10 0.9975 0.0025 
         009 10 0.9972 0.0028 
         010 10 0.9985 0.0015 
         011 10 0.9973 0.0027 
         012 10 0.9974 0.0026 
         013 10 0.9982 0.0018 
         014 10 0.9981 0.0019 
         016 10 0.9976 0.0024 
         017 10 0.9977 0.0023 
         018 10 0.9939 0.0061 
         019 10 0.9988 0.0012 
         020 10 0.9965 0.0035 
         021 10 0.9986 0.0014 
         022 10 0.9988 0.0012 
         023 10 0.9988 0.0012 
         024 10 0.9993 0.0007 
         026 10 0.9986 0.0014 
        001s 11 0.9245 0.0755 
        002s 11 0.9943 0.0057 
        003s 11 0.9947 0.0053 
        004s 11 0.9980 0.0020 
        005s 11 0.9964 0.0036 
        006s 11 0.9811 0.0189 
        007s 11 0.9307 0.0693 
        008s 11 0.9986 0.0014 
        009s 11 0.9989 0.0011 
        010s 11 0.9975 0.0025 
        011s 11 0.8795 0.1205 
        012s 11 0.9177 0.0823 
        013s 11 0.9971 0.0029 
        014s 11 0.9705 0.0295 
        015s 11 0.9908 0.0092 
        016s 11 0.9710 0.0290 
        017s 11 0.9291 0.0709 
        018s 11 0.9886 0.0114 
        019s 11 0.9969 0.0031 
        020s 11 0.9947 0.0053 
        021s 11 0.9983 0.0017 
        022s 11 0.9680 0.0320 
        023s 11 0.9802 0.0198 
        025s 11 0.9989 0.0011 
        026s 11 0.9768 0.0232 
        027s 11 0.9948 0.0052 
        028s 11 0.9896 0.0104 
        029s 11 0.9775 0.0225 
        030s 11 0.9548 0.0452 
        031s 11 0.9987 0.0013 
        032s 11 0.9983 0.0017 
        033s 11 0.9947 0.0053 
        034s 11 0.9942 0.0058 
        035s 11 0.9907 0.0093 
        036s 11 0.9734 0.0266 
        037s 11 0.9968 0.0032 
        038s 11 0.9958 0.0042 
        039s 11 0.9981 0.0019 
        040s 11 0.9144 0.0856 
        041s 11 0.9963 0.0037 
        042s 11 0.9967 0.0033 
        043s 11 0.9650 0.0350 
        044s 11 0.9961 0.0039 
        045s 11 0.9971 0.0029 
        046s 11 0.9608 0.0392 
        047s 11 0.9964 0.0036 
        048s 11 0.9768 0.0232 
        049s 11 0.9979 0.0021 
        050s 11 0.9980 0.0020 
        051s 11 0.9878 0.0122 
        052s 11 0.9870 0.0130 
        053s 11 0.9989 0.0011 
        054s 11 0.9901 0.0099 
        055s 11 0.9416 0.0584 
        001s 12 0.9862 0.0138 
        002s 12 0.9976 0.0024 
        003s 12 0.9986 0.0014 
        004s 12 0.9744 0.0256 
        005s 12 0.9984 0.0016 
        006s 12 0.9477 0.0523 
        007s 12 0.9955 0.0045 
        008s 12 0.9795 0.0205 
        009s 12 0.9664 0.0336 
        010s 12 0.9384 0.0616 
        011s 12 0.9931 0.0069 
        012s 12 0.9865 0.0135 
        013s 12 0.9975 0.0025 
        014s 12 0.9385 0.0615 
        015s 12 0.9931 0.0069 
        016s 12 0.9981 0.0019 
        017s 12 0.9928 0.0072 
        018s 12 0.9976 0.0024 
        019s 12 0.9960 0.0040 
        020s 12 0.9421 0.0579 
        021s 12 0.9954 0.0046 
        022s 12 0.9519 0.0481 
        023s 12 0.9988 0.0012 
        024s 12 0.9986 0.0014 
        025s 12 0.9831 0.0169 
        026s 12 0.9811 0.0189 
        027s 12 0.9931 0.0069 
        028s 12 0.9972 0.0028 
        029s 12 0.9984 0.0016 
        030s 12 0.9966 0.0034 
        031s 12 0.9922 0.0078 
        032s 12 0.9988 0.0012 
        033s 12 0.9872 0.0128 
        034s 12 0.9988 0.0012 
        035s 12 0.9832 0.0168 
        036s 12 0.9712 0.0288 
        037s 12 0.9983 0.0017 
        001s 13 0.9903 0.0097 
        002s 13 0.9275 0.0725 
        003s 13 0.9980 0.0020 
        004s 13 0.9983 0.0017 
        005s 13 0.9781 0.0219 
        006s 13 0.9960 0.0040 
        007s 13 0.9692 0.0308 
        008s 13 0.9447 0.0553 
        009s 13 0.8796 0.1204 
        010s 13 0.9411 0.0589 
        011s 13 0.9432 0.0568 
        012s 13 0.9310 0.0690 
        013s 13 0.9389 0.0611 
        014s 13 0.9693 0.0307 
        015s 13 0.9930 0.0070 
        016s 13 0.9988 0.0012 
        017s 13 0.9410 0.0590 
        018s 13 0.9987 0.0013 
        019s 13 0.9972 0.0028 
        020s 13 0.9870 0.0130 
        021s 13 0.9984 0.0016 
        022s 13 0.9963 0.0037 
        023s 13 0.9980 0.0020 
        024s 13 0.9483 0.0517 
        025s 13 0.9974 0.0026 
        026s 13 0.8888 0.1112 
        027s 13 0.9503 0.0497 
        028s 13 0.9481 0.0519 
        029s 13 0.9763 0.0237 
        030s 13 0.9433 0.0567 
        031s 13 0.9562 0.0438 
        032s 13 0.9965 0.0035 
        033s 13 0.9413 0.0587 
        034s 13 0.9391 0.0609 
        035s 13 0.9977 0.0023 
        036s 13 0.9959 0.0041 
        037s 13 0.9985 0.0015 
        038s 13 0.9936 0.0064 
        039s 13 0.8902 0.1098 
        040s 13 0.9963 0.0037 
        041s 13 0.9260 0.0740 
        042s 13 0.9979 0.0021 
        001s 14 0.9796 0.0204 
        002s 14 0.9277 0.0723 
        003s 14 0.9979 0.0021 
        004s 14 0.9601 0.0399 
        005s 14 0.9993 0.0007 
        006s 14 0.9986 0.0014 
        007s 14 0.9973 0.0027 
        008s 14 0.9077 0.0923 
        009s 14 0.9953 0.0047 
        010s 14 0.9765 0.0235 
        011s 14 0.9336 0.0664 
        012s 14 0.9961 0.0039 
        013s 14 0.9931 0.0069 
        014s 14 0.9778 0.0222 
        015s 14 0.9977 0.0023 
        016s 14 0.9984 0.0016 
        017s 14 0.9193 0.0807 
        018s 14 0.9979 0.0021 
        019s 14 0.9934 0.0066 
        020s 14 0.9983 0.0017 
        021s 14 0.9966 0.0034 
        022s 14 0.9780 0.0220 
        023s 14 0.9929 0.0071 
        024s 14 0.9424 0.0576 
        025s 14 0.9903 0.0097 
        026s 14 0.9990 0.0010 
        027s 14 0.9963 0.0037 
        028s 14 0.9957 0.0043 
        029s 14 0.9993 0.0007 
        030s 14 0.9897 0.0103 
        031s 14 0.9922 0.0078 
        032s 14 0.9960 0.0040 
        033s 14 0.9601 0.0399 
        034s 14 0.9990 0.0010 
        035s 14 0.8370 0.1630 
        036s 14 0.8824 0.1176 
        037s 14 0.9980 0.0020 
        038s 14 0.9977 0.0023 
        039s 14 0.9905 0.0095 
        040s 14 0.9901 0.0099 
        041s 14 0.9968 0.0032 
        042s 14 0.9562 0.0438 
        001s 15 0.9980 0.0020 
        002s 15 0.8981 0.1019 
        003s 15 0.9872 0.0128 
        004s 15 0.9983 0.0017 
        005s 15 0.9697 0.0303 
        006s 15 0.9791 0.0209 
        007s 15 0.9988 0.0012 
        008s 15 0.9985 0.0015 
        009s 15 0.9336 0.0664 
        010s 15 0.9980 0.0020 
        011s 15 0.9317 0.0683 
        012s 15 0.9881 0.0119 
        013s 15 0.9982 0.0018 
        014s 15 0.9938 0.0062 
        015s 15 0.9099 0.0901 
        016s 15 0.9057 0.0943 
        017s 15 0.9960 0.0040 
        018s 15 0.9983 0.0017 
        019s 15 0.9933 0.0067 
        020s 15 0.9981 0.0019 
        021s 15 0.9278 0.0722 
        022s 15 0.9959 0.0041 
        023s 15 0.9577 0.0423 
        024s 15 0.9936 0.0064 
        025s 15 0.9765 0.0235 
        026s 15 0.9950 0.0050 
        027s 15 0.9733 0.0267 
        028s 15 0.9976 0.0024 
        029s 15 0.9974 0.0026 
        030s 15 0.9988 0.0012 
        031s 15 0.9343 0.0657 
        032s 15 0.9990 0.0010 
        033s 15 0.9463 0.0537 
        035s 15 0.9870 0.0130 
        036s 15 0.9957 0.0043 
        037s 15 0.9898 0.0102 
        038s 15 0.9932 0.0068 
        039s 15 0.9552 0.0448 
        040s 15 0.9870 0.0130 
        041s 15 0.9128 0.0872 
        042s 15 0.9962 0.0038 
        043s 15 0.9819 0.0181 
        044s 15 0.9919 0.0081 
        045s 15 0.9296 0.0704 
        046s 15 0.9532 0.0468 
        047s 15 0.9611 0.0389 
        048s 15 0.9976 0.0024 
        049s 15 0.9732 0.0268 
        050s 15 0.8894 0.1106 
         001 16 0.8088 0.1912 
         002 16 0.9587 0.0413 
         003 16 0.9731 0.0269 
         004 16 0.9968 0.0032 
         005 16 0.9236 0.0764 
         006 16 0.9628 0.0372 
         007 16 0.9927 0.0073 
         008 16 0.8588 0.1412 
         009 16 0.9974 0.0026 
         010 16 0.9855 0.0145 
         011 16 0.9838 0.0162 
         012 16 0.9954 0.0046 
         013 16 0.9980 0.0020 
         014 16 0.9674 0.0326 
         015 16 0.9550 0.0450 
         016 16 0.9978 0.0022 
         017 16 0.9643 0.0357 
         018 16 0.9358 0.0642 
         019 16 0.9225 0.0775 
         020 16 0.9989 0.0011 
         021 16 0.8677 0.1323 
         022 16 0.9928 0.0072 
         023 16 0.9799 0.0201 
         024 16 0.9928 0.0072 
         025 16 0.9187 0.0813 
         026 16 0.8895 0.1105 
         027 16 0.9930 0.0070 
         028 16 0.8330 0.1670 
         029 16 0.9468 0.0532 
         030 16 0.9939 0.0061 
         031 16 0.9957 0.0043 
         032 16 0.9197 0.0803 
         033 16 0.9979 0.0021 
         034 16 0.9837 0.0163 
         035 16 0.9988 0.0012 
         036 16 0.9985 0.0015 
         037 16 0.9357 0.0643 
         038 16 0.9931 0.0069 
         039 16 0.9977 0.0023 
         040 16 0.9954 0.0046 
         041 16 0.9973 0.0027 
         042 16 0.9965 0.0035 
         043 16 0.9978 0.0022 
         044 16 0.9897 0.0103 
         045 16 0.9785 0.0215 
         047 16 0.9477 0.0523 
         048 16 0.9871 0.0129 
         049 16 0.9967 0.0033 
         050 16 0.9982 0.0018 
         051 16 0.9941 0.0059 
         052 16 0.9992 0.0008 
         053 16 0.9987 0.0013 
         054 16 0.9434 0.0566 
         055 16 0.9148 0.0852 
         056 16 0.9979 0.0021 
         057 16 0.9399 0.0601 
         058 16 0.8877 0.1123 
         059 16 0.8718 0.1282 
         060 16 0.9934 0.0066 
         061 16 0.9945 0.0055 
         062 16 0.9913 0.0087 
         063 16 0.9949 0.0051 
         064 16 0.9983 0.0017 
         065 16 0.9903 0.0097 
         066 16 0.9987 0.0013 
         067 16 0.9855 0.0145 
         068 16 0.9847 0.0153 
         069 16 0.9978 0.0022 
         070 16 0.9905 0.0095 
         071 16 0.8992 0.1008 
         072 16 0.9908 0.0092 
         073 16 0.9943 0.0057 
         074 16 0.9986 0.0014 
         075 16 0.9477 0.0523 
         076 16 0.9969 0.0031 
         077 16 0.9331 0.0669 
         078 16 0.9869 0.0131 
         079 16 0.9041 0.0959 
         080 16 0.9979 0.0021 
         081 16 0.9320 0.0680 
         082 16 0.9518 0.0482 
         083 16 0.9975 0.0025 
         084 16 0.9917 0.0083 
         085 16 0.9971 0.0029 
         086 16 0.8803 0.1197 
         087 16 0.9711 0.0289 
         088 16 0.9986 0.0014 
         089 16 0.9875 0.0125 
         090 16 0.9912 0.0088 
         091 16 0.9950 0.0050 
         092 16 0.9741 0.0259 
         093 16 0.9973 0.0027 
         094 16 0.9840 0.0160 
         095 16 0.9989 0.0011 
         096 16 0.9685 0.0315 
         097 16 0.8781 0.1219 
         098 16 0.9972 0.0028 
         099 16 0.9988 0.0012 
         100 16 0.9979 0.0021 
         101 16 0.9795 0.0205 
         102 16 0.9931 0.0069 
         103 16 0.9920 0.0080 
         104 16 0.9954 0.0046 
         105 16 0.8867 0.1133 
         106 16 0.9964 0.0036 
         107 16 0.9913 0.0087 
         108 16 0.8664 0.1336 
         109 16 0.9567 0.0433 
         110 16 0.9989 0.0011 
         111 16 0.9665 0.0335 
         112 16 0.9738 0.0262 
         113 16 0.9314 0.0686 
         114 16 0.9909 0.0091 
         115 16 0.9983 0.0017 
         116 16 0.9849 0.0151 
         117 16 0.9654 0.0346 
         118 16 0.9957 0.0043 
         119 16 0.9935 0.0065 
         120 16 0.9944 0.0056 
         121 16 0.9907 0.0093 
         122 16 0.9989 0.0011 
         123 16 0.9908 0.0092 
         124 16 0.9860 0.0140 
         126 16 0.8581 0.1419 
         001 17 0.9946 0.0054 
         002 17 0.9964 0.0036 
         003 17 0.9982 0.0018 
         005 17 0.9986 0.0014 
         006 17 0.9475 0.0525 
         007 17 0.8514 0.1486 
         008 17 0.8717 0.1283 
         009 17 0.9992 0.0008 
         010 17 0.9971 0.0029 
         011 17 0.8171 0.1829 
         012 17 0.9952 0.0048 
         013 17 0.9991 0.0009 
         014 17 0.9986 0.0014 
         015 17 0.9916 0.0084 
         016 17 0.9975 0.0025 
         017 17 0.9930 0.0070 
         018 17 0.9612 0.0388 
         019 17 0.9991 0.0009 
         020 17 0.9967 0.0033 
         021 17 0.9987 0.0013 
         022 17 0.9361 0.0639 
         023 17 0.9954 0.0046 
         024 17 0.9132 0.0868 
         025 17 0.9982 0.0018 
         002 18 0.9988 0.0012 
         003 18 0.9990 0.0010 
         004 18 0.9675 0.0325 
         005 18 0.9916 0.0084 
         006 18 0.9990 0.0010 
         007 18 0.9902 0.0098 
         008 18 0.9986 0.0014 
         009 18 0.9645 0.0355 
         010 18 0.9969 0.0031 
         011 18 0.9974 0.0026 
         012 18 0.9856 0.0144 
         015 18 0.9966 0.0034 
         016 18 0.9857 0.0143 
         018 18 0.9988 0.0012 
         026 18 0.9944 0.0056 
         027 18 0.9990 0.0010 
         028 18 0.9965 0.0035 
         029 18 0.9967 0.0033 
         031 18 0.8990 0.1010 
         032 18 0.9985 0.0015 
         033 18 0.9979 0.0021 
         035 18 0.9970 0.0030 
         036 18 0.9980 0.0020 
         037 18 0.9782 0.0218 
         038 18 0.9515 0.0485 
         039 18 0.9989 0.0011 
         044 18 0.8663 0.1337 
         046 18 0.9961 0.0039 
         049 18 0.9983 0.0017 
         053 18 0.9951 0.0049 
         054 18 0.9817 0.0183 
         056 18 0.9807 0.0193 
         057 18 0.9976 0.0024 
         058 18 0.9967 0.0033 
        001s 19 0.9359 0.0641 
        002s 19 0.9945 0.0055 
        003s 19 0.9910 0.0090 
        004s 19 0.9927 0.0073 
        005s 19 0.9288 0.0712 
        006s 19 0.9942 0.0058 
        007s 19 0.9569 0.0431 
        008s 19 0.9419 0.0581 
        009s 19 0.9951 0.0049 
        010s 19 0.9826 0.0174 
        011s 19 0.9961 0.0039 
        012s 19 0.9908 0.0092 
        013s 19 0.9713 0.0287 
        014s 19 0.9179 0.0821 
        015s 19 0.9951 0.0049 
        016s 19 0.9926 0.0074 
        017s 19 0.9560 0.0440 
        018s 19 0.9940 0.0060 
        019s 19 0.9059 0.0941 
        020s 19 0.9142 0.0858 
        021s 19 0.9884 0.0116 
        022s 19 0.9769 0.0231 
        023s 19 0.9936 0.0064 
        024s 19 0.9986 0.0014 
        025s 19 0.9010 0.0990 
        026s 19 0.9748 0.0252 
        027s 19 0.9938 0.0062 
        028s 19 0.9854 0.0146 
        029s 19 0.9987 0.0013 
        030s 19 0.9915 0.0085 
        031s 19 0.9912 0.0088 
        032s 19 0.9967 0.0033 
        033s 19 0.9983 0.0017 
        034s 19 0.9972 0.0028 
        035s 19 0.9726 0.0274 
        036s 19 0.9979 0.0021 
        037s 19 0.9987 0.0013 
        038s 19 0.9925 0.0075 
        039s 19 0.9980 0.0020 
        040s 19 0.9839 0.0161 
        041s 19 0.9988 0.0012 
        042s 19 0.9910 0.0090 
        043s 19 0.9486 0.0514 
        044s 19 0.9987 0.0013 
        045s 19 0.9989 0.0011 
        046s 19 0.9913 0.0087 
        047s 19 0.9902 0.0098 
        048s 19 0.8976 0.1024 
        049s 19 0.9599 0.0401 
        050s 19 0.9985 0.0015 
        051s 19 0.9245 0.0755 
        052s 19 0.9969 0.0031 
      LIW2-4 20 0.9955 0.0045 
     LIW2-12 21 0.9963 0.0037 
     LIW2-20 22 0.9963 0.0037 
     LIW2-28 23 0.9340 0.0660 
      LIW1-5 24 0.9969 0.0031 
     LIW1-13 25 0.9171 0.0829 
     LIW1-21 26 0.9903 0.0097 
     LIW1-29 27 0.9574 0.0426 
      LIW2-5 28 0.9975 0.0025 
     LIW2-34 29 0.9989 0.0011 
     LIW2-21 30 0.9022 0.0978 
     LIW2-29 31 0.8149 0.1851 
      LIW1-6 32 0.9981 0.0019 
     LIW1-14 33 0.9407 0.0593 
     LIW1-22 34 0.9975 0.0025 
     LIW1-30 35 0.9974 0.0026 
      LIW2-6 36 0.9710 0.0290 
     LIW2-14 37 0.9963 0.0037 
     LIW2-22 38 0.9272 0.0728 
     LIW2-30 39 0.9979 0.0021 
      LIW1-7 40 0.9555 0.0445 
     LIW1-15 41 0.9985 0.0015 
     LIW1-23 42 0.9872 0.0128 
     LIW1-31 43 0.9918 0.0082 
      LIW2-7 44 0.9128 0.0872 
     LIW2-15 45 0.9976 0.0024 
     LIW2-23 46 0.9878 0.0122 
      LIW1-8 47 0.9980 0.0020 
     LIW1-16 48 0.9977 0.0023 
      LIW2-8 49 0.9982 0.0018 
     LIW2-16 50 0.6764 0.3236 
     LIW2-24 51 0.8066 0.1934 
     LIW2-32 52 0.9653 0.0347 
     LIW1-47 53 0.9751 0.0249 
      UMFS-1 54 0.9287 0.0713 
     UMFS-19 55 0.8548 0.1452 
     UMFS-31 56 0.9983 0.0017 
      UMFS-2 57 0.9969 0.0031 
     UMFS-10 58 0.9628 0.0372 
     UMFS-20 59 0.9268 0.0732 
     UMFS-32 60 0.9014 0.0986 
      UMFS-3 61 0.8830 0.1170 
     UMFS-11 62 0.5885 0.4115 
     UMFS-21 63 0.8962 0.1038 
     UMFS-33 64 0.9397 0.0603 
      UMFS-4 65 0.9453 0.0547 
     UMFS-22 66 0.9446 0.0554 
     UMFS-34 67 0.9117 0.0883 
      UMFS-5 68 0.9571 0.0429 
     UMFS-13 69 0.9062 0.0938 
     UMFS-23 70 0.9371 0.0629 
     UMFS-35 71 0.9294 0.0706 
      UMFS-6 72 0.9366 0.0634 
     UMFS-14 73 0.9508 0.0492 
     UMFS-24 74 0.9392 0.0608 
     UMFS-36 75 0.9000 0.1000 
      UMFS-7 76 0.4190 0.5810 
     UMFS-15 77 0.8952 0.1048 
     UMFS-25 78 0.8918 0.1082 
     UMFS-37 79 0.8978 0.1022 
      UMFS-8 80 0.9302 0.0698 
     UMFS-16 81 0.8971 0.1029 
     UMFS-26 82 0.9014 0.0986 
     UMFS-38 83 0.9643 0.0357 
      NEH1-2 84 0.7960 0.2040 
     NEH1-11 85 0.8215 0.1785 
     NEH1-20 86 0.8722 0.1278 
     NEH1-29 87 0.8923 0.1077 
      NEH2-2 88 0.8700 0.1300 
     NEH2-10 89 0.9260 0.0740 
     NEH2-18 90 0.7677 0.2323 
     NEH2-26 91 0.8657 0.1343 
      NEH1-3 92 0.9183 0.0817 
     NEH1-12 93 0.7474 0.2526 
     NEH1-21 94 0.8771 0.1229 
     NEH1-30 95 0.8385 0.1615 
      NEH2-3 96 0.8753 0.1247 
     NEH2-11 97 0.8067 0.1933 
     NEH2-19 98 0.8848 0.1152 
     NEH2-27 99 0.8370 0.1630 
      NEH1-4 100 0.7565 0.2435 
     NEH1-13 101 0.8891 0.1109 
     NEH1-22 102 0.8855 0.1145 
     NEH1-31 103 0.8821 0.1179 
      NEH2-4 104 0.8725 0.1275 
     NEH2-12 105 0.7849 0.2151 
     NEH2-20 106 0.9632 0.0368 
     NEH2-28 107 0.8521 0.1479 
      NEH1-5 108 0.8416 0.1584 
     NEH1-14 109 0.8135 0.1865 
     NEH1-23 110 0.9161 0.0839 
     NEH1-32 111 0.8298 0.1702 
      NEH2-5 112 0.8822 0.1178 
     NEH2-13 113 0.8328 0.1672 
     NEH2-22 114 0.8488 0.1512 
     NEH2-29 115 0.8819 0.1181 
      NEH1-6 116 0.8399 0.1601 
     NEH1-15 117 0.7873 0.2127 
     NEH1-24 118 0.7915 0.2085 
     NEH1-33 119 0.9149 0.0851 
      NEH2-6 120 0.9265 0.0735 
     NEH2-14 121 0.8466 0.1534 
     NEH2-21 122 0.9261 0.0739 
     NEH2-30 123 0.8656 0.1344 
      NEH1-7 124 0.7998 0.2002 
     NEH1-16 125 0.8579 0.1421 
     NEH1-25 126 0.8973 0.1027 
     NEH1-34 127 0.8642 0.1358 
      NEH2-7 128 0.8607 0.1393 
     NEH2-15 129 0.8374 0.1626 
     NEH2-23 130 0.7650 0.2350 
     NEH2-31 131 0.8693 0.1307 
      NEH1-8 132 0.8300 0.1700 
     NEH1-17 133 0.7182 0.2818 
     NEH1-26 134 0.8984 0.1016 
     NEH1-35 135 0.8811 0.1189 
      NEH2-8 136 0.9053 0.0947 
     NEH2-16 137 0.8925 0.1075 
     NEH2-24 138 0.8725 0.1275 
     NEH2-32 139 0.7397 0.2603 
      NEH1-1 140 0.7608 0.2392 
     NEH1-10 141 0.8294 0.1706 
     NEH1-19 142 0.8588 0.1412 
     NEH1-28 143 0.7888 0.2112 
      NEH2-1 144 0.8307 0.1693 
      NEH2-9 145 0.8869 0.1131 
     NEH2-17 146 0.8133 0.1867 
     NEH2-25 147 0.7879 0.2121 
      LIW1-1 148 0.8821 0.1179 
      LIW1-9 149 0.8340 0.1660 
     LIW1-17 150 0.9977 0.0023 
     LIW1-25 151 0.9987 0.0013 
      LIW2-9 152 0.9321 0.0679 
     LIW2-17 153 0.9954 0.0046 
     LIW2-25 154 0.9971 0.0029 
      LIW1-2 155 0.9976 0.0024 
     LIW1-10 156 0.9880 0.0120 
     LIW1-18 157 0.9911 0.0089 
     LIW1-26 158 0.9973 0.0027 
      LIW2-2 159 0.9987 0.0013 
     LIW2-10 160 0.9962 0.0038 
     LIW2-18 161 0.9368 0.0632 
     LIW2-26 162 0.9967 0.0033 
      LIW1-3 163 0.9815 0.0185 
     LIW1-11 164 0.9773 0.0227 
     LIW1-19 165 0.9294 0.0706 
     LIW1-27 166 0.9854 0.0146 
      LIW2-3 167 0.9752 0.0248 
     LIW2-11 168 0.9989 0.0011 
     LIW2-19 169 0.9944 0.0056 
     LIW2-27 170 0.9987 0.0013 
      LIW1-4 171 0.9972 0.0028 
     LIW1-12 172 0.9588 0.0412 
     LIW1-20 173 0.9925 0.0075 
     LIW1-28 174 0.9916 0.0084 
        001s 175 0.9929 0.0071 
        002s 175 0.9266 0.0734 
        003s 175 0.9986 0.0014 
        004s 175 0.9548 0.0452 
        005s 175 0.9954 0.0046 
        006s 175 0.8398 0.1602 
        007s 175 0.9986 0.0014 
        008s 175 0.9939 0.0061 
        009s 175 0.8835 0.1165 
        010s 175 0.9970 0.0030 
        011s 175 0.9918 0.0082 
        012s 175 0.9984 0.0016 
        013s 175 0.9924 0.0076 
        014s 175 0.9199 0.0801 
        015s 175 0.9955 0.0045 
        016s 175 0.9775 0.0225 
        017s 175 0.9776 0.0224 
        018s 175 0.9877 0.0123 
        019s 175 0.9965 0.0035 
        020s 175 0.9961 0.0039 
        021s 175 0.9972 0.0028 
        022s 175 0.9748 0.0252 
        023s 175 0.9857 0.0143 
        024s 175 0.9579 0.0421 
        025s 175 0.9440 0.0560 
        026s 175 0.9903 0.0097 
        027s 175 0.9946 0.0054 
        028s 175 0.9959 0.0041 
        029s 175 0.9979 0.0021 
        030s 175 0.9030 0.0970 
        031s 175 0.9956 0.0044 
        032s 175 0.9945 0.0055 
        033s 175 0.9669 0.0331 
        034s 175 0.9909 0.0091 
        035s 175 0.9857 0.0143 
        036s 175 0.9978 0.0022 
        037s 175 0.9966 0.0034 
        038s 175 0.9806 0.0194 
        039s 175 0.9952 0.0048 
        040s 175 0.9975 0.0025 
        041s 175 0.9928 0.0072 
        042s 175 0.9940 0.0060 
        043s 175 0.9893 0.0107 
        044s 175 0.9973 0.0027 
        045s 175 0.9274 0.0726 
        046s 175 0.9956 0.0044 
        047s 175 0.9978 0.0022 
        048s 175 0.9877 0.0123 
        049s 175 0.9629 0.0371 
        050s 175 0.9205 0.0795 
        001s 176 0.9127 0.0873 
        002s 176 0.9685 0.0315 
        003s 176 0.9961 0.0039 
        004s 176 0.9947 0.0053 
        005s 176 0.9981 0.0019 
        006s 176 0.9973 0.0027 
        007s 176 0.9242 0.0758 
        008s 176 0.9986 0.0014 
        009s 176 0.9982 0.0018 
        010s 176 0.9975 0.0025 
        011s 176 0.9982 0.0018 
        012s 176 0.9311 0.0689 
        013s 176 0.9689 0.0311 
        014s 176 0.9923 0.0077 
        015s 176 0.9976 0.0024 
        016s 176 0.9980 0.0020 
        017s 176 0.9992 0.0008 
        018s 176 0.9983 0.0017 
        019s 176 0.9403 0.0597 
        020s 176 0.9961 0.0039 
        021s 176 0.9894 0.0106 
        022s 176 0.9960 0.0040 
        023s 176 0.9978 0.0022 
        024s 176 0.9437 0.0563 
        025s 176 0.9795 0.0205 
        026s 176 0.9820 0.0180 
        027s 176 0.9986 0.0014 
        028s 176 0.9958 0.0042 
        029s 176 0.9964 0.0036 
        030s 176 0.9407 0.0593 
        031s 176 0.9826 0.0174 
        032s 176 0.9587 0.0413 
        033s 176 0.8696 0.1304 
        034s 176 0.9971 0.0029 
        035s 176 0.9701 0.0299 
        036s 176 0.9968 0.0032 
        037s 176 0.9246 0.0754 
        038s 176 0.9977 0.0023 
        039s 176 0.9984 0.0016 
        040s 176 0.9987 0.0013 
        041s 176 0.9971 0.0029 
        042s 176 0.9983 0.0017 
        043s 176 0.9647 0.0353 
        044s 176 0.9941 0.0059 
        045s 176 0.9763 0.0237 
        046s 176 0.9966 0.0034 
        047s 176 0.9980 0.0020 
        048s 176 0.9844 0.0156 
        050s 176 0.9964 0.0036 
        001s 177 0.9380 0.0620 
        002s 177 0.9984 0.0016 
        003s 177 0.9380 0.0620 
        004s 177 0.9973 0.0027 
        005s 177 0.9957 0.0043 
        006s 177 0.9934 0.0066 
        007s 177 0.9890 0.0110 
        008s 177 0.8497 0.1503 
        009s 177 0.9988 0.0012 
        010s 177 0.9617 0.0383 
        011s 177 0.9965 0.0035 
        012s 177 0.9940 0.0060 
        013s 177 0.9972 0.0028 
        014s 177 0.9551 0.0449 
        015s 177 0.9913 0.0087 
        016s 177 0.9991 0.0009 
        017s 177 0.9520 0.0480 
        018s 177 0.9826 0.0174 
        019s 177 0.9972 0.0028 
        020s 177 0.9932 0.0068 
        021s 177 0.9985 0.0015 
        022s 177 0.9843 0.0157 
        023s 177 0.9737 0.0263 
        024s 177 0.9980 0.0020 
        025s 177 0.9916 0.0084 
        026s 177 0.9977 0.0023 
        027s 177 0.9985 0.0015 
        028s 177 0.9987 0.0013 
        029s 177 0.9048 0.0952 
        030s 177 0.9804 0.0196 
        031s 177 0.9968 0.0032 
        032s 177 0.9609 0.0391 
        033s 177 0.9984 0.0016 
        034s 177 0.9959 0.0041 
        035s 177 0.9989 0.0011 
        036s 177 0.9674 0.0326 
        037s 177 0.9557 0.0443 
        038s 177 0.9784 0.0216 
        039s 177 0.9966 0.0034 
        040s 177 0.9577 0.0423 
        041s 177 0.8898 0.1102 
        042s 177 0.9583 0.0417 
        043s 177 0.9990 0.0010 
        044s 177 0.9975 0.0025 
        045s 177 0.9744 0.0256 
        046s 177 0.9978 0.0022 
        047s 177 0.9942 0.0058 
        048s 177 0.9855 0.0145 
        049s 177 0.9378 0.0622 
        050s 177 0.9986 0.0014 
        001s 178 0.9570 0.0430 
        002s 178 0.9888 0.0112 
        003s 178 0.9899 0.0101 
        004s 178 0.9923 0.0077 
        005s 178 0.9955 0.0045 
        006s 178 0.9250 0.0750 
        007s 178 0.9972 0.0028 
        008s 178 0.9104 0.0896 
        009s 178 0.9910 0.0090 
        010s 178 0.9983 0.0017 
        011s 178 0.9968 0.0032 
        012s 178 0.9944 0.0056 
        013s 178 0.9989 0.0011 
        014s 178 0.9532 0.0468 
        015s 178 0.9885 0.0115 
        016s 178 0.9765 0.0235 
        017s 178 0.9565 0.0435 
        018s 178 0.9958 0.0042 
        019s 178 0.9954 0.0046 
        020s 178 0.9987 0.0013 
        021s 178 0.9568 0.0432 
        022s 178 0.9956 0.0044 
        023s 178 0.8889 0.1111 
        024s 178 0.9981 0.0019 
        025s 178 0.9601 0.0399 
        026s 178 0.9985 0.0015 
        027s 178 0.9476 0.0524 
        028s 178 0.9444 0.0556 
        029s 178 0.9925 0.0075 
        030s 178 0.9786 0.0214 
        031s 178 0.9990 0.0010 
        032s 178 0.9982 0.0018 
        033s 178 0.9479 0.0521 
        034s 178 0.9988 0.0012 
        035s 178 0.9968 0.0032 
        036s 178 0.9987 0.0013 
        037s 178 0.9986 0.0014 
        039s 178 0.9652 0.0348 
        040s 178 0.9223 0.0777 
        041s 178 0.9983 0.0017 
        042s 178 0.9490 0.0510 
        043s 178 0.9473 0.0527 
        044s 178 0.8795 0.1205 
        045s 178 0.9970 0.0030 
        046s 178 0.9965 0.0035 
        047s 178 0.9671 0.0329 
        048s 178 0.9594 0.0406 
        049s 178 0.9877 0.0123 
        050s 178 0.9000 0.1000 
          01 179 0.9138 0.0862 
          02 179 0.9968 0.0032 
          03 179 0.8589 0.1411 
          04 179 0.9935 0.0065 
          05 179 0.9366 0.0634 
          06 179 0.9972 0.0028 
          07 179 0.9919 0.0081 
          08 179 0.9979 0.0021 
          09 179 0.9986 0.0014 
          10 179 0.9809 0.0191 
          11 179 0.9095 0.0905 
          12 179 0.9973 0.0027 
          13 179 0.9983 0.0017 
          14 179 0.9112 0.0888 
          15 179 0.9747 0.0253 
          16 179 0.9750 0.0250 
          17 179 0.9956 0.0044 
          18 179 0.9976 0.0024 
          19 179 0.9581 0.0419 
          20 179 0.9309 0.0691 
          21 179 0.9994 0.0006 
          22 179 0.9733 0.0267 
          23 179 0.9951 0.0049 
        001s 180 0.9488 0.0512 
        002s 180 0.9960 0.0040 
        003s 180 0.9971 0.0029 
        004s 180 0.9979 0.0021 
        005s 180 0.9787 0.0213 
        006s 180 0.9074 0.0926 
        007s 180 0.9978 0.0022 
        008s 180 0.9921 0.0079 
        009s 180 0.9976 0.0024 
        010s 180 0.9977 0.0023 
        011s 180 0.9957 0.0043 
        012s 180 0.9825 0.0175 
        013s 180 0.9957 0.0043 
        014s 180 0.9835 0.0165 
        015s 180 0.9963 0.0037 
        016s 180 0.9695 0.0305 
        017s 180 0.9957 0.0043 
        018s 180 0.9271 0.0729 
        019s 180 0.9954 0.0046 
        020s 180 0.9922 0.0078 
        021s 180 0.9937 0.0063 
        022s 180 0.9838 0.0162 
        023s 180 0.9985 0.0015 
        024s 180 0.9906 0.0094 
        025s 180 0.9816 0.0184 
        026s 180 0.9936 0.0064 
        027s 180 0.9882 0.0118 
        028s 180 0.9935 0.0065 
        029s 180 0.9569 0.0431 
        030s 180 0.9961 0.0039 
        031s 180 0.9985 0.0015 
        032s 180 0.9930 0.0070 
        033s 180 0.9948 0.0052 
        034s 180 0.9891 0.0109 
        035s 180 0.9780 0.0220 
        036s 180 0.9984 0.0016 
        037s 180 0.9958 0.0042 
        038s 180 0.9945 0.0055 
        039s 180 0.9945 0.0055 
        041s 180 0.9974 0.0026 
        042s 180 0.9949 0.0051 
        043s 180 0.9896 0.0104 
        044s 180 0.9978 0.0022 
        045s 180 0.9893 0.0107 
        046s 180 0.9755 0.0245 
        047s 180 0.9795 0.0205 
        048s 180 0.9964 0.0036 
        049s 180 0.9979 0.0021 
        050s 180 0.9979 0.0021 
         001 181 0.0005 0.9995 
         002 181 0.0003 0.9997 
         003 181 0.0004 0.9996 
         004 181 0.0138 0.9862 
         005 181 0.0041 0.9959 
         006 181 0.0003 0.9997 
         007 181 0.0004 0.9996 
         008 181 0.0005 0.9995 
         009 181 0.0002 0.9998 
         010 181 0.0021 0.9979 
         011 181 0.0003 0.9997 
         012 181 0.0008 0.9992 
         013 181 0.0018 0.9982 
         014 181 0.0005 0.9995 
         015 181 0.0003 0.9997 
         016 181 0.0007 0.9993 
         017 181 0.0003 0.9997 
         018 181 0.0007 0.9993 
         019 181 0.0039 0.9961 
         020 181 0.0003 0.9997 
         021 181 0.0003 0.9997 
         022 181 0.0002 0.9998 
         023 181 0.0003 0.9997 
         024 181 0.0071 0.9929 
         025 181 0.0003 0.9997 
         026 181 0.0003 0.9997 
         027 181 0.0002 0.9998 
         028 181 0.0002 0.9998 
         029 181 0.0004 0.9996 
         030 181 0.0004 0.9996 
         001 182 0.0003 0.9997 
         002 182 0.0009 0.9991 
         003 182 0.0171 0.9829 
         004 182 0.0005 0.9995 
         005 182 0.0031 0.9969 
         006 182 0.1198 0.8802 
         007 182 0.0082 0.9918 
         008 182 0.0018 0.9982 
         009 182 0.0008 0.9992 
         010 182 0.1037 0.8963 
         011 182 0.0009 0.9991 
         012 182 0.0768 0.9232 
         013 182 0.0044 0.9956 
         014 182 0.1044 0.8956 
         015 182 0.0004 0.9996 
         016 182 0.0007 0.9993 
         017 182 0.0694 0.9306 
         018 182 0.0008 0.9992 
         019 182 0.0004 0.9996 
         020 182 0.0002 0.9998 
         021 182 0.0703 0.9297 
         022 182 0.0007 0.9993 
         023 182 0.0007 0.9993 
         024 182 0.0007 0.9993 
         025 182 0.0005 0.9995 
         026 182 0.0004 0.9996 
         027 182 0.0019 0.9981 
         028 182 0.0011 0.9989 
         029 182 0.0026 0.9974 
         030 182 0.0004 0.9996 
          10 183 0.9988 0.0012 
          11 183 0.9985 0.0015 
          12 183 0.9989 0.0011 
          13 183 0.9426 0.0574 
          14 183 0.9990 0.0010 
          15 183 0.9725 0.0275 
          16 183 0.9254 0.0746 
          17 183 0.9977 0.0023 
          18 183 0.9986 0.0014 
          19 183 0.9991 0.0009 
          20 183 0.9654 0.0346 
          21 183 0.9955 0.0045 
          22 183 0.9803 0.0197 
          23 183 0.9836 0.0164 
          24 183 0.9991 0.0009 
          25 183 0.9956 0.0044 
          26 183 0.9886 0.0114 
          27 183 0.9671 0.0329 
          28 183 0.9933 0.0067 
          29 183 0.3068 0.6932 
          30 183 0.1694 0.8306 
          31 183 0.9976 0.0024 
          32 183 0.9992 0.0008 
          33 183 0.9927 0.0073 
          34 183 0.9988 0.0012 
          35 183 0.9734 0.0266 
          36 183 0.9986 0.0014 
          37 183 0.2137 0.7863 
          54 183 0.9293 0.0707 
          55 183 0.8811 0.1189 
           6 183 0.9847 0.0153 
           7 183 0.8805 0.1195 
           8 183 0.9455 0.0545 
           9 183 0.9896 0.0104 
           4 184 0.9934 0.0066 
           9 184 0.9976 0.0024 
          12 184 0.9775 0.0225 
          14 184 0.9966 0.0034 
          15 184 0.9987 0.0013 
          16 184 0.9970 0.0030 
          17 184 0.9910 0.0090 
          18 184 0.9034 0.0966 
          22 184 0.9984 0.0016 
          25 184 0.9886 0.0114 
          26 184 0.9967 0.0033 
          27 184 0.9974 0.0026 
          28 184 0.9985 0.0015 
          29 184 0.9992 0.0008 
          31 184 0.9936 0.0064 
          32 184 0.9869 0.0131 
          33 184 0.9976 0.0024 
          34 184 0.9987 0.0013 
          36 184 0.6229 0.3771 
          37 184 0.9909 0.0091 
          39 184 0.9648 0.0352 
          40 184 0.9910 0.0090 
          41 184 0.9875 0.0125 
          42 184 0.9960 0.0040 
          43 184 0.9980 0.0020 
          44 184 0.9171 0.0829 
          45 184 0.9989 0.0011 
          46 184 0.9959 0.0041 
          47 184 0.9992 0.0008 
          48 184 0.9983 0.0017 
          52 184 0.9117 0.0883 
          54 184 0.9978 0.0022 
          57 184 0.9970 0.0030 
          58 184 0.9959 0.0041 
          59 184 0.9253 0.0747 
          60 184 0.9978 0.0022 
           3 185 0.9553 0.0447 
           4 185 0.9970 0.0030 
           5 185 0.9964 0.0036 
           6 185 0.9974 0.0026 
           7 185 0.9081 0.0919 
           8 185 0.9163 0.0837 
           9 185 0.9945 0.0055 
          10 185 0.9961 0.0039 
          11 185 0.9292 0.0708 
          12 185 0.8921 0.1079 
          13 185 0.9981 0.0019 
          14 185 0.9971 0.0029 
          15 185 0.9410 0.0590 
          16 185 0.9960 0.0040 
          17 185 0.9900 0.0100 
          18 185 0.9988 0.0012 
          19 185 0.9990 0.0010 
          20 185 0.8648 0.1352 
          21 185 0.9885 0.0115 
          22 185 0.9826 0.0174 
          23 185 0.9602 0.0398 
          24 185 0.9983 0.0017 
          25 185 0.9163 0.0837 
          26 185 0.9948 0.0052 
          27 185 0.9984 0.0016 
          28 185 0.9976 0.0024 
          29 185 0.8567 0.1433 
          30 185 0.9833 0.0167 
          31 185 0.9834 0.0166 
          32 185 0.9894 0.0106 
          33 185 0.9707 0.0293 
          34 185 0.9981 0.0019 
          35 185 0.9950 0.0050 
          36 185 0.9964 0.0036 
          37 185 0.9614 0.0386 
          38 185 0.8944 0.1056 
          39 185 0.9358 0.0642 
          40 185 0.9977 0.0023 
          41 185 0.9981 0.0019 
          42 185 0.9982 0.0018 
           5 186 0.9979 0.0021 
           6 186 0.9967 0.0033 
           7 186 0.9937 0.0063 
           9 186 0.9089 0.0911 
          10 186 0.9386 0.0614 
          11 186 0.9927 0.0073 
          12 186 0.9959 0.0041 
          29 186 0.9950 0.0050 
          30 186 0.9990 0.0010 
          31 186 0.8889 0.1111 
          32 186 0.9322 0.0678 
          33 186 0.9988 0.0012 
          34 186 0.9600 0.0400 
          35 186 0.9993 0.0007 
          36 186 0.9965 0.0035 
          37 186 0.9539 0.0461 
          38 186 0.9591 0.0409 
          39 186 0.9978 0.0022 
          40 186 0.9983 0.0017 
          41 186 0.9891 0.0109 
          42 186 0.9979 0.0021 
          43 186 0.9807 0.0193 
          44 186 0.9988 0.0012 
          45 186 0.9987 0.0013 
          46 186 0.9983 0.0017 
          47 186 0.9904 0.0096 
          48 186 0.9979 0.0021 
          49 186 0.9991 0.0009 
          50 186 0.9682 0.0318 
          51 186 0.9988 0.0012 
          52 186 0.9971 0.0029 
          53 186 0.9982 0.0018 
          54 186 0.9984 0.0016 
          55 186 0.9948 0.0052 
          56 186 0.9951 0.0049 
          57 186 0.9772 0.0228 
          58 186 0.9975 0.0025 
          59 186 0.9884 0.0116 
          60 186 0.9989 0.0011 
           1 187 0.9604 0.0396 
           2 187 0.9898 0.0102 
           3 187 0.9653 0.0347 
           4 187 0.8722 0.1278 
           5 187 0.9985 0.0015 
           6 187 0.9921 0.0079 
           7 187 0.8470 0.1530 
           8 187 0.9956 0.0044 
           9 187 0.9989 0.0011 
          10 187 0.9529 0.0471 
          11 187 0.9973 0.0027 
          12 187 0.9977 0.0023 
          13 187 0.9850 0.0150 
          14 187 0.9973 0.0027 
          15 187 0.9913 0.0087 
          16 187 0.9719 0.0281 
          17 187 0.9194 0.0806 
          18 187 0.9962 0.0038 
          19 187 0.9984 0.0016 
          20 187 0.9976 0.0024 
          21 187 0.8980 0.1020 
          22 187 0.9953 0.0047 
          23 187 0.9989 0.0011 
          24 187 0.8992 0.1008 
          25 187 0.9960 0.0040 
          26 187 0.9988 0.0012 
          27 187 0.9991 0.0009 
          28 187 0.9901 0.0099 
          29 187 0.9867 0.0133 
          30 187 0.9944 0.0056 
          32 187 0.9020 0.0980 
          33 187 0.9646 0.0354 
          34 187 0.9974 0.0026 
          35 187 0.9782 0.0218 
          36 187 0.9982 0.0018 
          37 187 0.9887 0.0113 
          38 187 0.8725 0.1275 
           1 188 0.9853 0.0147 
           2 188 0.9626 0.0374 
           3 188 0.9421 0.0579 
           4 188 0.9280 0.0720 
           5 188 0.9940 0.0060 
           6 188 0.9988 0.0012 
           7 188 0.9986 0.0014 
           8 188 0.9393 0.0607 
           9 188 0.9972 0.0028 
          10 188 0.9884 0.0116 
          11 188 0.9989 0.0011 
          12 188 0.9958 0.0042 
          13 188 0.8881 0.1119 
          14 188 0.9074 0.0926 
          15 188 0.9984 0.0016 
          16 188 0.9629 0.0371 
          17 188 0.9947 0.0053 
          18 188 0.9930 0.0070 
          19 188 0.9960 0.0040 
          20 188 0.8772 0.1228 
          21 188 0.9901 0.0099 
          22 188 0.9936 0.0064 
          23 188 0.9848 0.0152 
          24 188 0.9993 0.0007 
          25 188 0.9970 0.0030 
          26 188 0.9119 0.0881 
          27 188 0.9344 0.0656 
          28 188 0.9960 0.0040 
          29 188 0.9421 0.0579 
          30 188 0.8953 0.1047 
          31 188 0.9897 0.0103 
          32 188 0.9979 0.0021 
          33 188 0.9977 0.0023 
          34 188 0.9984 0.0016 
          35 188 0.9636 0.0364 
          36 188 0.8830 0.1170 
          37 188 0.9968 0.0032 
          38 188 0.9077 0.0923 
          39 188 0.9545 0.0455 
          40 188 0.9969 0.0031 
           7 189 0.9906 0.0094 
           8 189 0.9937 0.0063 
           9 189 0.9904 0.0096 
          10 189 0.9892 0.0108 
          11 189 0.9962 0.0038 
          12 189 0.9235 0.0765 
          13 189 0.9986 0.0014 
          14 189 0.9461 0.0539 
          16 189 0.8505 0.1495 
          17 189 0.9987 0.0013 
          18 189 0.9416 0.0584 
          19 189 0.9957 0.0043 
          20 189 0.9267 0.0733 
          21 189 0.9758 0.0242 
          23 189 0.9982 0.0018 
          24 189 0.9463 0.0537 
          25 189 0.9874 0.0126 
          26 189 0.9612 0.0388 
          27 189 0.9962 0.0038 
          28 189 0.9994 0.0006 
          29 189 0.9934 0.0066 
          30 189 0.9939 0.0061 
          31 189 0.9986 0.0014 
          32 189 0.9148 0.0852 
          33 189 0.9974 0.0026 
          34 189 0.9990 0.0010 
          35 189 0.9986 0.0014 
          36 189 0.9455 0.0545 
          37 189 0.9985 0.0015 
          38 189 0.9901 0.0099 
          39 189 0.9777 0.0223 
          40 189 0.8534 0.1466 
          41 189 0.9653 0.0347 
          42 189 0.8197 0.1803 
          43 189 0.9964 0.0036 
           1 190 0.8770 0.1230 
           3 190 0.9975 0.0025 
           4 190 0.9974 0.0026 
           5 190 0.9733 0.0267 
           6 190 0.9984 0.0016 
           7 190 0.9970 0.0030 
           8 190 0.9670 0.0330 
           9 190 0.6285 0.3715 
          10 190 0.9970 0.0030 
          11 190 0.9536 0.0464 
          12 190 0.9982 0.0018 
          13 190 0.9968 0.0032 
          14 190 0.9956 0.0044 
          15 190 0.9859 0.0141 
          16 190 0.9883 0.0117 
          17 190 0.9913 0.0087 
          18 190 0.9625 0.0375 
          19 190 0.9976 0.0024 
          20 190 0.9984 0.0016 
          22 190 0.8717 0.1283 
          23 190 0.9848 0.0152 
          24 190 0.9369 0.0631 
          25 190 0.9885 0.0115 
          26 190 0.9989 0.0011 
          27 190 0.9969 0.0031 
          28 190 0.9894 0.0106 
          29 190 0.9703 0.0297 
          31 190 0.9371 0.0629 
           7 191 0.9986 0.0014 
           8 191 0.9925 0.0075 
           9 191 0.9986 0.0014 
          10 191 0.9976 0.0024 
          11 191 0.9912 0.0088 
          12 191 0.9651 0.0349 
          13 191 0.9937 0.0063 
          14 191 0.9823 0.0177 
          15 191 0.9325 0.0675 
          16 191 0.9960 0.0040 
          17 191 0.9056 0.0944 
          18 191 0.9964 0.0036 
          19 191 0.9555 0.0445 
          20 191 0.9633 0.0367 
          21 191 0.9569 0.0431 
          22 191 0.9952 0.0048 
          23 191 0.9954 0.0046 
          24 191 0.9959 0.0041 
          25 191 0.9619 0.0381 
          26 191 0.8892 0.1108 
          27 191 0.9966 0.0034 
          28 191 0.9967 0.0033 
          29 191 0.9965 0.0035 
          30 191 0.9985 0.0015 
          39 191 0.9949 0.0051 
          40 191 0.9972 0.0028 
          41 191 0.9386 0.0614 
          42 191 0.9990 0.0010 
          43 191 0.9773 0.0227 
          44 191 0.9721 0.0279 
          45 191 0.9974 0.0026 
          46 191 0.8693 0.1307 
          47 191 0.9838 0.0162 
          48 191 0.9980 0.0020 
          49 191 0.9858 0.0142 
          50 191 0.9965 0.0035 
           9 192 0.9988 0.0012 
          10 192 0.9938 0.0062 
          11 192 0.9948 0.0052 
          12 192 0.9949 0.0051 
          13 192 0.9038 0.0962 
          14 192 0.9770 0.0230 
          15 192 0.9986 0.0014 
          16 192 0.9921 0.0079 
          17 192 0.9474 0.0526 
          18 192 0.9931 0.0069 
          19 192 0.9876 0.0124 
          20 192 0.9855 0.0145 
          21 192 0.9987 0.0013 
          22 192 0.9588 0.0412 
          23 192 0.9108 0.0892 
          24 192 0.9948 0.0052 
          33 192 0.9414 0.0586 
          35 192 0.9976 0.0024 
          36 192 0.9985 0.0015 
          37 192 0.9979 0.0021 
          38 192 0.9424 0.0576 
          39 192 0.9952 0.0048 
          40 192 0.9183 0.0817 
          41 192 0.9284 0.0716 
          42 192 0.9412 0.0588 
          43 192 0.9975 0.0025 
          45 192 0.9983 0.0017 
          46 192 0.9935 0.0065 
          47 192 0.9970 0.0030 
          48 192 0.9979 0.0021 
          49 192 0.9339 0.0661 
          50 192 0.9982 0.0018 
